2.20013
2.20014
2.20003
2.20005
2.20011
2.2001
2.20011
2.20008
2.20009
2.20003
2.20014
2.20012
2.20007
2.20012
2.20014
2.20011
2.20011
2.20008
2.20012
2.20009
2.20005
2.20012
2.20005
2.2001
2.20014
2.20007
2.19936
2.2
2.19974
2.20003
2.19976
2.20026
2.19988
2.20014
2.1994
2.20015
2.19985
2.19986
2.19974
2.20028
2.19975
2.20018
2.20023
2.19953
2.20046
2.19961
2.20027
2.1994
2.20011
2.20023
2.19994
2.20007
2.20038
2.19956
2.20029
2.20026
2.19953
2.20011
2.20028
2.19987
2.19981
2.1998
2.20033
2.20056
2.20034
2.20045
2.20032
2.19965
2.19991
2.20022
2.19964
2.19989
2.19972
2.19992
2.19957
2.19991
2.2002
2.19988
2.19949
2.19971
2.19982
2.19988
2.19976
2.1997
2.19975
2.19985
2.19993
2.20011
2.19992
2.19975
2.19966
2.20001
2.20005
2.2
2.19995
2.20001
2.19982
2.20003
2.2
2.19999
2.20028
2.19998
2.19995
2.1997
2.19994
2.20021
2.19993
2.19986
2.19967
2.20004
2.20007
2.19959
2.1999
2.19997
2.1998
2.19999
2.19992
2.19975
2.19992
2.19978
2.19983
2.19992
2.19966
2.20006
2.19948
2.19994
2.20001
2.2001
2.20009
2.20012
2.20013
2.20011
2.20018
2.20013
2.20008
2.20009
2.20012
2.20013
2.20011
2.20012
2.20013
2.20016
2.20015
2.20013
2.2001
2.20008
2.2003
2.20017
2.20016
2.20005
2.20027
2.20008
2.20021
2.20017
2.20008
2.20021
2.20016
2.19995
2.20016
2.20018
2.19989
2.20002
2.20003
2.20026
2.20007
2.2
2.20005
2.20014
2.20003
2.19999
2.20001
2.19996
2.20012
2.2
2.20011
2.20025
2.2
2.19982
2.19987
2.20009
2.19997
2.20008
2.19999
2.20004
2.20004
2.20022
2.20025
2.20003
2.20569
2.2155
-2.2165
-2.20636
-2.19566
-2.18543
-2.17489
-2.16465
-2.15322
-2.14288
-2.13144
-2.12089
-2.10885
-2.0981
-2.08648
-2.07549
-2.06354
-2.05236
-2.04019
-2.02893
-2.01662
-2.00539
-1.99231
-1.9808
-1.96835
-1.95536
-1.94368
-1.93082
-1.91891
-1.90584
-1.89389
-1.88051
-1.86831
-1.85509
-1.84279
-1.82915
-1.81663
-1.80317
-1.79056
-1.77689
-1.76434
-1.75038
-1.73739
-1.72373
-1.71077
-1.69676
-1.68374
-1.66984
-1.65557
-1.64224
-1.62801
-1.61494
-1.60051
-1.58715
-1.57265
-1.55933
-1.5448
-1.53122
-1.51665
-1.50293
-1.48833
-1.47454
-1.45991
-1.44625
-1.43125
-1.41751
-1.40247
-1.38869
-1.37367
-1.35976
-1.3446
-1.3303
-1.31506
-1.3011
-1.286
-1.27086
-1.25682
-1.24129
-1.22802
-1.22753
-1.22756
-1.22713
-1.22767
-1.22732
-1.22761
-1.22736
-1.22775
-1.22739
-1.22774
-1.22761
-1.22754
-1.22766
-1.22731
-1.22749
-1.22773
-1.22761
-1.2274
-1.22767
-1.22775
-1.22772
-1.22754
-1.22744
-1.22754
-1.22792
-1.2279
-1.22777
-1.22758
-1.22778
-1.22774
-1.22778
-1.22758
-1.22759
-1.22772
-1.22737
-1.22762
-1.22769
-1.22754
-1.22778
-1.22773
-1.22762
-1.22762
-1.22768
-1.22761
-1.22764
-1.22774
-1.22766
-1.22761
-1.22758
-1.22756
-1.22758
-1.22753
-1.22759
-1.22757
-1.22759
-1.22768
-1.22778
-1.22776
-1.22771
-1.22768
-1.2277
-1.22769
-1.22766
-1.22763
-1.22762
-1.22765
-1.22764
-1.22762
-1.22761
-1.22763
-1.22761
-1.22766
-1.2276
-1.22764
-1.22766
-1.22764
-1.22761
-1.22763
-1.22766
-1.22744
-1.22746
-1.22751
-1.22742
-1.22736
-1.22736
-1.22739
-1.22748
-1.22749
-1.22741
-1.22746
-1.22753
-1.22746
-1.2275
-1.22755
-1.22761
-1.22752
-1.22742
-1.22737
-1.22742
-1.22751
-1.22744
-1.22745
-1.22758
-1.22756
-1.22749
-1.22763
-1.22747
-1.22759
-1.22745
-1.22756
-1.23425
-1.2489
-1.26426
-1.27787
-1.29324
-1.30762
-1.32279
-1.33668
-1.35177
-1.36563
-1.38067
-1.3947
-1.40962
-1.42355
-1.43829
-1.45202
-1.46673
-1.48043
-1.49525
-1.51001
-1.52369
-1.5381
-1.55158
-1.56622
-1.57952
-1.59407
-1.6073
-1.62168
-1.63475
-1.64903
-1.66213
-1.67628
-1.68943
-1.70346
-1.71638
-1.73038
-1.74301
-1.75701
-1.76957
-1.78363
-1.79592
-1.80938
-1.82205
-1.8355
-1.84796
-1.86142
-1.87452
-1.88681
-1.89991
-1.91181
-1.92495
-1.93661
-1.94969
-1.96149
-1.974
-1.98579
-1.99863
-2.00967
-2.0223
-2.03376
-2.04591
-2.05713
-2.069
-2.07997
-2.09205
-2.1027
-2.11437
-2.12536
-2.13682
-2.14737
-2.15849
-2.16962
-2.18
-2.19063
-2.20071
-2.21148
-2.22124
2.21106
2.20149
2.19995
2.20011
2.20012
2.20018
2.2001
2.20011
2.20009
2.20006
2.20007
2.20012
2.20007
2.20004
2.20006
2.20006
2.2001
2.20014
2.20004
2.20004
2.20009
2.20006
2.20008
2.20011
2.20007
2.20008
2.20007
2.20001
2.20004
2.19999
2.20003
2.19996
2.20003
2.20003
2.20013
2.2
2.2
2.20006
2.19999
2.19997
2.2001
2.20014
2.20002
