-1.59569
-1.59571
-1.59572
-1.59571
-1.59571
-1.59571
-1.5957
-1.59572
-1.59574
-1.59571
-1.59571
-1.5957
-1.59571
-1.59569
-1.59568
-1.59572
-1.59574
-1.59571
-1.59569
-1.59572
-1.59571
-1.59568
-1.59571
-1.5957
-1.59568
-1.59572
-1.59523
-1.59458
-1.59391
-1.59318
-1.59247
-1.59171
-1.59116
-1.59049
-1.58985
-1.58912
-1.58856
-1.58795
-1.58739
-1.5867
-1.58609
-1.58555
-1.58503
-1.5844
-1.58386
-1.5834
-1.58283
-1.58231
-1.58179
-1.58137
-1.58085
-1.58046
-1.57992
-1.57952
-1.57905
-1.57863
-1.57819
-1.57784
-1.57742
-1.57697
-1.57654
-1.57613
-1.57573
-1.57533
-1.57483
-1.5744
-1.57424
-1.5743
-1.57462
-1.57495
-1.57512
-1.5753
-1.57548
-1.57564
-1.5757
-1.57582
-1.57594
-1.57602
-1.57607
-1.5762
-1.57625
-1.57631
-1.57644
-1.57646
-1.57646
-1.5765
-1.57656
-1.57658
-1.57658
-1.57661
-1.57667
-1.57667
-1.5767
-1.5767
-1.57667
-1.57667
-1.57665
-1.57664
-1.5766
-1.5766
-1.57654
-1.57649
-1.57647
-1.57634
-1.57631
-1.57628
-1.5762
-1.57612
-1.57608
-1.576
-1.57591
-1.57583
-1.57577
-1.57561
-1.57554
-1.57546
-1.57533
-1.57521
-1.57509
-1.57501
-1.57495
-1.57475
-1.57465
-1.57449
-1.5744
-1.57435
-1.57435
-1.57435
-1.57434
-1.57435
-1.5743
-1.57433
-1.57434
-1.57435
-1.57432
-1.57434
-1.57432
-1.57432
-1.5743
-1.5743
-1.57429
-1.57432
-1.5743
-1.57434
-1.5743
-1.57435
-1.57444
-1.57461
-1.57475
-1.57488
-1.575
-1.57511
-1.57524
-1.57535
-1.57547
-1.57557
-1.57567
-1.57575
-1.57585
-1.57588
-1.57601
-1.57605
-1.5762
-1.57619
-1.57628
-1.57631
-1.57638
-1.57646
-1.57646
-1.57647
-1.57654
-1.57658
-1.57661
-1.57666
-1.57667
-1.57665
-1.57666
-1.5767
-1.57671
-1.57673
-1.57671
-1.57667
-1.57666
-1.57662
-1.57655
-1.57654
-1.57647
-1.57642
-1.56808
-1.55523
-1.5411
-1.52785
-1.51337
-1.49955
-1.48474
-1.47063
-1.45516
-1.44059
-1.42473
-1.40979
-1.39356
-1.37811
-1.36138
-1.34578
-1.32855
-1.31229
-1.29478
-1.27829
-1.26028
-1.24334
-1.22507
-1.20784
-1.18895
-1.17021
-1.15238
-1.13306
-1.11512
-1.09553
-1.07729
-1.05714
-1.03876
-1.01845
-0.999719
-0.979342
-0.960286
-0.939754
-0.920736
-0.899859
-0.880734
-0.859919
-0.840605
-0.819719
-0.800394
-0.779571
-0.760092
-0.739331
-0.718691
-0.699479
-0.678745
-0.660051
-0.63957
-0.620914
-0.600927
-0.582356
-0.562876
-0.545026
-0.525775
-0.508442
-0.49002
-0.473563
-0.455898
-0.440234
-0.423745
-0.409185
-0.393943
-0.380846
-0.36733
-0.356067
-0.344829
-0.335484
-0.326882
-0.320305
-0.314674
-0.310864
-0.308863
-0.308792
-0.310002
-0.313812
-0.326966
-0.34205
-0.355744
-0.3718
-0.386574
-0.403841
-0.419778
-0.438281
-0.455371
-0.474966
-0.49358
-0.514315
-0.534453
-0.556474
-0.577309
-0.600903
-0.623311
-0.647832
-0.671118
-0.69708
-0.723668
-0.748614
-0.775949
-0.801414
-0.829808
-0.856212
-0.885222
-0.890837
-0.89032
-0.889948
-0.889685
-0.889289
-0.888964
-0.888701
-0.888389
-0.888089
-0.887729
-0.887406
-0.887105
-0.886854
-0.886566
-0.886254
-0.885917
-0.885678
-0.885378
-0.885114
-0.884922
-0.884598
-0.884394
-0.884178
-0.88395
-0.883746
-0.88359
-0.88341
-0.883254
-0.882966
-0.882882
-0.882834
-0.882822
-0.882834
-0.882786
-0.882834
-0.882822
-0.882822
-0.882798
-0.882822
-0.88281
-0.882834
-0.882798
-0.882834
-0.88281
-0.882822
-0.882798
-0.882822
-0.88281
-0.882834
-0.882786
-0.882822
-0.882786
-0.882834
-0.882858
-0.883087
-0.88335
-0.883518
-0.883722
-0.883962
-0.884142
-0.884382
-0.884658
-0.88485
-0.885162
-0.88539
-0.885713
-0.885966
-0.886254
-0.886554
-0.886877
-0.887142
-0.887549
-0.887813
-0.888113
-0.888413
-0.888773
-0.889061
-0.889385
-0.889673
-0.889912
-0.890236
-0.890465
-0.880722
-0.858876
-0.835494
-0.814285
-0.791278
-0.770095
-0.747786
-0.72747
-0.706003
-0.686959
-0.667221
-0.64981
-0.632268
-0.617269
-0.602762
-0.590833
-0.579971
-0.571698
-0.565153
-0.56091
-0.55916
-0.559543
-0.561917
-0.566808
-0.573425
-0.582656
-0.592859
-0.605111
-0.618156
-0.633323
-0.648371
-0.665554
-0.682294
-0.700798
-0.718655
-0.737736
-0.756134
-0.776416
-0.794781
-0.815437
-0.834174
-0.854749
-0.8741
-0.89458
-0.913777
-0.934679
-0.955258
-0.97459
-0.995279
-1.01436
-1.03536
-1.05422
-1.0751
-1.09444
-1.11487
-1.1342
-1.15518
-1.1739
-1.1949
-1.21409
-1.23464
-1.25408
-1.2747
-1.29377
-1.31476
-1.33366
-1.35438
-1.37372
-1.39435
-1.41353
-1.43422
-1.45486
-1.47416
-1.49463
-1.51374
-1.53454
-1.55331
-1.57408
-1.59308
-1.59608
-1.59584
-1.59572
-1.59571
-1.59565
-1.59568
-1.59568
-1.59565
-1.59569
-1.59566
-1.59575
-1.59576
-1.59574
-1.5957
-1.59575
-1.5957
-1.59569
-1.59572
-1.59572
-1.59568
-1.5957
-1.59572
-1.59571
-1.59575
-1.59571
-1.59571
-1.59571
-1.59571
-1.59571
-1.59574
-1.59572
-1.59571
-1.5957
-1.59576
-1.59571
-1.59571
-1.59575
-1.59572
-1.59572
-1.59571
-1.59571
