-0.652406
-0.652406
-0.65237
-0.652394
-0.652382
-0.652382
-0.65243
-0.652394
-0.652406
-0.652346
-0.652418
-0.652406
-0.652394
-0.652382
-0.652406
-0.652382
-0.652406
-0.652406
-0.652406
-0.652394
-0.65237
-0.652394
-0.65237
-0.652394
-0.652406
-0.652382
-0.631066
-0.599934
-0.572376
-0.543257
-0.517411
-0.490136
-0.465775
-0.440081
-0.417014
-0.393047
-0.37167
-0.3489
-0.328734
-0.307523
-0.288471
-0.268519
-0.250703
-0.23171
-0.213736
-0.197324
-0.180226
-0.164772
-0.148695
-0.134166
-0.118927
-0.105069
-0.0908993
-0.0778335
-0.0642999
-0.0519303
-0.039008
-0.0275143
-0.0151923
-0.00422746
0.00742236
0.0180636
0.028885
0.038842
0.0494237
0.05878
0.0613143
0.0612304
0.0610139
0.0609417
0.0607855
0.0606656
0.0605215
0.0603297
0.0602215
0.0600653
0.0599575
0.0598009
0.0596927
0.0595609
0.0594167
0.0592605
0.0591523
0.0590085
0.0588643
0.0587441
0.0585999
0.0584916
0.0583594
0.0582156
0.0580834
0.0579392
0.0577951
0.0576872
0.057555
0.0574104
0.0572666
0.0570985
0.0570262
0.056858
0.0566783
0.056582
0.0564139
0.0563536
0.0561974
0.0560652
0.0559454
0.0558251
0.055681
0.0555731
0.0554049
0.0552971
0.0551889
0.0550323
0.0548885
0.0547563
0.0547323
0.0545762
0.0545159
0.0543597
0.0542279
0.0541676
0.0540717
0.0539271
0.0538912
0.0538313
0.0538672
0.0538552
0.0538193
0.0538552
0.0538672
0.0538433
0.0538433
0.0538313
0.0538552
0.0538552
0.0538552
0.0538313
0.0538433
0.0538313
0.0538313
0.0538193
0.0538073
0.0538313
0.0538193
0.0538552
0.0538433
0.0539631
0.0541316
0.0542279
0.0543477
0.0545398
0.0546121
0.0546964
0.0548162
0.0549245
0.0550567
0.0551769
0.0552731
0.0554409
0.0555971
0.055657
0.0558012
0.0559334
0.0560892
0.0562094
0.0563416
0.0564861
0.056606
0.0567622
0.0568704
0.0569663
0.0570985
0.0572906
0.0573865
0.0575187
0.0576632
0.0577831
0.0579033
0.0580595
0.0582033
0.0583714
0.0585036
0.0586119
0.058768
0.0589362
0.0590204
0.0591043
0.0548525
0.0475616
0.040067
0.0333049
0.0260024
0.0192283
0.0118663
0.00528467
-0.00171692
-0.00817854
-0.0152529
-0.0215338
-0.0281633
-0.034396
-0.0409897
-0.0471986
-0.0535753
-0.0593756
-0.0655606
-0.071277
-0.0774615
-0.0829495
-0.0886658
-0.0939496
-0.0994371
-0.105021
-0.109993
-0.11512
-0.119695
-0.124595
-0.128846
-0.133385
-0.137371
-0.141526
-0.145068
-0.148575
-0.15172
-0.154842
-0.1574
-0.159814
-0.161795
-0.1635
-0.164556
-0.165493
-0.165817
-0.165866
-0.165361
-0.164233
-0.162216
-0.159645
-0.156079
-0.152021
-0.14663
-0.140745
-0.133241
-0.125159
-0.114904
-0.104001
-0.0908154
-0.0766571
-0.0596398
-0.0415781
-0.0201166
0.00231782
0.0295093
0.0573146
0.0908258
0.124675
0.165144
0.206119
0.253894
0.301888
0.357199
0.41143
0.473243
0.537412
0.598024
0.664522
0.721637
0.725553
0.728521
0.731897
0.734804
0.737795
0.74045
0.743225
0.745688
0.748307
0.750518
0.752848
0.754939
0.757114
0.758988
0.760982
0.762688
0.764454
0.766063
0.767697
0.769187
0.77064
0.772106
0.773427
0.774761
0.775855
0.77708
0.778161
0.779338
0.779447
0.779699
0.779975
0.780215
0.780431
0.780648
0.780936
0.781152
0.781357
0.781657
0.781921
0.782258
0.782558
0.782858
0.783159
0.783519
0.783807
0.784168
0.7846
0.784864
0.785273
0.785597
0.785933
0.78633
0.786702
0.787075
0.787423
0.787747
0.788072
0.788408
0.788697
0.788709
0.788709
0.788685
0.788709
0.788709
0.788733
0.788721
0.788709
0.788721
0.788685
0.788733
0.788721
0.788697
0.788709
0.788721
0.788673
0.788709
0.788745
0.788733
0.788673
0.788721
0.788456
0.788096
0.787808
0.787387
0.787063
0.786739
0.78633
0.785982
0.785681
0.785273
0.7849
0.78454
0.784204
0.783844
0.783471
0.783171
0.782786
0.782498
0.782222
0.781897
0.781693
0.781441
0.781176
0.780924
0.780684
0.780348
0.780191
0.780011
0.779855
0.779699
0.771638
0.753641
0.73263
0.711702
0.686556
0.661459
0.631916
0.602325
0.567688
0.533134
0.49297
0.452915
0.406732
0.361235
0.30918
0.258555
0.201481
0.147005
0.0862374
0.0245972
-0.0327027
-0.0941899
-0.150003
-0.208646
-0.260487
-0.314077
-0.360387
-0.407209
-0.447078
-0.486716
-0.519955
-0.552747
-0.579611
-0.60568
-0.627106
-0.647464
-0.663862
-0.679587
-0.691821
-0.703432
-0.712284
-0.72032
-0.726472
-0.731941
-0.735863
-0.739041
-0.741224
-0.742435
-0.743011
-0.743059
-0.742759
-0.741896
-0.740468
-0.738681
-0.736391
-0.734052
-0.731377
-0.728523
-0.725381
-0.722298
-0.718832
-0.715474
-0.711804
-0.708314
-0.704511
-0.700973
-0.697003
-0.693429
-0.689494
-0.68592
-0.68195
-0.67804
-0.674429
-0.670543
-0.667088
-0.663286
-0.659915
-0.656257
-0.65291
-0.65249
-0.65249
-0.652454
-0.652502
-0.652394
-0.652406
-0.65243
-0.652418
-0.652418
-0.652418
-0.652394
-0.652382
-0.652382
-0.652418
-0.652418
-0.652442
-0.65237
-0.652382
-0.652406
-0.652382
-0.652418
-0.652406
-0.652382
-0.652406
-0.652394
-0.652382
-0.652382
-0.652358
-0.652382
-0.65237
-0.652394
-0.652394
-0.652418
-0.652394
-0.65237
-0.652394
-0.652358
-0.652346
-0.652406
-0.652418
-0.652358
