-1.94574
-1.94577
-1.94574
-1.94573
-1.94572
-1.94573
-1.94573
-1.94577
-1.94573
-1.94573
-1.94575
-1.94572
-1.94575
-1.94574
-1.94574
-1.94578
-1.94573
-1.94574
-1.94573
-1.94575
-1.94575
-1.94574
-1.94575
-1.94574
-1.94574
-1.94575
-1.93598
-1.92155
-1.90719
-1.89247
-1.87762
-1.86253
-1.84711
-1.83152
-1.81577
-1.79968
-1.7834
-1.76683
-1.75034
-1.73344
-1.71653
-1.69887
-1.68188
-1.66321
-1.64486
-1.62664
-1.6079
-1.5894
-1.56967
-1.55149
-1.53036
-1.51162
-1.4904
-1.46995
-1.44838
-1.42763
-1.4039
-1.38245
-1.35859
-1.33505
-1.30891
-1.28434
-1.25643
-1.22936
-1.19785
-1.16667
-1.15805
-1.18551
-1.20883
-1.23034
-1.24683
-1.26372
-1.27682
-1.29052
-1.3012
-1.31202
-1.32146
-1.33022
-1.33735
-1.34477
-1.35096
-1.35679
-1.36146
-1.36587
-1.36941
-1.37285
-1.3754
-1.37761
-1.37921
-1.38008
-1.38056
-1.38075
-1.38038
-1.37968
-1.37818
-1.3762
-1.37377
-1.3711
-1.36778
-1.36425
-1.35982
-1.35524
-1.34981
-1.34434
-1.33839
-1.33229
-1.325
-1.31757
-1.30951
-1.30187
-1.29265
-1.2827
-1.27373
-1.2633
-1.2528
-1.24179
-1.23084
-1.21802
-1.20675
-1.19321
-1.18059
-1.16663
-1.15292
-1.13847
-1.12489
-1.12468
-1.12495
-1.12511
-1.12509
-1.12513
-1.12511
-1.12515
-1.12517
-1.12513
-1.12512
-1.12515
-1.12513
-1.12515
-1.12515
-1.12512
-1.12518
-1.12515
-1.12516
-1.12515
-1.12516
-1.12953
-1.14485
-1.15836
-1.17291
-1.1855
-1.19926
-1.21108
-1.22383
-1.23512
-1.24653
-1.2572
-1.26801
-1.27719
-1.28727
-1.29593
-1.30467
-1.31249
-1.32068
-1.3282
-1.33455
-1.34099
-1.34671
-1.35242
-1.35716
-1.36168
-1.36546
-1.36904
-1.37212
-1.37482
-1.37697
-1.37876
-1.37984
-1.38039
-1.38065
-1.38055
-1.37996
-1.37879
-1.37693
-1.37444
-1.37183
-1.36839
-1.36457
-1.36156
-1.37006
-1.38456
-1.39942
-1.41339
-1.42796
-1.44148
-1.45617
-1.46922
-1.4839
-1.49664
-1.5112
-1.52387
-1.53784
-1.55063
-1.56401
-1.57676
-1.58981
-1.60237
-1.61546
-1.62731
-1.6405
-1.65197
-1.6649
-1.67636
-1.68841
-1.70086
-1.71173
-1.72362
-1.73465
-1.7458
-1.75641
-1.76781
-1.77767
-1.78864
-1.79857
-1.80856
-1.818
-1.82818
-1.83674
-1.84608
-1.85493
-1.86376
-1.87144
-1.87979
-1.8874
-1.89485
-1.90128
-1.90809
-1.9147
-1.92031
-1.92562
-1.92985
-1.93429
-1.93763
-1.94074
-1.9428
-1.94417
-1.9444
-1.94409
-1.94257
-1.93937
-1.9353
-1.92932
-1.92201
-1.9117
-1.90075
-1.88623
-1.8704
-1.85015
-1.82957
-1.80357
-1.77689
-1.74556
-1.71451
-1.67932
-1.64296
-1.60872
-1.57167
-1.54036
-1.54152
-1.55151
-1.56168
-1.57114
-1.58072
-1.58892
-1.59789
-1.6059
-1.61377
-1.62049
-1.62763
-1.63373
-1.6398
-1.6447
-1.64935
-1.65333
-1.65701
-1.65981
-1.66212
-1.66355
-1.66436
-1.66448
-1.66418
-1.66307
-1.66127
-1.6586
-1.65562
-1.6518
-1.65042
-1.63567
-1.62029
-1.60289
-1.58619
-1.5668
-1.54882
-1.52736
-1.50721
-1.48485
-1.4626
-1.43776
-1.41458
-1.3885
-1.36347
-1.33552
-1.30892
-1.27966
-1.24959
-1.22143
-1.19039
-1.16126
-1.12912
-1.09933
-1.06658
-1.03618
-1.00322
-0.972628
-0.939401
-0.908725
-0.878228
-0.877306
-0.877581
-0.877833
-0.877809
-0.877845
-0.877833
-0.877857
-0.877857
-0.877857
-0.877905
-0.877905
-0.87788
-0.877868
-0.877929
-0.877845
-0.877893
-0.877893
-0.87788
-0.87788
-0.877893
-0.884562
-0.915442
-0.948837
-0.979573
-1.01273
-1.04326
-1.0762
-1.10633
-1.1387
-1.16817
-1.19951
-1.22815
-1.25847
-1.28581
-1.31474
-1.34099
-1.36886
-1.39405
-1.42027
-1.44341
-1.46749
-1.48937
-1.5121
-1.53165
-1.55263
-1.57259
-1.58973
-1.60825
-1.62359
-1.64028
-1.65114
-1.66927
-1.70818
-1.7505
-1.79093
-1.8346
-1.87493
-1.91974
-1.96055
-2.00456
-2.04566
-2.08866
-2.12767
-2.16916
-2.2055
-2.2423
-2.27391
-2.30506
-2.33048
-2.3536
-2.37214
-2.38599
-2.39631
-2.40214
-2.40502
-2.40484
-2.40208
-2.39728
-2.39008
-2.38191
-2.37248
-2.36315
-2.35197
-2.34158
-2.33029
-2.3191
-2.30765
-2.29692
-2.28483
-2.27445
-2.26302
-2.25215
-2.24132
-2.23111
-2.21977
-2.21019
-2.19939
-2.18847
-2.17928
-2.16897
-2.15918
-2.14948
-2.14038
-2.13032
-2.12168
-2.11251
-2.10363
-2.09439
-2.08647
-2.07774
-2.06941
-2.06098
-2.05362
-2.04544
-2.0379
-2.03025
-2.02351
-2.01618
-2.00934
-2.00233
-1.99628
-1.98989
-1.98342
-1.97748
-1.97156
-1.96646
-1.96113
-1.95625
-1.95095
-1.94628
-1.94571
-1.94572
-1.94574
-1.94575
-1.94575
-1.94573
-1.94569
-1.94574
-1.94573
-1.94573
-1.94577
-1.94574
-1.94574
-1.94574
-1.94574
-1.94574
-1.94574
-1.94572
-1.94574
-1.94575
-1.94578
-1.94574
-1.94573
-1.94572
-1.94578
-1.94574
-1.94577
-1.94573
-1.94573
-1.94573
-1.94573
-1.94572
-1.94575
-1.94575
-1.94574
-1.94574
-1.94575
-1.94572
-1.94573
-1.94577
-1.94578
