-0.120019 0.150013 0.28 2.19997 2.20013 -2.96838e-05
-0.120014 0.150003 0.280002 2.19995 2.20014 1.93455e-07
-0.120007 0.150004 0.279991 2.19997 2.20003 -4.17306e-05
-0.12001 0.15 0.279987 2.19993 2.20005 -9.08281e-05
-0.120018 0.150003 0.279998 2.19992 2.20011 -4.41868e-05
-0.120016 0.150015 0.279997 2.19997 2.2001 -1.07384e-05
-0.120013 0.150005 0.279994 2.19992 2.20011 -7.25244e-05
-0.120005 0.150015 0.280005 2.20002 2.20008 3.70352e-05
-0.120006 0.150014 0.279998 2.19995 2.20009 6.58687e-06
-0.120013 0.149999 0.279988 2.19997 2.20003 -7.78834e-05
-0.120013 0.150009 0.280001 2.19995 2.20014 -4.24538e-07
-0.120018 0.15001 0.279992 2.19993 2.20012 -6.02855e-05
-0.120009 0.150008 0.279997 2.19999 2.20007 -2.29919e-05
-0.120022 0.150004 0.279998 2.19996 2.20012 -5.14926e-05
-0.120023 0.150005 0.279998 2.19995 2.20014 -6.70864e-05
-0.120011 0.15 0.280006 2.19998 2.20011 2.68727e-05
-0.120011 0.150003 0.279993 2.19989 2.20011 -2.63718e-05
-0.120009 0.15001 0.279998 2.19997 2.20008 -2.37072e-05
-0.120018 0.150018 0.279999 2.19999 2.20012 -3.00211e-05
-0.120008 0.150009 0.280004 2.19998 2.20009 1.46708e-05
-0.12001 0.150002 0.279993 2.19999 2.20005 -4.47162e-05
-0.120021 0.150009 0.279999 2.19998 2.20012 -5.58401e-05
-0.120011 0.149997 0.279989 2.19996 2.20005 -6.70014e-05
-0.120015 0.150007 0.279998 2.19997 2.2001 -3.76053e-05
-0.120023 0.150005 0.279998 2.19995 2.20014 -6.70864e-05
-0.120008 0.15001 0.279994 2.19998 2.20007 -7.3889e-06
-0.123435 0.150028 0.279898 2.20021 2.19936 -0.000378614
-0.128697 0.149957 0.280025 2.20018 2.2 0.000308351
-0.133504 0.150041 0.279937 2.19984 2.19974 -0.000108567
-0.138693 0.149982 0.280064 2.20031 2.20003 0.00041514
-0.143522 0.150011 0.279902 2.1996 2.19976 -0.0002913
-0.148722 0.149915 0.280022 2.19991 2.20026 0.000136363
-0.153522 0.150046 0.279936 2.19961 2.19988 -8.07384e-05
-0.158688 0.14999 0.280049 2.20013 2.20014 0.000375515
-0.163489 0.150062 0.279915 2.19999 2.1994 -8.69344e-05
-0.168708 0.149981 0.280058 2.20018 2.20015 0.000257999
-0.173535 0.150049 0.279897 2.19944 2.19985 -0.000119222
-0.17868 0.149971 0.279988 2.19993 2.19986 0.00015495
-0.183518 0.150087 0.279941 2.19981 2.19974 9.50686e-05
-0.188708 0.149937 0.280027 2.19986 2.20028 0.00020354
-0.193518 0.150072 0.279971 2.20009 2.19975 5.21883e-06
-0.198714 0.150011 0.280043 2.20014 2.20018 0.00024061
-0.203528 0.150001 0.280009 2.19984 2.20023 0.000195106
-0.2087 0.15005 0.279952 2.20021 2.19953 -8.49706e-06
-0.213917 0.149917 0.280069 2.19982 2.20046 0.000153488
-0.218724 0.150035 0.27987 2.19963 2.19961 -1.39437e-05
-0.223908 0.149943 0.280065 2.19992 2.20027 0.000146072
-0.228691 0.150009 0.279873 2.19977 2.1994 -0.000128546
-0.233952 0.149961 0.279969 2.19964 2.20011 -1.87038e-05
-0.238697 0.149989 0.280083 2.20025 2.20023 0.00015646
-0.243971 0.149985 0.279879 2.19946 2.19994 -3.38139e-05
-0.248717 0.150025 0.280076 2.20042 2.20007 0.000182112
-0.25394 0.149989 0.280046 2.19998 2.20038 5.16598e-05
-0.25873 0.150043 0.27985 2.19971 2.19956 2.08138e-06
-0.263927 0.149987 0.280039 2.19996 2.20029 6.92194e-05
-0.268725 0.149955 0.28007 2.20005 2.20026 6.90064e-05
-0.273951 0.150075 0.279864 2.19979 2.19953 1.64566e-05
-0.278739 0.150027 0.279986 2.19986 2.20011 0.000135922
-0.283889 0.150019 0.280135 2.20039 2.20028 0.000174247
-0.288718 0.150023 0.279937 2.19983 2.19987 8.7204e-05
-0.293948 0.149999 0.279878 2.19957 2.19981 9.29307e-05
-0.298732 0.150067 0.280014 2.20041 2.1998 6.55943e-05
-0.303927 0.150001 0.280066 2.20009 2.20033 0.000108255
-0.308698 0.149907 0.280145 2.20002 2.20056 8.93407e-05
-0.313907 0.149994 0.28015 2.20042 2.20034 -1.19392e-05
-0.318698 0.149961 0.280137 2.20018 2.20045 -3.8246e-05
-0.320167 0.150078 0.279766 2.2 2.20032 -9.98861e-05
-0.320124 0.150001 0.274698 2.19961 2.19965 -0.000353472
-0.320015 0.149967 0.270032 2.19987 2.19991 -0.000251233
-0.319961 0.149982 0.265035 2.20045 2.20022 -0.000109749
-0.31997 0.149983 0.259993 2.1998 2.19964 -3.47471e-05
-0.319923 0.149951 0.254939 2.20013 2.19989 -5.0667e-05
-0.319979 0.150003 0.250012 2.19988 2.19972 4.04533e-05
-0.319912 0.149962 0.244927 2.20003 2.19992 4.72535e-05
-0.319936 0.149963 0.239977 2.19972 2.19957 5.20211e-06
-0.319997 0.150018 0.234877 2.20001 2.19991 -2.58069e-05
-0.319986 0.150004 0.230195 2.20029 2.2002 -2.50717e-05
-0.319957 0.149977 0.224859 2.19995 2.19988 7.61659e-07
-0.319947 0.149957 0.219913 2.1996 2.19949 -9.77428e-07
-0.319954 0.149995 0.214815 2.19991 2.19971 4.73413e-05
-0.319939 0.149957 0.210052 2.19989 2.19982 1.37299e-05
-0.319949 0.149973 0.204868 2.19996 2.19988 -2.92934e-06
-0.319929 0.14997 0.200028 2.19984 2.19976 0.000134917
-0.319938 0.149952 0.194783 2.1997 2.1997 8.7506e-05
-0.319963 0.149961 0.189976 2.19971 2.19975 1.72869e-05
-0.319961 0.149952 0.184836 2.19981 2.19985 1.73644e-05
-0.319972 0.149996 0.18009 2.19998 2.19993 4.38208e-05
-0.320017 0.150021 0.174955 2.20018 2.20011 -6.02444e-06
-0.319981 0.149971 0.169675 2.19996 2.19992 -1.46126e-05
-0.319961 0.149973 0.164807 2.19983 2.19975 3.33714e-05
-0.319941 0.149948 0.159553 2.19965 2.19966 0.000127141
-0.320003 0.15002 0.154897 2.20006 2.20001 6.58444e-05
-0.319993 0.150011 0.149716 2.20006 2.20005 9.62206e-05
-0.319948 0.149964 0.144917 2.20001 2.2 0.000107216
-0.319958 0.149998 0.13971 2.20012 2.19995 7.64072e-05
-0.319999 0.150023 0.134917 2.20009 2.20001 9.30274e-05
-0.319947 0.149978 0.129644 2.1999 2.19982 0.000106885
-0.319982 0.150002 0.124883 2.19998 2.20003 0.00010063
-0.319986 0.150006 0.119745 2.2001 2.2 8.06628e-05
-0.319958 0.150001 0.114895 2.20007 2.19999 0.000127237
-0.320039 0.150053 0.109768 2.2002 2.20028 6.39819e-05
-0.319986 0.150003 0.104872 2.19997 2.19998 8.32296e-05
-0.31998 0.15 0.099627 2.19986 2.19995 0.000126258
-0.319973 0.149989 0.0947837 2.19986 2.1997 8.97502e-06
-0.319972 0.149988 0.0896633 2.20001 2.19994 3.20964e-05
-0.320029 0.15005 0.0849715 2.20029 2.20021 2.58349e-05
-0.319956 0.149962 0.0796613 2.19995 2.19993 5.53315e-05
-0.320001 0.150006 0.0748227 2.19993 2.19986 2.98072e-05
-0.319915 0.149952 0.0695623 2.19977 2.19967 0.0001099
-0.319989 0.150007 0.0649349 2.20014 2.20004 4.28141e-05
-0.319995 0.150007 0.0596904 2.20006 2.20007 4.35229e-05
-0.319912 0.149939 0.0543221 2.19965 2.19959 0.000106434
-0.319976 0.150013 0.04969 2.20002 2.1999 9.85889e-05
-0.319983 0.150005 0.0445015 2.20005 2.19997 -2.30646e-06
-0.319976 0.150008 0.0396085 2.19983 2.1998 5.3612e-05
-0.319956 0.149984 0.034487 2.19994 2.19999 6.47342e-05
-0.319976 0.150006 0.0297168 2.20013 2.19992 7.86218e-06
-0.319966 0.14996 0.024378 2.19971 2.19975 3.63984e-05
-0.319967 0.149976 0.0197102 2.20008 2.19992 -2.09432e-05
-0.319941 0.14997 0.0144145 2.19986 2.19978 7.6965e-05
-0.319951 0.149991 0.00963823 2.19982 2.19983 0.000158736
-0.319982 0.149987 0.00447139 2.19999 2.19992 2.29624e-05
-0.319929 0.149954 -0.000446843 2.19977 2.19966 9.24918e-05
-0.320005 0.150007 -0.00546885 2.20005 2.20006 -8.70427e-06
-0.319887 0.149912 -0.0101127 2.19958 2.19948 0.000110623
-0.320016 0.150012 -0.0101096 2.19992 2.19994 -1.21568e-05
-0.320022 0.150001 -0.0100323 2.19999 2.20001 -2.13162e-05
-0.320023 0.14998 -0.00999472 2.19994 2.2001 -2.47473e-05
-0.320023 0.149998 -0.00999812 2.19997 2.20009 -4.61936e-05
-0.320024 0.149981 -0.00998828 2.19996 2.20012 -2.70103e-05
-0.320039 0.149969 -0.00999139 2.19995 2.20013 -0.000100929
-0.320026 0.149986 -0.00998452 2.19998 2.20011 -6.67658e-05
-0.320045 0.150001 -0.00996408 2.20003 2.20018 -5.50036e-05
-0.320032 0.150004 -0.00997617 2.2 2.20013 -3.19417e-05
-0.320029 0.14999 -0.0099862 2.2 2.20008 -8.4315e-05
-0.320027 0.150002 -0.00997869 2.20004 2.20009 -5.00525e-05
-0.320032 0.149982 -0.0099868 2.19999 2.20012 -8.5619e-05
-0.320034 0.149995 -0.00997718 2.2 2.20013 -8.81666e-05
-0.320035 0.149992 -0.00997911 2.20001 2.20011 -0.000106349
-0.320033 0.149979 -0.0099873 2.19994 2.20012 -0.000101819
-0.320033 0.149987 -0.00997196 2.2 2.20013 -0.000125326
-0.320039 0.149999 -0.00997524 2.2 2.20016 -9.05219e-05
-0.320035 0.149997 -0.00997508 2.19999 2.20015 -0.00010861
-0.320032 0.15 -0.00997505 2.2 2.20013 -5.04842e-05
-0.320027 0.149996 -0.00997897 2.2 2.2001 -0.000106408
-0.319988 0.149956 -0.00855555 2.19996 2.20008 -8.47846e-05
-0.320024 0.149953 -0.00328435 2.19983 2.2003 -0.00017377
-0.320018 0.149983 0.00150243 2.19986 2.20017 -9.6366e-05
-0.320029 0.150039 0.00678138 2.20017 2.20016 -9.30911e-05
-0.319996 0.149986 0.0114767 2.19992 2.20005 -4.14513e-05
-0.320031 0.150002 0.0167735 2.20009 2.20027 -6.92513e-05
-0.320025 0.149974 0.0215176 2.19996 2.20008 -4.72049e-05
-0.32003 0.150007 0.0267566 2.20011 2.20021 -3.94098e-05
-0.320003 0.149993 0.0315603 2.20005 2.20017 -2.55259e-05
-0.320015 0.149993 0.0367038 2.19989 2.20008 1.33255e-05
-0.320017 0.15003 0.0415746 2.20018 2.20021 -1.38846e-05
-0.319995 0.149987 0.0467721 2.20001 2.20016 1.63448e-05
-0.319978 0.149964 0.0514567 2.19979 2.19995 2.41959e-05
-0.319991 0.14996 0.0567262 2.19983 2.20016 3.53493e-05
-0.320028 0.149977 0.0615552 2.19996 2.20018 -5.88773e-05
-0.319975 0.149979 0.0666631 2.19988 2.19989 4.52273e-05
-0.320012 0.150018 0.0715112 2.19997 2.20002 -2.50019e-05
-0.319963 0.149979 0.0767317 2.19988 2.20003 0.000111457
-0.320041 0.150029 0.0820027 2.20014 2.20026 -4.33629e-05
-0.319994 0.149968 0.0866953 2.19988 2.20007 2.95203e-05
-0.320012 0.150031 0.0919062 2.20004 2.2 -1.27745e-05
-0.319992 0.149993 0.096698 2.19997 2.20005 2.43742e-05
-0.320006 0.150027 0.10197 2.20015 2.20014 4.43753e-05
-0.319974 0.149991 0.106722 2.20004 2.20003 -5.00153e-06
-0.319996 0.149995 0.111911 2.20001 2.19999 -4.22394e-05
-0.319995 0.150001 0.116695 2.19995 2.20001 2.32569e-05
-0.319979 0.149975 0.121821 2.19974 2.19996 4.99459e-05
-0.32001 0.150021 0.126721 2.19998 2.20012 4.21462e-05
-0.319989 0.150009 0.131893 2.19996 2.2 9.73352e-05
-0.319991 0.150003 0.136705 2.19996 2.20011 8.65883e-05
-0.320026 0.150031 0.141974 2.20012 2.20025 1.2683e-05
-0.31998 0.150001 0.146699 2.19994 2.2 5.15094e-05
-0.319963 0.149997 0.151811 2.19973 2.19982 0.000130931
-0.319961 0.149993 0.156637 2.19972 2.19987 0.000154605
-0.319993 0.150049 0.161947 2.20006 2.20009 0.000170079
-0.319937 0.149965 0.166701 2.19982 2.19997 0.000178793
-0.319949 0.149966 0.17195 2.19996 2.20008 0.000138307
-0.319963 0.15 0.176697 2.19997 2.19999 0.000160513
-0.319982 0.150004 0.181902 2.19989 2.20004 0.000154029
-0.319976 0.150003 0.186754 2.20003 2.20004 8.50562e-05
-0.320003 0.150035 0.192004 2.20027 2.20022 0.000105735
-0.320006 0.150018 0.196776 2.20015 2.20025 6.72399e-05
-0.319961 0.149985 0.2001 2.19997 2.20003 7.05616e-05
-0.320688 0.150047 0.20115 2.20635 2.20569 -0.0139203
-0.321582 0.149992 0.203024 2.21555 2.2155 -0.0354476
-0.322688 0.150003 0.205014 -2.21635 -2.2165 0.0586871
-0.323648 0.149999 0.20692 -2.20644 -2.20636 0.0797873
-0.324646 0.150031 0.208781 -2.19615 -2.19566 0.102283
-0.325692 0.150052 0.210685 -2.1858 -2.18543 0.12323
-0.3267 0.14998 0.212631 -2.17456 -2.17489 0.145142
-0.327723 0.15001 0.21444 -2.16436 -2.16465 0.165546
-0.328717 0.14998 0.216445 -2.15326 -2.15322 0.187378
-0.329733 0.15001 0.218213 -2.14305 -2.14288 0.207489
-0.330785 0.149966 0.220307 -2.13101 -2.13144 0.228783
-0.331795 0.149969 0.222073 -2.12053 -2.12089 0.248475
-0.332809 0.150045 0.224092 -2.10916 -2.10885 0.269306
-0.333817 0.149996 0.225959 -2.09813 -2.0981 0.288736
-0.334892 0.149999 0.227871 -2.08648 -2.08648 0.309326
-0.335802 0.150017 0.229728 -2.07537 -2.07549 0.327986
-0.336899 0.150052 0.231665 -2.06359 -2.06354 0.348292
-0.337891 0.14995 0.23353 -2.05223 -2.05236 0.367041
-0.338942 0.149961 0.235529 -2.04013 -2.04019 0.386727
-0.339886 0.149995 0.237238 -2.02924 -2.02893 0.404959
-0.340958 0.149957 0.239367 -2.01629 -2.01662 0.424259
-0.341962 0.149936 0.241056 -2.00512 -2.00539 0.442328
-0.34299 0.150033 0.243222 -1.99237 -1.99231 0.46098
-0.343952 0.150009 0.244991 -1.98097 -1.9808 0.478545
-0.345064 0.149959 0.246896 -1.96846 -1.96835 0.497515
-0.346057 0.150059 0.248984 -1.95544 -1.95536 0.515444
-0.347044 0.150056 0.250705 -1.94387 -1.94368 0.53265
-0.348157 0.150023 0.252799 -1.93054 -1.93082 0.550707
-0.349077 0.149954 0.254577 -1.91879 -1.91891 0.567289
-0.350145 0.150064 0.256544 -1.90594 -1.90584 0.584983
-0.351097 0.149974 0.258283 -1.89405 -1.89389 0.601342
-0.352187 0.149964 0.260448 -1.88034 -1.88051 0.618798
-0.353116 0.150049 0.262099 -1.86873 -1.86831 0.634666
-0.354215 0.149979 0.264207 -1.85486 -1.85509 0.651733
-0.35519 0.149922 0.266088 -1.84234 -1.84279 0.667273
-0.356226 0.150044 0.267933 -1.82959 -1.82915 0.684085
-0.357226 0.150043 0.269848 -1.8168 -1.81663 0.699352
-0.358269 0.14998 0.271866 -1.803 -1.80317 0.715558
-0.359235 0.150071 0.27359 -1.79091 -1.79056 0.730566
-0.360324 0.150044 0.275549 -1.77724 -1.77689 0.746832
-0.361301 0.149945 0.27751 -1.764 -1.76434 0.761186
-0.362328 0.150006 0.279438 -1.7505 -1.75038 0.776854
-0.363324 0.15007 0.281297 -1.7379 -1.73739 0.791274
-0.36438 0.149965 0.283187 -1.72414 -1.72373 0.806857
-0.365369 0.149929 0.28518 -1.71074 -1.71077 0.820648
-0.366386 0.149996 0.287008 -1.69715 -1.69676 0.835708
-0.367411 0.15005 0.288925 -1.68383 -1.68374 0.849506
-0.368458 0.150006 0.290767 -1.6699 -1.66984 0.864308
-0.369503 0.150039 0.292918 -1.65524 -1.65557 0.87827
-0.370447 0.150035 0.294709 -1.6424 -1.64224 0.891721
-0.371553 0.150015 0.296779 -1.62781 -1.62801 0.905994
-0.372521 0.150026 0.298357 -1.61528 -1.61494 0.919149
-0.373598 0.150013 0.300521 -1.60039 -1.60051 0.932841
-0.374555 0.150028 0.302241 -1.58745 -1.58715 0.945663
-0.375595 0.150062 0.304316 -1.57275 -1.57265 0.958871
-0.376599 0.149974 0.306112 -1.55931 -1.55933 0.971673
-0.377658 0.149985 0.308145 -1.54467 -1.5448 0.984664
-0.378624 0.150002 0.309805 -1.5319 -1.53122 0.99713
-0.379685 0.149978 0.312033 -1.51633 -1.51665 1.00961
-0.380637 0.149959 0.31376 -1.50324 -1.50293 1.02165
-0.381716 0.149984 0.315794 -1.48819 -1.48833 1.03409
-0.382666 0.149994 0.317534 -1.47506 -1.47454 1.04565
-0.383732 0.149961 0.319639 -1.45972 -1.45991 1.05778
-0.384711 0.149954 0.321416 -1.44597 -1.44625 1.06892
-0.385791 0.150039 0.323354 -1.43141 -1.43125 1.08116
-0.386756 0.149975 0.325143 -1.41766 -1.41751 1.09211
-0.387818 0.149981 0.327245 -1.40249 -1.40247 1.10385
-0.3888 0.149943 0.328908 -1.38913 -1.38869 1.11481
-0.389895 0.149953 0.330852 -1.37427 -1.37367 1.12662
-0.390845 0.149889 0.332836 -1.36 -1.35976 1.1366
-0.391892 0.149984 0.334733 -1.34512 -1.3446 1.14767
-0.392847 0.150083 0.33647 -1.33167 -1.3303 1.15808
-0.393877 0.150179 0.33851 -1.31633 -1.31506 1.16849
-0.394871 0.150139 0.340303 -1.30237 -1.3011 1.17845
-0.395915 0.150035 0.342381 -1.28652 -1.286 1.18871
-0.396968 0.149965 0.344496 -1.27076 -1.27086 1.19883
-0.397955 0.149938 0.346316 -1.25661 -1.25682 1.20841
-0.399035 0.150021 0.348215 -1.24175 -1.24129 1.21862
-0.399939 0.150089 0.34986 -1.22849 -1.22802 1.22715
-0.400294 0.148672 0.350023 -1.22736 -1.22753 1.2275
-0.401243 0.14387 0.34995 -1.22774 -1.22756 1.22768
-0.40225 0.138903 0.349908 -1.22824 -1.22713 1.22742
-0.403204 0.133938 0.350042 -1.22741 -1.22767 1.22758
-0.404185 0.129003 0.350068 -1.22752 -1.22732 1.22707
-0.405173 0.124201 0.349943 -1.22776 -1.22761 1.22769
-0.406168 0.119186 0.350004 -1.22772 -1.22736 1.22726
-0.407115 0.114289 0.350099 -1.22716 -1.22775 1.22748
-0.408123 0.109325 0.350039 -1.22758 -1.22739 1.22729
-0.40911 0.104509 0.349949 -1.22767 -1.22774 1.22782
-0.410105 0.0994587 0.349992 -1.22756 -1.22761 1.22756
-0.411038 0.0947875 0.350017 -1.22762 -1.22754 1.22752
-0.412057 0.0896193 0.350037 -1.22748 -1.22766 1.22764
-0.41299 0.0850811 0.349992 -1.22785 -1.22731 1.2273
-0.414044 0.0799295 0.349931 -1.22796 -1.22749 1.2276
-0.414983 0.0751279 0.349959 -1.22769 -1.22773 1.22776
-0.415991 0.0700812 0.349968 -1.22776 -1.22761 1.22757
-0.416911 0.0654398 0.349977 -1.22783 -1.2274 1.22735
-0.417943 0.0602287 0.350035 -1.22745 -1.22767 1.22754
-0.418891 0.0554813 0.350051 -1.22729 -1.22775 1.22764
-0.419934 0.0504456 0.350027 -1.22747 -1.22772 1.22755
-0.42095 0.045422 0.350001 -1.2276 -1.22754 1.22738
-0.421861 0.0407503 0.349934 -1.22796 -1.22744 1.22733
-0.42286 0.035582 0.349939 -1.2278 -1.22754 1.22742
-0.423811 0.0307619 0.349874 -1.22776 -1.22792 1.22768
-0.42485 0.0256874 0.349857 -1.22788 -1.2279 1.22762
-0.425789 0.0209919 0.349998 -1.22742 -1.22777 1.22754
-0.426788 0.0159184 0.350072 -1.22729 -1.22758 1.22745
-0.426987 0.0148329 0.349904 -1.22703 -1.22778 1.22753
-0.426996 0.0148901 0.344997 -1.22713 -1.22774 1.22759
-0.427015 0.0149301 0.340064 -1.22759 -1.22778 1.22767
-0.427006 0.0149961 0.334889 -1.22751 -1.22758 1.22754
-0.426989 0.014964 0.33015 -1.2273 -1.22759 1.2276
-0.42702 0.0149961 0.324792 -1.2278 -1.22772 1.22761
-0.426961 0.0149907 0.320276 -1.22703 -1.22737 1.22751
-0.427005 0.0150179 0.314809 -1.22777 -1.22762 1.22755
-0.427018 0.015009 0.310016 -1.22779 -1.22769 1.22756
-0.42697 0.0149594 0.305009 -1.22715 -1.22754 1.22756
-0.427012 0.0149947 0.299959 -1.228 -1.22778 1.22762
-0.427048 0.0150508 0.294717 -1.22813 -1.22773 1.2276
-0.427021 0.0150251 0.290035 -1.22778 -1.22762 1.22757
-0.426993 0.0149992 0.284866 -1.22768 -1.22762 1.22755
-0.42701 0.0149989 0.280048 -1.22777 -1.22768 1.22758
-0.427015 0.0150503 0.274826 -1.22786 -1.22761 1.22753
-0.427037 0.0150826 0.269968 -1.22803 -1.22764 1.22749
-0.427032 0.0150346 0.264756 -1.22805 -1.22774 1.22757
-0.427013 0.0150119 0.259574 -1.2279 -1.22766 1.22761
-0.427017 0.0150401 0.254815 -1.22776 -1.22761 1.22749
-0.427006 0.0150153 0.249666 -1.22755 -1.22758 1.22755
-0.426997 0.0150411 0.24485 -1.22768 -1.22756 1.22748
-0.427031 0.0150419 0.239672 -1.22749 -1.22758 1.22748
-0.427035 0.0150408 0.234915 -1.22739 -1.22753 1.22752
-0.427035 0.0150338 0.229667 -1.22757 -1.22759 1.22754
-0.427046 0.0150409 0.22486 -1.22761 -1.22757 1.22756
-0.426995 0.0150172 0.21964 -1.22776 -1.22759 1.22753
-0.42699 0.0149883 0.214816 -1.22786 -1.22768 1.22758
-0.426978 0.0149665 0.209592 -1.2279 -1.22778 1.22763
-0.427004 0.0149769 0.204795 -1.22785 -1.22776 1.22764
-0.426999 0.0150013 0.19999 -1.22793 -1.22771 1.22755
-0.426983 0.0150009 0.199853 -1.2279 -1.22768 1.22753
-0.427001 0.0150076 0.19989 -1.22793 -1.2277 1.22755
-0.426987 0.0149805 0.199973 -1.22765 -1.22769 1.22756
-0.426994 0.0149919 0.199964 -1.22771 -1.22766 1.22755
-0.426993 0.0149987 0.199981 -1.22765 -1.22763 1.22753
-0.426992 0.0150029 0.199974 -1.2277 -1.22762 1.22755
-0.426987 0.0149834 0.199983 -1.22765 -1.22765 1.22757
-0.426986 0.0149937 0.199978 -1.22768 -1.22764 1.22754
-0.42699 0.0150041 0.199978 -1.22769 -1.22762 1.22754
-0.426986 0.0150012 0.200004 -1.22757 -1.22761 1.22749
-0.426986 0.0149824 0.200004 -1.22758 -1.22763 1.22757
-0.426987 0.0150019 0.199982 -1.2277 -1.22761 1.22753
-0.426989 0.0149877 0.19998 -1.22766 -1.22766 1.22755
-0.426985 0.0150033 0.200003 -1.22761 -1.2276 1.22751
-0.426989 0.0149899 0.199981 -1.22765 -1.22764 1.22756
-0.426985 0.0149827 0.199991 -1.2276 -1.22766 1.22752
-0.426991 0.0149838 0.2 -1.22757 -1.22764 1.22756
-0.426987 0.0149966 0.199982 -1.22771 -1.22761 1.22755
-0.426988 0.0149967 0.199984 -1.22768 -1.22763 1.22756
-0.426987 0.0149837 0.199994 -1.22759 -1.22766 1.22752
-0.427001 0.0150176 0.201139 -1.22716 -1.22744 1.22755
-0.426988 0.015021 0.205966 -1.22734 -1.22746 1.2276
-0.426983 0.0149999 0.211215 -1.22721 -1.22751 1.22766
-0.426984 0.0150012 0.216064 -1.22708 -1.22742 1.22764
-0.426986 0.0150296 0.221275 -1.22705 -1.22736 1.22752
-0.426988 0.0150206 0.226091 -1.227 -1.22736 1.22755
-0.426951 0.0149779 0.231274 -1.22713 -1.22739 1.22761
-0.426946 0.0149935 0.236003 -1.22749 -1.22748 1.22755
-0.426935 0.0149471 0.241248 -1.22725 -1.22749 1.22763
-0.426946 0.0149855 0.246051 -1.22732 -1.22741 1.2276
-0.426975 0.0150037 0.25121 -1.22743 -1.22746 1.22759
-0.426974 0.0149864 0.256003 -1.22744 -1.22753 1.22762
-0.42698 0.0150212 0.261188 -1.22747 -1.22746 1.22755
-0.427003 0.0150462 0.265931 -1.22765 -1.2275 1.22757
-0.427011 0.0150598 0.271045 -1.22789 -1.22755 1.22756
-0.426993 0.0150179 0.275843 -1.22775 -1.22761 1.22757
-0.426994 0.015017 0.281133 -1.22752 -1.22752 1.22758
-0.426955 0.0149924 0.286075 -1.22701 -1.22742 1.22748
-0.426943 0.0149903 0.291305 -1.227 -1.22737 1.22748
-0.426952 0.0149888 0.296056 -1.22709 -1.22742 1.22752
-0.426992 0.015037 0.301116 -1.22761 -1.22751 1.22748
-0.426967 0.0149942 0.306017 -1.22729 -1.22744 1.22755
-0.426946 0.0149603 0.31123 -1.22727 -1.22745 1.22761
-0.427026 0.0150352 0.315886 -1.2278 -1.22758 1.22762
-0.426993 0.0150233 0.321085 -1.22787 -1.22756 1.22759
-0.426968 0.0150039 0.326357 -1.22759 -1.22749 1.22758
-0.427024 0.0150457 0.331065 -1.22782 -1.22763 1.22751
-0.426947 0.0149878 0.336434 -1.22734 -1.22747 1.22752
-0.427009 0.0150114 0.341128 -1.22755 -1.22759 1.2276
-0.42694 0.0149757 0.346443 -1.22728 -1.22745 1.22758
-0.426999 0.0150084 0.350123 -1.22754 -1.22756 1.2276
-0.425169 0.0156388 0.34978 -1.23339 -1.23425 1.22313
-0.421442 0.0172526 0.348861 -1.24768 -1.2489 1.21401
-0.417428 0.019211 0.347667 -1.26404 -1.26426 1.20383
-0.413589 0.0208731 0.347014 -1.27779 -1.27787 1.19417
-0.409534 0.0225963 0.346189 -1.29249 -1.29324 1.18365
-0.405837 0.0241878 0.345175 -1.30694 -1.30762 1.1742
-0.401727 0.0258979 0.344351 -1.32196 -1.32279 1.16339
-0.398006 0.0276302 0.343514 -1.33599 -1.33668 1.15323
-0.393981 0.0295118 0.342419 -1.35178 -1.35177 1.1423
-0.390175 0.0310702 0.341696 -1.36513 -1.36563 1.13182
-0.386166 0.0329072 0.340685 -1.38064 -1.38067 1.12065
-0.382444 0.0345388 0.339792 -1.39447 -1.3947 1.11016
-0.378347 0.0362413 0.339049 -1.40872 -1.40962 1.09832
-0.374604 0.0378315 0.338264 -1.4221 -1.42355 1.08741
-0.37056 0.0397433 0.337262 -1.43747 -1.43829 1.07538
-0.366815 0.0414099 0.336392 -1.45117 -1.45202 1.06419
-0.36274 0.043206 0.335553 -1.46582 -1.46673 1.0517
-0.358987 0.0447601 0.33473 -1.47938 -1.48043 1.04042
-0.354942 0.0465978 0.333743 -1.49428 -1.49525 1.02774
-0.350909 0.0484358 0.332724 -1.50946 -1.51001 1.01525
-0.347138 0.0500247 0.331972 -1.52246 -1.52369 1.00296
-0.343078 0.0519136 0.330986 -1.53753 -1.5381 0.990006
-0.339354 0.0535703 0.330103 -1.55109 -1.55158 0.978146
-0.335306 0.0552807 0.329096 -1.56595 -1.56622 0.965351
-0.331549 0.0569265 0.328216 -1.57952 -1.57952 0.952952
-0.327469 0.058716 0.327311 -1.59368 -1.59407 0.938854
-0.323703 0.0603923 0.326468 -1.60708 -1.6073 0.925915
-0.319696 0.0621228 0.325594 -1.62122 -1.62168 0.912417
-0.315941 0.063919 0.324732 -1.63467 -1.63475 0.899202
-0.311892 0.0656636 0.3238 -1.64883 -1.64903 0.885007
-0.308141 0.0672818 0.323012 -1.66169 -1.66213 0.871383
-0.304085 0.0691334 0.322045 -1.676 -1.67628 0.856976
-0.300325 0.0707393 0.321156 -1.68914 -1.68943 0.843324
-0.296277 0.0724747 0.320238 -1.70304 -1.70346 0.828369
-0.292489 0.0742243 0.319243 -1.71669 -1.71638 0.81477
-0.288515 0.0758794 0.318472 -1.7298 -1.73038 0.799537
-0.284734 0.0775564 0.317622 -1.74287 -1.74301 0.785084
-0.28064 0.0794439 0.316579 -1.75713 -1.75701 0.769733
-0.276953 0.0809588 0.315776 -1.76961 -1.76957 0.755521
-0.272859 0.0827566 0.314895 -1.783 -1.78363 0.738912
-0.26914 0.0844613 0.313963 -1.79617 -1.79592 0.724933
-0.265076 0.0862189 0.31312 -1.80947 -1.80938 0.708066
-0.261277 0.0878634 0.31219 -1.82222 -1.82205 0.692722
-0.257264 0.0896818 0.311291 -1.83563 -1.8355 0.67656
-0.253506 0.0912729 0.310452 -1.84773 -1.84796 0.660576
-0.249421 0.0930787 0.309539 -1.8611 -1.86142 0.643364
-0.245392 0.0948971 0.308548 -1.87479 -1.87452 0.627022
-0.24162 0.0964613 0.307758 -1.88671 -1.88681 0.610314
-0.237586 0.0982384 0.306817 -1.89987 -1.89991 0.592989
-0.233845 0.0999709 0.305913 -1.91233 -1.91181 0.577215
-0.229729 0.101776 0.305065 -1.92491 -1.92495 0.558345
-0.226031 0.103439 0.304194 -1.93685 -1.93661 0.542147
-0.221958 0.105264 0.303195 -1.94993 -1.94969 0.524238
-0.218176 0.106866 0.302395 -1.96168 -1.96149 0.50677
-0.214196 0.108564 0.301516 -1.97411 -1.974 0.488414
-0.210419 0.110253 0.300585 -1.98614 -1.98579 0.471365
-0.20632 0.112032 0.299621 -1.99881 -1.99863 0.452386
-0.202671 0.113648 0.298886 -2.00981 -2.00967 0.434581
-0.198573 0.115415 0.297937 -2.02219 -2.0223 0.414977
-0.194825 0.117118 0.297033 -2.03377 -2.03376 0.397285
-0.190818 0.118877 0.296104 -2.04588 -2.04591 0.377874
-0.187005 0.120491 0.295252 -2.05717 -2.05713 0.358979
-0.182973 0.122327 0.294391 -2.06904 -2.069 0.338751
-0.179243 0.124016 0.293519 -2.0802 -2.07997 0.320288
-0.17513 0.125751 0.29255 -2.09226 -2.09205 0.299703
-0.171436 0.127383 0.291737 -2.10282 -2.1027 0.280577
-0.16739 0.129154 0.290794 -2.11453 -2.11437 0.25976
-0.163606 0.130817 0.289902 -2.12538 -2.12536 0.240326
-0.159571 0.132622 0.288957 -2.13684 -2.13682 0.21916
-0.155807 0.134216 0.288139 -2.14722 -2.14737 0.199099
-0.151742 0.135994 0.28722 -2.15853 -2.15849 0.177266
-0.147686 0.137801 0.286258 -2.16988 -2.16962 0.155601
-0.143892 0.139482 0.285387 -2.18036 -2.18 0.135141
-0.139885 0.141312 0.284556 -2.19101 -2.19063 0.112605
-0.13613 0.142924 0.283723 -2.20085 -2.20071 0.0916023
-0.132043 0.144683 0.282824 -2.21149 -2.21148 0.0684633
-0.128359 0.146314 0.281967 -2.22112 -2.22124 0.0476327
-0.124277 0.148124 0.281022 2.21076 2.21106 -0.0241837
-0.120536 0.149783 0.280125 2.20117 2.20149 -0.00299712
-0.119922 0.150003 0.279991 2.19964 2.19995 0.000311076
-0.119983 0.149994 0.279994 2.19973 2.20011 4.86733e-05
-0.120008 0.149988 0.279996 2.19985 2.20012 -7.73202e-05
-0.120009 0.149991 0.280004 2.19983 2.20018 -5.86158e-05
-0.120027 0.149976 0.279995 2.19991 2.2001 -0.000174508
-0.12002 0.149999 0.280003 2.19995 2.20011 -8.91658e-05
-0.120018 0.149998 0.279992 2.1999 2.20009 -0.000158633
-0.120019 0.149981 0.279987 2.19992 2.20006 -0.000210601
-0.120014 0.149992 0.279992 2.19991 2.20007 -0.000132344
-0.120024 0.149995 0.279992 2.19991 2.20012 -0.000138395
-0.120002 0.14999 0.280004 2.19993 2.20007 -2.07831e-07
-0.119998 0.15 0.280003 2.19995 2.20004 1.44165e-05
-0.120007 0.149991 0.28 2.19992 2.20006 -3.74433e-05
-0.120007 0.150002 0.279999 2.19997 2.20006 -7.28809e-05
-0.120006 0.149988 0.279994 2.19985 2.2001 -4.58952e-05
-0.120017 0.149983 0.279998 2.19985 2.20014 -0.000105859
-0.120014 0.149994 0.279993 2.19998 2.20004 -0.000108295
-0.120008 0.149995 0.279996 2.19993 2.20004 -7.56597e-05
-0.120012 0.149979 0.279989 2.19984 2.20009 -0.000109214
-0.120017 0.149992 0.279995 2.19998 2.20006 -0.000111562
-0.120008 0.149994 0.280002 2.19997 2.20008 -4.95589e-05
-0.12001 0.149995 0.280004 2.19992 2.20011 -3.03163e-05
-0.120014 0.149988 0.279992 2.1999 2.20007 -0.000101164
-0.120005 0.149999 0.279996 2.19988 2.20008 -3.42497e-05
-0.120007 0.149991 0.280004 2.19998 2.20007 -3.43515e-05
-0.120008 0.149984 0.279989 2.19992 2.20001 -0.000124528
-0.120006 0.149999 0.280001 2.20001 2.20004 -3.40328e-05
-0.120008 0.149986 0.27999 2.19995 2.19999 -0.000123948
-0.120007 0.149996 0.279998 2.19997 2.20003 -7.966e-05
-0.119998 0.149999 0.27999 2.19998 2.19996 -7.25867e-05
-0.120005 0.149997 0.279993 2.19994 2.20003 -7.65959e-05
-0.120009 0.149992 0.279992 2.19992 2.20003 -0.000113529
-0.120016 0.149991 0.280003 2.19991 2.20013 -6.00964e-05
-0.119993 0.149991 0.279995 2.19994 2.2 -3.15023e-05
-0.120005 0.149998 0.279993 2.19999 2.2 -7.93766e-05
-0.12001 0.149989 0.279999 2.19993 2.20006 -7.9322e-05
-0.119997 0.149998 0.280003 2.20001 2.19999 -2.64578e-07
-0.120006 0.149994 0.279985 2.19996 2.19997 -0.00010912
-0.120013 0.149987 0.279992 2.19985 2.2001 -8.67048e-05
-0.120017 0.149979 0.279995 2.19985 2.20014 -7.84058e-05
-0.120006 0.149988 0.280003 2.20001 2.20002 -4.47549e-05
