0.150013
0.150003
0.150004
0.15
0.150003
0.150015
0.150005
0.150015
0.150014
0.149999
0.150009
0.15001
0.150008
0.150004
0.150005
0.15
0.150003
0.15001
0.150018
0.150009
0.150002
0.150009
0.149997
0.150007
0.150005
0.15001
0.150028
0.149957
0.150041
0.149982
0.150011
0.149915
0.150046
0.14999
0.150062
0.149981
0.150049
0.149971
0.150087
0.149937
0.150072
0.150011
0.150001
0.15005
0.149917
0.150035
0.149943
0.150009
0.149961
0.149989
0.149985
0.150025
0.149989
0.150043
0.149987
0.149955
0.150075
0.150027
0.150019
0.150023
0.149999
0.150067
0.150001
0.149907
0.149994
0.149961
0.150078
0.150001
0.149967
0.149982
0.149983
0.149951
0.150003
0.149962
0.149963
0.150018
0.150004
0.149977
0.149957
0.149995
0.149957
0.149973
0.14997
0.149952
0.149961
0.149952
0.149996
0.150021
0.149971
0.149973
0.149948
0.15002
0.150011
0.149964
0.149998
0.150023
0.149978
0.150002
0.150006
0.150001
0.150053
0.150003
0.15
0.149989
0.149988
0.15005
0.149962
0.150006
0.149952
0.150007
0.150007
0.149939
0.150013
0.150005
0.150008
0.149984
0.150006
0.14996
0.149976
0.14997
0.149991
0.149987
0.149954
0.150007
0.149912
0.150012
0.150001
0.14998
0.149998
0.149981
0.149969
0.149986
0.150001
0.150004
0.14999
0.150002
0.149982
0.149995
0.149992
0.149979
0.149987
0.149999
0.149997
0.15
0.149996
0.149956
0.149953
0.149983
0.150039
0.149986
0.150002
0.149974
0.150007
0.149993
0.149993
0.15003
0.149987
0.149964
0.14996
0.149977
0.149979
0.150018
0.149979
0.150029
0.149968
0.150031
0.149993
0.150027
0.149991
0.149995
0.150001
0.149975
0.150021
0.150009
0.150003
0.150031
0.150001
0.149997
0.149993
0.150049
0.149965
0.149966
0.15
0.150004
0.150003
0.150035
0.150018
0.149985
0.150047
0.149992
0.150003
0.149999
0.150031
0.150052
0.14998
0.15001
0.14998
0.15001
0.149966
0.149969
0.150045
0.149996
0.149999
0.150017
0.150052
0.14995
0.149961
0.149995
0.149957
0.149936
0.150033
0.150009
0.149959
0.150059
0.150056
0.150023
0.149954
0.150064
0.149974
0.149964
0.150049
0.149979
0.149922
0.150044
0.150043
0.14998
0.150071
0.150044
0.149945
0.150006
0.15007
0.149965
0.149929
0.149996
0.15005
0.150006
0.150039
0.150035
0.150015
0.150026
0.150013
0.150028
0.150062
0.149974
0.149985
0.150002
0.149978
0.149959
0.149984
0.149994
0.149961
0.149954
0.150039
0.149975
0.149981
0.149943
0.149953
0.149889
0.149984
0.150083
0.150179
0.150139
0.150035
0.149965
0.149938
0.150021
0.150089
0.148672
0.14387
0.138903
0.133938
0.129003
0.124201
0.119186
0.114289
0.109325
0.104509
0.0994587
0.0947875
0.0896193
0.0850811
0.0799295
0.0751279
0.0700812
0.0654398
0.0602287
0.0554813
0.0504456
0.045422
0.0407503
0.035582
0.0307619
0.0256874
0.0209919
0.0159184
0.0148329
0.0148901
0.0149301
0.0149961
0.014964
0.0149961
0.0149907
0.0150179
0.015009
0.0149594
0.0149947
0.0150508
0.0150251
0.0149992
0.0149989
0.0150503
0.0150826
0.0150346
0.0150119
0.0150401
0.0150153
0.0150411
0.0150419
0.0150408
0.0150338
0.0150409
0.0150172
0.0149883
0.0149665
0.0149769
0.0150013
0.0150009
0.0150076
0.0149805
0.0149919
0.0149987
0.0150029
0.0149834
0.0149937
0.0150041
0.0150012
0.0149824
0.0150019
0.0149877
0.0150033
0.0149899
0.0149827
0.0149838
0.0149966
0.0149967
0.0149837
0.0150176
0.015021
0.0149999
0.0150012
0.0150296
0.0150206
0.0149779
0.0149935
0.0149471
0.0149855
0.0150037
0.0149864
0.0150212
0.0150462
0.0150598
0.0150179
0.015017
0.0149924
0.0149903
0.0149888
0.015037
0.0149942
0.0149603
0.0150352
0.0150233
0.0150039
0.0150457
0.0149878
0.0150114
0.0149757
0.0150084
0.0156388
0.0172526
0.019211
0.0208731
0.0225963
0.0241878
0.0258979
0.0276302
0.0295118
0.0310702
0.0329072
0.0345388
0.0362413
0.0378315
0.0397433
0.0414099
0.043206
0.0447601
0.0465978
0.0484358
0.0500247
0.0519136
0.0535703
0.0552807
0.0569265
0.058716
0.0603923
0.0621228
0.063919
0.0656636
0.0672818
0.0691334
0.0707393
0.0724747
0.0742243
0.0758794
0.0775564
0.0794439
0.0809588
0.0827566
0.0844613
0.0862189
0.0878634
0.0896818
0.0912729
0.0930787
0.0948971
0.0964613
0.0982384
0.0999709
0.101776
0.103439
0.105264
0.106866
0.108564
0.110253
0.112032
0.113648
0.115415
0.117118
0.118877
0.120491
0.122327
0.124016
0.125751
0.127383
0.129154
0.130817
0.132622
0.134216
0.135994
0.137801
0.139482
0.141312
0.142924
0.144683
0.146314
0.148124
0.149783
0.150003
0.149994
0.149988
0.149991
0.149976
0.149999
0.149998
0.149981
0.149992
0.149995
0.14999
0.15
0.149991
0.150002
0.149988
0.149983
0.149994
0.149995
0.149979
0.149992
0.149994
0.149995
0.149988
0.149999
0.149991
0.149984
0.149999
0.149986
0.149996
0.149999
0.149997
0.149992
0.149991
0.149991
0.149998
0.149989
0.149998
0.149994
0.149987
0.149979
0.149988
