1.26211
1.26211
1.26213
1.26213
1.26208
1.26212
1.26211
1.26211
1.26211
1.26213
1.26211
1.26212
1.26212
1.26211
1.26211
1.2621
1.26212
1.26211
1.26211
1.2621
1.26213
1.26211
1.26214
1.26211
1.26211
1.26214
1.25774
1.25
1.24273
1.23424
1.22634
1.21705
1.20789
1.19767
1.18779
1.17639
1.16556
1.15324
1.14113
1.12785
1.11465
1.10001
1.08586
1.06993
1.05313
1.03727
1.01888
1.00177
0.981869
0.963
0.941737
0.920928
0.897748
0.875465
0.849771
0.825022
0.797015
0.769762
0.738581
0.708465
0.673403
0.638783
0.598713
0.55851
0.510772
0.461967
0.450361
0.524054
0.587132
0.647765
0.699244
0.750831
0.795219
0.840743
0.880542
0.921155
0.957337
0.995183
1.02861
1.06322
1.09427
1.12669
1.15572
1.18621
1.21348
1.24213
1.26775
1.29475
1.32141
1.34526
1.37042
1.39269
1.41655
1.4382
1.46085
1.48101
1.50282
1.52216
1.5425
1.56124
1.58041
1.5981
1.61665
1.63325
1.6509
1.66641
1.68326
1.69784
1.7138
1.72754
1.74226
1.75657
1.76896
1.78227
1.79391
1.80644
1.81724
1.82844
1.83864
1.84893
1.85786
1.8673
1.87552
1.88376
1.89057
1.89048
1.89049
1.89052
1.89051
1.89054
1.89051
1.89054
1.89049
1.89048
1.8905
1.89051
1.89054
1.8905
1.89051
1.8905
1.89052
1.8905
1.89051
1.89049
1.89052
1.88863
1.88042
1.87239
1.86329
1.8546
1.84453
1.83469
1.82376
1.81318
1.80101
1.78965
1.77668
1.76429
1.7504
1.73701
1.72228
1.70798
1.69233
1.67586
1.66062
1.64321
1.62704
1.6087
1.59163
1.57231
1.55412
1.53407
1.51472
1.49356
1.47352
1.451
1.43
1.40659
1.38429
1.3594
1.33628
1.31026
1.28563
1.25803
1.2319
1.20286
1.17536
1.1556
1.16414
1.17809
1.19247
1.2059
1.22059
1.23378
1.24858
1.26177
1.27664
1.28985
1.30463
1.31806
1.33268
1.34618
1.36076
1.37449
1.38897
1.40282
1.4174
1.43123
1.44588
1.4597
1.47436
1.48817
1.50304
1.51793
1.53185
1.54659
1.56074
1.57544
1.58971
1.60458
1.61877
1.6338
1.64782
1.66312
1.67713
1.69257
1.70668
1.72218
1.73641
1.75203
1.76615
1.78202
1.79635
1.81238
1.8267
1.84296
1.85871
1.87375
1.8897
1.90508
1.92111
1.93651
1.95287
1.96838
1.98488
2.00057
2.01699
2.03279
2.0493
2.06481
2.08095
2.09604
2.11148
2.12563
2.13953
2.15198
2.1636
2.17273
2.18073
2.18589
2.18829
2.1878
2.18386
2.17598
2.16571
2.15141
2.13682
2.13869
2.14924
2.15983
2.16901
2.17853
2.18709
2.19564
2.20308
2.21081
2.21745
2.22401
2.22952
2.23504
2.23964
2.24402
2.24753
2.25075
2.25324
2.25513
2.2564
2.25712
2.25737
2.25728
2.25638
2.25499
2.25265
2.2497
2.24615
2.24595
2.26063
2.27483
2.28954
2.30262
2.31648
2.32839
2.34134
2.35242
2.36385
2.37418
2.38439
2.39329
2.40246
2.41016
2.41789
2.42434
2.43072
2.43637
2.44074
2.44481
2.44796
2.45027
2.45184
2.45291
2.45305
2.45283
2.45167
2.44965
2.44679
2.44348
2.44344
2.44338
2.44342
2.44338
2.44337
2.44338
2.44341
2.44342
2.4434
2.4434
2.4434
2.44342
2.44341
2.44341
2.4434
2.44342
2.44337
2.44342
2.44341
2.44341
2.44394
2.4473
2.45003
2.45176
2.45287
2.45318
2.45303
2.45207
2.45008
2.44746
2.44382
2.43989
2.43483
2.42947
2.42307
2.41656
2.40853
2.40062
2.39142
2.38236
2.37193
2.36167
2.3501
2.33866
2.32606
2.31273
2.29986
2.28556
2.27181
2.25661
2.24512
2.25162
2.26365
2.27534
2.28424
2.29191
2.29755
2.30144
2.30297
2.30277
2.30026
2.29484
2.28744
2.2764
2.26347
2.24643
2.22782
2.20424
2.17978
2.15044
2.11834
2.08652
2.05052
2.01611
1.97816
1.9429
1.9049
1.87027
1.8337
1.80102
1.76719
1.73707
1.7061
1.67896
1.65115
1.62687
1.60165
1.57968
1.55743
1.53791
1.51761
1.5003
1.4822
1.46664
1.45031
1.43628
1.42156
1.40793
1.39568
1.38338
1.37252
1.36107
1.35147
1.34151
1.33248
1.32351
1.31579
1.3078
1.3008
1.2939
1.28795
1.28205
1.27706
1.27183
1.26765
1.26377
1.26059
1.25769
1.25534
1.25346
1.252
1.25114
1.25079
1.25073
1.25103
1.2521
1.25379
1.25582
1.25849
1.26156
1.2621
1.26208
1.26208
1.26206
1.26208
1.26206
1.26207
1.26211
1.2621
1.26211
1.26207
1.26207
1.26207
1.26208
1.2621
1.26207
1.26211
1.26207
1.26211
1.26211
1.2621
1.26206
1.2621
1.26208
1.26208
1.26211
1.2621
1.2621
1.26207
1.26211
1.2621
1.26208
1.26207
1.2621
1.26211
1.26207
1.26207
1.26212
1.2621
1.26211
1.26208
