0.28
0.280002
0.279991
0.279987
0.279998
0.279997
0.279994
0.280005
0.279998
0.279988
0.280001
0.279992
0.279997
0.279998
0.279998
0.280006
0.279993
0.279998
0.279999
0.280004
0.279993
0.279999
0.279989
0.279998
0.279998
0.279994
0.279898
0.280025
0.279937
0.280064
0.279902
0.280022
0.279936
0.280049
0.279915
0.280058
0.279897
0.279988
0.279941
0.280027
0.279971
0.280043
0.280009
0.279952
0.280069
0.27987
0.280065
0.279873
0.279969
0.280083
0.279879
0.280076
0.280046
0.27985
0.280039
0.28007
0.279864
0.279986
0.280135
0.279937
0.279878
0.280014
0.280066
0.280145
0.28015
0.280137
0.279766
0.274698
0.270032
0.265035
0.259993
0.254939
0.250012
0.244927
0.239977
0.234877
0.230195
0.224859
0.219913
0.214815
0.210052
0.204868
0.200028
0.194783
0.189976
0.184836
0.18009
0.174955
0.169675
0.164807
0.159553
0.154897
0.149716
0.144917
0.13971
0.134917
0.129644
0.124883
0.119745
0.114895
0.109768
0.104872
0.099627
0.0947837
0.0896633
0.0849715
0.0796613
0.0748227
0.0695623
0.0649349
0.0596904
0.0543221
0.04969
0.0445015
0.0396085
0.034487
0.0297168
0.024378
0.0197102
0.0144145
0.00963823
0.00447139
-0.000446843
-0.00546885
-0.0101127
-0.0101096
-0.0100323
-0.00999472
-0.00999812
-0.00998828
-0.00999139
-0.00998452
-0.00996408
-0.00997617
-0.0099862
-0.00997869
-0.0099868
-0.00997718
-0.00997911
-0.0099873
-0.00997196
-0.00997524
-0.00997508
-0.00997505
-0.00997897
-0.00855555
-0.00328435
0.00150243
0.00678138
0.0114767
0.0167735
0.0215176
0.0267566
0.0315603
0.0367038
0.0415746
0.0467721
0.0514567
0.0567262
0.0615552
0.0666631
0.0715112
0.0767317
0.0820027
0.0866953
0.0919062
0.096698
0.10197
0.106722
0.111911
0.116695
0.121821
0.126721
0.131893
0.136705
0.141974
0.146699
0.151811
0.156637
0.161947
0.166701
0.17195
0.176697
0.181902
0.186754
0.192004
0.196776
0.2001
0.20115
0.203024
0.205014
0.20692
0.208781
0.210685
0.212631
0.21444
0.216445
0.218213
0.220307
0.222073
0.224092
0.225959
0.227871
0.229728
0.231665
0.23353
0.235529
0.237238
0.239367
0.241056
0.243222
0.244991
0.246896
0.248984
0.250705
0.252799
0.254577
0.256544
0.258283
0.260448
0.262099
0.264207
0.266088
0.267933
0.269848
0.271866
0.27359
0.275549
0.27751
0.279438
0.281297
0.283187
0.28518
0.287008
0.288925
0.290767
0.292918
0.294709
0.296779
0.298357
0.300521
0.302241
0.304316
0.306112
0.308145
0.309805
0.312033
0.31376
0.315794
0.317534
0.319639
0.321416
0.323354
0.325143
0.327245
0.328908
0.330852
0.332836
0.334733
0.33647
0.33851
0.340303
0.342381
0.344496
0.346316
0.348215
0.34986
0.350023
0.34995
0.349908
0.350042
0.350068
0.349943
0.350004
0.350099
0.350039
0.349949
0.349992
0.350017
0.350037
0.349992
0.349931
0.349959
0.349968
0.349977
0.350035
0.350051
0.350027
0.350001
0.349934
0.349939
0.349874
0.349857
0.349998
0.350072
0.349904
0.344997
0.340064
0.334889
0.33015
0.324792
0.320276
0.314809
0.310016
0.305009
0.299959
0.294717
0.290035
0.284866
0.280048
0.274826
0.269968
0.264756
0.259574
0.254815
0.249666
0.24485
0.239672
0.234915
0.229667
0.22486
0.21964
0.214816
0.209592
0.204795
0.19999
0.199853
0.19989
0.199973
0.199964
0.199981
0.199974
0.199983
0.199978
0.199978
0.200004
0.200004
0.199982
0.19998
0.200003
0.199981
0.199991
0.2
0.199982
0.199984
0.199994
0.201139
0.205966
0.211215
0.216064
0.221275
0.226091
0.231274
0.236003
0.241248
0.246051
0.25121
0.256003
0.261188
0.265931
0.271045
0.275843
0.281133
0.286075
0.291305
0.296056
0.301116
0.306017
0.31123
0.315886
0.321085
0.326357
0.331065
0.336434
0.341128
0.346443
0.350123
0.34978
0.348861
0.347667
0.347014
0.346189
0.345175
0.344351
0.343514
0.342419
0.341696
0.340685
0.339792
0.339049
0.338264
0.337262
0.336392
0.335553
0.33473
0.333743
0.332724
0.331972
0.330986
0.330103
0.329096
0.328216
0.327311
0.326468
0.325594
0.324732
0.3238
0.323012
0.322045
0.321156
0.320238
0.319243
0.318472
0.317622
0.316579
0.315776
0.314895
0.313963
0.31312
0.31219
0.311291
0.310452
0.309539
0.308548
0.307758
0.306817
0.305913
0.305065
0.304194
0.303195
0.302395
0.301516
0.300585
0.299621
0.298886
0.297937
0.297033
0.296104
0.295252
0.294391
0.293519
0.29255
0.291737
0.290794
0.289902
0.288957
0.288139
0.28722
0.286258
0.285387
0.284556
0.283723
0.282824
0.281967
0.281022
0.280125
0.279991
0.279994
0.279996
0.280004
0.279995
0.280003
0.279992
0.279987
0.279992
0.279992
0.280004
0.280003
0.28
0.279999
0.279994
0.279998
0.279993
0.279996
0.279989
0.279995
0.280002
0.280004
0.279992
0.279996
0.280004
0.279989
0.280001
0.27999
0.279998
0.27999
0.279993
0.279992
0.280003
0.279995
0.279993
0.279999
0.280003
0.279985
0.279992
0.279995
0.280003
