-1.44079
-1.44078
-1.44081
-1.44081
-1.44076
-1.44078
-1.44081
-1.44083
-1.44081
-1.44078
-1.44079
-1.44078
-1.44082
-1.44077
-1.44078
-1.44078
-1.44077
-1.44082
-1.44081
-1.44081
-1.44081
-1.44079
-1.44079
-1.44079
-1.44078
-1.44081
-1.41988
-1.38839
-1.36075
-1.33165
-1.30557
-1.27815
-1.25378
-1.22816
-1.20532
-1.18105
-1.15943
-1.13684
-1.11664
-1.09517
-1.07642
-1.05626
-1.03826
-1.01972
-1.00113
-0.984998
-0.967707
-0.95257
-0.936093
-0.921783
-0.906312
-0.892828
-0.878326
-0.865513
-0.851777
-0.839479
-0.826797
-0.815098
-0.802979
-0.791986
-0.780298
-0.770095
-0.758958
-0.748947
-0.738744
-0.729331
-0.726793
-0.726733
-0.726709
-0.726661
-0.726564
-0.726493
-0.726397
-0.726349
-0.726277
-0.726205
-0.726121
-0.726062
-0.726002
-0.725978
-0.725882
-0.725846
-0.725774
-0.72569
-0.725643
-0.725571
-0.725582
-0.725511
-0.725439
-0.725427
-0.725331
-0.725331
-0.725271
-0.725211
-0.725235
-0.725163
-0.725128
-0.725067
-0.725032
-0.72502
-0.724948
-0.724912
-0.724864
-0.724876
-0.724816
-0.724792
-0.724708
-0.724696
-0.724685
-0.724636
-0.724589
-0.724564
-0.724552
-0.724529
-0.724505
-0.724445
-0.724445
-0.724337
-0.724349
-0.724325
-0.724289
-0.724242
-0.72423
-0.724193
-0.72417
-0.72417
-0.724133
-0.724086
-0.724133
-0.724086
-0.724062
-0.724109
-0.724098
-0.724121
-0.724121
-0.724133
-0.724098
-0.724121
-0.724121
-0.724098
-0.724121
-0.724121
-0.724133
-0.724121
-0.724146
-0.724133
-0.724121
-0.724193
-0.724313
-0.724277
-0.724277
-0.724253
-0.724337
-0.724385
-0.724385
-0.724493
-0.724469
-0.724493
-0.724481
-0.724517
-0.724624
-0.724696
-0.724685
-0.724732
-0.724708
-0.724864
-0.72484
-0.724912
-0.72496
-0.724984
-0.725008
-0.72502
-0.725091
-0.725128
-0.725151
-0.725211
-0.725271
-0.725319
-0.725343
-0.725427
-0.725403
-0.725439
-0.725523
-0.725547
-0.725631
-0.725678
-0.725702
-0.725762
-0.730193
-0.737139
-0.744672
-0.751845
-0.759856
-0.767269
-0.775233
-0.782885
-0.791387
-0.799327
-0.807901
-0.816008
-0.825121
-0.83342
-0.842533
-0.851239
-0.860639
-0.869309
-0.878877
-0.888002
-0.89769
-0.906791
-0.916909
-0.926202
-0.936141
-0.946487
-0.955983
-0.966042
-0.975526
-0.985968
-0.995392
-1.00576
-1.01546
-1.0256
-1.03498
-1.04543
-1.05482
-1.06481
-1.07417
-1.08403
-1.09287
-1.1027
-1.11155
-1.12076
-1.12916
-1.13835
-1.14651
-1.15501
-1.16335
-1.17095
-1.17863
-1.18548
-1.19266
-1.19911
-1.20574
-1.21139
-1.21719
-1.22229
-1.22743
-1.23183
-1.23609
-1.23971
-1.24315
-1.24589
-1.2485
-1.25042
-1.25214
-1.25317
-1.25387
-1.25412
-1.25412
-1.25379
-1.25294
-1.25143
-1.24944
-1.24696
-1.24429
-1.24096
-1.23788
-1.23382
-1.22059
-1.20599
-1.19166
-1.17611
-1.16081
-1.14391
-1.12746
-1.10936
-1.09173
-1.07232
-1.05377
-1.03284
-1.01317
-0.990866
-0.969718
-0.946307
-0.924155
-0.899258
-0.875811
-0.849945
-0.823576
-0.798788
-0.771281
-0.745402
-0.717068
-0.690674
-0.661789
-0.655933
-0.656268
-0.656472
-0.656723
-0.656843
-0.656987
-0.657178
-0.657286
-0.65737
-0.657502
-0.657657
-0.657861
-0.657969
-0.658101
-0.658232
-0.65852
-0.658687
-0.658759
-0.658903
-0.659083
-0.65925
-0.659466
-0.659562
-0.659717
-0.659861
-0.659993
-0.660184
-0.660268
-0.66046
-0.660544
-0.660699
-0.660735
-0.660711
-0.660699
-0.660687
-0.660711
-0.660723
-0.660699
-0.660711
-0.660735
-0.660723
-0.660699
-0.660723
-0.660699
-0.660735
-0.660711
-0.660687
-0.660687
-0.660711
-0.660735
-0.660687
-0.660747
-0.660687
-0.660568
-0.660388
-0.660244
-0.660077
-0.659885
-0.659753
-0.659526
-0.65943
-0.659238
-0.659071
-0.658951
-0.658831
-0.658663
-0.65846
-0.658304
-0.658161
-0.658017
-0.657873
-0.657718
-0.65755
-0.657382
-0.657286
-0.657167
-0.657059
-0.656927
-0.656831
-0.656699
-0.656627
-0.65652
-0.666412
-0.68871
-0.713643
-0.736875
-0.762215
-0.78601
-0.812259
-0.83712
-0.864435
-0.889726
-0.917424
-0.943206
-0.971323
-0.997368
-1.02594
-1.05221
-1.08056
-1.1064
-1.13424
-1.16168
-1.1866
-1.21333
-1.23717
-1.2621
-1.28447
-1.30779
-1.32841
-1.34944
-1.36811
-1.38693
-1.40326
-1.41985
-1.43378
-1.44777
-1.45977
-1.47113
-1.48102
-1.4905
-1.49805
-1.50529
-1.51123
-1.5167
-1.52088
-1.52455
-1.52723
-1.52942
-1.531
-1.53175
-1.532
-1.53199
-1.53146
-1.53062
-1.52907
-1.52736
-1.5251
-1.52282
-1.52006
-1.51733
-1.51408
-1.51099
-1.50747
-1.50415
-1.50047
-1.49698
-1.49307
-1.48944
-1.48539
-1.48164
-1.47762
-1.4739
-1.46996
-1.4661
-1.46249
-1.45864
-1.4551
-1.45131
-1.44797
-1.44437
-1.4412
-1.44082
-1.44078
-1.44079
-1.44081
-1.44077
-1.44079
-1.44081
-1.44082
-1.44081
-1.44078
-1.44079
-1.44081
-1.44078
-1.44084
-1.44077
-1.44077
-1.44081
-1.44079
-1.44076
-1.44081
-1.44083
-1.44078
-1.44077
-1.44078
-1.44082
-1.44081
-1.44083
-1.44081
-1.44082
-1.44084
-1.44082
-1.44081
-1.44078
-1.44083
-1.44083
-1.44079
-1.44083
-1.44081
-1.44076
-1.44075
-1.44082
