-2.96838e-05
1.93455e-07
-4.17306e-05
-9.08281e-05
-4.41868e-05
-1.07384e-05
-7.25244e-05
3.70352e-05
6.58687e-06
-7.78834e-05
-4.24538e-07
-6.02855e-05
-2.29919e-05
-5.14926e-05
-6.70864e-05
2.68727e-05
-2.63718e-05
-2.37072e-05
-3.00211e-05
1.46708e-05
-4.47162e-05
-5.58401e-05
-6.70014e-05
-3.76053e-05
-6.70864e-05
-7.3889e-06
-0.000378614
0.000308351
-0.000108567
0.00041514
-0.0002913
0.000136363
-8.07384e-05
0.000375515
-8.69344e-05
0.000257999
-0.000119222
0.00015495
9.50686e-05
0.00020354
5.21883e-06
0.00024061
0.000195106
-8.49706e-06
0.000153488
-1.39437e-05
0.000146072
-0.000128546
-1.87038e-05
0.00015646
-3.38139e-05
0.000182112
5.16598e-05
2.08138e-06
6.92194e-05
6.90064e-05
1.64566e-05
0.000135922
0.000174247
8.7204e-05
9.29307e-05
6.55943e-05
0.000108255
8.93407e-05
-1.19392e-05
-3.8246e-05
-9.98861e-05
-0.000353472
-0.000251233
-0.000109749
-3.47471e-05
-5.0667e-05
4.04533e-05
4.72535e-05
5.20211e-06
-2.58069e-05
-2.50717e-05
7.61659e-07
-9.77428e-07
4.73413e-05
1.37299e-05
-2.92934e-06
0.000134917
8.7506e-05
1.72869e-05
1.73644e-05
4.38208e-05
-6.02444e-06
-1.46126e-05
3.33714e-05
0.000127141
6.58444e-05
9.62206e-05
0.000107216
7.64072e-05
9.30274e-05
0.000106885
0.00010063
8.06628e-05
0.000127237
6.39819e-05
8.32296e-05
0.000126258
8.97502e-06
3.20964e-05
2.58349e-05
5.53315e-05
2.98072e-05
0.0001099
4.28141e-05
4.35229e-05
0.000106434
9.85889e-05
-2.30646e-06
5.3612e-05
6.47342e-05
7.86218e-06
3.63984e-05
-2.09432e-05
7.6965e-05
0.000158736
2.29624e-05
9.24918e-05
-8.70427e-06
0.000110623
-1.21568e-05
-2.13162e-05
-2.47473e-05
-4.61936e-05
-2.70103e-05
-0.000100929
-6.67658e-05
-5.50036e-05
-3.19417e-05
-8.4315e-05
-5.00525e-05
-8.5619e-05
-8.81666e-05
-0.000106349
-0.000101819
-0.000125326
-9.05219e-05
-0.00010861
-5.04842e-05
-0.000106408
-8.47846e-05
-0.00017377
-9.6366e-05
-9.30911e-05
-4.14513e-05
-6.92513e-05
-4.72049e-05
-3.94098e-05
-2.55259e-05
1.33255e-05
-1.38846e-05
1.63448e-05
2.41959e-05
3.53493e-05
-5.88773e-05
4.52273e-05
-2.50019e-05
0.000111457
-4.33629e-05
2.95203e-05
-1.27745e-05
2.43742e-05
4.43753e-05
-5.00153e-06
-4.22394e-05
2.32569e-05
4.99459e-05
4.21462e-05
9.73352e-05
8.65883e-05
1.2683e-05
5.15094e-05
0.000130931
0.000154605
0.000170079
0.000178793
0.000138307
0.000160513
0.000154029
8.50562e-05
0.000105735
6.72399e-05
7.05616e-05
-0.0139203
-0.0354476
0.0586871
0.0797873
0.102283
0.12323
0.145142
0.165546
0.187378
0.207489
0.228783
0.248475
0.269306
0.288736
0.309326
0.327986
0.348292
0.367041
0.386727
0.404959
0.424259
0.442328
0.46098
0.478545
0.497515
0.515444
0.53265
0.550707
0.567289
0.584983
0.601342
0.618798
0.634666
0.651733
0.667273
0.684085
0.699352
0.715558
0.730566
0.746832
0.761186
0.776854
0.791274
0.806857
0.820648
0.835708
0.849506
0.864308
0.87827
0.891721
0.905994
0.919149
0.932841
0.945663
0.958871
0.971673
0.984664
0.99713
1.00961
1.02165
1.03409
1.04565
1.05778
1.06892
1.08116
1.09211
1.10385
1.11481
1.12662
1.1366
1.14767
1.15808
1.16849
1.17845
1.18871
1.19883
1.20841
1.21862
1.22715
1.2275
1.22768
1.22742
1.22758
1.22707
1.22769
1.22726
1.22748
1.22729
1.22782
1.22756
1.22752
1.22764
1.2273
1.2276
1.22776
1.22757
1.22735
1.22754
1.22764
1.22755
1.22738
1.22733
1.22742
1.22768
1.22762
1.22754
1.22745
1.22753
1.22759
1.22767
1.22754
1.2276
1.22761
1.22751
1.22755
1.22756
1.22756
1.22762
1.2276
1.22757
1.22755
1.22758
1.22753
1.22749
1.22757
1.22761
1.22749
1.22755
1.22748
1.22748
1.22752
1.22754
1.22756
1.22753
1.22758
1.22763
1.22764
1.22755
1.22753
1.22755
1.22756
1.22755
1.22753
1.22755
1.22757
1.22754
1.22754
1.22749
1.22757
1.22753
1.22755
1.22751
1.22756
1.22752
1.22756
1.22755
1.22756
1.22752
1.22755
1.2276
1.22766
1.22764
1.22752
1.22755
1.22761
1.22755
1.22763
1.2276
1.22759
1.22762
1.22755
1.22757
1.22756
1.22757
1.22758
1.22748
1.22748
1.22752
1.22748
1.22755
1.22761
1.22762
1.22759
1.22758
1.22751
1.22752
1.2276
1.22758
1.2276
1.22313
1.21401
1.20383
1.19417
1.18365
1.1742
1.16339
1.15323
1.1423
1.13182
1.12065
1.11016
1.09832
1.08741
1.07538
1.06419
1.0517
1.04042
1.02774
1.01525
1.00296
0.990006
0.978146
0.965351
0.952952
0.938854
0.925915
0.912417
0.899202
0.885007
0.871383
0.856976
0.843324
0.828369
0.81477
0.799537
0.785084
0.769733
0.755521
0.738912
0.724933
0.708066
0.692722
0.67656
0.660576
0.643364
0.627022
0.610314
0.592989
0.577215
0.558345
0.542147
0.524238
0.50677
0.488414
0.471365
0.452386
0.434581
0.414977
0.397285
0.377874
0.358979
0.338751
0.320288
0.299703
0.280577
0.25976
0.240326
0.21916
0.199099
0.177266
0.155601
0.135141
0.112605
0.0916023
0.0684633
0.0476327
-0.0241837
-0.00299712
0.000311076
4.86733e-05
-7.73202e-05
-5.86158e-05
-0.000174508
-8.91658e-05
-0.000158633
-0.000210601
-0.000132344
-0.000138395
-2.07831e-07
1.44165e-05
-3.74433e-05
-7.28809e-05
-4.58952e-05
-0.000105859
-0.000108295
-7.56597e-05
-0.000109214
-0.000111562
-4.95589e-05
-3.03163e-05
-0.000101164
-3.42497e-05
-3.43515e-05
-0.000124528
-3.40328e-05
-0.000123948
-7.966e-05
-7.25867e-05
-7.65959e-05
-0.000113529
-6.00964e-05
-3.15023e-05
-7.93766e-05
-7.9322e-05
-2.64578e-07
-0.00010912
-8.67048e-05
-7.84058e-05
-4.47549e-05
