-1.44079 -1.94574 1.26211 -0.863627 -1.59569 -0.652406
-1.44078 -1.94577 1.26211 -0.863602 -1.59571 -0.652406
-1.44081 -1.94574 1.26213 -0.863591 -1.59572 -0.65237
-1.44081 -1.94573 1.26213 -0.863567 -1.59571 -0.652394
-1.44076 -1.94572 1.26208 -0.863579 -1.59571 -0.652382
-1.44078 -1.94573 1.26212 -0.863639 -1.59571 -0.652382
-1.44081 -1.94573 1.26211 -0.863579 -1.5957 -0.65243
-1.44083 -1.94577 1.26211 -0.863627 -1.59572 -0.652394
-1.44081 -1.94573 1.26211 -0.863614 -1.59574 -0.652406
-1.44078 -1.94573 1.26213 -0.863579 -1.59571 -0.652346
-1.44079 -1.94575 1.26211 -0.863614 -1.59571 -0.652418
-1.44078 -1.94572 1.26212 -0.863614 -1.5957 -0.652406
-1.44082 -1.94575 1.26212 -0.863602 -1.59571 -0.652394
-1.44077 -1.94574 1.26211 -0.863602 -1.59569 -0.652382
-1.44078 -1.94574 1.26211 -0.863602 -1.59568 -0.652406
-1.44078 -1.94578 1.2621 -0.863591 -1.59572 -0.652382
-1.44077 -1.94573 1.26212 -0.863591 -1.59574 -0.652406
-1.44082 -1.94574 1.26211 -0.863602 -1.59571 -0.652406
-1.44081 -1.94573 1.26211 -0.863639 -1.59569 -0.652406
-1.44081 -1.94575 1.2621 -0.863602 -1.59572 -0.652394
-1.44081 -1.94575 1.26213 -0.863591 -1.59571 -0.65237
-1.44079 -1.94574 1.26211 -0.863614 -1.59568 -0.652394
-1.44079 -1.94575 1.26214 -0.863579 -1.59571 -0.65237
-1.44079 -1.94574 1.26211 -0.863602 -1.5957 -0.652394
-1.44078 -1.94574 1.26211 -0.863602 -1.59568 -0.652406
-1.44081 -1.94575 1.26214 -0.863627 -1.59572 -0.652382
-1.41988 -1.93598 1.25774 -0.8682 -1.59523 -0.631066
-1.38839 -1.92155 1.25 -0.874951 -1.59458 -0.599934
-1.36075 -1.90719 1.24273 -0.881069 -1.59391 -0.572376
-1.33165 -1.89247 1.23424 -0.887461 -1.59318 -0.543257
-1.30557 -1.87762 1.22634 -0.893184 -1.59247 -0.517411
-1.27815 -1.86253 1.21705 -0.899217 -1.59171 -0.490136
-1.25378 -1.84711 1.20789 -0.904652 -1.59116 -0.465775
-1.22816 -1.83152 1.19767 -0.910302 -1.59049 -0.440081
-1.20532 -1.81577 1.18779 -0.915187 -1.58985 -0.417014
-1.18105 -1.79968 1.17639 -0.920298 -1.58912 -0.393047
-1.15943 -1.7834 1.16556 -0.924716 -1.58856 -0.37167
-1.13684 -1.76683 1.15324 -0.929121 -1.58795 -0.3489
-1.11664 -1.75034 1.14113 -0.933132 -1.58739 -0.328734
-1.09517 -1.73344 1.12785 -0.93695 -1.5867 -0.307523
-1.07642 -1.71653 1.11465 -0.940254 -1.58609 -0.288471
-1.05626 -1.69887 1.10001 -0.943474 -1.58555 -0.268519
-1.03826 -1.68188 1.08586 -0.946 -1.58503 -0.250703
-1.01972 -1.66321 1.06993 -0.948335 -1.5844 -0.23171
-1.00113 -1.64486 1.05313 -0.950166 -1.58386 -0.213736
-0.984998 -1.62664 1.03727 -0.951675 -1.5834 -0.197324
-0.967707 -1.6079 1.01888 -0.952608 -1.58283 -0.180226
-0.95257 -1.5894 1.00177 -0.953171 -1.58231 -0.164772
-0.936093 -1.56967 0.981869 -0.95335 -1.58179 -0.148695
-0.921783 -1.55149 0.963 -0.953123 -1.58137 -0.134166
-0.906312 -1.53036 0.941737 -0.952154 -1.58085 -0.118927
-0.892828 -1.51162 0.920928 -0.950825 -1.58046 -0.105069
-0.878326 -1.4904 0.897748 -0.948717 -1.57992 -0.0908993
-0.865513 -1.46995 0.875465 -0.946084 -1.57952 -0.0778335
-0.851777 -1.44838 0.849771 -0.942624 -1.57905 -0.0642999
-0.839479 -1.42763 0.825022 -0.93865 -1.57863 -0.0519303
-0.826797 -1.4039 0.797015 -0.933658 -1.57819 -0.039008
-0.815098 -1.38245 0.769762 -0.928295 -1.57784 -0.0275143
-0.802979 -1.35859 0.738581 -0.921472 -1.57742 -0.0151923
-0.791986 -1.33505 0.708465 -0.914205 -1.57697 -0.00422746
-0.780298 -1.30891 0.673403 -0.905047 -1.57654 0.00742236
-0.770095 -1.28434 0.638783 -0.89559 -1.57613 0.0180636
-0.758958 -1.25643 0.598713 -0.883583 -1.57573 0.028885
-0.748947 -1.22936 0.55851 -0.87057 -1.57533 0.038842
-0.738744 -1.19785 0.510772 -0.854492 -1.57483 0.0494237
-0.729331 -1.16667 0.461967 -0.836798 -1.5744 0.05878
-0.726793 -1.15805 0.450361 -0.833589 -1.57424 0.0613143
-0.726733 -1.18551 0.524054 -0.879082 -1.5743 0.0612304
-0.726709 -1.20883 0.587132 -0.919209 -1.57462 0.0610139
-0.726661 -1.23034 0.647765 -0.958952 -1.57495 0.0609417
-0.726564 -1.24683 0.699244 -0.993069 -1.57512 0.0607855
-0.726493 -1.26372 0.750831 -1.02818 -1.5753 0.0606656
-0.726397 -1.27682 0.795219 -1.05917 -1.57548 0.0605215
-0.726349 -1.29052 0.840743 -1.09124 -1.57564 0.0603297
-0.726277 -1.3012 0.880542 -1.11989 -1.5757 0.0602215
-0.726205 -1.31202 0.921155 -1.15013 -1.57582 0.0600653
-0.726121 -1.32146 0.957337 -1.17728 -1.57594 0.0599575
-0.726062 -1.33022 0.995183 -1.2059 -1.57602 0.0598009
-0.726002 -1.33735 1.02861 -1.23168 -1.57607 0.0596927
-0.725978 -1.34477 1.06322 -1.25923 -1.5762 0.0595609
-0.725882 -1.35096 1.09427 -1.28415 -1.57625 0.0594167
-0.725846 -1.35679 1.12669 -1.31083 -1.57631 0.0592605
-0.725774 -1.36146 1.15572 -1.33502 -1.57644 0.0591523
-0.72569 -1.36587 1.18621 -1.36097 -1.57646 0.0590085
-0.725643 -1.36941 1.21348 -1.38474 -1.57646 0.0588643
-0.725571 -1.37285 1.24213 -1.4101 -1.5765 0.0587441
-0.725582 -1.3754 1.26775 -1.43334 -1.57656 0.0585999
-0.725511 -1.37761 1.29475 -1.4584 -1.57658 0.0584916
-0.725439 -1.37921 1.32141 -1.48318 -1.57658 0.0583594
-0.725427 -1.38008 1.34526 -1.50595 -1.57661 0.0582156
-0.725331 -1.38056 1.37042 -1.53043 -1.57667 0.0580834
-0.725331 -1.38075 1.39269 -1.55305 -1.57667 0.0579392
-0.725271 -1.38038 1.41655 -1.57731 -1.5767 0.0577951
-0.725211 -1.37968 1.4382 -1.59958 -1.5767 0.0576872
-0.725235 -1.37818 1.46085 -1.62379 -1.57667 0.057555
-0.725163 -1.3762 1.48101 -1.64594 -1.57667 0.0574104
-0.725128 -1.37377 1.50282 -1.66992 -1.57665 0.0572666
-0.725067 -1.3711 1.52216 -1.69212 -1.57664 0.0570985
-0.725032 -1.36778 1.5425 -1.71585 -1.5766 0.0570262
-0.72502 -1.36425 1.56124 -1.7381 -1.5766 0.056858
-0.724948 -1.35982 1.58041 -1.76199 -1.57654 0.0566783
-0.724912 -1.35524 1.5981 -1.7839 -1.57649 0.056582
-0.724864 -1.34981 1.61665 -1.80776 -1.57647 0.0564139
-0.724876 -1.34434 1.63325 -1.82967 -1.57634 0.0563536
-0.724816 -1.33839 1.6509 -1.85354 -1.57631 0.0561974
-0.724792 -1.33229 1.66641 -1.87553 -1.57628 0.0560652
-0.724708 -1.325 1.68326 -1.89923 -1.5762 0.0559454
-0.724696 -1.31757 1.69784 -1.92119 -1.57612 0.0558251
-0.724685 -1.30951 1.7138 -1.94495 -1.57608 0.055681
-0.724636 -1.30187 1.72754 -1.96686 -1.576 0.0555731
-0.724589 -1.29265 1.74226 -1.99077 -1.57591 0.0554049
-0.724564 -1.2827 1.75657 -2.0144 -1.57583 0.0552971
-0.724552 -1.27373 1.76896 -2.03624 -1.57577 0.0551889
-0.724529 -1.2633 1.78227 -2.06005 -1.57561 0.0550323
-0.724505 -1.2528 1.79391 -2.08191 -1.57554 0.0548885
-0.724445 -1.24179 1.80644 -2.10568 -1.57546 0.0547563
-0.724445 -1.23084 1.81724 -2.1275 -1.57533 0.0547323
-0.724337 -1.21802 1.82844 -2.1511 -1.57521 0.0545762
-0.724349 -1.20675 1.83864 -2.17295 -1.57509 0.0545159
-0.724325 -1.19321 1.84893 -2.19653 -1.57501 0.0543597
-0.724289 -1.18059 1.85786 -2.21808 -1.57495 0.0542279
-0.724242 -1.16663 1.8673 -2.24167 -1.57475 0.0541676
-0.72423 -1.15292 1.87552 -2.26326 -1.57465 0.0540717
-0.724193 -1.13847 1.88376 -2.28643 -1.57449 0.0539271
-0.72417 -1.12489 1.89057 -2.30608 -1.5744 0.0538912
-0.72417 -1.12468 1.89048 -2.30676 -1.57435 0.0538313
-0.724133 -1.12495 1.89049 -2.3066 -1.57435 0.0538672
-0.724086 -1.12511 1.89052 -2.30651 -1.57435 0.0538552
-0.724133 -1.12509 1.89051 -2.30654 -1.57434 0.0538193
-0.724086 -1.12513 1.89054 -2.30652 -1.57435 0.0538552
-0.724062 -1.12511 1.89051 -2.30652 -1.5743 0.0538672
-0.724109 -1.12515 1.89054 -2.30652 -1.57433 0.0538433
-0.724098 -1.12517 1.89049 -2.30654 -1.57434 0.0538433
-0.724121 -1.12513 1.89048 -2.3065 -1.57435 0.0538313
-0.724121 -1.12512 1.8905 -2.3065 -1.57432 0.0538552
-0.724133 -1.12515 1.89051 -2.30652 -1.57434 0.0538552
-0.724098 -1.12513 1.89054 -2.30655 -1.57432 0.0538552
-0.724121 -1.12515 1.8905 -2.30651 -1.57432 0.0538313
-0.724121 -1.12515 1.89051 -2.30652 -1.5743 0.0538433
-0.724098 -1.12512 1.8905 -2.30649 -1.5743 0.0538313
-0.724121 -1.12518 1.89052 -2.3065 -1.57429 0.0538313
-0.724121 -1.12515 1.8905 -2.30654 -1.57432 0.0538193
-0.724133 -1.12516 1.89051 -2.30652 -1.5743 0.0538073
-0.724121 -1.12515 1.89049 -2.3065 -1.57434 0.0538313
-0.724146 -1.12516 1.89052 -2.30651 -1.5743 0.0538193
-0.724133 -1.12953 1.88863 -2.3002 -1.57435 0.0538552
-0.724121 -1.14485 1.88042 -2.27673 -1.57444 0.0538433
-0.724193 -1.15836 1.87239 -2.25512 -1.57461 0.0539631
-0.724313 -1.17291 1.86329 -2.23168 -1.57475 0.0541316
-0.724277 -1.1855 1.8546 -2.21014 -1.57488 0.0542279
-0.724277 -1.19926 1.84453 -2.18659 -1.575 0.0543477
-0.724253 -1.21108 1.83469 -2.1647 -1.57511 0.0545398
-0.724337 -1.22383 1.82376 -2.14122 -1.57524 0.0546121
-0.724385 -1.23512 1.81318 -2.11929 -1.57535 0.0546964
-0.724385 -1.24653 1.80101 -2.09552 -1.57547 0.0548162
-0.724493 -1.2572 1.78965 -2.07379 -1.57557 0.0549245
-0.724469 -1.26801 1.77668 -2.04986 -1.57567 0.0550567
-0.724493 -1.27719 1.76429 -2.02797 -1.57575 0.0551769
-0.724481 -1.28727 1.7504 -2.00419 -1.57585 0.0552731
-0.724517 -1.29593 1.73701 -1.98224 -1.57588 0.0554409
-0.724624 -1.30467 1.72228 -1.95851 -1.57601 0.0555971
-0.724696 -1.31249 1.70798 -1.93655 -1.57605 0.055657
-0.724685 -1.32068 1.69233 -1.91265 -1.5762 0.0558012
-0.724732 -1.3282 1.67586 -1.88901 -1.57619 0.0559334
-0.724708 -1.33455 1.66062 -1.8671 -1.57628 0.0560892
-0.724864 -1.34099 1.64321 -1.84332 -1.57631 0.0562094
-0.72484 -1.34671 1.62704 -1.82141 -1.57638 0.0563416
-0.724912 -1.35242 1.6087 -1.79754 -1.57646 0.0564861
-0.72496 -1.35716 1.59163 -1.77558 -1.57646 0.056606
-0.724984 -1.36168 1.57231 -1.7517 -1.57647 0.0567622
-0.725008 -1.36546 1.55412 -1.72969 -1.57654 0.0568704
-0.72502 -1.36904 1.53407 -1.70587 -1.57658 0.0569663
-0.725091 -1.37212 1.51472 -1.68374 -1.57661 0.0570985
-0.725128 -1.37482 1.49356 -1.65977 -1.57666 0.0572906
-0.725151 -1.37697 1.47352 -1.63766 -1.57667 0.0573865
-0.725211 -1.37876 1.451 -1.61356 -1.57665 0.0575187
-0.725271 -1.37984 1.43 -1.59118 -1.57666 0.0576632
-0.725319 -1.38039 1.40659 -1.56694 -1.5767 0.0577831
-0.725343 -1.38065 1.38429 -1.54439 -1.57671 0.0579033
-0.725427 -1.38055 1.3594 -1.52001 -1.57673 0.0580595
-0.725403 -1.37996 1.33628 -1.49722 -1.57671 0.0582033
-0.725439 -1.37879 1.31026 -1.47255 -1.57667 0.0583714
-0.725523 -1.37693 1.28563 -1.44973 -1.57666 0.0585036
-0.725547 -1.37444 1.25803 -1.42459 -1.57662 0.0586119
-0.725631 -1.37183 1.2319 -1.40118 -1.57655 0.058768
-0.725678 -1.36839 1.20286 -1.37586 -1.57654 0.0589362
-0.725702 -1.36457 1.17536 -1.35213 -1.57647 0.0590204
-0.725762 -1.36156 1.1556 -1.3351 -1.57642 0.0591043
-0.730193 -1.37006 1.16414 -1.34416 -1.56808 0.0548525
-0.737139 -1.38456 1.17809 -1.35779 -1.55523 0.0475616
-0.744672 -1.39942 1.19247 -1.37243 -1.5411 0.040067
-0.751845 -1.41339 1.2059 -1.38579 -1.52785 0.0333049
-0.759856 -1.42796 1.22059 -1.40008 -1.51337 0.0260024
-0.767269 -1.44148 1.23378 -1.41334 -1.49955 0.0192283
-0.775233 -1.45617 1.24858 -1.42746 -1.48474 0.0118663
-0.782885 -1.46922 1.26177 -1.44043 -1.47063 0.00528467
-0.791387 -1.4839 1.27664 -1.45441 -1.45516 -0.00171692
-0.799327 -1.49664 1.28985 -1.46709 -1.44059 -0.00817854
-0.807901 -1.5112 1.30463 -1.48106 -1.42473 -0.0152529
-0.816008 -1.52387 1.31806 -1.49371 -1.40979 -0.0215338
-0.825121 -1.53784 1.33268 -1.50735 -1.39356 -0.0281633
-0.83342 -1.55063 1.34618 -1.51981 -1.37811 -0.034396
-0.842533 -1.56401 1.36076 -1.53318 -1.36138 -0.0409897
-0.851239 -1.57676 1.37449 -1.54547 -1.34578 -0.0471986
-0.860639 -1.58981 1.38897 -1.55866 -1.32855 -0.0535753
-0.869309 -1.60237 1.40282 -1.5709 -1.31229 -0.0593756
-0.878877 -1.61546 1.4174 -1.58389 -1.29478 -0.0655606
-0.888002 -1.62731 1.43123 -1.59588 -1.27829 -0.071277
-0.89769 -1.6405 1.44588 -1.60884 -1.26028 -0.0774615
-0.906791 -1.65197 1.4597 -1.62075 -1.24334 -0.0829495
-0.916909 -1.6649 1.47436 -1.63373 -1.22507 -0.0886658
-0.926202 -1.67636 1.48817 -1.64541 -1.20784 -0.0939496
-0.936141 -1.68841 1.50304 -1.65814 -1.18895 -0.0994371
-0.946487 -1.70086 1.51793 -1.67098 -1.17021 -0.105021
-0.955983 -1.71173 1.53185 -1.68264 -1.15238 -0.109993
-0.966042 -1.72362 1.54659 -1.6954 -1.13306 -0.11512
-0.975526 -1.73465 1.56074 -1.70699 -1.11512 -0.119695
-0.985968 -1.7458 1.57544 -1.71959 -1.09553 -0.124595
-0.995392 -1.75641 1.58971 -1.73132 -1.07729 -0.128846
-1.00576 -1.76781 1.60458 -1.74411 -1.05714 -0.133385
-1.01546 -1.77767 1.61877 -1.75597 -1.03876 -0.137371
-1.0256 -1.78864 1.6338 -1.76893 -1.01845 -0.141526
-1.03498 -1.79857 1.64782 -1.78092 -0.999719 -0.145068
-1.04543 -1.80856 1.66312 -1.79413 -0.979342 -0.148575
-1.05482 -1.818 1.67713 -1.80653 -0.960286 -0.15172
-1.06481 -1.82818 1.69257 -1.82012 -0.939754 -0.154842
-1.07417 -1.83674 1.70668 -1.83277 -0.920736 -0.1574
-1.08403 -1.84608 1.72218 -1.84691 -0.899859 -0.159814
-1.09287 -1.85493 1.73641 -1.86022 -0.880734 -0.161795
-1.1027 -1.86376 1.75203 -1.87499 -0.859919 -0.1635
-1.11155 -1.87144 1.76615 -1.88897 -0.840605 -0.164556
-1.12076 -1.87979 1.78202 -1.90445 -0.819719 -0.165493
-1.12916 -1.8874 1.79635 -1.91952 -0.800394 -0.165817
-1.13835 -1.89485 1.81238 -1.93627 -0.779571 -0.165866
-1.14651 -1.90128 1.8267 -1.95249 -0.760092 -0.165361
-1.15501 -1.90809 1.84296 -1.97073 -0.739331 -0.164233
-1.16335 -1.9147 1.85871 -1.99011 -0.718691 -0.162216
-1.17095 -1.92031 1.87375 -2.00854 -0.699479 -0.159645
-1.17863 -1.92562 1.8897 -2.02989 -0.678745 -0.156079
-1.18548 -1.92985 1.90508 -2.05061 -0.660051 -0.152021
-1.19266 -1.93429 1.92111 -2.07449 -0.63957 -0.14663
-1.19911 -1.93763 1.93651 -2.09775 -0.620914 -0.140745
-1.20574 -1.94074 1.95287 -2.12476 -0.600927 -0.133241
-1.21139 -1.9428 1.96838 -2.15129 -0.582356 -0.125159
-1.21719 -1.94417 1.98488 -2.18223 -0.562876 -0.114904
-1.22229 -1.9444 2.00057 -2.21263 -0.545026 -0.104001
-1.22743 -1.94409 2.01699 -2.24844 -0.525775 -0.0908154
-1.23183 -1.94257 2.03279 -2.28381 -0.508442 -0.0766571
-1.23609 -1.93937 2.0493 -2.32541 -0.49002 -0.0596398
-1.23971 -1.9353 2.06481 -2.36668 -0.473563 -0.0415781
-1.24315 -1.92932 2.08095 -2.41494 -0.455898 -0.0201166
-1.24589 -1.92201 2.09604 -2.46358 -0.440234 0.00231782
-1.2485 -1.9117 2.11148 -2.52004 -0.423745 0.0295093
-1.25042 -1.90075 2.12563 -2.57638 -0.409185 0.0573146
-1.25214 -1.88623 2.13953 -2.64208 -0.393943 0.0908258
-1.25317 -1.8704 2.15198 -2.70698 -0.380846 0.124675
-1.25387 -1.85015 2.1636 -2.78242 -0.36733 0.165144
-1.25412 -1.82957 2.17273 -2.85672 -0.356067 0.206119
-1.25412 -1.80357 2.18073 -2.94169 -0.344829 0.253894
-1.25379 -1.77689 2.18589 -3.024 -0.335484 0.301888
-1.25294 -1.74556 2.18829 -3.11664 -0.326882 0.357199
-1.25143 -1.71451 2.1878 -3.2043 -0.320305 0.41143
-1.24944 -1.67932 2.18386 -3.3012 -0.314674 0.473243
-1.24696 -1.64296 2.17598 -3.39759 -0.310864 0.537412
-1.24429 -1.60872 2.16571 -3.48516 -0.308863 0.598024
-1.24096 -1.57167 2.15141 -3.57732 -0.308792 0.664522
-1.23788 -1.54036 2.13682 -3.65412 -0.310002 0.721637
-1.23382 -1.54152 2.13869 -3.65927 -0.313812 0.725553
-1.22059 -1.55151 2.14924 -3.66236 -0.326966 0.728521
-1.20599 -1.56168 2.15983 -3.66582 -0.34205 0.731897
-1.19166 -1.57114 2.16901 -3.66894 -0.355744 0.734804
-1.17611 -1.58072 2.17853 -3.67196 -0.3718 0.737795
-1.16081 -1.58892 2.18709 -3.67439 -0.386574 0.74045
-1.14391 -1.59789 2.19564 -3.67691 -0.403841 0.743225
-1.12746 -1.6059 2.20308 -3.67905 -0.419778 0.745688
-1.10936 -1.61377 2.21081 -3.68121 -0.438281 0.748307
-1.09173 -1.62049 2.21745 -3.6829 -0.455371 0.750518
-1.07232 -1.62763 2.22401 -3.68477 -0.474966 0.752848
-1.05377 -1.63373 2.22952 -3.68613 -0.49358 0.754939
-1.03284 -1.6398 2.23504 -3.68769 -0.514315 0.757114
-1.01317 -1.6447 2.23964 -3.68905 -0.534453 0.758988
-0.990866 -1.64935 2.24402 -3.69042 -0.556474 0.760982
-0.969718 -1.65333 2.24753 -3.69166 -0.577309 0.762688
-0.946307 -1.65701 2.25075 -3.69289 -0.600903 0.764454
-0.924155 -1.65981 2.25324 -3.69412 -0.623311 0.766063
-0.899258 -1.66212 2.25513 -3.69541 -0.647832 0.767697
-0.875811 -1.66355 2.2564 -3.69669 -0.671118 0.769187
-0.849945 -1.66436 2.25712 -3.69779 -0.69708 0.77064
-0.823576 -1.66448 2.25737 -3.69922 -0.723668 0.772106
-0.798788 -1.66418 2.25728 -3.70032 -0.748614 0.773427
-0.771281 -1.66307 2.25638 -3.7018 -0.775949 0.774761
-0.745402 -1.66127 2.25499 -3.70302 -0.801414 0.775855
-0.717068 -1.6586 2.25265 -3.70433 -0.829808 0.77708
-0.690674 -1.65562 2.2497 -3.70572 -0.856212 0.778161
-0.661789 -1.6518 2.24615 -3.70717 -0.885222 0.779338
-0.655933 -1.65042 2.24595 -3.70859 -0.890837 0.779447
-0.656268 -1.63567 2.26063 -3.73809 -0.89032 0.779699
-0.656472 -1.62029 2.27483 -3.76743 -0.889948 0.779975
-0.656723 -1.60289 2.28954 -3.79985 -0.889685 0.780215
-0.656843 -1.58619 2.30262 -3.82991 -0.889289 0.780431
-0.656987 -1.5668 2.31648 -3.86284 -0.888964 0.780648
-0.657178 -1.54882 2.32839 -3.8937 -0.888701 0.780936
-0.657286 -1.52736 2.34134 -3.92754 -0.888389 0.781152
-0.65737 -1.50721 2.35242 -3.95884 -0.888089 0.781357
-0.657502 -1.48485 2.36385 -3.99341 -0.887729 0.781657
-0.657657 -1.4626 2.37418 -4.02533 -0.887406 0.781921
-0.657861 -1.43776 2.38439 -4.06051 -0.887105 0.782258
-0.657969 -1.41458 2.39329 -4.09312 -0.886854 0.782558
-0.658101 -1.3885 2.40246 -4.12864 -0.886566 0.782858
-0.658232 -1.36347 2.41016 -4.16146 -0.886254 0.783159
-0.65852 -1.33552 2.41789 -4.19732 -0.885917 0.783519
-0.658687 -1.30892 2.42434 -4.2304 -0.885678 0.783807
-0.658759 -1.27966 2.43072 -4.2662 -0.885378 0.784168
-0.658903 -1.24959 2.43637 -4.30233 -0.885114 0.7846
-0.659083 -1.22143 2.44074 -4.3352 -0.884922 0.784864
-0.65925 -1.19039 2.44481 -4.37075 -0.884598 0.785273
-0.659466 -1.16126 2.44796 -4.40315 -0.884394 0.785597
-0.659562 -1.12912 2.45027 -4.43795 -0.884178 0.785933
-0.659717 -1.09933 2.45184 -4.46966 -0.88395 0.78633
-0.659861 -1.06658 2.45291 -4.50353 -0.883746 0.786702
-0.659993 -1.03618 2.45305 -4.53427 -0.88359 0.787075
-0.660184 -1.00322 2.45283 -4.56711 -0.88341 0.787423
-0.660268 -0.972628 2.45167 -4.59662 -0.883254 0.787747
-0.66046 -0.939401 2.44965 -4.62795 -0.882966 0.788072
-0.660544 -0.908725 2.44679 -4.65603 -0.882882 0.788408
-0.660699 -0.878228 2.44348 -4.68336 -0.882834 0.788697
-0.660735 -0.877306 2.44344 -4.6843 -0.882822 0.788709
-0.660711 -0.877581 2.44338 -4.68392 -0.882834 0.788709
-0.660699 -0.877833 2.44342 -4.68394 -0.882786 0.788685
-0.660687 -0.877809 2.44338 -4.6839 -0.882834 0.788709
-0.660711 -0.877845 2.44337 -4.68391 -0.882822 0.788709
-0.660723 -0.877833 2.44338 -4.68391 -0.882822 0.788733
-0.660699 -0.877857 2.44341 -4.68394 -0.882798 0.788721
-0.660711 -0.877857 2.44342 -4.68392 -0.882822 0.788709
-0.660735 -0.877857 2.4434 -4.6839 -0.88281 0.788721
-0.660723 -0.877905 2.4434 -4.68395 -0.882834 0.788685
-0.660699 -0.877905 2.4434 -4.68395 -0.882798 0.788733
-0.660723 -0.87788 2.44342 -4.6839 -0.882834 0.788721
-0.660699 -0.877868 2.44341 -4.6839 -0.88281 0.788697
-0.660735 -0.877929 2.44341 -4.68391 -0.882822 0.788709
-0.660711 -0.877845 2.4434 -4.68394 -0.882798 0.788721
-0.660687 -0.877893 2.44342 -4.68392 -0.882822 0.788673
-0.660687 -0.877893 2.44337 -4.68392 -0.88281 0.788709
-0.660711 -0.87788 2.44342 -4.6839 -0.882834 0.788745
-0.660735 -0.87788 2.44341 -4.6839 -0.882786 0.788733
-0.660687 -0.877893 2.44341 -4.68392 -0.882822 0.788673
-0.660747 -0.884562 2.44394 -4.67825 -0.882786 0.788721
-0.660687 -0.915442 2.4473 -4.6504 -0.882834 0.788456
-0.660568 -0.948837 2.45003 -4.61958 -0.882858 0.788096
-0.660388 -0.979573 2.45176 -4.59053 -0.883087 0.787808
-0.660244 -1.01273 2.45287 -4.55831 -0.88335 0.787387
-0.660077 -1.04326 2.45318 -4.52791 -0.883518 0.787063
-0.659885 -1.0762 2.45303 -4.49448 -0.883722 0.786739
-0.659753 -1.10633 2.45207 -4.4628 -0.883962 0.78633
-0.659526 -1.1387 2.45008 -4.42842 -0.884142 0.785982
-0.65943 -1.16817 2.44746 -4.39611 -0.884382 0.785681
-0.659238 -1.19951 2.44382 -4.36077 -0.884658 0.785273
-0.659071 -1.22815 2.43989 -4.32792 -0.88485 0.7849
-0.658951 -1.25847 2.43483 -4.29234 -0.885162 0.78454
-0.658831 -1.28581 2.42947 -4.25924 -0.88539 0.784204
-0.658663 -1.31474 2.42307 -4.22348 -0.885713 0.783844
-0.65846 -1.34099 2.41656 -4.19058 -0.885966 0.783471
-0.658304 -1.36886 2.40853 -4.15472 -0.886254 0.783171
-0.658161 -1.39405 2.40062 -4.12185 -0.886554 0.782786
-0.658017 -1.42027 2.39142 -4.08628 -0.886877 0.782498
-0.657873 -1.44341 2.38236 -4.05382 -0.887142 0.782222
-0.657718 -1.46749 2.37193 -4.01864 -0.887549 0.781897
-0.65755 -1.48937 2.36167 -3.98664 -0.887813 0.781693
-0.657382 -1.5121 2.3501 -3.95219 -0.888113 0.781441
-0.657286 -1.53165 2.33866 -3.92054 -0.888413 0.781176
-0.657167 -1.55263 2.32606 -3.88676 -0.888773 0.780924
-0.657059 -1.57259 2.31273 -3.85358 -0.889061 0.780684
-0.656927 -1.58973 2.29986 -3.82314 -0.889385 0.780348
-0.656831 -1.60825 2.28556 -3.79068 -0.889673 0.780191
-0.656699 -1.62359 2.27181 -3.76124 -0.889912 0.780011
-0.656627 -1.64028 2.25661 -3.72953 -0.890236 0.779855
-0.65652 -1.65114 2.24512 -3.70682 -0.890465 0.779699
-0.666412 -1.66927 2.25162 -3.6837 -0.880722 0.771638
-0.68871 -1.70818 2.26365 -3.62995 -0.858876 0.753641
-0.713643 -1.7505 2.27534 -3.56859 -0.835494 0.73263
-0.736875 -1.79093 2.28424 -3.50898 -0.814285 0.711702
-0.762215 -1.8346 2.29191 -3.44071 -0.791278 0.686556
-0.78601 -1.87493 2.29755 -3.37389 -0.770095 0.661459
-0.812259 -1.91974 2.30144 -3.29716 -0.747786 0.631916
-0.83712 -1.96055 2.30297 -3.22295 -0.72747 0.602325
-0.864435 -2.00456 2.30277 -3.13825 -0.706003 0.567688
-0.889726 -2.04566 2.30026 -3.05635 -0.686959 0.533134
-0.917424 -2.08866 2.29484 -2.96325 -0.667221 0.49297
-0.943206 -2.12767 2.28744 -2.87356 -0.64981 0.452915
-0.971323 -2.16916 2.2764 -2.77266 -0.632268 0.406732
-0.997368 -2.2055 2.26347 -2.67609 -0.617269 0.361235
-1.02594 -2.2423 2.24643 -2.56816 -0.602762 0.30918
-1.05221 -2.27391 2.22782 -2.46627 -0.590833 0.258555
-1.08056 -2.30506 2.20424 -2.3541 -0.579971 0.201481
-1.1064 -2.33048 2.17978 -2.2496 -0.571698 0.147005
-1.13424 -2.3536 2.15044 -2.1367 -0.565153 0.0862374
-1.16168 -2.37214 2.11834 -2.0248 -0.56091 0.0245972
-1.1866 -2.38599 2.08652 -1.92367 -0.55916 -0.0327027
-1.21333 -2.39631 2.05052 -1.81727 -0.559543 -0.0941899
-1.23717 -2.40214 2.01611 -1.72292 -0.561917 -0.150003
-1.2621 -2.40502 1.97816 -1.62535 -0.566808 -0.208646
-1.28447 -2.40484 1.9429 -1.54078 -0.573425 -0.260487
-1.30779 -2.40208 1.9049 -1.45538 -0.582656 -0.314077
-1.32841 -2.39728 1.87027 -1.38218 -0.592859 -0.360387
-1.34944 -2.39008 1.8337 -1.30919 -0.605111 -0.407209
-1.36811 -2.38191 1.80102 -1.24791 -0.618156 -0.447078
-1.38693 -2.37248 1.76719 -1.18736 -0.633323 -0.486716
-1.40326 -2.36315 1.73707 -1.13688 -0.648371 -0.519955
-1.41985 -2.35197 1.7061 -1.08758 -0.665554 -0.552747
-1.43378 -2.34158 1.67896 -1.04697 -0.682294 -0.579611
-1.44777 -2.33029 1.65115 -1.00779 -0.700798 -0.60568
-1.45977 -2.3191 1.62687 -0.975544 -0.718655 -0.627106
-1.47113 -2.30765 1.60165 -0.944899 -0.737736 -0.647464
-1.48102 -2.29692 1.57968 -0.919832 -0.756134 -0.663862
-1.4905 -2.28483 1.55743 -0.896153 -0.776416 -0.679587
-1.49805 -2.27445 1.53791 -0.876891 -0.794781 -0.691821
-1.50529 -2.26302 1.51761 -0.859113 -0.815437 -0.703432
-1.51123 -2.25215 1.5003 -0.844699 -0.834174 -0.712284
-1.5167 -2.24132 1.4822 -0.83153 -0.854749 -0.72032
-1.52088 -2.23111 1.46664 -0.821139 -0.8741 -0.726472
-1.52455 -2.21977 1.45031 -0.811501 -0.89458 -0.731941
-1.52723 -2.21019 1.43628 -0.804258 -0.913777 -0.735863
-1.52942 -2.19939 1.42156 -0.79771 -0.934679 -0.739041
-1.531 -2.18847 1.40793 -0.792262 -0.955258 -0.741224
-1.53175 -2.17928 1.39568 -0.788383 -0.97459 -0.742435
-1.532 -2.16897 1.38338 -0.785223 -0.995279 -0.743011
-1.53199 -2.15918 1.37252 -0.782948 -1.01436 -0.743059
-1.53146 -2.14948 1.36107 -0.781415 -1.03536 -0.742759
-1.53062 -2.14038 1.35147 -0.780469 -1.05422 -0.741896
-1.52907 -2.13032 1.34151 -0.78011 -1.0751 -0.740468
-1.52736 -2.12168 1.33248 -0.780098 -1.09444 -0.738681
-1.5251 -2.11251 1.32351 -0.780577 -1.11487 -0.736391
-1.52282 -2.10363 1.31579 -0.781499 -1.1342 -0.734052
-1.52006 -2.09439 1.3078 -0.782768 -1.15518 -0.731377
-1.51733 -2.08647 1.3008 -0.78442 -1.1739 -0.728523
-1.51408 -2.07774 1.2939 -0.786444 -1.1949 -0.725381
-1.51099 -2.06941 1.28795 -0.788539 -1.21409 -0.722298
-1.50747 -2.06098 1.28205 -0.790981 -1.23464 -0.718832
-1.50415 -2.05362 1.27706 -0.793484 -1.25408 -0.715474
-1.50047 -2.04544 1.27183 -0.796452 -1.2747 -0.711804
-1.49698 -2.0379 1.26765 -0.799313 -1.29377 -0.708314
-1.49307 -2.03025 1.26377 -0.80245 -1.31476 -0.704511
-1.48944 -2.02351 1.26059 -0.805719 -1.33366 -0.700973
-1.48539 -2.01618 1.25769 -0.809358 -1.35438 -0.697003
-1.48164 -2.00934 1.25534 -0.812758 -1.37372 -0.693429
-1.47762 -2.00233 1.25346 -0.816793 -1.39435 -0.689494
-1.4739 -1.99628 1.252 -0.820396 -1.41353 -0.68592
-1.46996 -1.98989 1.25114 -0.824694 -1.43422 -0.68195
-1.4661 -1.98342 1.25079 -0.829088 -1.45486 -0.67804
-1.46249 -1.97748 1.25073 -0.833194 -1.47416 -0.674429
-1.45864 -1.97156 1.25103 -0.838007 -1.49463 -0.670543
-1.4551 -1.96646 1.2521 -0.842472 -1.51374 -0.667088
-1.45131 -1.96113 1.25379 -0.847536 -1.53454 -0.663286
-1.44797 -1.95625 1.25582 -0.852313 -1.55331 -0.659915
-1.44437 -1.95095 1.25849 -0.857689 -1.57408 -0.656257
-1.4412 -1.94628 1.26156 -0.862824 -1.59308 -0.65291
-1.44082 -1.94571 1.2621 -0.863495 -1.59608 -0.65249
-1.44078 -1.94572 1.26208 -0.863507 -1.59584 -0.65249
-1.44079 -1.94574 1.26208 -0.863507 -1.59572 -0.652454
-1.44081 -1.94575 1.26206 -0.863507 -1.59571 -0.652502
-1.44077 -1.94575 1.26208 -0.863483 -1.59565 -0.652394
-1.44079 -1.94573 1.26206 -0.863543 -1.59568 -0.652406
-1.44081 -1.94569 1.26207 -0.863519 -1.59568 -0.65243
-1.44082 -1.94574 1.26211 -0.863483 -1.59565 -0.652418
-1.44081 -1.94573 1.2621 -0.863519 -1.59569 -0.652418
-1.44078 -1.94573 1.26211 -0.863555 -1.59566 -0.652418
-1.44079 -1.94577 1.26207 -0.863519 -1.59575 -0.652394
-1.44081 -1.94574 1.26207 -0.863543 -1.59576 -0.652382
-1.44078 -1.94574 1.26207 -0.863519 -1.59574 -0.652382
-1.44084 -1.94574 1.26208 -0.863543 -1.5957 -0.652418
-1.44077 -1.94574 1.2621 -0.863519 -1.59575 -0.652418
-1.44077 -1.94574 1.26207 -0.863495 -1.5957 -0.652442
-1.44081 -1.94574 1.26211 -0.863543 -1.59569 -0.65237
-1.44079 -1.94572 1.26207 -0.863519 -1.59572 -0.652382
-1.44076 -1.94574 1.26211 -0.863495 -1.59572 -0.652406
-1.44081 -1.94575 1.26211 -0.863543 -1.59568 -0.652382
-1.44083 -1.94578 1.2621 -0.863543 -1.5957 -0.652418
-1.44078 -1.94574 1.26206 -0.86353 -1.59572 -0.652406
-1.44077 -1.94573 1.2621 -0.863519 -1.59571 -0.652382
-1.44078 -1.94572 1.26208 -0.863543 -1.59575 -0.652406
-1.44082 -1.94578 1.26208 -0.86353 -1.59571 -0.652394
-1.44081 -1.94574 1.26211 -0.863495 -1.59571 -0.652382
-1.44083 -1.94577 1.2621 -0.863555 -1.59571 -0.652382
-1.44081 -1.94573 1.2621 -0.863495 -1.59571 -0.652358
-1.44082 -1.94573 1.26207 -0.863519 -1.59571 -0.652382
-1.44084 -1.94573 1.26211 -0.86353 -1.59574 -0.65237
-1.44082 -1.94573 1.2621 -0.86353 -1.59572 -0.652394
-1.44081 -1.94572 1.26208 -0.863507 -1.59571 -0.652394
-1.44078 -1.94575 1.26207 -0.86353 -1.5957 -0.652418
-1.44083 -1.94575 1.2621 -0.863507 -1.59576 -0.652394
-1.44083 -1.94574 1.26211 -0.863543 -1.59571 -0.65237
-1.44079 -1.94574 1.26207 -0.863507 -1.59571 -0.652394
-1.44083 -1.94575 1.26207 -0.86353 -1.59575 -0.652358
-1.44081 -1.94572 1.26212 -0.86353 -1.59572 -0.652346
-1.44076 -1.94573 1.2621 -0.863519 -1.59572 -0.652406
-1.44075 -1.94577 1.26211 -0.863519 -1.59571 -0.652418
-1.44082 -1.94578 1.26208 -0.863519 -1.59571 -0.652358
