2.19997
2.19995
2.19997
2.19993
2.19992
2.19997
2.19992
2.20002
2.19995
2.19997
2.19995
2.19993
2.19999
2.19996
2.19995
2.19998
2.19989
2.19997
2.19999
2.19998
2.19999
2.19998
2.19996
2.19997
2.19995
2.19998
2.20021
2.20018
2.19984
2.20031
2.1996
2.19991
2.19961
2.20013
2.19999
2.20018
2.19944
2.19993
2.19981
2.19986
2.20009
2.20014
2.19984
2.20021
2.19982
2.19963
2.19992
2.19977
2.19964
2.20025
2.19946
2.20042
2.19998
2.19971
2.19996
2.20005
2.19979
2.19986
2.20039
2.19983
2.19957
2.20041
2.20009
2.20002
2.20042
2.20018
2.2
2.19961
2.19987
2.20045
2.1998
2.20013
2.19988
2.20003
2.19972
2.20001
2.20029
2.19995
2.1996
2.19991
2.19989
2.19996
2.19984
2.1997
2.19971
2.19981
2.19998
2.20018
2.19996
2.19983
2.19965
2.20006
2.20006
2.20001
2.20012
2.20009
2.1999
2.19998
2.2001
2.20007
2.2002
2.19997
2.19986
2.19986
2.20001
2.20029
2.19995
2.19993
2.19977
2.20014
2.20006
2.19965
2.20002
2.20005
2.19983
2.19994
2.20013
2.19971
2.20008
2.19986
2.19982
2.19999
2.19977
2.20005
2.19958
2.19992
2.19999
2.19994
2.19997
2.19996
2.19995
2.19998
2.20003
2.2
2.2
2.20004
2.19999
2.2
2.20001
2.19994
2.2
2.2
2.19999
2.2
2.2
2.19996
2.19983
2.19986
2.20017
2.19992
2.20009
2.19996
2.20011
2.20005
2.19989
2.20018
2.20001
2.19979
2.19983
2.19996
2.19988
2.19997
2.19988
2.20014
2.19988
2.20004
2.19997
2.20015
2.20004
2.20001
2.19995
2.19974
2.19998
2.19996
2.19996
2.20012
2.19994
2.19973
2.19972
2.20006
2.19982
2.19996
2.19997
2.19989
2.20003
2.20027
2.20015
2.19997
2.20635
2.21555
-2.21635
-2.20644
-2.19615
-2.1858
-2.17456
-2.16436
-2.15326
-2.14305
-2.13101
-2.12053
-2.10916
-2.09813
-2.08648
-2.07537
-2.06359
-2.05223
-2.04013
-2.02924
-2.01629
-2.00512
-1.99237
-1.98097
-1.96846
-1.95544
-1.94387
-1.93054
-1.91879
-1.90594
-1.89405
-1.88034
-1.86873
-1.85486
-1.84234
-1.82959
-1.8168
-1.803
-1.79091
-1.77724
-1.764
-1.7505
-1.7379
-1.72414
-1.71074
-1.69715
-1.68383
-1.6699
-1.65524
-1.6424
-1.62781
-1.61528
-1.60039
-1.58745
-1.57275
-1.55931
-1.54467
-1.5319
-1.51633
-1.50324
-1.48819
-1.47506
-1.45972
-1.44597
-1.43141
-1.41766
-1.40249
-1.38913
-1.37427
-1.36
-1.34512
-1.33167
-1.31633
-1.30237
-1.28652
-1.27076
-1.25661
-1.24175
-1.22849
-1.22736
-1.22774
-1.22824
-1.22741
-1.22752
-1.22776
-1.22772
-1.22716
-1.22758
-1.22767
-1.22756
-1.22762
-1.22748
-1.22785
-1.22796
-1.22769
-1.22776
-1.22783
-1.22745
-1.22729
-1.22747
-1.2276
-1.22796
-1.2278
-1.22776
-1.22788
-1.22742
-1.22729
-1.22703
-1.22713
-1.22759
-1.22751
-1.2273
-1.2278
-1.22703
-1.22777
-1.22779
-1.22715
-1.228
-1.22813
-1.22778
-1.22768
-1.22777
-1.22786
-1.22803
-1.22805
-1.2279
-1.22776
-1.22755
-1.22768
-1.22749
-1.22739
-1.22757
-1.22761
-1.22776
-1.22786
-1.2279
-1.22785
-1.22793
-1.2279
-1.22793
-1.22765
-1.22771
-1.22765
-1.2277
-1.22765
-1.22768
-1.22769
-1.22757
-1.22758
-1.2277
-1.22766
-1.22761
-1.22765
-1.2276
-1.22757
-1.22771
-1.22768
-1.22759
-1.22716
-1.22734
-1.22721
-1.22708
-1.22705
-1.227
-1.22713
-1.22749
-1.22725
-1.22732
-1.22743
-1.22744
-1.22747
-1.22765
-1.22789
-1.22775
-1.22752
-1.22701
-1.227
-1.22709
-1.22761
-1.22729
-1.22727
-1.2278
-1.22787
-1.22759
-1.22782
-1.22734
-1.22755
-1.22728
-1.22754
-1.23339
-1.24768
-1.26404
-1.27779
-1.29249
-1.30694
-1.32196
-1.33599
-1.35178
-1.36513
-1.38064
-1.39447
-1.40872
-1.4221
-1.43747
-1.45117
-1.46582
-1.47938
-1.49428
-1.50946
-1.52246
-1.53753
-1.55109
-1.56595
-1.57952
-1.59368
-1.60708
-1.62122
-1.63467
-1.64883
-1.66169
-1.676
-1.68914
-1.70304
-1.71669
-1.7298
-1.74287
-1.75713
-1.76961
-1.783
-1.79617
-1.80947
-1.82222
-1.83563
-1.84773
-1.8611
-1.87479
-1.88671
-1.89987
-1.91233
-1.92491
-1.93685
-1.94993
-1.96168
-1.97411
-1.98614
-1.99881
-2.00981
-2.02219
-2.03377
-2.04588
-2.05717
-2.06904
-2.0802
-2.09226
-2.10282
-2.11453
-2.12538
-2.13684
-2.14722
-2.15853
-2.16988
-2.18036
-2.19101
-2.20085
-2.21149
-2.22112
2.21076
2.20117
2.19964
2.19973
2.19985
2.19983
2.19991
2.19995
2.1999
2.19992
2.19991
2.19991
2.19993
2.19995
2.19992
2.19997
2.19985
2.19985
2.19998
2.19993
2.19984
2.19998
2.19997
2.19992
2.1999
2.19988
2.19998
2.19992
2.20001
2.19995
2.19997
2.19998
2.19994
2.19992
2.19991
2.19994
2.19999
2.19993
2.20001
2.19996
2.19985
2.19985
2.20001
