-0.863627
-0.863602
-0.863591
-0.863567
-0.863579
-0.863639
-0.863579
-0.863627
-0.863614
-0.863579
-0.863614
-0.863614
-0.863602
-0.863602
-0.863602
-0.863591
-0.863591
-0.863602
-0.863639
-0.863602
-0.863591
-0.863614
-0.863579
-0.863602
-0.863602
-0.863627
-0.8682
-0.874951
-0.881069
-0.887461
-0.893184
-0.899217
-0.904652
-0.910302
-0.915187
-0.920298
-0.924716
-0.929121
-0.933132
-0.93695
-0.940254
-0.943474
-0.946
-0.948335
-0.950166
-0.951675
-0.952608
-0.953171
-0.95335
-0.953123
-0.952154
-0.950825
-0.948717
-0.946084
-0.942624
-0.93865
-0.933658
-0.928295
-0.921472
-0.914205
-0.905047
-0.89559
-0.883583
-0.87057
-0.854492
-0.836798
-0.833589
-0.879082
-0.919209
-0.958952
-0.993069
-1.02818
-1.05917
-1.09124
-1.11989
-1.15013
-1.17728
-1.2059
-1.23168
-1.25923
-1.28415
-1.31083
-1.33502
-1.36097
-1.38474
-1.4101
-1.43334
-1.4584
-1.48318
-1.50595
-1.53043
-1.55305
-1.57731
-1.59958
-1.62379
-1.64594
-1.66992
-1.69212
-1.71585
-1.7381
-1.76199
-1.7839
-1.80776
-1.82967
-1.85354
-1.87553
-1.89923
-1.92119
-1.94495
-1.96686
-1.99077
-2.0144
-2.03624
-2.06005
-2.08191
-2.10568
-2.1275
-2.1511
-2.17295
-2.19653
-2.21808
-2.24167
-2.26326
-2.28643
-2.30608
-2.30676
-2.3066
-2.30651
-2.30654
-2.30652
-2.30652
-2.30652
-2.30654
-2.3065
-2.3065
-2.30652
-2.30655
-2.30651
-2.30652
-2.30649
-2.3065
-2.30654
-2.30652
-2.3065
-2.30651
-2.3002
-2.27673
-2.25512
-2.23168
-2.21014
-2.18659
-2.1647
-2.14122
-2.11929
-2.09552
-2.07379
-2.04986
-2.02797
-2.00419
-1.98224
-1.95851
-1.93655
-1.91265
-1.88901
-1.8671
-1.84332
-1.82141
-1.79754
-1.77558
-1.7517
-1.72969
-1.70587
-1.68374
-1.65977
-1.63766
-1.61356
-1.59118
-1.56694
-1.54439
-1.52001
-1.49722
-1.47255
-1.44973
-1.42459
-1.40118
-1.37586
-1.35213
-1.3351
-1.34416
-1.35779
-1.37243
-1.38579
-1.40008
-1.41334
-1.42746
-1.44043
-1.45441
-1.46709
-1.48106
-1.49371
-1.50735
-1.51981
-1.53318
-1.54547
-1.55866
-1.5709
-1.58389
-1.59588
-1.60884
-1.62075
-1.63373
-1.64541
-1.65814
-1.67098
-1.68264
-1.6954
-1.70699
-1.71959
-1.73132
-1.74411
-1.75597
-1.76893
-1.78092
-1.79413
-1.80653
-1.82012
-1.83277
-1.84691
-1.86022
-1.87499
-1.88897
-1.90445
-1.91952
-1.93627
-1.95249
-1.97073
-1.99011
-2.00854
-2.02989
-2.05061
-2.07449
-2.09775
-2.12476
-2.15129
-2.18223
-2.21263
-2.24844
-2.28381
-2.32541
-2.36668
-2.41494
-2.46358
-2.52004
-2.57638
-2.64208
-2.70698
-2.78242
-2.85672
-2.94169
-3.024
-3.11664
-3.2043
-3.3012
-3.39759
-3.48516
-3.57732
-3.65412
-3.65927
-3.66236
-3.66582
-3.66894
-3.67196
-3.67439
-3.67691
-3.67905
-3.68121
-3.6829
-3.68477
-3.68613
-3.68769
-3.68905
-3.69042
-3.69166
-3.69289
-3.69412
-3.69541
-3.69669
-3.69779
-3.69922
-3.70032
-3.7018
-3.70302
-3.70433
-3.70572
-3.70717
-3.70859
-3.73809
-3.76743
-3.79985
-3.82991
-3.86284
-3.8937
-3.92754
-3.95884
-3.99341
-4.02533
-4.06051
-4.09312
-4.12864
-4.16146
-4.19732
-4.2304
-4.2662
-4.30233
-4.3352
-4.37075
-4.40315
-4.43795
-4.46966
-4.50353
-4.53427
-4.56711
-4.59662
-4.62795
-4.65603
-4.68336
-4.6843
-4.68392
-4.68394
-4.6839
-4.68391
-4.68391
-4.68394
-4.68392
-4.6839
-4.68395
-4.68395
-4.6839
-4.6839
-4.68391
-4.68394
-4.68392
-4.68392
-4.6839
-4.6839
-4.68392
-4.67825
-4.6504
-4.61958
-4.59053
-4.55831
-4.52791
-4.49448
-4.4628
-4.42842
-4.39611
-4.36077
-4.32792
-4.29234
-4.25924
-4.22348
-4.19058
-4.15472
-4.12185
-4.08628
-4.05382
-4.01864
-3.98664
-3.95219
-3.92054
-3.88676
-3.85358
-3.82314
-3.79068
-3.76124
-3.72953
-3.70682
-3.6837
-3.62995
-3.56859
-3.50898
-3.44071
-3.37389
-3.29716
-3.22295
-3.13825
-3.05635
-2.96325
-2.87356
-2.77266
-2.67609
-2.56816
-2.46627
-2.3541
-2.2496
-2.1367
-2.0248
-1.92367
-1.81727
-1.72292
-1.62535
-1.54078
-1.45538
-1.38218
-1.30919
-1.24791
-1.18736
-1.13688
-1.08758
-1.04697
-1.00779
-0.975544
-0.944899
-0.919832
-0.896153
-0.876891
-0.859113
-0.844699
-0.83153
-0.821139
-0.811501
-0.804258
-0.79771
-0.792262
-0.788383
-0.785223
-0.782948
-0.781415
-0.780469
-0.78011
-0.780098
-0.780577
-0.781499
-0.782768
-0.78442
-0.786444
-0.788539
-0.790981
-0.793484
-0.796452
-0.799313
-0.80245
-0.805719
-0.809358
-0.812758
-0.816793
-0.820396
-0.824694
-0.829088
-0.833194
-0.838007
-0.842472
-0.847536
-0.852313
-0.857689
-0.862824
-0.863495
-0.863507
-0.863507
-0.863507
-0.863483
-0.863543
-0.863519
-0.863483
-0.863519
-0.863555
-0.863519
-0.863543
-0.863519
-0.863543
-0.863519
-0.863495
-0.863543
-0.863519
-0.863495
-0.863543
-0.863543
-0.86353
-0.863519
-0.863543
-0.86353
-0.863495
-0.863555
-0.863495
-0.863519
-0.86353
-0.86353
-0.863507
-0.86353
-0.863507
-0.863543
-0.863507
-0.86353
-0.86353
-0.863519
-0.863519
-0.863519
