-0.120019
-0.120014
-0.120007
-0.12001
-0.120018
-0.120016
-0.120013
-0.120005
-0.120006
-0.120013
-0.120013
-0.120018
-0.120009
-0.120022
-0.120023
-0.120011
-0.120011
-0.120009
-0.120018
-0.120008
-0.12001
-0.120021
-0.120011
-0.120015
-0.120023
-0.120008
-0.123435
-0.128697
-0.133504
-0.138693
-0.143522
-0.148722
-0.153522
-0.158688
-0.163489
-0.168708
-0.173535
-0.17868
-0.183518
-0.188708
-0.193518
-0.198714
-0.203528
-0.2087
-0.213917
-0.218724
-0.223908
-0.228691
-0.233952
-0.238697
-0.243971
-0.248717
-0.25394
-0.25873
-0.263927
-0.268725
-0.273951
-0.278739
-0.283889
-0.288718
-0.293948
-0.298732
-0.303927
-0.308698
-0.313907
-0.318698
-0.320167
-0.320124
-0.320015
-0.319961
-0.31997
-0.319923
-0.319979
-0.319912
-0.319936
-0.319997
-0.319986
-0.319957
-0.319947
-0.319954
-0.319939
-0.319949
-0.319929
-0.319938
-0.319963
-0.319961
-0.319972
-0.320017
-0.319981
-0.319961
-0.319941
-0.320003
-0.319993
-0.319948
-0.319958
-0.319999
-0.319947
-0.319982
-0.319986
-0.319958
-0.320039
-0.319986
-0.31998
-0.319973
-0.319972
-0.320029
-0.319956
-0.320001
-0.319915
-0.319989
-0.319995
-0.319912
-0.319976
-0.319983
-0.319976
-0.319956
-0.319976
-0.319966
-0.319967
-0.319941
-0.319951
-0.319982
-0.319929
-0.320005
-0.319887
-0.320016
-0.320022
-0.320023
-0.320023
-0.320024
-0.320039
-0.320026
-0.320045
-0.320032
-0.320029
-0.320027
-0.320032
-0.320034
-0.320035
-0.320033
-0.320033
-0.320039
-0.320035
-0.320032
-0.320027
-0.319988
-0.320024
-0.320018
-0.320029
-0.319996
-0.320031
-0.320025
-0.32003
-0.320003
-0.320015
-0.320017
-0.319995
-0.319978
-0.319991
-0.320028
-0.319975
-0.320012
-0.319963
-0.320041
-0.319994
-0.320012
-0.319992
-0.320006
-0.319974
-0.319996
-0.319995
-0.319979
-0.32001
-0.319989
-0.319991
-0.320026
-0.31998
-0.319963
-0.319961
-0.319993
-0.319937
-0.319949
-0.319963
-0.319982
-0.319976
-0.320003
-0.320006
-0.319961
-0.320688
-0.321582
-0.322688
-0.323648
-0.324646
-0.325692
-0.3267
-0.327723
-0.328717
-0.329733
-0.330785
-0.331795
-0.332809
-0.333817
-0.334892
-0.335802
-0.336899
-0.337891
-0.338942
-0.339886
-0.340958
-0.341962
-0.34299
-0.343952
-0.345064
-0.346057
-0.347044
-0.348157
-0.349077
-0.350145
-0.351097
-0.352187
-0.353116
-0.354215
-0.35519
-0.356226
-0.357226
-0.358269
-0.359235
-0.360324
-0.361301
-0.362328
-0.363324
-0.36438
-0.365369
-0.366386
-0.367411
-0.368458
-0.369503
-0.370447
-0.371553
-0.372521
-0.373598
-0.374555
-0.375595
-0.376599
-0.377658
-0.378624
-0.379685
-0.380637
-0.381716
-0.382666
-0.383732
-0.384711
-0.385791
-0.386756
-0.387818
-0.3888
-0.389895
-0.390845
-0.391892
-0.392847
-0.393877
-0.394871
-0.395915
-0.396968
-0.397955
-0.399035
-0.399939
-0.400294
-0.401243
-0.40225
-0.403204
-0.404185
-0.405173
-0.406168
-0.407115
-0.408123
-0.40911
-0.410105
-0.411038
-0.412057
-0.41299
-0.414044
-0.414983
-0.415991
-0.416911
-0.417943
-0.418891
-0.419934
-0.42095
-0.421861
-0.42286
-0.423811
-0.42485
-0.425789
-0.426788
-0.426987
-0.426996
-0.427015
-0.427006
-0.426989
-0.42702
-0.426961
-0.427005
-0.427018
-0.42697
-0.427012
-0.427048
-0.427021
-0.426993
-0.42701
-0.427015
-0.427037
-0.427032
-0.427013
-0.427017
-0.427006
-0.426997
-0.427031
-0.427035
-0.427035
-0.427046
-0.426995
-0.42699
-0.426978
-0.427004
-0.426999
-0.426983
-0.427001
-0.426987
-0.426994
-0.426993
-0.426992
-0.426987
-0.426986
-0.42699
-0.426986
-0.426986
-0.426987
-0.426989
-0.426985
-0.426989
-0.426985
-0.426991
-0.426987
-0.426988
-0.426987
-0.427001
-0.426988
-0.426983
-0.426984
-0.426986
-0.426988
-0.426951
-0.426946
-0.426935
-0.426946
-0.426975
-0.426974
-0.42698
-0.427003
-0.427011
-0.426993
-0.426994
-0.426955
-0.426943
-0.426952
-0.426992
-0.426967
-0.426946
-0.427026
-0.426993
-0.426968
-0.427024
-0.426947
-0.427009
-0.42694
-0.426999
-0.425169
-0.421442
-0.417428
-0.413589
-0.409534
-0.405837
-0.401727
-0.398006
-0.393981
-0.390175
-0.386166
-0.382444
-0.378347
-0.374604
-0.37056
-0.366815
-0.36274
-0.358987
-0.354942
-0.350909
-0.347138
-0.343078
-0.339354
-0.335306
-0.331549
-0.327469
-0.323703
-0.319696
-0.315941
-0.311892
-0.308141
-0.304085
-0.300325
-0.296277
-0.292489
-0.288515
-0.284734
-0.28064
-0.276953
-0.272859
-0.26914
-0.265076
-0.261277
-0.257264
-0.253506
-0.249421
-0.245392
-0.24162
-0.237586
-0.233845
-0.229729
-0.226031
-0.221958
-0.218176
-0.214196
-0.210419
-0.20632
-0.202671
-0.198573
-0.194825
-0.190818
-0.187005
-0.182973
-0.179243
-0.17513
-0.171436
-0.16739
-0.163606
-0.159571
-0.155807
-0.151742
-0.147686
-0.143892
-0.139885
-0.13613
-0.132043
-0.128359
-0.124277
-0.120536
-0.119922
-0.119983
-0.120008
-0.120009
-0.120027
-0.12002
-0.120018
-0.120019
-0.120014
-0.120024
-0.120002
-0.119998
-0.120007
-0.120007
-0.120006
-0.120017
-0.120014
-0.120008
-0.120012
-0.120017
-0.120008
-0.12001
-0.120014
-0.120005
-0.120007
-0.120008
-0.120006
-0.120008
-0.120007
-0.119998
-0.120005
-0.120009
-0.120016
-0.119993
-0.120005
-0.12001
-0.119997
-0.120006
-0.120013
-0.120017
-0.120006
