-0.320001 0.150006 0.199979 2.2 2.19994 -5.76556e-05
-0.319993 0.150005 0.199976 2.19997 2.19996 -1.02461e-06
-0.319997 0.15 0.199978 2.19997 2.19996 -3.80579e-05
-0.324988 0.150023 0.209378 -2.19285 -2.1923 0.109298
-0.335189 0.150012 0.228473 -2.08288 -2.08279 0.315491
-0.34536 0.149947 0.247493 -1.96445 -1.96454 0.503098
-0.355507 0.149953 0.266626 -1.83849 -1.8386 0.672504
-0.365666 0.149968 0.285722 -1.70667 -1.7064 0.825223
-0.375829 0.150082 0.304749 -1.56944 -1.56931 0.961855
-0.386034 0.150064 0.32371 -1.42823 -1.42784 1.08398
-0.396168 0.150018 0.342916 -1.28297 -1.2825 1.19122
-0.405432 0.122947 0.349931 -1.22766 -1.22778 1.22786
-0.415208 0.0740367 0.34994 -1.22789 -1.22751 1.22755
-0.425012 0.0249764 0.349935 -1.22777 -1.22765 1.22746
-0.426992 0.0149856 0.314048 -1.22769 -1.22766 1.22758
-0.427037 0.0150607 0.263993 -1.22792 -1.22766 1.2275
-0.426978 0.0150455 0.213906 -1.2283 -1.22765 1.22742
-0.426998 0.0149834 0.199985 -1.22765 -1.22766 1.22761
-0.427 0.0149712 0.199977 -1.22766 -1.22769 1.22766
-0.426993 0.0149974 0.199973 -1.22773 -1.22765 1.22759
-0.426994 0.0149799 0.199972 -1.2277 -1.22768 1.22762
-0.426996 0.014981 0.199976 -1.22769 -1.22767 1.22763
-0.426993 0.0149954 0.199984 -1.22769 -1.22764 1.22758
-0.426994 0.014985 0.199987 -1.22764 -1.22766 1.2276
-0.426994 0.0149745 0.199971 -1.22774 -1.22768 1.22766
