2.199939999999999785e+00
2.199939999999999785e+00
2.199988436487377630e+00
2.200131172876427232e+00
2.200411467302543223e+00
2.200869902845388193e+00
2.201544258280578426e+00
2.202469304162206321e+00
2.203676519155099545e+00
2.205193740669505686e+00
2.207044800990070055e+00
2.209249263209296377e+00
2.211822449741374097e+00
2.214775988014935137e+00
2.218118964825094963e+00
2.221859432492128583e+00
2.226005676093906427e+00
2.230566726254449073e+00
2.235552092601586605e+00
2.240971114455320823e+00
2.246832351789893156e+00
2.253143217964381328e+00
2.259909856144214135e+00
2.267137184312222775e+00
2.274829038276009463e+00
2.282988364424404004e+00
2.291617425225165317e+00
2.300717982636953263e+00
2.310291428525012236e+00
2.320338842027483306e+00
2.330860968844695513e+00
2.341858130333541066e+00
2.353330076728074705e+00
2.365275798714422173e+00
2.377693307928739230e+00
2.390579393004812037e+00
2.403929355255157496e+00
2.417736726644195588e+00
2.431992971011166738e+00
2.446687166353898046e+00
2.461805661440759074e+00
2.477331695389108468e+00
2.493244965820613057e+00
2.509521130693506130e+00
2.526131230444573106e+00
2.543041019001552439e+00
2.560210192638685989e+00
2.577591503672864715e+00
2.595129743122429833e+00
2.612760577239019444e+00
2.630409234274453834e+00
2.647989067086978121e+00
2.665400068121777100e+00
2.682527483326633266e+00
2.699240749197413081e+00
2.715393040772621003e+00
2.730821737357714163e+00
2.745350053737062090e+00
2.758789926100245538e+00
2.770945994260075373e+00
2.781620241260939430e+00
2.790616631545139725e+00
2.797745022159849437e+00
2.802823751282609521e+00
2.805680602441053662e+00
2.806152210595097340e+00
2.804082314404401810e+00
2.799319491207274524e+00
2.791715099675484257e+00
2.781122089924820351e+00
2.767395129937886278e+00
2.750392171090956683e+00
2.729977201173010570e+00
2.706023612529813605e+00
2.678417450614579920e+00
2.647059860182760183e+00
2.611868286729901900e+00
2.572776326302652183e+00
2.529732438111318871e+00
2.482697964229835019e+00
2.431645009916175493e+00
2.376554731232183748e+00
2.317416470546088902e+00
2.254227996111345167e+00
2.186996871348054317e+00
2.115742753898348205e+00
2.040500265242255473e+00
1.961322021624261946e+00
1.878281473179156613e+00
1.791475309535273119e+00
1.701025287054351409e+00
1.607079366016524347e+00
1.509812012005069315e+00
1.409423458515463690e+00
1.306137720893885357e+00
1.200199265169051399e+00
1.091868493664096551e+00
9.814165571780075759e-01
8.691203099143943733e-01
7.552583403026131847e-01
6.401088585973451206e-01
5.239498355157805598e-01
4.070612850285349471e-01
2.897290986935372459e-01
1.722494551878487323e-01
5.493259330517094585e-02
-6.189530644885704591e-02
-1.778931745740782444e-01
-2.927095662520722841e-01
-4.059903847888507999e-01
-5.173887185853690562e-01
-6.265750873799776910e-01
-7.332462797621932538e-01
-8.371313894443973558e-01
-9.379944248225358105e-01
-1.035633666929300922e+00
-1.129878542988096424e+00
-1.220585077355684778e+00
-1.307631012558280625e+00
-1.390911536413537597e+00
-1.470336268208826569e+00
-1.545827790188481821e+00
-1.617321614431882715e+00
-1.684767136657096209e+00
-1.748128945350672092e+00
-1.807387878926199454e+00
-1.862541421599920533e+00
-1.913603298808884690e+00
-1.960602367597167328e+00
-2.003581035661722520e+00
-2.042593481646629794e+00
-2.077703920775188617e+00
-2.108985102167886705e+00
-2.136517164625976850e+00
-2.160386929612224893e+00
-2.180687676735314717e+00
-2.197519425697469497e+00
-2.210989733470260177e+00
-2.221214997209489006e+00
-2.228322219545079808e+00
-2.232451129361546549e+00
-2.233756447681074508e+00
-2.232409947184410548e+00
-2.228601802523234365e+00
-2.222540628417644548e+00
-2.214451642406380483e+00
-2.204572646174329797e+00
-2.193147991871831515e+00
-2.180421256292675469e+00
-2.166627757097794760e+00
-2.151988113290910221e+00
-2.136703744403848582e+00
-2.120954672405882757e+00
-2.104899464064002856e+00
-2.088676792706357865e+00
-2.072407950131598842e+00
-2.056199658032343613e+00
-2.040146647704296878e+00
-2.024333649750473807e+00
-2.008836636180468815e+00
-1.993723361098907132e+00
-1.979053413728093958e+00
-1.964878083685714261e+00
-1.951240321091071594e+00
-1.938174974051543265e+00
-1.925709356038015185e+00
-1.913864087331871522e+00
-1.902654093765115961e+00
-1.892089630262637323e+00
-1.882177210630908037e+00
-1.872920354027685086e+00
-1.864320094837031760e+00
-1.856375242783175672e+00
-1.849082419165731128e+00
-1.842435924303706729e+00
-1.836427501859155376e+00
-1.831046056077509254e+00
-1.826277356862055390e+00
-1.822103749538050765e+00
-1.818503883262502230e+00
-1.815452488174634116e+00
-1.812920260775885417e+00
-1.810873945299852128e+00
-1.809276705921576855e+00
-1.808088851996270563e+00
-1.807268901632087310e+00
-1.806774868683733937e+00
-1.806565577478587148e+00
-1.806601789116742740e+00
-1.806846973836634840e+00
-1.807267659668417847e+00
-1.807833386123626429e+00
-1.808516361825525998e+00
-1.809290958315428188e+00
-1.810133176070037653e+00
-1.811020202795345924e+00
-1.811930152676580530e+00
-1.812842028826936458e+00
-1.813735893625618267e+00
-1.814593176412172326e+00
-1.815397014703969525e+00
-1.816132527102922944e+00
-1.816786949970590870e+00
-1.817349617683554186e+00
-1.817811807644996502e+00
-1.818166495164283747e+00
-1.818408069812627925e+00
-1.818532059752088204e+00
-1.818534899606593980e+00
-1.818413763813396811e+00
-1.818166472284562074e+00
-1.817791460204341902e+00
-1.817287792096844434e+00
-1.816655195524477628e+00
-1.815894093152472299e+00
-1.815005620829089894e+00
-1.813991628847247517e+00
-1.812854669449170286e+00
-1.811597974349586915e+00
-1.810225422629271108e+00
-1.808741494384831450e+00
-1.807151202161567216e+00
-1.805459993237796157e+00
-1.803673622444738722e+00
-1.801798005633674427e+00
-1.799839073497069952e+00
-1.797802649122589136e+00
-1.795694368296300247e+00
-1.793519651374242851e+00
-1.791283724017732171e+00
-1.788991674844913282e+00
-1.786648532258096278e+00
-1.784259339882908080e+00
-1.781829209794451696e+00
-1.779363335693801451e+00
-1.776866955694321071e+00
-1.774345266375672026e+00
-1.771803303300535370e+00
-1.769245812868857071e+00
-1.766677141640593751e+00
-1.764101161794790151e+00
-1.761521239418971430e+00
-1.758940241386020453e+00
-1.756360570148399525e+00
-1.753784214234772376e+00
-1.751212803999310674e+00
-1.748647665334973622e+00
-1.746089867260004480e+00
-1.743540261838181449e+00
-1.740999516561285709e+00
-1.738468140109414861e+00
-1.735946502479759346e+00
-1.733434850147557604e+00
-1.730933316561153568e+00
-1.728441928166406738e+00
-1.725960606434485900e+00
-1.723489167010086698e+00
-1.721027317965100112e+00
-1.718574659966195517e+00
-1.716130691512924855e+00
-1.713694821762049569e+00
-1.711266391526272468e+00
-1.708844700154560803e+00
-1.706429033258187067e+00
-1.704018684975488807e+00
-1.701612969346367521e+00
-1.699211217952993680e+00
-1.696812764152674013e+00
-1.694416917031051906e+00
-1.692022930311114504e+00
-1.689629972942888081e+00
-1.687237108915079498e+00
-1.684843293439910017e+00
-1.682447390251587072e+00
-1.680048210012807797e+00
-1.677644563795054999e+00
-1.675235320704100639e+00
-1.672819457377002550e+00
-1.670396089922455696e+00
-1.667964484318175344e+00
-1.665524046784976786e+00
-1.663074299458007221e+00
-1.660614848412511613e+00
-1.658145351309733950e+00
-1.655665491181968818e+00
-1.653174961315244662e+00
-1.650673463652895467e+00
-1.648160719718830158e+00
-1.645636489548555792e+00
-1.643100591867878046e+00
-1.640552918797145487e+00
-1.637993440567984571e+00
-1.635422198955523765e+00
-1.632839291027022410e+00
-1.630244846693799543e+00
-1.627639004455667671e+00
-1.625021889955872156e+00
-1.622393601647171169e+00
-1.619754206809458141e+00
-1.617103749098655063e+00
-1.614442265920055020e+00
-1.611769811098545668e+00
-1.609086476814453714e+00
-1.606392409328717852e+00
-1.603687815278932893e+00
-1.600972958136970714e+00
-1.598248146688132865e+00
-1.595513718672345371e+00
-1.592770023156592885e+00
-1.590017405090614844e+00
-1.587256194964932199e+00
-1.584486705443138188e+00
-1.581709235186486318e+00
-1.578924078072151183e+00
-1.576131534307059212e+00
-1.573331919323832206e+00
-1.570525567102994735e+00
-1.567712826281872918e+00
-1.564894049320519231e+00
-1.562069576531649906e+00
-1.559239717810414039e+00
-1.556404735537187944e+00
-1.553564832404128904e+00
-1.550720147587714370e+00
-1.547870763350899237e+00
-1.545016721674510984e+00
-1.542158047468087156e+00
-1.539294772551382362e+00
-1.536426954117967592e+00
-1.533554683026330689e+00
-1.530678080145801312e+00
-1.527797281879771596e+00
-1.524912418127608582e+00
-1.522023587243209963e+00
-1.519130833221144616e+00
-1.516234130414708448e+00
-1.513333380190770683e+00
-1.510428421563203560e+00
-1.507519054062511410e+00
-1.504605066977459327e+00
-1.501686266453934548e+00
-1.498762492113832057e+00
-1.495833617741174626e+00
-1.492899534757772484e+00
-1.489960121132291038e+00
-1.487015201309760615e+00
-1.484064504793845884e+00
-1.481107632350758818e+00
-1.478144039060498072e+00
-1.475173041610293279e+00
-1.472193852418020921e+00
-1.469205635880713068e+00
-1.466207574788934043e+00
-1.463198931186703522e+00
-1.460179087655326002e+00
-1.457147561124099822e+00
-1.454103988786757284e+00
-1.451048091761275805e+00
-1.447979625762908951e+00
-1.444898329700927908e+00
-1.441803883416275411e+00
-1.438695884696978178e+00
-1.435573852475017675e+00
-1.432437257202658909e+00
-1.429285571822316525e+00
-1.426118330290049308e+00
-1.422935178391201205e+00
-1.419735904668777415e+00
-1.416520445870031120e+00
-1.413288868248510743e+00
-1.410041331058481617e+00
-1.406778041173441185e+00
-1.403499208628996575e+00
-1.400205012688004791e+00
-1.396895586695456659e+00
-1.393571026945628066e+00
-1.390231425816521815e+00
-1.386876923644588588e+00
-1.383507769557668521e+00
-1.380124380844045096e+00
-1.376727393534995292e+00
-1.373317701679631408e+00
-1.369896486589241125e+00
-1.366465238415284666e+00
-1.363025770670278636e+00
-1.359580224820313710e+00
-1.356131058753981433e+00
-1.352681011996434535e+00
-1.349233043794006992e+00
-1.345790247687179475e+00
-1.342355755213847424e+00
-1.338932647415666199e+00
-1.335523892451621064e+00
-1.332132321064104064e+00
-1.328760642240256473e+00
-1.325411492819571269e+00
-1.322087508718273519e+00
-1.318791401631296933e+00
-1.315526022914144777e+00
-1.312294396313238742e+00
-1.309099705070881914e+00
-1.305945228254180579e+00
-1.302834234894874266e+00
-1.299769857831763797e+00
-1.296754975620092676e+00
-1.293792127182463281e+00
-1.290883472409796839e+00
-1.288030798692029855e+00
-1.285235563527416192e+00
-1.282498958640966746e+00
-1.279821980348177402e+00
-1.277205492451602531e+00
-1.274650270824731590e+00
-1.272157023119717678e+00
-1.269726382933277220e+00
-1.267358884391058815e+00
-1.265054928231844844e+00
-1.262814751804727242e+00
-1.260638412439538003e+00
-1.258525788190957506e+00
-1.256476594643921807e+00
-1.254490413048271913e+00
-1.252566723748165689e+00
-1.250704938990454540e+00
-1.248904430016412714e+00
-1.247164544602241243e+00
-1.245484613030200860e+00
-1.243863942875972128e+00
-1.242301805502620260e+00
-1.240797418805463348e+00
-1.239349930783422149e+00
-1.237958407002561545e+00
-1.236621822891581957e+00
-1.235339060160955960e+00
-1.234108906079205425e+00
-1.232930054851817614e+00
-1.231801111494515766e+00
-1.230720599754129285e+00
-1.229686976148314903e+00
-1.228698651563951527e+00
-1.227754020054811379e+00
-1.226851492228933971e+00
-1.225989529105385945e+00
-1.225166672413713354e+00
-1.224381568875959614e+00
-1.223632988054820459e+00
-1.222919834774948589e+00
-1.222241157368377795e+00
-1.221596152151979808e+00
-1.220984163151857205e+00
-1.220404674919164156e+00
-1.219857296157927706e+00
-1.219341733345337131e+00
-1.218857756331600539e+00
-1.218405160847638946e+00
-1.217983734324622258e+00
-1.217593230582516783e+00
-1.217233356294266322e+00
-1.216903769062838814e+00
-1.216604084643448269e+00
-1.216333889681460834e+00
-1.216092756057844948e+00
-1.215880253146179646e+00
-1.215695954825980474e+00
-1.215539439061764648e+00
-1.215410279337725052e+00
-1.215308028990504496e+00
-1.215232200863901824e+00
-1.215182245066970923e+00
-1.215157526844633962e+00
-1.215157305265345711e+00
-1.215180712494831505e+00
-1.215226733521451052e+00
-1.215294187485924660e+00
-1.215381713891635851e+00
-1.215487769088017256e+00
-1.215610639251040181e+00
-1.215748474310166527e+00
-1.215899342455951437e+00
-1.216061298418304570e+00
-1.216232453680654579e+00
-1.216411035980385247e+00
-1.216595429233218173e+00
-1.216784191177167518e+00
-1.216976051568955830e+00
-1.217169896903104398e+00
-1.217364748283775056e+00
-1.217559738138194847e+00
-1.217754089849231613e+00
-1.217947102668559767e+00
-1.218138142681494340e+00
-1.218326639232256925e+00
-1.218512085210922802e+00
-1.218694039105518545e+00
-1.218872126809596335e+00
-1.219046041745588171e+00
-1.219215542658989238e+00
-1.219380449168976366e+00
-1.219540635638392434e+00
-1.219696024108631649e+00
-1.219846577000397669e+00
-1.219992290115484268e+00
-1.220133186278317350e+00
-1.220269309783699407e+00
-1.220400721690636514e+00
-1.220527495921887695e+00
-1.220649716085881575e+00
-1.220767472920608832e+00
-1.220880862258152399e+00
-1.220989983416343350e+00
-1.221094937935775393e+00
-1.221195828593149457e+00
-1.221292758634053621e+00
-1.221385831179057524e+00
-1.221475148766185903e+00
-1.221560813000426071e+00
-1.221642924287100307e+00
-1.221721581630880626e+00
-1.221796882486150260e+00
-1.221868922647518119e+00
-1.221937796171725710e+00
-1.222003595324093528e+00
-1.222066410544143888e+00
-1.222126330426202001e+00
-1.222183441711685248e+00
-1.222237829290500954e+00
-1.222289576209526496e+00
-1.222338763686582563e+00
-1.222385471128645706e+00
-1.222429776153319381e+00
-1.222471754612789674e+00
-1.222511480619658419e+00
-1.222549026574185849e+00
-1.222584463192576854e+00
-1.222617859536041518e+00
-1.222649283040437407e+00
-1.222678799546376149e+00
-1.222706473329752797e+00
-1.222732367132740583e+00
-1.222756542195396978e+00
-1.222779058288169018e+00
-1.222799973745774427e+00
-1.222819345503214361e+00
-1.222837229135078863e+00
-1.222853678899904706e+00
-1.222868747792234645e+00
-1.222882487606346213e+00
-1.222894949017576449e+00
-1.222906181690055938e+00
-1.222916234423893522e+00
-1.222925155360949701e+00
-1.222932992276947406e+00
-1.222939792999358843e+00
-1.222945606005369390e+00
-1.222950481270734358e+00
-1.222954471453105763e+00
-1.222957633488897855e+00
-1.222960030633409412e+00
-1.222961734834670633e+00
-1.222962829053605871e+00
-1.222963408733693136e+00
-1.222963581262627608e+00
-1.222963462379651478e+00
-1.222963169471864120e+00
-1.222962813305128460e+00
-1.222962490777832034e+00
-1.222962280774295030e+00
-1.222962243564786222e+00
-1.222962422792454484e+00
-1.222962848654373547e+00
-1.222963541194656001e+00
-1.222964513141397092e+00
-1.222965772113392413e+00
-1.222967322233145193e+00
-1.222969165260551438e+00
-1.222971301370008979e+00
-1.222973729674707855e+00
-1.222976448576887032e+00
-1.222979456000494736e+00
-1.222982749545312942e+00
-1.222986326589018402e+00
-1.222990184354882270e+00
-1.222994319956849374e+00
-1.222998730429744496e+00
-1.223003412749700258e+00
-1.223008363848151481e+00
-1.223013580621592933e+00
-1.223019059938536435e+00
-1.223024798644614108e+00
-1.223030793566446173e+00
-1.223037041514681844e+00
-1.223043539286479131e+00
-1.223050283667601823e+00
-1.223057271434250026e+00
-1.223064499354699963e+00
-1.223071964190805438e+00
-1.223079662699394721e+00
-1.223087591633585269e+00
-1.223095747744032513e+00
-1.223104127780122896e+00
-1.223112728491117407e+00
-1.223121546627252032e+00
-1.223130578940798241e+00
-1.223139822187086168e+00
-1.223149273125492043e+00
-1.223158928520392985e+00
-1.223168785142088044e+00
-1.223178839767689041e+00
-1.223189089181980993e+00
-1.223199530178251893e+00
-1.223210159559095400e+00
-1.223220974137185113e+00
-1.223231970736020635e+00
-1.223243146190648556e+00
-1.223254497348356118e+00
-1.223266021069341347e+00
-1.223277714227356316e+00
-1.223289573710328204e+00
-1.223301596420956150e+00
-1.223313779277285018e+00
-1.223326119213256735e+00
-1.223338613179240086e+00
-1.223351258142539866e+00
-1.223364051087883375e+00
-1.223376989017888716e+00
-1.223390068953511767e+00
-1.223403287934474948e+00
-1.223416643019676675e+00
-1.223430131287582157e+00
-1.223443749836596872e+00
-1.223457495785422955e+00
-1.223471366273397365e+00
-1.223485358460814743e+00
-1.223499469529233163e+00
-1.223513696681765017e+00
-1.223528037143352121e+00
-1.223542488161025510e+00
-1.223557047004151910e+00
-1.223571710964664661e+00
-1.223586477357281987e+00
-1.223601343519710838e+00
-1.223616306812838950e+00
-1.223631364620912931e+00
-1.223646514351704351e+00
-1.223661753436664723e+00
-1.223677079331067397e+00
-1.223692489514138781e+00
-1.223707981489178476e+00
-1.223723552783668955e+00
-1.223739200949373940e+00
-1.223754923562427210e+00
-1.223770718223411436e+00
-1.223786582557427671e+00
-1.223802514214154646e+00
-1.223818510867900056e+00
-1.223834570217642748e+00
-1.223850689987065588e+00
-1.223866867924581436e+00
-1.223883101803350026e+00
-1.223899389421287287e+00
-1.223915728601067121e+00
-1.223932117190116520e+00
-1.223948553060602240e+00
-1.223965034109411931e+00
-1.223981558258127711e+00
-1.223998123452993969e+00
-1.224014727664877844e+00
-1.224031368889225257e+00
-1.224048045146009622e+00
-1.224064754479675665e+00
-1.224081494959077476e+00
-1.224098264677411896e+00
-1.224115061752145461e+00
-1.224131884324937802e+00
-1.224148730561559928e+00
-1.224165598651807185e+00
-1.224182486809408665e+00
-1.224199393271931724e+00
-1.224216316300683394e+00
-1.224233254180606023e+00
-1.224250205220170917e+00
-1.224267167751267538e+00
-1.224284140129089149e+00
-1.224301120732015136e+00
-1.224318107961489766e+00
-1.224335100241898733e+00
-1.224352096020441927e+00
-1.224369093767003092e+00
-1.224386091974017710e+00
-1.224403089156337554e+00
-1.224420083851092800e+00
-1.224437074617552135e+00
-1.224454060036979763e+00
-1.224471038712491522e+00
-1.224488009268907662e+00
-1.224504970352603861e+00
-1.224521920631361338e+00
-1.224538858794214313e+00
-1.224555783551295907e+00
-1.224572693633682263e+00
-1.224589587793236012e+00
-1.224606464802447725e+00
-1.224623323454275381e+00
-1.224640162561984269e+00
-1.224656980958984454e+00
-1.224673777498666905e+00
-1.224690551054240073e+00
-1.224707300518564024e+00
-1.224724024803984790e+00
-1.224740722842167395e+00
-1.224757393583927989e+00
-1.224774035999066202e+00
-1.224790649076195725e+00
-1.224807231822575559e+00
-1.224823783263939925e+00
-1.224840302444327955e+00
-1.224856788425913390e+00
-1.224873240288834042e+00
-1.224889657131019938e+00
-1.224906038068023229e+00
-1.224922382232846108e+00
-1.224938688775769391e+00
-1.224954956864181543e+00
-1.224971185682406816e+00
-1.224987374431534493e+00
-1.225003522329246808e+00
-1.225019628609648858e+00
-1.225035692523096742e+00
-1.225051713336028136e+00
-1.225067690330790660e+00
-1.225083622805472450e+00
-1.225099510073732967e+00
-1.225115351464632685e+00
-1.225131146322464781e+00
-1.225146894006586606e+00
-1.225162593891252039e+00
-1.225178245365443619e+00
-1.225193847832705796e+00
-1.225209400710978613e+00
-1.225224903432432066e+00
-1.225240355443301343e+00
-1.225255756203721846e+00
-1.225271105187565768e+00
-1.225286401882279108e+00
-1.225301645788719140e+00
-1.225316836420993427e+00
-1.225331973306298172e+00
-1.225347055984758793e+00
-1.225362084009270935e+00
-1.225377056945341936e+00
-1.225391974370932946e+00
-1.225406835876302836e+00
-1.225421641063852318e+00
-1.225436389547969185e+00
-1.225451080954873984e+00
-1.225465714922467697e+00
-1.225480291100179198e+00
-1.225494809148814257e+00
-1.225509268740405222e+00
-1.225523669558062689e+00
-1.225538011295826291e+00
-1.225552293658518366e+00
-1.225566516361597413e+00
-1.225580679131013095e+00
-1.225594781703062131e+00
-1.225608823824245519e+00
-1.225622805251125991e+00
-1.225636725750187450e+00
-1.225650585097695533e+00
-1.225664383079557718e+00
-1.225678119491186768e+00
-1.225691794137363511e+00
-1.225705406832101163e+00
-1.225718957398511222e+00
-1.225732445668669790e+00
-1.225745871483485461e+00
-1.225759234692568533e+00
-1.225772535154100229e+00
-1.225785772734704349e+00
-1.225798947309318931e+00
-1.225812058761069911e+00
-1.225825106981145440e+00
-1.225838091868671542e+00
-1.225851013330588213e+00
-1.225863871281527961e+00
-1.225876665643693686e+00
-1.225889396346739657e+00
-1.225902063327652058e+00
-1.225914666530631081e+00
-1.225927205906974793e+00
-1.225939681414963234e+00
-1.225952093019743838e+00
-1.225964440693218638e+00
-1.225976724413931462e+00
-1.225988944166957362e+00
-1.226001099943792250e+00
-1.226013191742244324e+00
-1.226025219566325708e+00
-1.226037183426146759e+00
-1.226049083337809265e+00
-1.226060919323303189e+00
-1.226072691410402093e+00
-1.226084399632561883e+00
-1.226096044028818888e+00
-1.226107624643689942e+00
-1.226119141527073131e+00
-1.226130594734150092e+00
-1.226141984325288981e+00
-1.226153310365948101e+00
-1.226164572926581986e+00
-1.226175772082546800e+00
-1.226186907914007973e+00
-1.226197980505848495e+00
-1.226208989947578543e+00
-1.226219936333245109e+00
-1.226230819761344071e+00
-1.226241640334732486e+00
-1.226252398160541990e+00
-1.226263093350093092e+00
-1.226273726018811017e+00
-1.226284296286141551e+00
-1.226294804275469108e+00
-1.226305250114034795e+00
-1.226315633932856253e+00
-1.226325955866647277e+00
-1.226336216053739658e+00
-1.226346414636005910e+00
-1.226356551758781555e+00
-1.226366627570790069e+00
-1.226376642224068059e+00
-1.226386595873890650e+00
-1.226396488678699326e+00
-1.226406320800029315e+00
-1.226416092402438762e+00
-1.226425803653438562e+00
-1.226435454723422414e+00
-1.226445045785599097e+00
-1.226454577015924530e+00
-1.226464048593035372e+00
-1.226473460698182860e+00
-1.226482813515167969e+00
-1.226492107230277684e+00
-1.226501342032221498e+00
-1.226510518112069015e+00
-1.226519635663188446e+00
-1.226528694881185988e+00
-1.226537695963846097e+00
-1.226546639111071979e+00
-1.226555524524827634e+00
-1.226564352409080572e+00
-1.226573122969744967e+00
-1.226581836414625926e+00
-1.226590492953363976e+00
-1.226599092797381552e+00
-1.226607636159828818e+00
-1.226616123255531265e+00
-1.226624554300937531e+00
-1.226632929514068326e+00
-1.226641249114465593e+00
-1.226649513323142981e+00
-1.226657722362537006e+00
-1.226665876456458415e+00
-1.226673975830044228e+00
-1.226682020709711551e+00
-1.226690011323111174e+00
-1.226697947899081598e+00
-1.226705830667604857e+00
-1.226713659859761663e+00
-1.226721435707688768e+00
-1.226729158444535228e+00
-1.226736828304421101e+00
-1.226744445522395255e+00
-1.226752010334394960e+00
-1.226759522977205696e+00
-1.226766983688421186e+00
-1.226774392706404759e+00
-1.226781750270250937e+00
-1.226789056619747464e+00
-1.226796311995338895e+00
-1.226803516638089286e+00
-1.226810670789646673e+00
-1.226817774692207541e+00
-1.226824828588482408e+00
-1.226831832721661186e+00
-1.226838787335379877e+00
-1.226845692673687704e+00
-1.226852548981013813e+00
-1.226859356502136400e+00
-1.226866115482150299e+00
-1.226872826166437003e+00
-1.226879488800633800e+00
-1.226886103630603797e+00
-1.226892670902407279e+00
-1.226899190862272393e+00
-1.226905663756566733e+00
-1.226912089831770469e+00
-1.226918469334448147e+00
-1.226924802511222046e+00
-1.226931089608746195e+00
-1.226937330873680621e+00
-1.226943526552665364e+00
-1.226949676892296281e+00
-1.226955782139100393e+00
-1.226961842539511682e+00
-1.226967858339847561e+00
-1.226973829786286219e+00
-1.226979757124843751e+00
-1.226985640601351957e+00
-1.226991480461436357e+00
-1.226997276950495097e+00
-1.227003030313677856e+00
-1.227008740795865638e+00
-1.227014408641650123e+00
-1.227020034095314127e+00
-1.227025617400812951e+00
-1.227031158801754174e+00
-1.227036658541380332e+00
-1.227042116862550047e+00
-1.227047534007720486e+00
-1.227052910218929815e+00
-1.227058245737780329e+00
-1.227063540805421571e+00
-1.227068795662534129e+00
-1.227074010549313643e+00
-1.227079185705455266e+00
-1.227084321370138120e+00
-1.227089417782010861e+00
-1.227094475179176136e+00
-1.227099493799177488e+00
-1.227104473878984470e+00
-1.227109415654979330e+00
-1.227114319362943906e+00
-1.227119185238046084e+00
-1.227124013514827805e+00
-1.227128804427192188e+00
-1.227133558208391317e+00
-1.227138275091014918e+00
-1.227142955306978367e+00
-1.227147599087512031e+00
-1.227152206663149725e+00
-1.227156778263718051e+00
-1.227161314118326851e+00
-1.227165814455358106e+00
-1.227170279502456607e+00
-1.227174709486520188e+00
-1.227179104633690399e+00
-1.227183465169343624e+00
-1.227187791318082200e+00
-1.227192083303725534e+00
-1.227196341349301889e+00
-1.227200565677040611e+00
-1.227204756508364136e+00
-1.227208914063880218e+00
-1.227213038563374603e+00
-1.227217130225803920e+00
-1.227221189269288804e+00
-1.227225215911106782e+00
-1.227229210367686285e+00
-1.227233172854599985e+00
-1.227237103586559241e+00
-1.227241002777407441e+00
-1.227244870640115115e+00
-1.227248707386773718e+00
-1.227252513228590969e+00
-1.227256288375885296e+00
-1.227260033038081399e+00
-1.227263747423705365e+00
-1.227267431740379999e+00
-1.227271086194820615e+00
-1.227274710992830808e+00
-1.227278306339298686e+00
-1.227281872438192645e+00
-1.227285409492558266e+00
-1.227288917704514315e+00
-1.227292397275249858e+00
-1.227295848405020928e+00
-1.227299271293147420e+00
-1.227302666138010645e+00
-1.227306033137050223e+00
-1.227309372486761641e+00
-1.227312684382694252e+00
-1.227315969019448616e+00
-1.227319226590674495e+00
-1.227322457289069080e+00
-1.227325661306374993e+00
-1.227328838833378732e+00
-1.227331990059909117e+00
-1.227335115174835956e+00
-1.227338214366068492e+00
-1.227341287820554738e+00
-1.227344335724279700e+00
-1.227347358262265375e+00
-1.227350355618569422e+00
-1.227353327976284270e+00
-1.227356275517537343e+00
-1.227359198423489950e+00
-1.227362096874337061e+00
-1.227364971049307307e+00
-1.227367821126662983e+00
-1.227370647283699601e+00
