-5.765559999999999734e-05
-5.765559999999999734e-05
-5.873463212513975918e-05
-6.188747697611027298e-05
-6.802728062717545965e-05
-7.798785042885075076e-05
-9.252551100835150477e-05
-1.123204615664413536e-04
-1.379776647039009270e-04
-1.700274512897902634e-04
-2.089262968574600665e-04
-2.550586418897598877e-04
-3.087410751581549451e-04
-3.702302226391469028e-04
-4.397345544413953575e-04
-5.174279480173862638e-04
-6.034609966980208819e-04
-6.979671304235468207e-04
-8.010640429301453189e-04
-9.128532731226537619e-04
-1.033420366689953747e-03
-1.162836273721008524e-03
-1.301159341705592290e-03
-1.448436942282301876e-03
-1.604706067810973864e-03
-1.769992744506792984e-03
-1.944310618988633011e-03
-2.127659446859418452e-03
-2.320024303719639240e-03
-2.521376077013066583e-03
-2.731673263694521514e-03
-2.950864505047784067e-03
-3.178890856300112602e-03
-3.415686647935544870e-03
-3.661177979373235990e-03
-3.915278352493151322e-03
-4.177881599729912909e-03
-4.448852917753230718e-03
-4.728019263020536746e-03
-5.015160410949147385e-03
-5.310001573568703774e-03
-5.612207741482871763e-03
-5.921379117900540945e-03
-6.237046397586683624e-03
-6.558664365302406887e-03
-6.885602379336204157e-03
-7.217130710373102775e-03
-7.552402319031792030e-03
-7.890430346873037598e-03
-8.230062235920669947e-03
-8.569951895218233875e-03
-8.908531705622604532e-03
-9.243986499458362732e-03
-9.574232102615621090e-03
-9.896901620527408586e-03
-1.020934321284334458e-02
-1.050863322102039976e-02
-1.079160764721906127e-02
-1.105491272918779529e-02
-1.129507179728200632e-02
-1.150856153703687379e-02
-1.169188759917260713e-02
-1.184164858884883230e-02
-1.195457947697982706e-02
-1.202756992200149783e-02
-1.205765850611478784e-02
-1.204200892688539297e-02
-1.197787761305369944e-02
-1.186258351463651516e-02
-1.169348984184830770e-02
-1.146800444502053123e-02
-1.118360080253824780e-02
-1.083785617933624018e-02
-1.042849888490886799e-02
-9.953454178404883348e-03
-9.410879022877733160e-03
-8.799179201886834362e-03
-8.117006944871087148e-03
-7.363241603828526646e-03
-6.536958993057512789e-03
-5.637396360016316485e-03
-4.663919717698418801e-03
-3.615998749473246527e-03
-2.493192053975842003e-03
-1.295142591287202138e-03
-2.158047413510161619e-05
1.327671533549769139e-03
2.752694761585881139e-03
4.253477403650422414e-03
5.829924964085513896e-03
7.481877698701642175e-03
9.209132450936243289e-03
1.101146510531656776e-02
1.288864952771866593e-02
1.484046936024484807e-02
1.686672040052017083e-02
1.896720340694150325e-02
2.114170961682252867e-02
2.339000331091741977e-02
2.571180663759754445e-02
2.810679125336172993e-02
3.057457940644815395e-02
3.311475460534472198e-02
3.572687972079265084e-02
3.841051872751951451e-02
4.116525745883904686e-02
4.399071876949135762e-02
4.688656846217098551e-02
4.985251029087253705e-02
5.288827110403109683e-02
5.599358006342753519e-02
5.916814786658800007e-02
6.241165217111611929e-02
6.572373381601680220e-02
6.910400557603479932e-02
7.255207203342392552e-02
7.606755647641866291e-02
7.965012889382865058e-02
8.329952825135794603e-02
8.701557247837245213e-02
9.079815126230181277e-02
9.464719999019848007e-02
9.856265752707524253e-02
1.025444146963612607e-01
1.065922626939737744e-01
1.107058502054794891e-01
1.148846550096091490e-01
1.191279717588187848e-01
1.234349140324834393e-01
1.278044266070351431e-01
1.322353032576870646e-01
1.367262058280531711e-01
1.412756811956910608e-01
1.458821736986973261e-01
1.505440313627191828e-01
1.552595048315690562e-01
1.600267382986093057e-01
1.648437520523162725e-01
1.697084166331931376e-01
1.746184192562038606e-01
1.795712243222404858e-01
1.845640317067022418e-01
1.895937390353201746e-01
1.946569168579547204e-01
1.997498074193985729e-01
2.048683570228268247e-01
2.100082874126757981e-01
2.151652031993978864e-01
2.203347224481723432e-01
2.255126102350233919e-01
2.306948937640983244e-01
2.358779431155685058e-01
2.410585111268650771e-01
2.462337352587437855e-01
2.514011106516355065e-01
2.565584461729760180e-01
2.617038148825873156e-01
2.668355081990483879e-01
2.719520000050140718e-01
2.770519234617544457e-01
2.821340598391744448e-01
2.871973358533560505e-01
2.922408245671155314e-01
2.972637451934927455e-01
3.022654587840483686e-01
3.072454589028834615e-01
3.122033581261705049e-01
3.171388721454767579e-01
3.220518034368564653e-01
3.269420261671213690e-01
3.318094735226436720e-01
3.366541281349512693e-01
3.414760158169799498e-01
3.462752024551800090e-01
3.510517936685841889e-01
3.558059367746609358e-01
3.605378246633547112e-01
3.652477012710337312e-01
3.699358683243210710e-01
3.746026927781433979e-01
3.792486138773047410e-01
3.838741481284928536e-01
3.884798899362492675e-01
3.930665056205313590e-01
3.976347193716983086e-01
4.021852914928880640e-01
4.067189915585232018e-01
4.112365709303386629e-01
4.157387395166354249e-01
4.202261505055121527e-01
4.246993946346658277e-01
4.291590033192037024e-01
4.336054583325009704e-01
4.380392049097224794e-01
4.424606649710655093e-01
4.468702474637124000e-01
4.512683535593539630e-01
4.556553756582645831e-01
4.600316907442051906e-01
4.643976502090839120e-01
4.687535692307985280e-01
4.730997187267775295e-01
4.774363218966087841e-01
4.817635559239072940e-01
4.860815581123731355e-01
4.903904349058012535e-01
4.946902718987114533e-01
4.989811429511141205e-01
5.032631167831628227e-01
5.075362599477278858e-01
5.118006358854993998e-01
5.160563007574083816e-01
5.203032976309199809e-01
5.245416510094427220e-01
5.287713634553523612e-01
5.329924153058693825e-01
5.372047675696582925e-01
5.414083673404214148e-01
5.456031546033260904e-01
5.497890691103636263e-01
5.539660559955298380e-01
5.581340689867174687e-01
5.622930705072645141e-01
5.664430286690872451e-01
5.705839120087162764e-01
5.747156835053526258e-01
5.788382956340394347e-01
5.829516878480260900e-01
5.870557871396936411e-01
5.911505115224769957e-01
5.952357756487811624e-01
5.993114973979380977e-01
6.033776040914630157e-01
6.074340369904454029e-01
6.114807529518098139e-01
6.155177226552560610e-01
6.195449256584455444e-01
6.235623434837471724e-01
6.275699526059074218e-01
6.315677192755827507e-01
6.355555975527436008e-01
6.395335310159279141e-01
6.435014577217574860e-01
6.474593173336499197e-01
6.514070589461723459e-01
6.553446479485239839e-01
6.592720703003948080e-01
6.631893329401995496e-01
6.670964598220194830e-01
6.709934842228594265e-01
6.748804391283977910e-01
6.787573481836617351e-01
6.826242195479976793e-01
6.864810441094482130e-01
6.903277983208614410e-01
6.941644508617251796e-01
6.979909716153230859e-01
7.018073410619688479e-01
7.056135580512804539e-01
7.094096440544299664e-01
7.131956425495462604e-01
7.169716132609263992e-01
7.207376223976343921e-01
7.244937313259502965e-01
7.282399866694220236e-01
7.319764143829252667e-01
7.357030191408182596e-01
7.394197889735971696e-01
7.431267039499785954e-01
7.468237469893038716e-01
7.505109145324331266e-01
7.541882247213362866e-01
7.578557210051325432e-01
7.615134698770152921e-01
7.651615528164112945e-01
7.688000541761822459e-01
7.724290480730949815e-01
7.760485876774370073e-01
7.796586994969201267e-01
7.832593837422164862e-01
7.868506203134912891e-01
7.904323788128632122e-01
7.940046303519772142e-01
7.975673586660759762e-01
8.011205680893892511e-01
8.046642863818711522e-01
8.081985613913955646e-01
8.117234520768246142e-01
8.152390161010208969e-01
8.187452973275540780e-01
8.222423165681106427e-01
8.257300678475609779e-01
8.292085208390537199e-01
8.326776286308609221e-01
8.361373389745128115e-01
8.395876066285427042e-01
8.430284042187763394e-01
8.464597291553562775e-01
8.498816047241450899e-01
8.532940746700405921e-01
8.566971923067154826e-01
8.600910068809384246e-01
8.634755508310709704e-01
8.668508312529792370e-01
8.702168275229539285e-01
8.735734953025129368e-01
8.769207757042979390e-01
8.802586074918476999e-01
8.835869397457877250e-01
8.869057423171564647e-01
8.902150116218753295e-01
8.935147700898662393e-01
8.968050589966741759e-01
9.000859262510558789e-01
9.033574123263783395e-01
9.066195381451517266e-01
9.098722980483656686e-01
9.131156593884922623e-01
9.163495685235907295e-01
9.195739616338628464e-01
9.227887779837034010e-01
9.259939728855924868e-01
9.291895275760233552e-01
9.323754535723378645e-01
9.355517900612562165e-01
9.387185945462798164e-01
9.418759289786843292e-01
9.450238451175785315e-01
9.481623731605633987e-01
9.512915166251083576e-01
9.544112546122940355e-01
9.575215507494486689e-01
9.606223667820066314e-01
9.637136780190359575e-01
9.667954874778798002e-01
9.698678355774139614e-01
9.729308027922483060e-01
9.759845040763229784e-01
9.790290760671483961e-01
9.820646604672222946e-01
9.850913885261769476e-01
9.881093714380245752e-01
9.911186997986844993e-01
9.941194528627029792e-01
9.971117160897758902e-01
1.000095603801269606e+00
1.003071282625908056e+00
1.006038990683991941e+00
1.008999047335781496e+00
1.011951849356481192e+00
1.014897852090047348e+00
1.017837538203052006e+00
1.020771380702795827e+00
1.023699808977547088e+00
1.026623185668003035e+00
1.029541798766686611e+00
1.032455869181785335e+00
1.035365570638432819e+00
1.038271056786971736e+00
1.041172489499997855e+00
1.044070062194030424e+00
1.046964012622366713e+00
1.049854621361378859e+00
1.052742195433037820e+00
1.055627040631918812e+00
1.058509429631468546e+00
1.061389574149114390e+00
1.064267607774445956e+00
1.067143582491754117e+00
1.070017478176615411e+00
1.072889221657849390e+00
1.075758710568748500e+00
1.078625836789634862e+00
1.081490504431705357e+00
1.084352638026834237e+00
1.087212178152744846e+00
1.090069064243140984e+00
1.092923207254149265e+00
1.095774457005299407e+00
1.098622569338085109e+00
1.101467176689474803e+00
1.104307763317906144e+00
1.107143644650541825e+00
1.109973949944303762e+00
1.112797608744769517e+00
1.115613343856852069e+00
1.118419675571354910e+00
1.121214942293821126e+00
1.123997340306766457e+00
1.126764980148315498e+00
1.129515950860144002e+00
1.132248379231734825e+00
1.134960471454619757e+00
1.137650529127256283e+00
1.140316938004946712e+00
1.142958133759199191e+00
1.145572553135782101e+00
1.148158581453957661e+00
1.150714508808867942e+00
1.153238507322221551e+00
1.155728639152927117e+00
1.158182898673486116e+00
1.160599282950530275e+00
1.162975875704054252e+00
1.165310925567407674e+00
1.167602901969499785e+00
1.169850519707325898e+00
1.172052732231872341e+00
1.174208700375804604e+00
1.176317746566977629e+00
1.178379305225081719e+00
1.180392879179601229e+00
1.182358010101032031e+00
1.184274267908427269e+00
1.186141259699616146e+00
1.187958653638817585e+00
1.189726209210927976e+00
1.191443804155496000e+00
1.193111450664499307e+00
1.194729297694937742e+00
1.196297620417370311e+00
1.197816800497332190e+00
1.199287301890615165e+00
1.200709646672486697e+00
1.202084394709003856e+00
1.203412129974352762e+00
1.204693454988610135e+00
1.205928993186433429e+00
1.207119397345400857e+00
1.208265361116888537e+00
1.209367630699828444e+00
1.210427014698329806e+00
1.211444391571049550e+00
1.212420715067414889e+00
1.213357018230904361e+00
1.214254415944531651e+00
1.215114104929222449e+00
1.215937359107995608e+00
1.216725517941187995e+00
1.217479966227233978e+00
1.218202105952430392e+00
1.218893323277872476e+00
1.219554955386971562e+00
1.220188261763594628e+00
1.220794402690923874e+00
1.221374425434139877e+00
1.221929256857903434e+00
1.222459700700279539e+00
1.222966438269295297e+00
1.223450032437389812e+00
1.223910935836450387e+00
1.224349504485084283e+00
1.224766017328713152e+00
1.225160700483770349e+00
1.225533753130404024e+00
1.225885371036281368e+00
1.226215764195661251e+00
1.226525166729864003e+00
1.226813839146776219e+00
1.227082064540034212e+00
1.227330141071295788e+00
1.227558373278500037e+00
1.227767064633894956e+00
1.227956513436887942e+00
1.228127013502981590e+00
1.228278860140545659e+00
1.228412360753090571e+00
1.228527848491126173e+00
1.228625697136328077e+00
1.228706335903771096e+00
1.228770263702876120e+00
1.228818063010250761e+00
1.228850413439385170e+00
1.228868104237160530e+00
1.228872043528861369e+00
1.228863260730373330e+00
1.228842897995953809e+00
1.228812187749529716e+00
1.228772416545238055e+00
1.228724879781753154e+00
1.228670835130784900e+00
1.228611463080298227e+00
1.228547840477155484e+00
1.228480928863788124e+00
1.228411575725323779e+00
1.228340524678703805e+00
1.228268430195376126e+00
1.228195873072782662e+00
1.228123373939717933e+00
1.228051403222384375e+00
1.227980387058869471e+00
1.227910709561165659e+00
1.227842712499512157e+00
1.227776693818265707e+00
1.227712906334190501e+00
1.227651557584617636e+00
1.227592811257967043e+00
1.227536790147197188e+00
1.227483580245259276e+00
1.227433235478664564e+00
1.227385782605374009e+00
1.227341225915087985e+00
1.227299551502527342e+00
1.227260731000594518e+00
1.227224724745766826e+00
1.227191484402315291e+00
1.227160955101056938e+00
1.227133077159940910e+00
1.227107787454498000e+00
1.227085020500975565e+00
1.227064709307115864e+00
1.227046786036991355e+00
1.227031182528161013e+00
1.227017830692168188e+00
1.227006662823233007e+00
1.226997611834880653e+00
1.226990611440096801e+00
1.226985596287274882e+00
1.226982502061574776e+00
1.226981265559227818e+00
1.226981824740685623e+00
1.226984118767223686e+00
1.226988088024612900e+00
1.226993674136682477e+00
1.227000819970990975e+00
1.227009469638341121e+00
1.227019568487501600e+00
1.227031063096206465e+00
1.227043901259271985e+00
1.227058031974491481e+00
1.227073405426824415e+00
1.227089972971280973e+00
1.227107687114810997e+00
1.227126501497427524e+00
1.227146370872727710e+00
1.227167251087910360e+00
1.227189099063323408e+00
1.227211872771504231e+00
1.227235531215583597e+00
1.227260034406806977e+00
1.227285343340760670e+00
1.227311419971649498e+00
1.227338227183628616e+00
1.227365728757671581e+00
1.227393889331693133e+00
1.227422674350503451e+00
1.227452050000474859e+00
1.227481983121283982e+00
1.227512441083373984e+00
1.227543391614344337e+00
1.227574802549618038e+00
1.227606641471656213e+00
1.227638875186934708e+00
1.227671468970756186e+00
1.227704385488711081e+00
1.227737583287163980e+00
1.227771014750949075e+00
1.227804623490009739e+00
1.227838341296035418e+00
1.227872085167980742e+00
1.227905755432562529e+00
1.227939236450279248e+00
1.227972401254358248e+00
1.228005120195626354e+00
1.228037271602956171e+00
1.228068751126304869e+00
1.228099477087995828e+00
1.228129391266687742e+00
1.228158456349871308e+00
1.228186651848454103e+00
1.228213969866826405e+00
1.228240411460146841e+00
1.228265983802991235e+00
1.228290698122341595e+00
1.228314568247619087e+00
1.228337609619697401e+00
1.228359838625289413e+00
1.228381272155254944e+00
1.228401927314158648e+00
1.228421821230780031e+00
1.228440970935489984e+00
1.228459393281702061e+00
1.228477104896281480e+00
1.228494122148938938e+00
1.228510461134052489e+00
1.228526137660610251e+00
1.228541167247453103e+00
1.228555565121965287e+00
1.228569346221001002e+00
1.228582525193250508e+00
1.228595116402525722e+00
1.228607133931621131e+00
1.228618591586526865e+00
1.228629502900846049e+00
1.228639881140320300e+00
1.228649739307398292e+00
1.228659090145808541e+00
1.228667946145107770e+00
1.228676319545187301e+00
1.228684222340726828e+00
1.228691666285589568e+00
1.228698662897152349e+00
1.228705223460569762e+00
1.228711359032971240e+00
1.228717080447588872e+00
1.228722398317818376e+00
1.228727323041212571e+00
1.228731864803406681e+00
1.228736033581978582e+00
1.228739839150243318e+00
1.228743291080983679e+00
1.228746398750116375e+00
1.228749171340296931e+00
1.228751617844462185e+00
1.228753747069312841e+00
1.228755567638736057e+00
1.228757087997169650e+00
1.228758316412909002e+00
1.228759260981356460e+00
1.228759929628215453e+00
1.228760330112629751e+00
1.228760470030268559e+00
1.228760356816358756e+00
1.228759997748664734e+00
1.228759399950417164e+00
1.228758570393190031e+00
1.228757515899729924e+00
1.228756243146735150e+00
1.228754758667586655e+00
1.228753068855032549e+00
1.228751179963825102e+00
1.228749098113312899e+00
1.228746829289987685e+00
1.228744379349986371e+00
1.228741754021550614e+00
1.228738958907442447e+00
1.228735999487319042e+00
1.228732881120064846e+00
1.228729609046083748e+00
1.228726188389551277e+00
1.228722624160626609e+00
1.228718921257627272e+00
1.228715084469164109e+00
1.228711118476240038e+00
1.228707027854311296e+00
1.228702817075312925e+00
1.228698490509648078e+00
1.228694052428143335e+00
1.228689507003968284e+00
1.228684858314522010e+00
1.228680110343285836e+00
1.228675266981644532e+00
1.228670332030673107e+00
1.228665309202894518e+00
1.228660202124003842e+00
1.228655014334563367e+00
1.228649749291667703e+00
1.228644410370577811e+00
1.228639000866327269e+00
1.228633523995300125e+00
1.228627982896778992e+00
1.228622380634466937e+00
1.228616720197982071e+00
1.228611004504324811e+00
1.228605236399319178e+00
1.228599418659027886e+00
1.228593553991142562e+00
1.228587645036349096e+00
1.228581694369667465e+00
1.228575704501768451e+00
1.228569677880265942e+00
1.228563616890986365e+00
1.228557523859214795e+00
1.228551401050918646e+00
1.228545250673949818e+00
1.228539074879223314e+00
1.228532875761876753e+00
1.228526655362407016e+00
1.228520415667786692e+00
1.228514158612560747e+00
1.228507886079922562e+00
1.228501599902770414e+00
1.228495301864744649e+00
1.228488993701245979e+00
1.228482677100435350e+00
1.228476353704214485e+00
1.228470025109189567e+00
1.228463692867616475e+00
1.228457358488328932e+00
1.228451023437649337e+00
1.228444689140282264e+00
1.228438356980192880e+00
1.228432028301467582e+00
1.228425704409159103e+00
1.228419386570116512e+00
1.228413076013799232e+00
1.228406773933075513e+00
1.228400481485007134e+00
1.228394199791618124e+00
1.228387929940650158e+00
1.228381672986303519e+00
1.228375429949963404e+00
1.228369201820913803e+00
1.228362989557037155e+00
1.228356794085500692e+00
1.228350616303430787e+00
1.228344457078573093e+00
1.228338317249941358e+00
1.228332197628454026e+00
1.228326098997557514e+00
1.228320022113839061e+00
1.228313967707626464e+00
1.228307936483578056e+00
1.228301929121259795e+00
1.228295946275712591e+00
1.228289988578007419e+00
1.228284056635791543e+00
1.228278151033822096e+00
1.228272272334491433e+00
1.228266421078340720e+00
1.228260597784564867e+00
1.228254802951506797e+00
1.228249037057142390e+00
1.228243300559556106e+00
1.228237593897407054e+00
1.228231917490386849e+00
1.228226271739667030e+00
1.228220657028338936e+00
1.228215073721844686e+00
1.228209522168399515e+00
1.228204002699405883e+00
1.228198515629858933e+00
1.228193061258745056e+00
1.228187639869431802e+00
1.228182251730049579e+00
1.228176897093866904e+00
1.228171576199657666e+00
1.228166289272060618e+00
1.228161036521932203e+00
1.228155818146692502e+00
1.228150634330663626e+00
1.228145485245401458e+00
1.228140371050021384e+00
1.228135291891516045e+00
1.228130247905068639e+00
1.228125239214357789e+00
1.228120265931857524e+00
1.228115328159130826e+00
1.228110425987116949e+00
1.228105559496413202e+00
1.228100728757550719e+00
1.228095933831264919e+00
1.228091174768759508e+00
1.228086451611966057e+00
1.228081764393797570e+00
1.228077113138397403e+00
1.228072497861381729e+00
1.228067918570078465e+00
1.228063375263760637e+00
1.228058867933873977e+00
1.228054396564261408e+00
1.228049961131381096e+00
1.228045561604521163e+00
1.228041197946009300e+00
1.228036870111417711e+00
1.228032578049764290e+00
1.228028321703709125e+00
1.228024101009746794e+00
1.228019915898394432e+00
1.228015766294376254e+00
1.228011652116803409e+00
1.228007573279350284e+00
1.228003529690427031e+00
1.227999521253348325e+00
1.227995547866498116e+00
1.227991609423491504e+00
1.227987705813331942e+00
1.227983836920565786e+00
1.227980002625433498e+00
1.227976202804016870e+00
1.227972437328383348e+00
1.227968706066727256e+00
1.227965008883507680e+00
1.227961345639582813e+00
1.227957716192342286e+00
1.227954120395835513e+00
1.227950558100897593e+00
1.227947029155272540e+00
1.227943533403732967e+00
1.227940070688197549e+00
1.227936640847845817e+00
1.227933243719230072e+00
1.227929879136385072e+00
1.227926546930933949e+00
1.227923246932193679e+00
1.227919978967276338e+00
1.227916742861188348e+00
1.227913538436927965e+00
1.227910365515580082e+00
1.227907223916408386e+00
1.227904113456945945e+00
1.227901033953083143e+00
1.227897985219153609e+00
1.227894967068018151e+00
1.227891979311146686e+00
1.227889021758697741e+00
1.227886094219596380e+00
1.227883196501610152e+00
1.227880328411423250e+00
1.227877489754708007e+00
1.227874680336195956e+00
1.227871899959745994e+00
1.227869148428410773e+00
1.227866425544502649e+00
1.227863731109656298e+00
1.227861064924890666e+00
1.227858426790669144e+00
1.227855816506958186e+00
1.227853233873283934e+00
1.227850678688788388e+00
1.227848150752282708e+00
1.227845649862300048e+00
1.227843175817146637e+00
1.227840728414951732e+00
1.227838307453715805e+00
1.227835912731357171e+00
1.227833544045758396e+00
1.227831201194810484e+00
1.227828883976455732e+00
1.227826592188730137e+00
1.227824325629803814e+00
1.227822084098020738e+00
1.227819867391937159e+00
1.227817675310358903e+00
1.227815507652377569e+00
1.227813364217405390e+00
1.227811244805209645e+00
1.227809149215945528e+00
1.227807077250187895e+00
1.227805028708963020e+00
1.227803003393777681e+00
1.227801001106648693e+00
1.227799021650131328e+00
1.227797064827346407e+00
1.227795130442006277e+00
1.227793218298440792e+00
1.227791328201621734e+00
1.227789459957186802e+00
1.227787613371462472e+00
1.227785788251486432e+00
1.227783984405028450e+00
1.227782201640611914e+00
1.227780439767532927e+00
1.227778698595880291e+00
1.227776977936553493e+00
1.227775277601280468e+00
1.227773597402635142e+00
1.227771937154053417e+00
1.227770296669849603e+00
1.227768675765231077e+00
1.227767074256313151e+00
1.227765491960133071e+00
1.227763928694662887e+00
1.227762384278823005e+00
1.227760858532493948e+00
1.227759351276528133e+00
1.227757862332761407e+00
1.227756391524023272e+00
1.227754938674146867e+00
1.227753503607979191e+00
1.227752086151389976e+00
1.227750686131280133e+00
1.227749303375590184e+00
1.227747937713308035e+00
1.227746588974476305e+00
1.227745256990199207e+00
1.227743941592648769e+00
1.227742642615071489e+00
1.227741359891793227e+00
1.227740093258225196e+00
1.227738842550868403e+00
1.227737607607318315e+00
1.227736388266269296e+00
1.227735184367517718e+00
1.227733995751966400e+00
1.227732822261626833e+00
1.227731663739622947e+00
1.227730520030192451e+00
1.227729390978690382e+00
1.227728276431589771e+00
1.227727176236484086e+00
1.227726090242088119e+00
1.227725018298239545e+00
1.227723960255898916e+00
1.227722915967150996e+00
1.227721885285204317e+00
1.227720868064392068e+00
1.227719864160170982e+00
1.227718873429121338e+00
1.227717895728946518e+00
1.227716930918471672e+00
1.227715978857643053e+00
1.227715039407526021e+00
1.227714112430304150e+00
1.227713197789277455e+00
1.227712295348860394e+00
1.227711404974579867e+00
1.227710526533072555e+00
1.227709659892083138e+00
1.227708804920461416e+00
1.227707961488159194e+00
1.227707129466228064e+00
1.227706308726816076e+00
1.227705499143163959e+00
1.227704700589602682e+00
1.227703912941549680e+00
1.227703136075504631e+00
1.227702369869046350e+00
1.227701614200829017e+00
1.227700868950577506e+00
1.227700133999084064e+00
1.227699409228203642e+00
1.227698694520849676e+00
1.227697989760989428e+00
1.227697294833639763e+00
1.227696609624862489e+00
1.227695934021759472e+00
1.227695267912468413e+00
1.227694611186156859e+00
1.227693963733018201e+00
1.227693325444266348e+00
1.227692696212130397e+00
1.227692075929849747e+00
1.227691464491668771e+00
1.227690861792831045e+00
1.227690267729574680e+00
1.227689682199126331e+00
1.227689105099695865e+00
1.227688536330470814e+00
1.227687975791610819e+00
1.227687423384241860e+00
1.227686879010450705e+00
1.227686342573278910e+00
1.227685813976717055e+00
1.227685293125699184e+00
1.227684779926096592e+00
1.227684274284712274e+00
1.227683776109274705e+00
1.227683285308432071e+00
1.227682801791746048e+00
1.227682325469686031e+00
1.227681856253622694e+00
1.227681394055822439e+00
1.227680938789440956e+00
1.227680490368517452e+00
1.227680048707967986e+00
1.227679613723579699e+00
1.227679185332004819e+00
1.227678763450753996e+00
1.227678347998190755e+00
1.227677938893524612e+00
1.227677536056805518e+00
1.227677139408917206e+00
1.227676748871571633e+00
1.227676364367301876e+00
1.227675985819456583e+00
1.227675613152193534e+00
1.227675246290473421e+00
1.227674885160054075e+00
1.227674529687483584e+00
1.227674179800094523e+00
1.227673835425997950e+00
1.227673496494076755e+00
1.227673162933979878e+00
1.227672834676115876e+00
1.227672511651646925e+00
1.227672193792482602e+00
1.227671881031274115e+00
1.227671573301407859e+00
1.227671270536999204e+00
1.227670972672886718e+00
1.227670679644626173e+00
1.227670391388483884e+00
1.227670107841431602e+00
1.227669828941139851e+00
1.227669554625972159e+00
1.227669284834978836e+00
1.227669019507891424e+00
1.227668758585116704e+00
1.227668502007730478e+00
1.227668249717472237e+00
1.227668001656738506e+00
1.227667757768577728e+00
1.227667517996684277e+00
1.227667282285392236e+00
1.227667050579670294e+00
1.227666822825115744e+00
1.227666598967948719e+00
1.227666378955006410e+00
1.227666162733737520e+00
