1.999789999999999901e-01
1.999789999999999901e-01
1.999789284848329796e-01
1.999787176200330530e-01
1.999783033143755773e-01
1.999776253402539838e-01
1.999766275459139986e-01
1.999752581832592579e-01
1.999734703593807339e-01
1.999712225904672902e-01
1.999684793793755078e-01
1.999652116404234681e-01
1.999613966731809689e-01
1.999570173369241977e-01
1.999520602823740278e-01
1.999465136362581497e-01
1.999403650527124265e-01
1.999336009317095042e-01
1.999262068460019304e-01
1.999181685636941819e-01
1.999094730098811279e-01
1.999001088523865710e-01
1.998900667056889568e-01
1.998793390672045089e-01
1.998679200943224710e-01
1.998558052976253108e-01
1.998429912102854533e-01
1.998294750918599705e-01
1.998152547189377126e-01
1.998003282967844296e-01
1.997846945000268382e-01
1.997683526273787147e-01
1.997513028433030580e-01
1.997335464790188642e-01
1.997150863718617775e-01
1.996959272303286403e-01
1.996760760190590678e-01
1.996555423632080939e-01
1.996343389763480247e-01
1.996124821212038603e-01
1.995899921178622693e-01
1.995668939181170776e-01
1.995432177658019446e-01
1.995189999610033627e-01
1.994942837423802073e-01
1.994691202991847878e-01
1.994435699257474381e-01
1.994177033370529706e-01
1.993916031716751469e-01
1.993653657099669907e-01
1.993391028196117021e-01
1.993129440962123633e-01
1.992870390878561382e-01
1.992615593842182731e-01
1.992367002310480584e-01
1.992126812331100061e-01
1.991897456793112198e-01
1.991681581129385037e-01
1.991482000097884730e-01
1.991301638015023912e-01
1.991143459054782738e-01
1.991010397553470979e-01
1.990905299272904827e-01
1.990830882622274811e-01
1.990789724406914207e-01
1.990784269128065553e-01
1.990816855761181892e-01
1.990889752443222582e-01
1.991005188172595419e-01
1.991165371617366897e-01
1.991372490318440436e-01
1.991628688501827504e-01
1.991936027368950979e-01
1.992296436576607155e-01
1.992711668067826958e-01
1.993183262627508667e-01
1.993712535902684435e-01
1.994300585554339977e-01
1.994948316352409823e-01
1.995656476568467008e-01
1.996425697430306845e-01
1.997256527648753055e-01
1.998149456886037512e-01
1.999104925185700432e-01
2.000123319269328237e-01
2.001204960305551783e-01
2.002350090156644058e-01
2.003558863387228106e-01
2.004831350420390179e-01
2.006167553890473298e-01
2.007567436570588115e-01
2.009030956169972904e-01
2.010558100311840013e-01
2.012148914340901318e-01
2.013803515442666170e-01
2.015522089032726338e-01
2.017304867351033260e-01
2.019152094886699500e-01
2.021063989214910983e-01
2.023040707511526981e-01
2.025082327667671322e-01
2.027188849056213715e-01
2.029360213012535163e-01
2.031596338456136408e-01
2.033897164711549188e-01
2.036262691822468829e-01
2.038693008627572578e-01
2.041188300804227529e-01
2.043748835156197208e-01
2.046374922213892167e-01
2.049066865318661945e-01
2.051824908637871758e-01
2.054649197214902800e-01
2.057539758881530012e-01
2.060496511996137148e-01
2.063519296612750242e-01
2.066607921494937605e-01
2.069762216088665840e-01
2.072982075261116108e-01
2.076267485376178390e-01
2.079618523402571029e-01
2.083035326344899740e-01
2.086518035534664361e-01
2.090066727141142444e-01
2.093681344051795123e-01
2.097361643416655042e-01
2.101107169141164799e-01
2.104917251689389368e-01
2.108791031248946901e-01
2.112727496121696580e-01
2.116725526382022271e-01
2.120783932944579897e-01
2.124901483766586940e-01
2.129076911786036974e-01
2.133308903152772440e-01
2.137596068660153059e-01
2.141936904790821550e-01
2.146329752212663700e-01
2.150772758509237326e-01
2.155263849218247429e-01
2.159800708408309011e-01
2.164380768370628982e-01
2.169001208034559702e-01
2.173658961040256521e-01
2.178350736015918498e-01
2.183073052287942961e-01
2.187822293027243126e-01
2.192594774551172021e-01
2.197386826209722366e-01
2.202194871936915543e-01
2.207015503878042018e-01
2.211845540850944924e-01
2.216682068497243252e-01
2.221522461878982502e-01
2.226364393548672937e-01
2.231205830430020021e-01
2.236045021777943731e-01
2.240880479060667341e-01
2.245710947833146620e-01
2.250535372184298000e-01
2.255352854092483594e-01
2.260162612192326004e-01
2.264963945810498369e-01
2.269756209771189026e-01
2.274538803406333243e-01
2.279311174228910442e-01
2.284072833797257118e-01
2.288823380989331580e-01
2.293562526369091747e-01
2.298290110632980887e-01
2.303006110586739708e-01
2.307710628234977690e-01
2.312403862581740577e-01
2.317086068910862717e-01
2.321757514843814652e-01
2.326418444335217051e-01
2.331069059035543178e-01
2.335709521928050481e-01
2.340339982685327169e-01
2.344960619415336622e-01
2.349571688061599384e-01
2.354173568689035823e-01
2.358766797281522942e-01
2.363352073074184989e-01
2.367930235654100712e-01
2.372502213145132044e-01
2.377068951083784465e-01
2.381631337905944223e-01
2.386190144348643849e-01
2.390745989879748401e-01
2.395299341583128072e-01
2.399850542943834097e-01
2.404399863974373830e-01
2.408947560698787849e-01
2.413493930759580131e-01
2.418039352522555474e-01
2.422584297844447287e-01
2.427129314150443806e-01
2.431674979246221391e-01
2.436221840260972826e-01
2.440770353089689870e-01
2.445320838367409100e-01
2.449873464643614884e-01
2.454428261633331276e-01
2.458985159200845760e-01
2.463544042758709918e-01
2.468104813162751987e-01
2.472667438458767963e-01
2.477231985877083598e-01
2.481798625795400004e-01
2.486367605439817885e-01
2.490939198073330030e-01
2.495513640795261612e-01
2.500091077653912031e-01
2.504671522859523991e-01
2.509254852541081826e-01
2.513840825665111800e-01
2.518429128155518226e-01
2.523019430073643043e-01
2.527611443729992913e-01
2.532204970324469784e-01
2.536799924253824723e-01
2.541396328231439461e-01
2.545994279089155432e-01
2.550593892295159870e-01
2.555195239888174430e-01
2.559798298646869252e-01
2.564402921895623244e-01
2.569008841190721371e-01
2.573615696370352146e-01
2.578223086444463297e-01
2.582830630207605394e-01
2.587438023858376068e-01
2.592045082966855651e-01
2.596651758250564379e-01
2.601258119584194950e-01
2.605864310448428589e-01
2.610470483696044064e-01
2.615076735616653769e-01
2.619683055894249657e-01
2.624289305954505269e-01
2.628895229972277869e-01
2.633500494809561943e-01
2.638104749413651695e-01
2.642707690964938849e-01
2.647309123762288663e-01
2.651908997331286488e-01
2.656507413246756988e-01
2.661104596511196796e-01
2.665700836528305806e-01
2.670296412006822329e-01
2.674891519506139570e-01
2.679486224151888529e-01
2.684080444040359836e-01
2.688673970444145356e-01
2.693266517660448667e-01
2.697857790875933803e-01
2.702447557592587701e-01
2.707035707309393135e-01
2.711622285348961325e-01
2.716207490888210563e-01
2.720791637098550764e-01
2.725375081677369193e-01
2.729958145397282099e-01
2.734541040336105344e-01
2.739123826199084122e-01
2.743706404423870704e-01
2.748288549639535394e-01
2.752869969931863725e-01
2.757450382388988430e-01
2.762029588034639049e-01
2.766607529881310312e-01
2.771184319818394970e-01
2.775760225515444546e-01
2.780335617880654309e-01
2.784910890921212800e-01
2.789486374769613031e-01
2.794062264901129855e-01
2.798638585124951228e-01
2.803215191710188292e-01
2.807791815512555300e-01
2.812368131252933057e-01
2.816943838731896244e-01
2.821518738935278048e-01
2.826092788208562356e-01
2.830666116619791617e-01
2.835239003475784614e-01
2.839811813632912019e-01
2.844384909935598338e-01
2.848958564938656179e-01
2.853532895171259076e-01
2.858107833699478073e-01
2.862683145527729067e-01
2.867258480034566848e-01
2.871833447639929870e-01
2.876407704240814822e-01
2.880981025676745966e-01
2.885553355357189376e-01
2.890124812162455092e-01
2.894695653921450229e-01
2.899266203456178359e-01
2.903836755696109773e-01
2.908407490556526587e-01
2.912978414057317278e-01
2.917549340904941890e-01
2.922119920075610389e-01
2.926689695181874384e-01
2.931258185352084156e-01
2.935824969499242210e-01
2.940389756231790441e-01
2.944952423305288725e-01
2.949513015568739349e-01
2.954071699642019655e-01
2.958628685612276210e-01
2.963184136551097470e-01
2.967738090685856922e-01
2.972290416628994847e-01
2.976840811686301547e-01
2.981388841787446231e-01
2.985934012736594645e-01
2.990475857251753133e-01
2.995014019826237606e-01
2.999548321093457037e-01
3.004078785681673081e-01
3.008605623961551068e-01
3.013129169094966309e-01
3.017649783933915031e-01
3.022167762335387087e-01
3.026683251419493015e-01
3.031196214328581995e-01
3.035706440914524018e-01
3.040213601788234743e-01
3.044717332601578619e-01
3.049217330639952817e-01
3.053713443721184362e-01
3.058205731596135291e-01
3.062694483604714857e-01
3.067180184878235405e-01
3.071663436739597852e-01
3.076144851384811085e-01
3.080624950163630693e-01
3.085104094141809528e-01
3.089582465645331344e-01
3.094060105243273684e-01
3.098536995678770056e-01
3.103013175272416602e-01
3.107488857995274745e-01
3.111964534702092999e-01
3.116441030329551998e-01
3.120919497429064937e-01
3.125401339333847006e-01
3.129888075259413260e-01
3.134381178281324676e-01
3.138881926673566802e-01
3.143391304609568504e-01
3.147909972460506411e-01
3.152438307764099945e-01
3.156976502432785048e-01
3.161524692458348440e-01
3.166083092115218323e-01
3.170652103806137490e-01
3.175232377432917752e-01
3.179824801551911495e-01
3.184430423961393530e-01
3.189050319164915548e-01
3.193685437011699046e-01
3.198336472611121861e-01
3.203003789536499890e-01
3.207687411052999593e-01
3.212387075834871597e-01
3.217102341294432177e-01
3.221832710454642923e-01
3.226577755558403537e-01
3.231337211823329114e-01
3.236111018431121478e-01
3.240899292882167826e-01
3.245702239846453563e-01
3.250520013164737709e-01
3.255352562545293371e-01
3.260199498369266147e-01
3.265059998301600430e-01
3.269932763874756065e-01
3.274816021456040116e-01
3.279707554594999963e-01
3.284604753911600783e-01
3.289504674041967558e-01
3.294404091856220629e-01
3.299299564027035059e-01
3.304187483829147953e-01
3.309064136568248271e-01
3.313925751097531180e-01
3.318768543020113038e-01
3.323588744776722614e-01
3.328382619268208664e-01
3.333146456325087881e-01
3.337876554289287423e-01
3.342569191701564857e-01
3.347220596524712044e-01
3.351826922351199833e-01
3.356384241926853029e-01
3.360888566753690299e-01
3.365335896454349496e-01
3.369722293585021844e-01
3.374043971612373793e-01
3.378297379747797757e-01
3.382479270351964051e-01
3.386586741275241508e-01
3.390617253081529281e-01
3.394568626339727890e-01
3.398439025881670461e-01
3.402226937816090757e-01
3.405931142640797327e-01
3.409550685447441110e-01
3.413084843005754210e-01
3.416533087908810717e-01
3.419895051643511152e-01
3.423170490359920826e-01
3.426359257996084429e-01
3.429461290647177196e-01
3.432476604000145315e-01
3.435405303158696189e-01
3.438247601923362651e-01
3.441003846731996996e-01
3.443674538956726372e-01
3.446260348328335499e-01
3.448762110691522276e-01
3.451180806061029394e-01
3.453517518281623011e-01
3.455773384064187992e-01
3.457949543928794389e-01
3.460047108144955197e-01
3.462067146867671696e-01
3.464010707364124642e-01
3.465878855060172126e-01
3.467672730454446350e-01
3.469393610688165652e-01
3.471042962289435652e-01
3.472622470693100816e-01
3.474134034058508624e-01
3.475579715305486261e-01
3.476961656969603798e-01
3.478281975015440897e-01
3.479542654713335126e-01
3.480745470395666952e-01
3.481891942343607327e-01
3.482983332916576025e-01
3.484020675062985961e-01
3.485004821593497559e-01
3.485936502482014920e-01
3.486816378486028434e-01
3.487645081607616548e-01
3.488423236346689937e-01
3.489151460598572396e-01
3.489830350890119615e-01
3.490460461641378132e-01
3.491042290113815505e-01
3.491576276763830311e-01
3.492062825980435936e-01
3.492502346800759883e-01
3.492895308731865378e-01
3.493242304558544231e-01
3.493544109605418169e-01
3.493801725384140244e-01
3.494016396003650216e-01
3.494189589944625141e-01
3.494322948685417152e-01
3.494418215335164390e-01
3.494477166089235975e-01
3.494501570018400671e-01
3.494493196977405680e-01
3.494453882171853487e-01
3.494385643598985070e-01
3.494290837782657588e-01
3.494172329938694532e-01
3.494033646246249014e-01
3.493879069604082233e-01
3.493713640744088855e-01
3.493543039850720011e-01
3.493373351869092924e-01
3.493210753972544325e-01
3.493061190225824619e-01
3.492930101929481168e-01
3.492822260880092400e-01
3.492741719010714618e-01
3.492691857515011211e-01
3.492675500941525568e-01
3.492695057264175174e-01
3.492752649197683468e-01
3.492850210631041064e-01
3.492989532611561199e-01
3.493172254888411432e-01
3.493399810612808909e-01
3.493673341401583587e-01
3.493993605087946097e-01
3.494360897569541713e-01
3.494775003891814058e-01
3.495235184781422810e-01
3.495740196530307542e-01
3.496288336652151885e-01
3.496877505642560502e-01
3.497505275741194519e-01
3.498168959607331208e-01
3.498865674219225341e-01
3.499592397439397762e-01
3.500346016284722195e-01
3.501123366984647545e-01
3.501921267503832480e-01
3.502736543477629749e-01
3.503566048576968184e-01
3.504406680271190955e-01
3.505255391852690194e-01
3.506109201462442870e-01
3.506965198731498146e-01
3.507820549540490163e-01
3.508672499301502823e-01
3.509518375084775821e-01
3.510355586845713693e-01
3.511181627953586237e-01
3.511994075180158714e-01
3.512790588272302061e-01
3.513568909205694313e-01
3.514326861195565810e-01
3.515062347523858488e-01
3.515773350229174365e-01
3.516457928695736479e-01
3.517114218169595241e-01
3.517740428224054305e-01
3.518334841191320117e-01
3.518895810573428595e-01
3.519421759442278308e-01
3.519911178835904431e-01
3.520362626155773000e-01
3.520774723567641762e-01
3.521146156406255168e-01
3.521475671581523192e-01
3.521762075980602313e-01
3.522004234855952154e-01
3.522201070183397786e-01
3.522351558965507445e-01
3.522454731442828946e-01
3.522509669156673739e-01
3.522515502779088314e-01
3.522471409583856072e-01
3.522376610369937766e-01
3.522230365555537590e-01
3.522031970021791136e-01
3.521780746077705637e-01
3.521476033610002054e-01
3.521117176026602458e-01
3.520703499936526648e-01
3.520234285547471642e-01
3.519708723405500783e-01
3.519125851257537407e-01
3.518484462474396057e-01
3.517782974868109980e-01
3.517019246725074932e-01
3.516190327587653819e-01
3.515292139098825097e-01
3.514319103181813841e-01
3.513263778643426205e-01
3.512116631846306514e-01
3.510866123967069097e-01
3.509499279829439433e-01
3.508002747249905351e-01
3.506364103177913583e-01
3.504572998506995662e-01
3.502621814084583840e-01
3.500505757444252741e-01
3.498222551589856288e-01
3.495771935452988144e-01
3.493155146644340570e-01
3.490374476100261969e-01
3.487432922070789476e-01
3.484333937691087013e-01
3.481081254099980815e-01
3.477678759750859050e-01
3.474130419554786742e-01
3.470440221433325756e-01
3.466612141382469647e-01
3.462650120888843275e-01
3.458558052524688398e-01
3.454339770930714981e-01
3.449999047335975400e-01
3.445539586393737697e-01
3.440965024530422967e-01
3.436278929280584538e-01
3.431484799262369267e-01
3.426586064566982115e-01
3.421586087413728827e-01
3.416488162973367881e-01
3.411295520296008243e-01
3.406011323301758598e-01
3.400638671806735513e-01
3.395180602566489902e-01
3.389640090325123922e-01
3.384020048862438901e-01
3.378323332034154913e-01
3.372552734801997354e-01
3.366710994251618239e-01
3.360800790597083809e-01
3.354824748171171822e-01
3.348785436401052196e-01
3.342685370769145070e-01
3.336527013759102434e-01
3.330312775786944401e-01
3.324045016117456730e-01
3.317726043765980570e-01
3.311358118385769322e-01
3.304943451141090227e-01
3.298484205566264427e-01
3.291982498410843672e-01
3.285440400471122957e-01
3.278859937408194480e-01
3.272243090552740541e-01
3.265591797696766330e-01
3.258907953872473562e-01
3.252193412118464799e-01
3.245449984233481633e-01
3.238679441517858248e-01
3.231883515502885218e-01
3.225063898668268925e-01
3.218222245147868144e-01
3.211360171423887633e-01
3.204479257009712478e-01
3.197581045121551946e-01
3.190667043339068809e-01
3.183738724255166241e-01
3.176797526115097137e-01
3.169844853445061839e-01
3.162882077670460257e-01
3.155910537723952691e-01
3.148931540643494231e-01
3.141946362160493722e-01
3.134956247278252173e-01
3.127962410840833263e-01
3.120966038092512496e-01
3.113968285227952104e-01
3.106970279933246593e-01
3.099973121917982688e-01
3.092977883438449149e-01
3.085985609812141872e-01
3.078997319923692522e-01
3.072014006722358359e-01
3.065036637711207601e-01
3.058066155428124655e-01
3.051103477918767903e-01
3.044149499201603271e-01
3.037205089725140139e-01
3.030271096817489518e-01
3.023348345128366033e-01
3.016437637063653088e-01
3.009539753212647772e-01
3.002655452768098199e-01
2.995785473939151511e-01
2.988930534357319146e-01
2.982091331475572593e-01
2.975268542960677887e-01
2.968462827078872657e-01
2.961674823074994523e-01
2.954905151545161868e-01
2.948154414803108581e-01
2.941423197240278231e-01
2.934712065679767057e-01
2.928021569724223450e-01
2.921352242097791096e-01
2.914704598982198469e-01
2.908079140347079039e-01
2.901476350274621585e-01
2.894896697278634967e-01
2.888340634618121183e-01
2.881808600605438864e-01
2.875301018909148243e-01
2.868818298851620319e-01
2.862360835701491801e-01
2.855929010961053560e-01
2.849523192648647507e-01
2.843143735576156295e-01
2.836790981621660768e-01
2.830465259997347327e-01
2.824166887512735702e-01
2.817896168833305959e-01
2.811653396734598576e-01
2.805438852351859191e-01
2.799252805425299639e-01
2.793095514541045210e-01
2.786967227367841970e-01
2.780868180889585206e-01
2.774798601633744477e-01
2.768758705895743022e-01
2.762748699959366450e-01
2.756768780313255673e-01
2.750819133863554589e-01
2.744899938142771334e-01
2.739011361514914755e-01
2.733153563376966577e-01
2.727326694356752013e-01
2.721530896507260988e-01
2.715766303497485490e-01
2.710033040799821324e-01
2.704331225874099798e-01
2.698660968348294276e-01
2.693022370195966020e-01
2.687415525910492597e-01
2.681840522676140481e-01
2.676297440536029026e-01
2.670786352557034671e-01
2.665307324991691429e-01
2.659860417437133195e-01
2.654445682991125044e-01
2.649063168405237922e-01
2.643712914235204492e-01
2.638394954988511620e-01
2.633109319269268944e-01
2.627856029920402348e-01
2.622635104163212882e-01
2.617446553734349979e-01
2.612290385020235584e-01
2.607166599188985856e-01
2.602075192319871499e-01
2.597016155530356141e-01
2.591989475100754947e-01
2.586995132596549563e-01
2.582033104988404326e-01
2.577103364769915972e-01
2.572205880073138995e-01
2.567340614781922215e-01
2.562507528643093169e-01
2.557706577375526424e-01
2.552937712777132995e-01
2.548200882829802505e-01
2.543496031802335300e-01
2.538823100351398354e-01
2.534182025620534962e-01
2.529572741337266506e-01
2.524995177908314070e-01
2.520449262512973743e-01
2.515934919194675601e-01
2.511452068950759120e-01
2.507000629820493320e-01
2.502580516971372737e-01
2.498191642783718636e-01
2.493833916933612393e-01
2.489507246474192970e-01
2.485211535915343439e-01
2.480946687301794906e-01
2.476712600289676103e-01
2.472509172221533658e-01
2.468336298199850509e-01
2.464193871159087446e-01
2.460081781936274692e-01
2.455999919340175752e-01
2.451948170219050982e-01
2.447926419527044484e-01
2.443934550389215976e-01
2.439972444165244558e-01
2.436039980511824354e-01
2.432137037443777294e-01
2.428263491393903295e-01
2.424419217271590599e-01
2.420604088520209307e-01
2.416817977173306153e-01
2.413060753909625489e-01
2.409332288106973974e-01
2.405632447894949510e-01
2.401961100206557731e-01
2.398318110828730199e-01
2.394703344451768467e-01
2.391116664717731211e-01
2.387557934267781068e-01
2.384027014788514531e-01
2.380523767057287354e-01
2.377048050986557137e-01
2.373599725667260019e-01
2.370178649411236460e-01
2.366784679792726109e-01
2.363417673688947007e-01
2.360077487319774681e-01
2.356763976286538331e-01
2.353476995609950773e-01
2.350216399767185715e-01
2.346982042728119888e-01
2.343773777990752205e-01
2.340591458615819132e-01
2.337434937260616519e-01
2.334304066212045115e-01
2.331198697418892796e-01
2.328118682523367122e-01
2.325063872891893202e-01
2.322034119645189354e-01
2.319029273687633341e-01
2.316049185735933602e-01
2.313093706347116862e-01
2.310162685945846006e-01
2.307255974851079583e-01
2.304373423302085166e-01
2.301514881483819608e-01
2.298680199551687287e-01
2.295869227655686629e-01
2.293081815963959325e-01
2.290317814685750575e-01
2.287577074093792295e-01
2.284859444546121221e-01
2.282164776507340787e-01
2.279492920569339276e-01
2.276843727471471457e-01
2.274217048120218132e-01
2.271612733608329160e-01
2.269030635233462712e-01
2.266470604516329368e-01
2.263932493218351050e-01
2.261416153358842274e-01
2.258921437231725671e-01
2.256448197421788704e-01
2.253996286820491024e-01
2.251565558641331066e-01
2.249155866434781048e-01
2.246767064102798417e-01
2.244399005912920686e-01
2.242051546511953930e-01
2.239724540939262432e-01
2.237417844639665310e-01
2.235131313475950676e-01
2.232864803741013149e-01
2.230618172169622215e-01
2.228391275949830608e-01
2.226183972734026295e-01
2.223996120649638919e-01
2.221827578309505669e-01
2.219678204821903811e-01
2.217547859800255705e-01
2.215436403372515461e-01
2.213343696190240295e-01
2.211269599437355737e-01
2.209213974838619976e-01
2.207176684667792321e-01
2.205157591755514124e-01
2.203156559496906586e-01
2.201173451858891295e-01
2.199208133387239583e-01
2.197260469213356548e-01
2.195330325060804999e-01
2.193417567251574885e-01
2.191522062712102925e-01
2.189643678979048824e-01
2.187782284204832506e-01
2.185937747162937650e-01
2.184109937252985689e-01
2.182298724505586929e-01
2.180503979586972396e-01
2.178725573803410587e-01
2.176963379105414931e-01
2.175217268091746425e-01
2.173487114013215038e-01
2.171772790776284601e-01
2.170074172946486468e-01
2.168391135751644716e-01
2.166723555084917874e-01
2.165071307507661358e-01
2.163434270252114489e-01
2.161812321223915145e-01
2.160205339004447334e-01
2.158613202853025548e-01
2.157035792708917321e-01
2.155472989193210342e-01
2.153924673610526364e-01
2.152390727950586335e-01
2.150871034889628441e-01
2.149365477791684576e-01
2.147873940709717211e-01
2.146396308386620544e-01
2.144932466256088965e-01
2.143482300443356192e-01
2.142045697765807277e-01
2.140622545733468218e-01
2.139212732549374552e-01
2.137816147109822540e-01
2.136432679004505730e-01
2.135062218516540766e-01
2.133704656622382734e-01
2.132359884991635313e-01
2.131027795986756568e-01
2.129708282662664542e-01
2.128401238766244319e-01
2.127106558735758490e-01
2.125824137700165206e-01
2.124553871478344624e-01
2.123295656578236823e-01
2.122049390195893670e-01
2.120814970214447148e-01
2.119592295202994969e-01
2.118381264415406806e-01
2.117181777789054753e-01
2.115993735943466070e-01
2.114817040178905150e-01
2.113651592474882490e-01
2.112497295488595939e-01
2.111354052553303662e-01
2.110221767676632720e-01
2.109100345538824361e-01
2.107989691490917139e-01
2.106889711552870637e-01
2.105800312411631181e-01
2.104721401419142046e-01
2.103652886590298698e-01
2.102594676600850476e-01
2.101546680785252863e-01
2.100508809134468413e-01
2.099480972293721326e-01
2.098463081560204280e-01
2.097455048880741413e-01
2.096456786849406617e-01
2.095468208705101032e-01
2.094489228329089736e-01
2.093519760242498751e-01
2.092559719603774848e-01
2.091609022206108170e-01
2.090667584474820428e-01
2.089735323464718963e-01
2.088812156857418056e-01
2.087898002958629151e-01
2.086992780695420269e-01
2.086096409613447111e-01
2.085208809874155855e-01
2.084329902251959854e-01
2.083459608131389140e-01
2.082597849504218002e-01
2.081744548966566188e-01
2.080899629715979859e-01
2.080063015548489769e-01
2.079234630855650301e-01
2.078414400621557689e-01
2.077602250419849916e-01
2.076798106410690514e-01
2.076001895337733216e-01
2.075213544525073006e-01
2.074432981874181625e-01
2.073660135860828091e-01
2.072894935531986726e-01
2.072137310502733254e-01
2.071387190953128121e-01
2.070644507625089836e-01
2.069909191819257754e-01
2.069181175391845429e-01
2.068460390751485911e-01
2.067746770856068728e-01
2.067040249209569081e-01
2.066340759858871501e-01
2.065648237390587394e-01
2.064962616927866201e-01
2.064283834127203787e-01
2.063611825175244718e-01
2.062946526785582879e-01
2.062287876195558756e-01
2.061635811163053666e-01
2.060990269963283439e-01
2.060351191385590142e-01
2.059718514730233263e-01
2.059092179805181166e-01
2.058472126922902545e-01
2.057858296897159545e-01
2.057250631039800326e-01
2.056649071157556352e-01
2.056053559548838561e-01
2.055464039000539922e-01
2.054880452784837719e-01
2.054302744656001933e-01
2.053730858847206409e-01
2.053164740067344174e-01
2.052604333497848876e-01
2.052049584789519820e-01
2.051500440059353669e-01
2.050956845887381141e-01
2.050418749313510647e-01
2.049886097834378029e-01
2.049358839400204080e-01
2.048836922411657602e-01
2.048320295716727357e-01
2.047808908607601786e-01
2.047302710817556215e-01
2.046801652517848680e-01
2.046305684314624618e-01
2.045814757245830451e-01
2.045328822778136879e-01
2.044847832803869947e-01
2.044371739637953767e-01
2.043900496014862678e-01
2.043434055085582290e-01
2.042972370414583017e-01
2.042515395976802206e-01
2.042063086154638774e-01
2.041615395734957539e-01
2.041172279906105502e-01
2.040733694254939501e-01
2.040299594763864688e-01
2.039869937807886613e-01
2.039444680151672462e-01
2.039023778946627008e-01
2.038607191727979384e-01
2.038194876411882073e-01
2.037786791292524047e-01
