1.500060000000000004e-01
1.500060000000000004e-01
1.500060239974235488e-01
1.500060915958104923e-01
1.500062183743703093e-01
1.500064162984594829e-01
1.500066942027732664e-01
1.500070583720188311e-01
1.500075132331223637e-01
1.500080621511049317e-01
1.500087082749250733e-01
1.500094552966409478e-01
1.500103078758708297e-01
1.500112714181129348e-01
1.500123510414134165e-01
1.500135500151247581e-01
1.500148684344092542e-01
1.500163028624794948e-01
1.500178470494264726e-01
1.500194932329266539e-01
1.500212334223460786e-01
1.500230603234032900e-01
1.500249678253303964e-01
1.500269510953909924e-01
1.500290063506676264e-01
1.500311303896428305e-01
1.500333200017214264e-01
1.500355714112905914e-01
1.500378799153849474e-01
1.500402398211701516e-01
1.500426446965665017e-01
1.500450878518739817e-01
1.500475629067431205e-01
1.500500642807607588e-01
1.500525874747743182e-01
1.500551290722444420e-01
1.500576864700318425e-01
1.500602574268604106e-01
1.500628395727055253e-01
1.500654300341396075e-01
1.500680252930584324e-01
1.500706213215422802e-01
1.500732139496371020e-01
1.500757993528238354e-01
1.500783745105985223e-01
1.500809374941065311e-01
1.500834874866807944e-01
1.500860245160789141e-01
1.500885489630821024e-01
1.500910609834705811e-01
1.500935600148294302e-01
1.500960445220775874e-01
1.500985120699352138e-01
1.501009597174706167e-01
1.501033846375338376e-01
1.501057847970774795e-01
1.501081595088672727e-01
1.501105096874419675e-01
1.501128377105061529e-01
1.501151468892935048e-01
1.501174406636465730e-01
1.501197217261195371e-01
1.501219913128086780e-01
1.501242488623070470e-01
1.501264921487122928e-01
1.501287178702148117e-01
1.501309225567364070e-01
1.501331035759568833e-01
1.501352599829561818e-01
1.501373929820948860e-01
1.501395058513788627e-01
1.501416033094364055e-01
1.501436904563294705e-01
1.501457715482545086e-01
1.501478489272451700e-01
1.501499223952014461e-01
1.501519892066938144e-01
1.501540446958409825e-01
1.501560833959934560e-01
1.501581003925897828e-01
1.501600925883913862e-01
1.501620595650088319e-01
1.501640037997194754e-01
1.501659301390986523e-01
1.501678446190407579e-01
1.501697529063773240e-01
1.501716587578359463e-01
1.501735628997973582e-01
1.501754626223264777e-01
1.501773521940006906e-01
1.501792240015907831e-01
1.501810701519454561e-01
1.501828841695947436e-01
1.501846623922930835e-01
1.501864047135364200e-01
1.501881144506573562e-01
1.501897973206063053e-01
1.501914597432066623e-01
1.501931068916878831e-01
1.501947409967757663e-01
1.501963603466728581e-01
1.501979592363597849e-01
1.501995288762632830e-01
1.502010590458904837e-01
1.502025401175748898e-01
1.502039649942215060e-01
1.502053305067025946e-01
1.502066379086273440e-01
1.502078922940452699e-01
1.502091010277014638e-01
1.502102715540303002e-01
1.502114091443935151e-01
1.502125151722686902e-01
1.502135863594921128e-01
1.502146151740901825e-01
1.502155912758634526e-01
1.502165036744438353e-01
1.502173431185821750e-01
1.502181041795196403e-01
1.502187865287547830e-01
1.502193950538794620e-01
1.502199387094642347e-01
1.502204283257641548e-01
1.502208739026292816e-01
1.502212820821789419e-01
1.502216544488026162e-01
1.502219870693725368e-01
1.502222713579637881e-01
1.502224960381507157e-01
1.502226497495725011e-01
1.502227237211353761e-01
1.502227139075320850e-01
1.502226220648559263e-01
1.502224554420762415e-01
1.502222250846743656e-01
1.502219431223522639e-01
1.502216197205665793e-01
1.502212604877463942e-01
1.502208649962436249e-01
1.502204267573108154e-01
1.502199346169195426e-01
1.502193752231710533e-01
1.502187360087495482e-01
1.502180080350385138e-01
1.502171880518662350e-01
1.502162792513448142e-01
1.502152904561216418e-01
1.502142338643132624e-01
1.502131218825065728e-01
1.502119638637600674e-01
1.502107636037757765e-01
1.502095182203851964e-01
1.502082186538573061e-01
1.502068516265497589e-01
1.502054025942970161e-01
1.502038590395471940e-01
1.502022133875365872e-01
1.502004648688606836e-01
1.501986198275130080e-01
1.501966903027734390e-01
1.501946911571913623e-01
1.501926364526326163e-01
1.501905360187361371e-01
1.501883931020936147e-01
1.501862036599184158e-01
1.501839574145529543e-01
1.501816403735113936e-01
1.501792382313911212e-01
1.501767399149684656e-01
1.501741404940710733e-01
1.501714427634688875e-01
1.501686570372741947e-01
1.501657991001655867e-01
1.501628867596116190e-01
1.501599358736999401e-01
1.501569569042278673e-01
1.501539528828781112e-01
1.501509192609897236e-01
1.501478456204727585e-01
1.501447188116018794e-01
1.501415268169379036e-01
1.501382625109508040e-01
1.501349264752475932e-01
1.501315281586446948e-01
1.501280849811363338e-01
1.501246194694239311e-01
1.501211550687079621e-01
1.501177116931291244e-01
1.501143021651412390e-01
1.501109304133299016e-01
1.501075917876522059e-01
1.501042753206301428e-01
1.501009673607672790e-01
1.500976557687771773e-01
1.500943337730480942e-01
1.500910026130843344e-01
1.500876722876233471e-01
1.500843601083236001e-01
1.500810873131433465e-01
1.500778745642788736e-01
1.500747375125605909e-01
1.500716835857500153e-01
1.500687107708268964e-01
1.500658085965128619e-01
1.500629609974054313e-01
1.500601503758845490e-01
1.500573619820131654e-01
1.500545876714483584e-01
1.500518281729135706e-01
1.500490932425457280e-01
1.500463995375061477e-01
1.500437666454920160e-01
1.500412122669970427e-01
1.500387478198486058e-01
1.500363755905177732e-01
1.500340880742197791e-01
1.500318695496621890e-01
1.500296994319261501e-01
1.500275566262657956e-01
1.500254239512344434e-01
1.500232916759403901e-01
1.500211593327658577e-01
1.500190352745699729e-01
1.500169339643029343e-01
1.500148716162181262e-01
1.500128613239432585e-01
1.500109089752130753e-01
1.500090109892669443e-01
1.500071543599041657e-01
1.500053188880235422e-01
1.500034810250876760e-01
1.500016184747051673e-01
1.499997145802279830e-01
1.499977615340628567e-01
1.499957616076084688e-01
1.499937259772257114e-01
1.499916713088062792e-01
1.499896149168205572e-01
1.499875697730850554e-01
1.499855406867016405e-01
1.499835225937898586e-01
1.499815012786365198e-01
1.499794562499229822e-01
1.499773650702914130e-01
1.499752082026006850e-01
1.499729733477914162e-01
1.499706582926401965e-01
1.499682715082290840e-01
1.499658301996693588e-01
1.499633561684371730e-01
1.499608705143077314e-01
1.499583885878095768e-01
1.499559165186137577e-01
1.499534501435457745e-01
1.499509764853539373e-01
1.499484773423508666e-01
1.499459341584383487e-01
1.499433331407904191e-01
1.499406695315305404e-01
1.499379500248866626e-01
1.499351926194078810e-01
1.499324237561632800e-01
1.499296733363953138e-01
1.499269688808898549e-01
1.499243303821738427e-01
1.499217671677962049e-01
1.499192774685215168e-01
1.499168506607252982e-01
1.499144715708844167e-01
1.499121258734375239e-01
1.499098054435064609e-01
1.499075124986264662e-01
1.499052615049341619e-01
1.499030782137944495e-01
1.499009958642914531e-01
1.498990493960545289e-01
1.498972691552466763e-01
1.498956757387532313e-01
1.498942772328175910e-01
1.498930693724296326e-01
1.498920383999422234e-01
1.498911658552363468e-01
1.498904342260661826e-01
1.498898322665948302e-01
1.498893588155989776e-01
1.498890241544681978e-01
1.498888484173944158e-01
1.498888572965888510e-01
1.498890760826354640e-01
1.498895236125374897e-01
1.498902077045674575e-01
1.498911231491545648e-01
1.498922525647979898e-01
1.498935697310948556e-01
1.498950445468729964e-01
1.498966485290467165e-01
1.498983596984778677e-01
1.499001657680929800e-01
1.499020648091874963e-01
1.499040630901878890e-01
1.499061705132679612e-01
1.499083947910928583e-01
1.499107358901859144e-01
1.499131821293407663e-01
1.499157087492010709e-01
1.499182790520705577e-01
1.499208476234859255e-01
1.499233648014489384e-01
1.499257814222083596e-01
1.499280528725413508e-01
1.499301415991016739e-01
1.499320175092390961e-01
1.499336561796412171e-01
1.499350353959797433e-01
1.499361310676594061e-01
1.499369137565990384e-01
1.499373468344898930e-01
1.499373867655809378e-01
1.499369854410192715e-01
1.499360940474483705e-01
1.499346676831163072e-01
1.499326697991486546e-01
1.499300755122708051e-01
1.499268729469401262e-01
1.499230621028276311e-01
1.499186513353581718e-01
1.499136522487929668e-01
1.499080743458723053e-01
1.499019208852384877e-01
1.498951870180376678e-01
1.498878606112061529e-01
1.498799255031745548e-01
1.498713664556088343e-01
1.498621747813237426e-01
1.498523534905535637e-01
1.498419207938872788e-01
1.498309110069794003e-01
1.498193724237293634e-01
1.498073625506874396e-01
1.497949419909374302e-01
1.497821688391793860e-01
1.497690954081804249e-01
1.497557684768438535e-01
1.497422333373531478e-01
1.497285410545773632e-01
1.497147576888259168e-01
1.497009737552283948e-01
1.496873118652418677e-01
1.496739304156085582e-01
1.496610216009204297e-01
1.496488031398026108e-01
1.496375048076990233e-01
1.496273525688261441e-01
1.496185539837938394e-01
1.496112881741710199e-01
1.496057021924384611e-01
1.496019138978084695e-01
1.496000200276136893e-01
1.496001073197163189e-01
1.496022641809310605e-01
1.496065903485804816e-01
1.496132022549162277e-01
1.496222325386256380e-01
1.496338234660524458e-01
1.496481157073603074e-01
1.496652353405104052e-01
1.496852824454392439e-01
1.497083239688607459e-01
1.497343920886724800e-01
1.497634877876094228e-01
1.497955882656521742e-01
1.498306562850003909e-01
1.498686493942994746e-01
1.499095270579291483e-01
1.499532540041146611e-01
1.499997987006317923e-01
1.500491268079885143e-01
1.501011905445556738e-01
1.501559156930596661e-01
1.502131880986571077e-01
1.502728409447144919e-01
1.503346432482107753e-01
1.503982894320131103e-01
1.504633898586229535e-01
1.505294628816984948e-01
1.505959300230700348e-01
1.506621168031438696e-01
1.507272618689344257e-01
1.507905358030469101e-01
1.508510683561561372e-01
1.509079797413817037e-01
1.509604095861235562e-01
1.510075372905728130e-01
1.510485897965345436e-01
1.510828359708767943e-01
1.511095697072191435e-01
1.511280858722114373e-01
1.511376544580297354e-01
1.511374989744469766e-01
1.511267850850281091e-01
1.511046241956243708e-01
1.510700936298221830e-01
1.510222705213176420e-01
1.509602722016724075e-01
1.508832937525319828e-01
1.507906346095565786e-01
1.506817098720319992e-01
1.505560463300707752e-01
1.504132664972880618e-01
1.502530655812832072e-01
1.500751866873148155e-01
1.498793991748924859e-01
1.496654841970900263e-01
1.494332299168358025e-01
1.491824365970115807e-01
1.489129290716430520e-01
1.486245719739981153e-01
1.483172825102155035e-01
1.479910367715605024e-01
1.476458678703952143e-01
1.472818564844212419e-01
1.468991159885560671e-01
1.464977751511215565e-01
1.460779616258179592e-01
1.456397893800730758e-01
1.451833526915379535e-01
1.447087281766140099e-01
1.442159844271404812e-01
1.437051966774441636e-01
1.431764624039732758e-01
1.426299136404242662e-01
1.420657230960708228e-01
1.414841031662265325e-01
1.408852987324056005e-01
1.402695757843233915e-01
1.396372083752522031e-01
1.389884664822164106e-01
1.383236071220100283e-01
1.376428704993608865e-01
1.369464818795006755e-01
1.362346583316578486e-01
1.355076179297367567e-01
1.347655881089596108e-01
1.340088101098994844e-01
1.332375376453487914e-01
1.324520295039673945e-01
1.316525371936345667e-01
1.308392897192590942e-01
1.300124782687723524e-01
1.291722440319028609e-01
1.283186724415339153e-01
1.274517964073835219e-01
1.265716092812656235e-01
1.256780855869265023e-01
1.247712049666002965e-01
1.238509736199046585e-01
1.229174383613126503e-01
1.219706907819077951e-01
1.210108616822455768e-01
1.200381079868052536e-01
1.190525954894087884e-01
1.180544812420720319e-01
1.170438994423857598e-01
1.160209542627267665e-01
1.149857219104547107e-01
1.139382621396999029e-01
1.128786368447562000e-01
1.118069312679779992e-01
1.107232727928892796e-01
1.096278435172485799e-01
1.085208850637550682e-01
1.074026962543136315e-01
1.062736255998893570e-01
1.051340609462837750e-01
1.039844183769039615e-01
1.028251319612960291e-01
1.016566453559425987e-01
1.004794056663648599e-01
9.929385938419241220e-02
9.810044970257357499e-02
9.689961423803200580e-02
9.569178225464995691e-02
9.447737085686346015e-02
9.325678011923743682e-02
9.203038757666531788e-02
9.079854281741317479e-02
8.956156309996579634e-02
8.831973096546015534e-02
8.707329471790969944e-02
8.582247234115090995e-02
8.456745888806774247e-02
8.330843668539641977e-02
8.204558703911603301e-02
8.077910174788784092e-02
7.950919279996959688e-02
7.823609911783832582e-02
7.696008992168053287e-02
7.568146494851604733e-02
7.440055220515801038e-02
7.311770410126981756e-02
7.183329275968107497e-02
7.054770513221399197e-02
6.926133834720633875e-02
6.797459553382312336e-02
6.668788223087974976e-02
6.540160339628926789e-02
6.411616097947578363e-02
6.283195199255138530e-02
6.154936700712169279e-02
6.026878900493808783e-02
5.899059251724363823e-02
5.771514299642366286e-02
5.644279637265596505e-02
5.517389875671557115e-02
5.390878625751056863e-02
5.264778488919898830e-02
5.139121054791016829e-02
5.013936904228893238e-02
4.889255616544242039e-02
4.765105779854076490e-02
4.641515003843365433e-02
4.518509934330609823e-02
4.396116269170116664e-02
4.274358775126033128e-02
4.153261305433425532e-02
4.032846817824652791e-02
3.913137392848875518e-02
3.794154252351818885e-02
3.675917778014321791e-02
3.558447529873816351e-02
3.441762264774402003e-02
3.325879954710164038e-02
3.210817805044433038e-02
3.096592272606450355e-02
2.983219083688489273e-02
2.870713251993582335e-02
2.759089096620394310e-02
2.648360260222854673e-02
2.538539727555847239e-02
2.429639844726268899e-02
2.321672339628539153e-02
2.214648344281248266e-02
2.108578420135933523e-02
2.003472587958080725e-02
1.899340364670782863e-02
1.796190810731289680e-02
1.694032593368636694e-02
1.592874073621387138e-02
1.492723428970805719e-02
1.393588829010714535e-02
1.295478689746039011e-02
1.198402043614681806e-02
1.102369077957398441e-02
1.007391914522602801e-02
9.134857246679423115e-03
8.206702919791534351e-03
7.289721279980589802e-03
6.384271807809076098e-03
5.490839898664705114e-03
4.610067697801223732e-03
3.742773569276266338e-03
2.889944726068832855e-03
2.052689034565314489e-03
1.232145235753872399e-03
4.293722441281359143e-04
-3.547478773443545931e-04
-1.119565504988047572e-03
-1.864671630345162822e-03
-2.589871453086677652e-03
-3.295142009128991436e-03
-3.980588298169688774e-03
-4.646405506511983551e-03
-5.292849651906501515e-03
-5.920216162267232483e-03
-6.528824859241789610e-03
-7.119009705846851381e-03
-7.691111931243850737e-03
-8.245475479540366123e-03
-8.782444028239392089e-03
-9.302359054219139223e-03
-9.805558593433337869e-03
-1.029237645772810260e-02
-1.076314175186530823e-02
-1.121817858723547605e-02
-1.165780592418565881e-02
-1.208233749827903637e-02
-1.249208180118571883e-02
-1.288734209699936989e-02
-1.326841646139187772e-02
-1.363559783535431627e-02
-1.398917408811357205e-02
-1.432942808567609465e-02
-1.465663776267145564e-02
-1.497107619596972118e-02
-1.527301167907301610e-02
-1.556270779662762005e-02
-1.584042349863060140e-02
-1.610641317405491282e-02
-1.636092672371573450e-02
-1.660420963226602598e-02
-1.683650303925232627e-02
-1.705804380919025837e-02
-1.726906460063798790e-02
-1.746979393425829308e-02
-1.766045625986805909e-02
-1.784127202247937083e-02
-1.801245772733994430e-02
-1.817422600398284002e-02
-1.832678566929691819e-02
-1.847034178963033804e-02
-1.860509574194001148e-02
-1.873124527400015643e-02
-1.884898456368329367e-02
-1.895850427732696797e-02
-1.905999162719955453e-02
-1.915363042807827904e-02
-1.923960115295258663e-02
-1.931808098786574543e-02
-1.938924388590749018e-02
-1.945326062037031414e-02
-1.951029883708184018e-02
-1.956052310592555632e-02
-1.960409497156201386e-02
-1.964117300336241587e-02
-1.967191284456636796e-02
-1.969646726067536199e-02
-1.971498618709344522e-02
-1.972761677602630562e-02
-1.973450344264988943e-02
-1.973578791055947620e-02
-1.973160925651000486e-02
-1.972210395445823244e-02
-1.970740591891724167e-02
-1.968764654763355965e-02
-1.966295476359709166e-02
-1.963345705639385139e-02
-1.959927752291137915e-02
-1.956053790740655898e-02
-1.951735764094542080e-02
-1.946985388022436786e-02
-1.941814154578213811e-02
-1.936233335961165536e-02
-1.930253988218082542e-02
-1.923886954887115905e-02
-1.917142870584300288e-02
-1.910032164533602070e-02
-1.902565064041343568e-02
-1.894751597915844341e-02
-1.886601599833103923e-02
-1.878124711649343387e-02
-1.869330386661206128e-02
-1.860227892814411352e-02
-1.850826315861638441e-02
-1.841134562470409658e-02
-1.831161363281729251e-02
-1.820915275920224202e-02
-1.810404687956521444e-02
-1.799637819822585624e-02
-1.788622727680728650e-02
-1.777367306246997736e-02
-1.765879291569632040e-02
-1.754166263763268230e-02
-1.742235649699572925e-02
-1.730094725654957380e-02
-1.717750619916033269e-02
-1.705210315343448635e-02
-1.692480651894738564e-02
-1.679568329106815444e-02
-1.666479908538712890e-02
-1.653221816175189790e-02
-1.639800344791791931e-02
-1.626221656281957514e-02
-1.612491783946747720e-02
-1.598616634747773366e-02
-1.584601991523879039e-02
-1.570453515172139797e-02
-1.556176746793714628e-02
-1.541777109805098425e-02
-1.527259912015297739e-02
-1.512630347669455429e-02
-1.497893499459438185e-02
-1.483054340501892797e-02
-1.468117736284271085e-02
-1.453088446579314796e-02
-1.437971127328485817e-02
-1.422770332494818768e-02
-1.407490515885665566e-02
-1.392136032945795639e-02
-1.376711142521309765e-02
-1.361220008594813888e-02
-1.345666701992299236e-02
-1.330055202062162961e-02
-1.314389398326800545e-02
-1.298673092107191333e-02
-1.282909998120898044e-02
-1.267103746053886704e-02
-1.251257882106576215e-02
-1.235375870514512746e-02
-1.219461095044064615e-02
-1.203516860463522790e-02
-1.187546393989989159e-02
-1.171552846712428132e-02
-1.155539294991250743e-02
-1.139508741834797077e-02
-1.123464118253074233e-02
-1.107408284589105063e-02
-1.091344031828235181e-02
-1.075274082885741174e-02
-1.059201093873078474e-02
-1.043127655343101777e-02
-1.027056293514585529e-02
-1.010989471476368348e-02
-9.949295903714379732e-03
-9.788789905612721096e-03
-9.628399527707422190e-03
-9.468146992138855647e-03
-9.308053947008440576e-03
-9.148141477262653268e-03
-8.988430115394567543e-03
-8.828939851965787039e-03
-8.669690145951577942e-03
-8.510699934911993350e-03
-8.351987644991719709e-03
-8.193571200751327208e-03
-8.035468034832599082e-03
-7.877695097460528026e-03
-7.720268865784574858e-03
-7.563205353061710004e-03
-7.406520117683741862e-03
-7.250228272051384079e-03
-7.094344491297492096e-03
-6.938883021861846391e-03
-6.783857689919834712e-03
-6.629281909667346546e-03
-6.475168691464158396e-03
-6.321530649838051109e-03
-6.168380011351875386e-03
-6.015728622335732127e-03
-5.863587956486423017e-03
-5.711969122336271222e-03
-5.560882870593396483e-03
-5.410339601355494167e-03
-5.260349371199127960e-03
-5.110921900146525934e-03
-4.962066578511836745e-03
-4.813792473628766312e-03
-4.666108336461496225e-03
-4.519022608100749586e-03
-4.372543426146841342e-03
-4.226678630981526782e-03
-4.081435771930430612e-03
-3.936822113317812143e-03
-3.792844640415394403e-03
-3.649510065286965411e-03
-3.506824832530420870e-03
-3.364795124918905801e-03
-3.223426868942677083e-03
-3.082725740253291526e-03
-2.942697169011689821e-03
-2.803346345141737635e-03
-2.664678223490743892e-03
-2.526697528898465446e-03
-2.389408761176082217e-03
-2.252816199996595173e-03
-2.116923909698091751e-03
-1.981735744001289056e-03
-1.847255350642747380e-03
-1.713486175925128807e-03
-1.580431469185847922e-03
-1.448094287185446895e-03
-1.316477498417001823e-03
-1.185583787337851202e-03
-1.055415658524914806e-03
-9.259754407548511247e-04
-7.972652910102864159e-04
-6.692871984133236035e-04
-5.420429880875251693e-04
-4.155343249495433572e-04
-2.897627174315532336e-04
-1.647295211356275047e-04
-4.043594242117190519e-05
8.311695807347498771e-05
2.059282619741920658e-04
3.279971897779073754e-04
4.493230975220587954e-04
5.699054735156478067e-04
6.897439351308666620e-04
8.088382256542948207e-04
9.271882111966769143e-04
1.044793877660308385e-03
1.161655327763072695e-03
1.277772778118184838e-03
1.393146556368716343e-03
1.507777098375985385e-03
1.621664945460914728e-03
1.734810741697470626e-03
1.847215231257313354e-03
1.958879255804799827e-03
2.069803751941494581e-03
2.179989748699359686e-03
2.289438365081803307e-03
2.398150807651783060e-03
2.506128368166171422e-03
2.613372421255604275e-03
2.719884422149042389e-03
2.825665904442293836e-03
2.930718477909748359e-03
3.035043826358599459e-03
3.138643705524824315e-03
3.241519941010221565e-03
3.343674426259802233e-03
3.445109120578850742e-03
3.545826047188979039e-03
3.645827291322508573e-03
3.745114998354524393e-03
3.843691371971959952e-03
3.941558672379074681e-03
4.038719214538703285e-03
4.135175366448663563e-03
4.230929547452710361e-03
4.325984226585454125e-03
4.420341920950648582e-03
4.514005194132272511e-03
4.606976654637847009e-03
4.699258954373417528e-03
4.790854787149665533e-03
4.881766887218598125e-03
4.971998027840293481e-03
5.061551019879171297e-03
5.150428710429282540e-03
5.238633981468101587e-03
5.326169748538333269e-03
5.413038959457237842e-03
5.499244593052993353e-03
5.584789657927621831e-03
5.669677191246012653e-03
5.753910257550580790e-03
5.837491947601114103e-03
5.920425377239356933e-03
6.002713686277899759e-03
6.084360037412940396e-03
6.165367615160496050e-03
6.245739624815646422e-03
6.325479291434402823e-03
6.404589858837793012e-03
6.483074588637773202e-03
6.560936759284572567e-03
6.638179665135086026e-03
6.714806615541939715e-03
6.790820933962858803e-03
6.866225957089966414e-03
6.941025033998662365e-03
7.015221525315721782e-03
7.088818802406270103e-03
7.161820246579289270e-03
7.234229248311322032e-03
7.306049206488037830e-03
7.377283527663342812e-03
7.447935625335706106e-03
7.518008919241393577e-03
7.587506834664294215e-03
7.656432801762038179e-03
7.724790254908106384e-03
7.792582632049635874e-03
7.859813374080631271e-03
7.926485924230298671e-03
7.992603727466220109e-03
8.058170229912094487e-03
8.123188878279773498e-03
8.187663119315324520e-03
8.251596399258862014e-03
8.314992163317887208e-03
8.377853855153877607e-03
8.440184916381888655e-03
8.501988786082916028e-03
8.563268900328772221e-03
8.624028691719251918e-03
8.684271588931343280e-03
8.744001016280263106e-03
8.803220393292086887e-03
8.861933134287751715e-03
8.920142647978215183e-03
8.977852337070563876e-03
9.035065597884842439e-03
9.091785819981421102e-03
9.148016385798672656e-03
9.203760670300781960e-03
9.259022040635472850e-03
9.313803855801470327e-03
9.368109466325510656e-03
9.421942213948698158e-03
9.475305431322036953e-03
9.528202441710960716e-03
9.580636558708666151e-03
9.632611085958095801e-03
9.684129316882386304e-03
9.735194534423615570e-03
9.785810010789687541e-03
9.835979007209189745e-03
9.885704773694058839e-03
9.934990548809906688e-03
9.983839559453845658e-03
1.003225502063966393e-02
1.008024013529019818e-02
1.012779809403676484e-02
1.017493207502549388e-02
1.022164524373044177e-02
1.026794075277332081e-02
1.031382174174973014e-02
1.035929133706174621e-02
1.040435265175673057e-02
1.044900878537224215e-02
1.049326282378691862e-02
1.053711783907719871e-02
1.058057688937976727e-02
1.062364301875960704e-02
1.066631925708352337e-02
1.070860861989904322e-02
1.075051410831855819e-02
1.079203870890861096e-02
1.083318539358421248e-02
1.087395711950807364e-02
1.091435682899465076e-02
1.095438744941890606e-02
1.099405189312966866e-02
1.103335305736750233e-02
1.107229382418697602e-02
1.111087706038325212e-02
1.114910561742287615e-02
1.118698233137869168e-02
1.122451002286878330e-02
1.126169149699935215e-02
1.129852954331144257e-02
1.133502693573142095e-02
1.137118643252514084e-02
1.140701077625568861e-02
1.144250269374463835e-02
1.147766489603673987e-02
1.151250007836794077e-02
1.154701092013668898e-02
1.158120008487842183e-02
1.161507022024317083e-02
1.164862395797620909e-02
1.168186391390166855e-02
1.171479268790906123e-02
1.174741286394261931e-02
1.177972700999340046e-02
1.181173767809408706e-02
1.184344740431641022e-02
1.187485870877113062e-02
1.190597409561052790e-02
1.193679605303331337e-02
1.196732705329192625e-02
1.199756955270213886e-02
1.202752599165491688e-02
1.205719879463047588e-02
1.208659037021448182e-02
1.211570311111633512e-02
1.214453939418947727e-02
1.217310158045368206e-02
1.220139201511926882e-02
1.222941302761318232e-02
1.225716693160689916e-02
1.228465602504610205e-02
1.231188259018208171e-02
1.233884889360480942e-02
1.236555718627763839e-02
1.239200970357358725e-02
1.241820866531316743e-02
1.244415627580369200e-02
1.246985472388004688e-02
1.249530618294685848e-02
1.252051281102203352e-02
1.254547675078162769e-02
1.257020012960598926e-02
1.259468505962715347e-02
1.261893363777745122e-02
1.264294794583927656e-02
1.266673005049599558e-02
1.269028200338394655e-02
1.271360584114550676e-02
1.273670358548318129e-02
1.275957724321469082e-02
1.278222880632901015e-02
1.280466025204334696e-02
1.282687354286099826e-02
1.284887062663008644e-02
1.287065343660312097e-02
1.289222389149735984e-02
1.291358389555595336e-02
1.293473533860982523e-02
1.295568009614027523e-02
1.297642002934226713e-02
1.299695698518837927e-02
1.301729279649339356e-02
1.303742928197948979e-02
1.305736824634202986e-02
1.307711148031589533e-02
1.309666076074236275e-02
1.311601785063649071e-02
