-3.200009999999999799e-01
-3.200009999999999799e-01
-3.200009427395558714e-01
-3.200007764087600681e-01
-3.200004543896750042e-01
-3.199999349965159667e-01
-3.199991812077443987e-01
-3.199981603832433019e-01
-3.199968439598502301e-01
-3.199952071199915205e-01
-3.199932284335443300e-01
-3.199908894860872821e-01
-3.199881745292567636e-01
-3.199850702121181945e-01
-3.199815654472948356e-01
-3.199776514002141692e-01
-3.199733214892244715e-01
-3.199685712481711852e-01
-3.199633979876978507e-01
-3.199578003168196960e-01
-3.199517776448602691e-01
-3.199453297654104578e-01
-3.199384565808258141e-01
-3.199311579931745086e-01
-3.199234339646377934e-01
-3.199152847226770513e-01
-3.199067110488206245e-01
-3.198977145585791271e-01
-3.198882978749396644e-01
-3.198784646298165057e-01
-3.198682192872178143e-01
-3.198575668449490927e-01
-3.198465125153683863e-01
-3.198350614981567697e-01
-3.198232189388230395e-01
-3.198109901220143603e-01
-3.197983808891194379e-01
-3.197853982101402925e-01
-3.197720507988406902e-01
-3.197583496536180458e-01
-3.197443084391093371e-01
-3.197299436847014231e-01
-3.197152748447024684e-01
-3.197003243192388933e-01
-3.196851175609310425e-01
-3.196696833858401199e-01
-3.196540545714906534e-01
-3.196382687686164514e-01
-3.196223696894220367e-01
-3.196064084787921256e-01
-3.195904451392456158e-01
-3.195745498707024401e-01
-3.195588041962173498e-01
-3.195433017608353410e-01
-3.195281487001006004e-01
-3.195134634756052749e-01
-3.194993760795310500e-01
-3.194860265398805077e-01
-3.194735627316026005e-01
-3.194621376170197480e-01
-3.194519061757163381e-01
-3.194430223908736322e-01
-3.194356366864838925e-01
-3.194298941347651355e-01
-3.194259335929230947e-01
-3.194238877319838243e-01
-3.194238837427799127e-01
-3.194260443847568021e-01
-3.194304889996920638e-01
-3.194373341466668070e-01
-3.194466936197540297e-01
-3.194586777691734159e-01
-3.194733922278455429e-01
-3.194909363008842096e-01
-3.195114013575319767e-01
-3.195348695483236079e-01
-3.195614130678968712e-01
-3.195910940400112921e-01
-3.196239649670081784e-01
-3.196600695957529936e-01
-3.196994440159313111e-01
-3.197421178159575716e-01
-3.197881151612454453e-01
-3.198374557144200714e-01
-3.198901553749332050e-01
-3.199462268654713615e-01
-3.200056802247921994e-01
-3.200685232752929488e-01
-3.201347621194780557e-01
-3.202044016897602763e-01
-3.202774463406585226e-01
-3.203539004400129953e-01
-3.204337688920721461e-01
-3.205170575146519263e-01
-3.206037731999327178e-01
-3.206939238182747176e-01
-3.207875178761339652e-01
-3.208845640021035228e-01
-3.209850703885756551e-01
-3.210890443381927972e-01
-3.211964920428436732e-01
-3.213074186650674013e-01
-3.214218287169854915e-01
-3.215397266610490190e-01
-3.216611176032834751e-01
-3.217860079193277656e-01
-3.219144056507045049e-01
-3.220463205397682271e-01
-3.221817636414706643e-01
-3.223207465519690729e-01
-3.224632804028170208e-01
-3.226093748460044375e-01
-3.227590372665544161e-01
-3.229122723995859201e-01
-3.230690824218879209e-01
-3.232294674719791705e-01
-3.233934264574479522e-01
-3.235609579471208086e-01
-3.237320609200285415e-01
-3.239067351545814044e-01
-3.240849810952768362e-01
-3.242667991330848709e-01
-3.244521883653452288e-01
-3.246411450247287389e-01
-3.248336608379384094e-01
-3.250297215648118576e-01
-3.252293058873612641e-01
-3.254323847085525134e-01
-3.256389208299669269e-01
-3.258488689332625365e-01
-3.260621757918027996e-01
-3.262787806648074773e-01
-3.264986158483137446e-01
-3.267216073511507446e-01
-3.269476756211904811e-01
-3.271767361805421048e-01
-3.274086999705356771e-01
-3.276434731941390011e-01
-3.278809564940007859e-01
-3.281210434128932762e-01
-3.283636182294147332e-01
-3.286085534259762797e-01
-3.288557072139254300e-01
-3.291049216895619023e-01
-3.293560222758528111e-01
-3.296088190415668029e-01
-3.298631102137516424e-01
-3.301186877165790956e-01
-3.303753440106856343e-01
-3.306328790980412879e-01
-3.308911064922557821e-01
-3.311498572633885251e-01
-3.314089817976505481e-01
-3.316683494421551748e-01
-3.319278465726347993e-01
-3.321873737849448394e-01
-3.324468429087862331e-01
-3.327061744316212044e-01
-3.329652957382246425e-01
-3.332241403348286668e-01
-3.334826479651235576e-01
-3.337407652974402894e-01
-3.339984467409480295e-01
-3.342556549744352123e-01
-3.345123609203857762e-01
-3.347685430957235697e-01
-3.350241864430958949e-01
-3.352792808536372848e-01
-3.355338196338525369e-01
-3.357877981630185693e-01
-3.360412129461012309e-01
-3.362940611923662670e-01
-3.365463409426973640e-01
-3.367980516457101392e-01
-3.370491949810117127e-01
-3.372997756876883191e-01
-3.375498021928671211e-01
-3.377992869267869569e-01
-3.380482463125987769e-01
-3.382967004927230348e-01
-3.385446728843232167e-01
-3.387921896512327002e-01
-3.390392791549288742e-01
-3.392859714185070819e-01
-3.395322976153727357e-01
-3.397782895829833394e-01
-3.400239793606590344e-01
-3.402693987546446808e-01
-3.405145789374868781e-01
-3.407595500888122575e-01
-3.410043410812002018e-01
-3.412489792114389298e-01
-3.414934899776295718e-01
-3.417378969077574102e-01
-3.419822214537369121e-01
-3.422264829718608126e-01
-3.424706988096766214e-01
-3.427148845055024151e-01
-3.429590540805727561e-01
-3.432032203739304732e-01
-3.434473953506743116e-01
-3.436915903157682362e-01
-3.439358159883637578e-01
-3.441800824256218694e-01
-3.444243988184601535e-01
-3.446687732076602617e-01
-3.449132121863038858e-01
-3.451577206639225848e-01
-3.454023017662819495e-01
-3.456469569261076957e-01
-3.458916861798450593e-01
-3.461364886292522813e-01
-3.463813629731345434e-01
-3.466263079878776909e-01
-3.468713228488725098e-01
-3.471164072312052373e-01
-3.473615611857561736e-01
-3.476067848360251400e-01
-3.478520779729428747e-01
-3.480974396409148297e-01
-3.483428678115263466e-01
-3.485883592303912204e-01
-3.488339094921322769e-01
-3.490795133462782918e-01
-3.493251651729409879e-01
-3.495708595146309605e-01
-3.498165915335642584e-01
-3.500623572901583325e-01
-3.503081537939000678e-01
-3.505539788374658627e-01
-3.507998306700090829e-01
-3.510457075905869528e-01
-3.512916075515923331e-01
-3.515375278589026320e-01
-3.517834650394537355e-01
-3.520294149142035312e-01
-3.522753728654275385e-01
-3.525213342336366296e-01
-3.527672947419757676e-01
-3.530132508421801596e-01
-3.532591999068709354e-01
-3.535051402418525335e-01
-3.537510709380721208e-01
-3.539969916131997518e-01
-3.542429021060682914e-01
-3.544888021882579565e-01
-3.547346913498877763e-01
-3.549805687013242173e-01
-3.552264330075098897e-01
-3.554722828389302314e-01
-3.557181167917449205e-01
-3.559639337120379388e-01
-3.562097328634707960e-01
-3.564555140007353295e-01
-3.567012773412611693e-01
-3.569470234526869179e-01
-3.571927530881011670e-01
-3.574384670059135849e-01
-3.576841658097879018e-01
-3.579298498384350102e-01
-3.581755191250557413e-01
-3.584211734312567899e-01
-3.586668123422717680e-01
-3.589124353948797697e-01
-3.591580422030947184e-01
-3.594036325522185771e-01
-3.596492064457633142e-01
-3.598947641050076474e-01
-3.601403059317522803e-01
-3.603858324492671961e-01
-3.606313442358217713e-01
-3.608768418619926477e-01
-3.611223258390859336e-01
-3.613677965824756977e-01
-3.616132543908067154e-01
-3.618586994400142531e-01
-3.621041317901514400e-01
-3.623495514030882214e-01
-3.625949581698637569e-01
-3.628403519470823069e-01
-3.630857326014350628e-01
-3.633311000596898821e-01
-3.635764543583167585e-01
-3.638217956830195887e-01
-3.640671243854590178e-01
-3.643124409648169082e-01
-3.645577460078363585e-01
-3.648030400926987049e-01
-3.650483236759969330e-01
-3.652935969918061354e-01
-3.655388599922594350e-01
-3.657841123497677094e-01
-3.660293535264106946e-01
-3.662745829013486776e-01
-3.665197999351852420e-01
-3.667650043412014060e-01
-3.670101962270867491e-01
-3.672553761691250696e-01
-3.675005451880797303e-01
-3.677457046160531040e-01
-3.679908558745076386e-01
-3.682360002150935063e-01
-3.684811384922820898e-01
-3.687262710309747171e-01
-3.689713976264432649e-01
-3.692165176803491322e-01
-3.694616304467844281e-01
-3.697067353409781432e-01
-3.699518322494915745e-01
-3.701969217732732909e-01
-3.704420053371066390e-01
-3.706870851178975523e-01
-3.709321637844860131e-01
-3.711772440964886122e-01
-3.714223284586390950e-01
-3.716674185464811653e-01
-3.719125150991203776e-01
-3.721576179262017225e-01
-3.724027261217240925e-01
-3.726478384340611849e-01
-3.728929537143164108e-01
-3.731380713504714453e-01
-3.733831915904263776e-01
-3.736283156674942152e-01
-3.738734456760095526e-01
-3.741185842053222910e-01
-3.743637338137492665e-01
-3.746088964803461763e-01
-3.748540731836714768e-01
-3.750992637177653077e-01
-3.753444667871647100e-01
-3.755896803543580798e-01
-3.758349021629147635e-01
-3.760801303295492892e-01
-3.763253638831469128e-01
-3.765706031272371690e-01
-3.768158497227606096e-01
-3.770611064413664226e-01
-3.773063766250900897e-01
-3.775516634816616923e-01
-3.777969694049012062e-01
-3.780422955059648538e-01
-3.782876414767259443e-01
-3.785330058142775123e-01
-3.787783863516901994e-01
-3.790237809822888382e-01
-3.792691884309692396e-01
-3.795146089096008146e-01
-3.797600444965097410e-01
-3.800054991162211127e-01
-3.802509780782308280e-01
-3.804964872542558330e-01
-3.807420320915163581e-01
-3.809876167198580910e-01
-3.812332433818965693e-01
-3.814789123150538197e-01
-3.817246220919084387e-01
-3.819703703247426252e-01
-3.822161545771713964e-01
-3.824619732933232097e-01
-3.827078265442171445e-01
-3.829537164061371235e-01
-3.831996468437774972e-01
-3.834456230825613043e-01
-3.836916506004862115e-01
-3.839377339951220991e-01
-3.841838760249725593e-01
-3.844300770646502663e-01
-3.846763350843444007e-01
-3.849226461264195764e-01
-3.851690051493311673e-01
-3.854154070504133278e-01
-3.856618476524995565e-01
-3.859083244356470432e-01
-3.861548368218503113e-01
-3.864013858955910319e-01
-3.866479735720058097e-01
-3.868946013770853121e-01
-3.871412691174989651e-01
-3.873879737346451191e-01
-3.876347085525760350e-01
-3.878814629921746304e-01
-3.881282226999759888e-01
-3.883749699686977475e-01
-3.886216843099273288e-01
-3.888683430581755807e-01
-3.891149219188840269e-01
-3.893613954086316276e-01
-3.896077371691444302e-01
-3.898539201656260889e-01
-3.900999168006846207e-01
-3.903456989831912138e-01
-3.905912381856544990e-01
-3.908365055089687568e-01
-3.910814717580250455e-01
-3.913261075223318231e-01
-3.915703832546163499e-01
-3.918142693456363457e-01
-3.920577362016839928e-01
-3.923007543387229124e-01
-3.925432945102287352e-01
-3.927853278822273642e-01
-3.930268262592684358e-01
-3.932677623535354439e-01
-3.935081100822759304e-01
-3.937478448798488739e-01
-3.939869440176281268e-01
-3.942253869308425251e-01
-3.944631555490403785e-01
-3.947002346127266859e-01
-3.949366119348395321e-01
-3.951722785406891481e-01
-3.954072286089891364e-01
-3.956414591574130002e-01
-3.958749694776499961e-01
-3.961077604136082897e-01
-3.963398336544374234e-01
-3.965711912402339889e-01
-3.968018354376419699e-01
-3.970317690555997259e-01
-3.972609961740279361e-01
-3.974895231740536716e-01
-3.977173598906463825e-01
-3.979445206531938561e-01
-3.981710249449197936e-01
-3.983968974281993924e-01
-3.986221671879269790e-01
-3.988468662485734062e-01
-3.990710276677611468e-01
-3.992946836907850239e-01
-3.995178644709463933e-01
-3.997405977102982955e-01
-3.999629093329644669e-01
-4.001848250668400553e-01
-4.004063726311734017e-01
-4.006275841049548592e-01
-4.008484979673488380e-01
-4.010691602695341529e-01
-4.012896244727443551e-01
-4.015099497312014099e-01
-4.017301978031918019e-01
-4.019504292093122877e-01
-4.021706995193671808e-01
-4.023910565997073641e-01
-4.026115393272702847e-01
-4.028321778504751483e-01
-4.030529951259514410e-01
-4.032740092582675073e-01
-4.034952360956898798e-01
-4.037166915386152799e-01
-4.039383930793801203e-01
-4.041603602355930969e-01
-4.043826137910059848e-01
-4.046051740890883042e-01
-4.048280589234311000e-01
-4.050512816967880569e-01
-4.052748504141527319e-01
-4.054987677992117900e-01
-4.057230325129902448e-01
-4.059476412135057388e-01
-4.061725910517871574e-01
-4.063978821263610763e-01
-4.066235193933152026e-01
-4.068495135713501853e-01
-4.070758807417822478e-01
-4.073026406500903085e-01
-4.075298141073517288e-01
-4.077574202099586986e-01
-4.079854741829409548e-01
-4.082139864632799986e-01
-4.084429632810240296e-01
-4.086724086294707958e-01
-4.089023272428033984e-01
-4.091327280280401268e-01
-4.093636272916075791e-01
-4.095950510495720565e-01
-4.098270357668091224e-01
-4.100596271193022724e-01
-4.102928768434728202e-01
-4.105268383076152716e-01
-4.107615618612925901e-01
-4.109970910642520847e-01
-4.112334605466055337e-01
-4.114706957033033019e-01
-4.117088139317747197e-01
-4.119478268293241263e-01
-4.121877426829883007e-01
-4.124285686427910935e-01
-4.126703121065245505e-01
-4.129129810299436709e-01
-4.131565830991205668e-01
-4.134011239399044690e-01
-4.136466047450066963e-01
-4.138930198113099923e-01
-4.141403544600296693e-01
-4.143885836726726168e-01
-4.146376715758760545e-01
-4.148875717213162395e-01
-4.151382279834509581e-01
-4.153895758508061031e-01
-4.156415438996259315e-01
-4.158940552847107952e-01
-4.161470291371582864e-01
-4.164003818076484342e-01
-4.166540279307242023e-01
-4.169078813097640279e-01
-4.171618556362764463e-01
-4.174158650637204704e-01
-4.176698246579189089e-01
-4.179236507452916971e-01
-4.181772611779484561e-01
-4.184305755319934761e-01
-4.186835152526872106e-01
-4.189360037576252416e-01
-4.191879665069358496e-01
-4.194393310476848269e-01
-4.196900270381871967e-01
-4.199399862567226305e-01
-4.201891425981907346e-01
-4.204374320614789884e-01
-4.206847927297161505e-01
-4.209311647451101090e-01
-4.211764902796998333e-01
-4.214207135030596518e-01
-4.216637805477678747e-01
-4.219056394732729753e-01
-4.221462402286502158e-01
-4.223855346146319634e-01
-4.226234762452063531e-01
-4.228600205090080610e-01
-4.230951245306664443e-01
-4.233287471322255135e-01
-4.235608487947043477e-01
-4.237913916198201014e-01
-4.240203392918456826e-01
-4.242476570395126156e-01
-4.244733115977902815e-01
-4.246972711692625357e-01
-4.249195053846662740e-01
-4.251399852619271447e-01
-4.253586831626911535e-01
-4.255755727448506387e-01
-4.257906289088171925e-01
-4.260038277341820501e-01
-4.262151464017430724e-01
-4.264245630933976017e-01
-4.266320568587065321e-01
-4.268376074314474411e-01
-4.270411949713720512e-01
-4.272427996945184492e-01
-4.274424013383002485e-01
-4.276399783834245460e-01
-4.278355069218454654e-01
-4.280289590182226322e-01
-4.282203003659663110e-01
-4.284094870031049385e-01
-4.285964608658783814e-01
-4.287811440965887955e-01
-4.289634324133909660e-01
-4.291431886302594645e-01
-4.293202385653855369e-01
-4.294943725893736741e-01
-4.296653557523670286e-01
-4.298329466493137074e-01
-4.299969206817604861e-01
-4.301570904458244526e-01
-4.303133174127222182e-01
-4.304655136463849674e-01
-4.306136362539524365e-01
-4.307576784814988180e-01
-4.308976604944380617e-01
-4.310336214387720521e-01
-4.311656132721107260e-01
-4.312936962618877379e-01
-4.314179358294700228e-01
-4.315384003953728898e-01
-4.316551599341383327e-01
-4.317682850175791343e-01
-4.318778461878674535e-01
-4.319839135507518857e-01
-4.320865565145552423e-01
-4.321858436252337676e-01
-4.322818424645253899e-01
-4.323746195894341282e-01
-4.324642404987464328e-01
-4.325507696171888017e-01
-4.326342702910702109e-01
-4.327148047913736417e-01
-4.327924343216508207e-01
-4.328672190289869492e-01
-4.329392180168978865e-01
-4.330084893594139950e-01
-4.330750901158621491e-01
-4.331390763460243321e-01
-4.332005031254633765e-01
-4.332594245608781258e-01
-4.333158938053985332e-01
-4.333699630737626873e-01
-4.334216836573382414e-01
-4.334711059389649845e-01
-4.335182794076037349e-01
-4.335632526727831726e-01
-4.336060734788397819e-01
-4.336467887189491832e-01
-4.336854444489482985e-01
-4.337220859009491281e-01
-4.337567574967462480e-01
-4.337895028610192494e-01
-4.338203648343332830e-01
-4.338493854859395427e-01
-4.338766061263790164e-01
-4.339020673198916156e-01
-4.339258088966339022e-01
-4.339478699647080773e-01
-4.339682889220045636e-01
-4.339871034678615125e-01
-4.340043506145436214e-01
-4.340200666985430389e-01
-4.340342873917047428e-01
-4.340470477121795012e-01
-4.340583820352064137e-01
-4.340683241037281426e-01
-4.340769070388407758e-01
-4.340841633500813201e-01
-4.340901249455548228e-01
-4.340948231419038406e-01
-4.340982886741223123e-01
-4.341005517052165530e-01
-4.341016418357152573e-01
-4.341015881130311227e-01
-4.341004190406760332e-01
-4.340981625873321925e-01
-4.340948461957813143e-01
-4.340904967916939805e-01
-4.340851407922812766e-01
-4.340788041148108678e-01
-4.340715121849893499e-01
-4.340632899452130378e-01
-4.340541618626893583e-01
-4.340441519374302337e-01
-4.340332837101199548e-01
-4.340215802698593195e-01
-4.340090642617874805e-01
-4.339957578945840000e-01
-4.339816829478523874e-01
-4.339668607793872313e-01
-4.339513123323263666e-01
-4.339350581421903552e-01
-4.339181183438103884e-01
-4.339005126781465549e-01
-4.338822604989983622e-01
-4.338633807796085651e-01
-4.338438921191626330e-01
-4.338238127491848561e-01
-4.338031605398329216e-01
-4.337819530060925133e-01
-4.337602073138732695e-01
-4.337379402860079280e-01
-4.337151684081557157e-01
-4.336919078346118117e-01
-4.336681743940240530e-01
-4.336439835950183230e-01
-4.336193506317344015e-01
-4.335942903892728295e-01
-4.335688174490551217e-01
-4.335429460940978252e-01
-4.335166903142022576e-01
-4.334900638110609217e-01
-4.334630800032819864e-01
-4.334357520313331658e-01
-4.334080927624061608e-01
-4.333801147952025534e-01
-4.333518304646431507e-01
-4.333232518465009453e-01
-4.332943907619598578e-01
-4.332652587820994272e-01
-4.332358672323074478e-01
-4.332062271966212741e-01
-4.331763495219985716e-01
-4.331462448225192330e-01
-4.331159234835191274e-01
-4.330853956656567916e-01
-4.330546713089140076e-01
-4.330237601365315991e-01
-4.329926716588811675e-01
-4.329614151772736008e-01
-4.329299997877059658e-01
-4.328984343845469485e-01
-4.328667276641622874e-01
-4.328348881284810878e-01
-4.328029240885037932e-01
-4.327708436677525916e-01
-4.327386548056655902e-01
-4.327063652609353106e-01
-4.326739826147921741e-01
-4.326415142742343067e-01
-4.326089674752042757e-01
-4.325763492857133685e-01
-4.325436666089145787e-01
-4.325109261861249665e-01
-4.324781345997979476e-01
-4.324452982764467879e-01
-4.324124234895195262e-01
-4.323795163622264348e-01
-4.323465828703206282e-01
-4.323136288448326536e-01
-4.322806599747595624e-01
-4.322476818097092943e-01
-4.322146997625012088e-01
-4.321817191117233725e-01
-4.321487450042469924e-01
-4.321157824576991047e-01
-4.320828363628938518e-01
-4.320499114862232926e-01
-4.320170124720079108e-01
-4.319841438448080440e-01
-4.319513100116964543e-01
-4.319185152644925418e-01
-4.318857637819593642e-01
-4.318530596319634096e-01
-4.318204067735981200e-01
-4.317878090592714435e-01
-4.317552702367585260e-01
-4.317227939512191526e-01
-4.316903837471816052e-01
-4.316580430704924365e-01
-4.316257752702335471e-01
-4.315935836006065118e-01
-4.315614712227848759e-01
-4.315294412067349761e-01
-4.314974965330057866e-01
-4.314656400944880676e-01
-4.314338746981435935e-01
-4.314022030667047369e-01
-4.313706278403450778e-01
-4.313391515783210339e-01
-4.313077767605857926e-01
-4.312765057893750975e-01
-4.312453409907658908e-01
-4.312142846162081988e-01
-4.311833388440302617e-01
-4.311525057809180717e-01
-4.311217874633689329e-01
-4.310911858591202073e-01
-4.310607028685528030e-01
-4.310303403260708488e-01
-4.310001000014567762e-01
-4.309699836012033103e-01
-4.309399927698218669e-01
-4.309101290911283577e-01
-4.308803940895061801e-01
-4.308507892311474463e-01
-4.308213159252721192e-01
-4.307919755253259986e-01
-4.307627693301573912e-01
-4.307336985851731859e-01
-4.307047644834745004e-01
-4.306759681669722895e-01
-4.306473107274830237e-01
-4.306187932078051617e-01
-4.305904166027765267e-01
-4.305621818603125872e-01
-4.305340898824265294e-01
-4.305061415262310121e-01
-4.304783376049221011e-01
-4.304506788887454971e-01
-4.304231661059453873e-01
-4.303957999436964776e-01
-4.303685810490190944e-01
-4.303415100296777984e-01
-4.303145874550638461e-01
-4.302878138570617184e-01
-4.302611897308997735e-01
-4.302347155359856345e-01
-4.302083916967265331e-01
-4.301822186033342765e-01
-4.301561966126160041e-01
-4.301303260487501778e-01
-4.301046072040485280e-01
-4.300790403397039552e-01
-4.300536256865247209e-01
-4.300283634456550930e-01
-4.300032537892826690e-01
-4.299782968613328205e-01
-4.299534927781500371e-01
-4.299288416291667247e-01
-4.299043434775595696e-01
-4.298799983608937447e-01
-4.298558062917549605e-01
-4.298317672583697457e-01
-4.298078812252142389e-01
-4.297841481336112657e-01
-4.297605679023165370e-01
-4.297371404280933560e-01
-4.297138655862769441e-01
-4.296907432313276098e-01
-4.296677731973738146e-01
-4.296449552987445797e-01
-4.296222893304920687e-01
-4.295997750689038996e-01
-4.295774122720056321e-01
-4.295552006800539835e-01
-4.295331400160200541e-01
-4.295112299860635030e-01
-4.294894702799976760e-01
-4.294678605717453523e-01
-4.294464005197859424e-01
-4.294250897675938039e-01
-4.294039279440681200e-01
-4.293829146639541738e-01
-4.293620495282566285e-01
-4.293413321246443703e-01
-4.293207620278476355e-01
-4.293003388000470877e-01
-4.292800619912551241e-01
-4.292599311396899098e-01
-4.292399457721415845e-01
-4.292201054043313646e-01
-4.292004095412633169e-01
-4.291808576775691941e-01
-4.291614492978462203e-01
-4.291421838769878816e-01
-4.291230608805083890e-01
-4.291040797648601468e-01
-4.290852399777449477e-01
-4.290665409584187295e-01
-4.290479821379900582e-01
-4.290295629397125055e-01
-4.290112827792709749e-01
-4.289931410650618671e-01
-4.289751371984678596e-01
-4.289572705741264702e-01
-4.289395405801932903e-01
-4.289219465985996127e-01
-4.289044880053045072e-01
-4.288871641705417348e-01
-4.288699744590611651e-01
-4.288529182303654208e-01
-4.288359948389410814e-01
-4.288192036344850022e-01
-4.288025439621259705e-01
-4.287860151626412542e-01
-4.287696165726686548e-01
-4.287533475249137860e-01
-4.287372073483529111e-01
-4.287211953684312848e-01
-4.287053109072570534e-01
-4.286895532837908807e-01
-4.286739218140315222e-01
-4.286584158111967913e-01
-4.286430345859009727e-01
-4.286277774463279067e-01
-4.286126436984002419e-01
-4.285976326459447483e-01
-4.285827435908539651e-01
-4.285679758332440747e-01
-4.285533286716091683e-01
-4.285388014029716808e-01
-4.285243933230297175e-01
-4.285101037263004953e-01
-4.284959319062608407e-01
-4.284818771554838590e-01
-4.284679387657727712e-01
-4.284541160282912542e-01
-4.284404082336908393e-01
-4.284268146722349790e-01
-4.284133346339203952e-01
-4.283999674085951503e-01
-4.283867122860739451e-01
-4.283735685562505280e-01
-4.283605355092073297e-01
-4.283476124353222114e-01
-4.283347986253727702e-01
-4.283220933706375910e-01
-4.283094959629953347e-01
-4.282970056950207716e-01
-4.282846218600788735e-01
-4.282723437524160182e-01
-4.282601706672488073e-01
-4.282481019008508305e-01
-4.282361367506367644e-01
-4.282242745152443630e-01
-4.282125144946142270e-01
-4.282008559900672418e-01
-4.281892983043800727e-01
-4.281778407418583843e-01
-4.281664826084079500e-01
-4.281552232116040968e-01
-4.281440618607586512e-01
-4.281329978669853875e-01
-4.281220305432631434e-01
-4.281111592044975489e-01
-4.281003831675805338e-01
-4.280897017514481706e-01
-4.280791142771367408e-01
-4.280686200678371356e-01
-4.280582184489475361e-01
-4.280479087481243727e-01
-4.280376902953316742e-01
-4.280275624228888631e-01
-4.280175244655171074e-01
-4.280075757603837849e-01
-4.279977156471458932e-01
-4.279879434679916272e-01
-4.279782585676808471e-01
-4.279686602935837136e-01
-4.279591479957184363e-01
-4.279497210267872442e-01
-4.279403787422113581e-01
-4.279311205001645191e-01
-4.279219456616050743e-01
-4.279128535903072850e-01
-4.279038436528909140e-01
-4.278949152188499805e-01
-4.278860676605801272e-01
-4.278773003534049879e-01
-4.278686126756014452e-01
-4.278600040084236666e-01
-4.278514737361261422e-01
-4.278430212459856663e-01
-4.278346459283224879e-01
-4.278263471765200165e-01
-4.278181243870440298e-01
-4.278099769594606028e-01
-4.278019042964532614e-01
-4.277939058038391362e-01
-4.277859808905842831e-01
-4.277781289688180610e-01
-4.277703494538467321e-01
-4.277626417641660628e-01
-4.277550053214734804e-01
-4.277474395506788984e-01
-4.277399438799152076e-01
-4.277325177405478240e-01
-4.277251605671834045e-01
-4.277178717976780620e-01
-4.277106508731445822e-01
-4.277034972379593070e-01
-4.276964103397679073e-01
-4.276893896294908792e-01
-4.276824345613281508e-01
-4.276755445927631905e-01
-4.276687191845663927e-01
-4.276619578007980205e-01
-4.276552599088102591e-01
-4.276486249792491035e-01
-4.276420524860553574e-01
-4.276355419064651886e-01
-4.276290927210102399e-01
-4.276227044135171296e-01
-4.276163764711063964e-01
-4.276101083841911676e-01
-4.276038996464749942e-01
-4.275977497549496853e-01
-4.275916582098921448e-01
-4.275856245148612622e-01
-4.275796481766940271e-01
-4.275737287055014213e-01
-4.275678656146637557e-01
-4.275620584208257857e-01
-4.275563066438912152e-01
-4.275506098070169791e-01
-4.275449674366071373e-01
-4.275393790623064350e-01
-4.275338442169933639e-01
-4.275283624367730573e-01
-4.275229332609697952e-01
-4.275175562321191780e-01
-4.275122308959600215e-01
-4.275069568014259191e-01
-4.275017335006364716e-01
-4.274965605488882936e-01
-4.274914375046459103e-01
-4.274863639295319317e-01
-4.274813393883175050e-01
-4.274763634489120445e-01
-4.274714356823531847e-01
-4.274665556627959551e-01
-4.274617229675023444e-01
-4.274569371768299764e-01
-4.274521978742212847e-01
-4.274475046461917449e-01
-4.274428570823186613e-01
-4.274382547752290096e-01
-4.274336973205877244e-01
-4.274291843170854865e-01
-4.274247153664262888e-01
-4.274202900733151123e-01
-4.274159080454451587e-01
-4.274115688934850832e-01
-4.274072722310660044e-01
-4.274030176747684595e-01
-4.273988048441091925e-01
-4.273946333615276649e-01
-4.273905028523727334e-01
-4.273864129448888827e-01
-4.273823632702025699e-01
-4.273783534623083469e-01
-4.273743831580550379e-01
-4.273704519971315285e-01
