2.200000000000000178e+00
2.200000000000000178e+00
2.200048442663571802e+00
2.200191197263980047e+00
2.200471527479033185e+00
2.200930021611698706e+00
2.201604463334225770e+00
2.202529627756878661e+00
2.203736997739843773e+00
2.205254414502306304e+00
2.207105713725007856e+00
2.209310461466205133e+00
2.211883982683099603e+00
2.214837906975894999e+00
2.218181323041932718e+00
2.221922284965109018e+00
2.226069079558127051e+00
2.230630739197478452e+00
2.235616775262978528e+00
2.241036528776941594e+00
2.246898561320856302e+00
2.253210287740262441e+00
2.259977852559432510e+00
2.267206174997494550e+00
2.274899091986545940e+00
2.283059550940658156e+00
2.291689815265613550e+00
2.300791647780734195e+00
2.310366441140985216e+00
2.320415275205394590e+00
2.330938896323601295e+00
2.341937626422173846e+00
2.353411216211239942e+00
2.365358656738735021e+00
2.377777959860295720e+00
2.390665914251148383e+00
2.404017821044432957e+00
2.417827211755982919e+00
2.432085549455131002e+00
2.446781910994217935e+00
2.461902643564616078e+00
2.477430984216538956e+00
2.493346627950600691e+00
2.509625229477992825e+00
2.526237825278717875e+00
2.543150164515539657e+00
2.560321937773779144e+00
2.577705890622068008e+00
2.595246806114000382e+00
2.612880341139622864e+00
2.630531712989321314e+00
2.648114261739384467e+00
2.665527965006459166e+00
2.682658051654167597e+00
2.699373938680189156e+00
2.715528779145938376e+00
2.730959927975125101e+00
2.745490573415815927e+00
2.758932623405669027e+00
2.771090688393583523e+00
2.781766721650169583e+00
2.790764658135525877e+00
2.797894326297823753e+00
2.802974036991073170e+00
2.805831547842472684e+00
2.806303469247619198e+00
2.804233516377286239e+00
2.799470243817732573e+00
2.791864987918120988e+00
2.781270676724186597e+00
2.767541956422304938e+00
2.750536757104477203e+00
2.730119046204857014e+00
2.706162197155028704e+00
2.678552238429517729e+00
2.647190300116772477e+00
2.611993815548249831e+00
2.572896371099612001e+00
2.529846418624482673e+00
2.482805294873069446e+00
2.431745101511587404e+00
2.376646992503612665e+00
2.317500309503567557e+00
2.254302821496282139e+00
2.187062094315881389e+00
2.115797790089549935e+00
2.040544537343216724e+00
1.961354962461344886e+00
1.878302529337233739e+00
1.791483945452401194e+00
1.701020989513959192e+00
1.607061648927103015e+00
1.509780421315158883e+00
1.409377577057545183e+00
1.306077172897277761e+00
1.200123720154888662e+00
1.091777669464897071e+00
9.813102219282728855e-01
8.689982830278011328e-01
7.551204926457756317e-01
6.399551122335883635e-01
5.237801634761514169e-01
4.068757115478584541e-01
2.895277002303290881e-01
1.720323623499090404e-01
5.469999355855172107e-02
-6.214316566190902780e-02
-1.781559828914403565e-01
-2.929869483105468353e-01
-4.062818996429531371e-01
-5.176938610441803590e-01
-6.268932913395901529e-01
-7.335769232484037339e-01
-8.374738008028679292e-01
-9.383478893701241441e-01
-1.035997433417960245e+00
-1.130251829390844787e+00
-1.220967075703876192e+00
-1.308020892787991496e+00
-1.391308449377252066e+00
-1.470739348148254910e+00
-1.546236157024253099e+00
-1.617734376196751755e+00
-1.685183392292542770e+00
-1.748547787937560161e+00
-1.807808399276876754e+00
-1.862962712042725677e+00
-1.914024456963544507e+00
-1.961022499962366439e+00
-2.003999260890947820e+00
-2.043008933451358367e+00
-2.078115750449761379e+00
-2.109392480772083633e+00
-2.136919284890765880e+00
-2.160783007656218668e+00
-2.181076953698733778e+00
-2.197901169418837508e+00
-2.211363240347041792e+00
-2.221579594392617540e+00
-2.228677267611734347e+00
-2.232796025581921473e+00
-2.234090629933587646e+00
-2.232732898471629923e+00
-2.228913055896823980e+00
-2.222839771950150922e+00
-2.214738323689827482e+00
-2.204846575740333048e+00
-2.193408944974504671e+00
-2.180669072696711730e+00
-2.166862338829177670e+00
-2.152209420641367110e+00
-2.136911790728182048e+00
-2.121149518351847174e+00
-2.105081211828209398e+00
-2.088845580762740628e+00
-2.072563948689071900e+00
-2.056343065291673433e+00
-2.040277686829713666e+00
-2.024452566366170103e+00
-2.008943696156589631e+00
-1.993818848409315780e+00
-1.979137628233360813e+00
-1.964951338793966107e+00
-1.951302941342855535e+00
-1.938227292735135832e+00
-1.925751712958180262e+00
-1.913896826834645015e+00
-1.902677563079152812e+00
-1.892104178168957818e+00
-1.882183186427633492e+00
-1.872918106720373066e+00
-1.864309972462347531e+00
-1.856357591766856219e+00
-1.849057583625975720e+00
-1.842404245234773974e+00
-1.836389316158997032e+00
-1.831001695408378982e+00
-1.826227146348518016e+00
-1.822048006313645274e+00
-1.818442914881120087e+00
-1.815386590914086939e+00
-1.812849717885277157e+00
-1.810799025279038688e+00
-1.809197660961097132e+00
-1.808005916732421836e+00
-1.807182292365024923e+00
-1.806684783156368157e+00
-1.806472195228996602e+00
-1.806505272322932010e+00
-1.806747468500567999e+00
-1.807165296955902889e+00
-1.807728283688982973e+00
-1.808408624992661418e+00
-1.809180681043954353e+00
-1.810020441693545479e+00
-1.810905084570461954e+00
-1.811812714219521059e+00
-1.812722324532785478e+00
-1.813613969159996175e+00
-1.814469069336365203e+00
-1.815270755252101020e+00
-1.816004139087994407e+00
-1.816656451768328129e+00
-1.817217023234485307e+00
-1.817677127423039884e+00
-1.818029737076701569e+00
-1.818269240013979493e+00
-1.818391163369262209e+00
-1.818391941381934940e+00
-1.818268748679691793e+00
-1.818019405891647011e+00
-1.817642349424491544e+00
-1.817136645545686102e+00
-1.816502024144801775e+00
-1.815738910917394033e+00
-1.814848445625238282e+00
-1.813832483594453926e+00
-1.812693583496618022e+00
-1.811434985155496946e+00
-1.810060577679410532e+00
-1.808574853237280067e+00
-1.806982838434179062e+00
-1.805289996305217803e+00
-1.803502098613156468e+00
-1.801625078631905241e+00
-1.799664884252680119e+00
-1.797627354942333389e+00
-1.795518141691181846e+00
-1.793342678825810665e+00
-1.791106204966933291e+00
-1.788813821112813951e+00
-1.786470568000532833e+00
-1.784081502056814150e+00
-1.781651748987945982e+00
-1.779186517065462381e+00
-1.776691059707804721e+00
-1.774170589032296519e+00
-1.771630155674145612e+00
-1.769074519909536125e+00
-1.766508040383022227e+00
-1.763934599227558353e+00
-1.761357570313075938e+00
-1.758779826348230158e+00
-1.756203774083111124e+00
-1.753631405293665457e+00
-1.751064352991106743e+00
-1.748503945471033605e+00
-1.745951254038266010e+00
-1.743407132833589390e+00
-1.740872250908136021e+00
-1.738347117528654451e+00
-1.735832101800697691e+00
-1.733327447364371610e+00
-1.730833282521323291e+00
-1.728349626002548822e+00
-1.725876388835879460e+00
-1.723413373408860139e+00
-1.720960271705471500e+00
-1.718516665542943800e+00
-1.716082032001460034e+00
-1.713655756595759527e+00
-1.711237154777454528e+00
-1.708825499419900584e+00
-1.706420049138654305e+00
-1.704020071003163661e+00
-1.701624852092313178e+00
-1.699233696988146081e+00
-1.696845911542634644e+00
-1.694460776121277767e+00
-1.692077513690306345e+00
-1.689695259648808845e+00
-1.687313041152858739e+00
-1.684929773283859067e+00
-1.682544276937927963e+00
-1.680155318432818845e+00
-1.677761664626727933e+00
-1.675362142306810576e+00
-1.672955689220138265e+00
-1.670541387046881265e+00
-1.668118472214046744e+00
-1.665686326111918358e+00
-1.663244450182872924e+00
-1.660792433133984058e+00
-1.658329917732399350e+00
-1.655856573869256332e+00
-1.653372082973439516e+00
-1.650876136259622928e+00
-1.648368445793962467e+00
-1.645848763774790058e+00
-1.643316903130688900e+00
-1.640772752577638327e+00
-1.638216281531539531e+00
-1.635647533552398780e+00
-1.633066609947780190e+00
-1.630473647076846833e+00
-1.627868791801847070e+00
-1.625252179751427439e+00
-1.622623920727579216e+00
-1.619984094515644735e+00
-1.617332758290118244e+00
-1.614669963922351181e+00
-1.611995780678889378e+00
-1.609310317298600523e+00
-1.606613737991052560e+00
-1.603906269149363517e+00
-1.601188196364291993e+00
-1.598459853568917399e+00
-1.595721607384103180e+00
-1.592973840112960060e+00
-1.590216934665869886e+00
-1.587451264142206719e+00
-1.584677187785996422e+00
-1.581895053497937020e+00
-1.579105205247717469e+00
-1.576307992197234276e+00
-1.573503775799958149e+00
-1.570692931836096040e+00
-1.567875845900515319e+00
-1.565052902595084339e+00
-1.562224470086424066e+00
-1.559390882658891808e+00
-1.556552424522511968e+00
-1.553709318436270026e+00
-1.550861722421815081e+00
-1.548009736568262129e+00
-1.545153419530035155e+00
-1.542292811360852056e+00
-1.539427957032411864e+00
-1.536558924516705948e+00
-1.533685812898698986e+00
-1.530808748791988139e+00
-1.527927872154010824e+00
-1.525043314690868845e+00
-1.522155175320049514e+00
-1.519263497831951248e+00
-1.516368255974175794e+00
-1.513469350301703376e+00
-1.510566618803484529e+00
-1.507659859573665662e+00
-1.504748859716668496e+00
-1.501833422051137124e+00
-1.498913381352827257e+00
-1.495988604732959804e+00
-1.493058974887513823e+00
-1.490124358849265196e+00
-1.487184567813242264e+00
-1.484239315666857184e+00
-1.481288185218035736e+00
-1.478330611393157801e+00
-1.475365888848385376e+00
-1.472393206603686444e+00
-1.469411704962539700e+00
-1.466420542667366878e+00
-1.463418958446614848e+00
-1.460406312819276797e+00
-1.457382102195655893e+00
-1.454345944849247063e+00
-1.451297544441204401e+00
-1.448236640436749711e+00
-1.445162956400408261e+00
-1.442076157459067476e+00
-1.438975827129192808e+00
-1.435861470450432886e+00
-1.432732544431273292e+00
-1.429588509192298407e+00
-1.426428886709269372e+00
-1.423253311827139544e+00
-1.420061563312367214e+00
-1.416853569324817874e+00
-1.413629388651691965e+00
-1.410389174064901496e+00
-1.407133126765213627e+00
-1.403861451743237954e+00
-1.400574323678343225e+00
-1.397271871656851738e+00
-1.393954187934120181e+00
-1.390621360983915755e+00
-1.387273527283384489e+00
-1.383910932018771467e+00
-1.380533988257365952e+00
-1.377143327239710668e+00
-1.373739837262949015e+00
-1.370324692444443215e+00
-1.366899373766394143e+00
-1.363465683077671020e+00
-1.360025747281580655e+00
-1.356582006637701232e+00
-1.353137180162364395e+00
-1.349694204310537549e+00
-1.346256148505212247e+00
-1.342826119980836896e+00
-1.339407176358653917e+00
-1.336002264011046270e+00
-1.332614193803135949e+00
-1.329245656523128982e+00
-1.325899271833409054e+00
-1.322577658570251780e+00
-1.319283510454717590e+00
-1.316019659140912346e+00
-1.312789106490419577e+00
-1.309595011769841832e+00
-1.306440628678346982e+00
-1.303329200685257261e+00
-1.300263836304287546e+00
-1.297247392327492532e+00
-1.294282389397137578e+00
-1.291370972965321995e+00
-1.288514919621970289e+00
-1.285715679062283456e+00
-1.282974437310022031e+00
-1.280292186137356181e+00
-1.277669785166104299e+00
-1.275108005974508574e+00
-1.272607551759864730e+00
-1.270169051914383784e+00
-1.267793037387002553e+00
-1.265479907734960108e+00
-1.263229902074167077e+00
-1.261043083232352258e+00
-1.258919339039716867e+00
-1.256858399462286169e+00
-1.254859864903796529e+00
-1.252923239690044044e+00
-1.251047964824868242e+00
-1.249233444877110744e+00
-1.247479065093266781e+00
-1.245784196671882560e+00
-1.244148190621582328e+00
-1.242570363241727760e+00
-1.241049978006512955e+00
-1.239586228678254187e+00
-1.238178226895631839e+00
-1.236824995234917735e+00
-1.235525464962881959e+00
-1.234278477022293430e+00
-1.233082785193829078e+00
-1.231937061426048530e+00
-1.230839904427553755e+00
-1.229789853176028736e+00
-1.228785406573616568e+00
-1.227825049043134609e+00
-1.226907280011014345e+00
-1.226030643958498256e+00
-1.225193757775086656e+00
-1.224395333417613196e+00
-1.223634195532368407e+00
-1.222909294805474945e+00
-1.222219717881944057e+00
-1.221564693809394919e+00
-1.220943595602598464e+00
-1.220355934428718037e+00
-1.219801343903536894e+00
-1.219279553613168865e+00
-1.218790353979627206e+00
-1.218333557699535108e+00
-1.217908964529164750e+00
-1.217516335278817641e+00
-1.217155378075490901e+00
-1.216825746719811807e+00
-1.216527048546573120e+00
-1.216258857992245090e+00
-1.216020731798943766e+00
-1.215812222023922251e+00
-1.215632883598298797e+00
-1.215482274179945366e+00
-1.215359945565920752e+00
-1.215265427721793801e+00
-1.215198207893498417e+00
-1.215157707628503392e+00
-1.215143259742429427e+00
-1.215154085940209683e+00
-1.215189274863795355e+00
-1.215247760474157834e+00
-1.215328302048856557e+00
-1.215429469319779354e+00
-1.215549638504260122e+00
-1.215687005848636648e+00
-1.215839623408352388e+00
-1.216005456673435292e+00
-1.216182456809704604e+00
-1.216368634956939587e+00
-1.216562125163778374e+00
-1.216761226559876619e+00
-1.216964421901064464e+00
-1.217170375500168156e+00
-1.217377916888002565e+00
-1.217586017253422970e+00
-1.217793764716403659e+00
-1.218000342779036016e+00
-1.218205014472840908e+00
-1.218407113020295585e+00
-1.218606038364500987e+00
-1.218801257833670881e+00
-1.218992308668300106e+00
-1.219178800232897153e+00
-1.219360414352780753e+00
-1.219536903079821100e+00
-1.219708083985140856e+00
-1.219873833595870316e+00
-1.220034079791589177e+00
-1.220188793927384108e+00
-1.220337983269629278e+00
-1.220481684116374810e+00
-1.220619955786174549e+00
-1.220752875520923597e+00
-1.220880534260474715e+00
-1.221003033199610233e+00
-1.221120481019083881e+00
-1.221232991681169500e+00
-1.221340682688477841e+00
-1.221443673717447664e+00
-1.221542085551672097e+00
-1.221636039253353401e+00
-1.221725655522849729e+00
-1.221811054206227043e+00
-1.221892353918969221e+00
-1.221969671760692044e+00
-1.222043123101077100e+00
-1.222112821421504236e+00
-1.222178878200226304e+00
-1.222241402831573565e+00
-1.222300502571744607e+00
-1.222356282505361103e+00
-1.222408845528226262e+00
-1.222458292342713859e+00
-1.222504721462987609e+00
-1.222548229227852001e+00
-1.222588909819505743e+00
-1.222626855286842895e+00
-1.222662155572234344e+00
-1.222694898540951591e+00
-1.222725170012579632e+00
-1.222753053793911082e+00
-1.222778631712933661e+00
-1.222801983653624136e+00
-1.222823187591353555e+00
-1.222842319628794749e+00
-1.222859454032309889e+00
-1.222874663268904705e+00
-1.222888018043964076e+00
-1.222899587340164462e+00
-1.222909438458202436e+00
-1.222917637060348950e+00
-1.222924247218360350e+00
-1.222929331468069591e+00
-1.222932950874147107e+00
-1.222935165110251798e+00
-1.222936032562371267e+00
-1.222935610466942657e+00
-1.222933955100905967e+00
-1.222931122048860342e+00
-1.222927166583812619e+00
-1.222922144213386408e+00
-1.222916111462899913e+00
-1.222909126988438899e+00
-1.222901253129834664e+00
-1.222892558007528718e+00
-1.222883118202401365e+00
-1.222873021874524957e+00
-1.222862371811369364e+00
-1.222851287357591854e+00
-1.222839903704232345e+00
-1.222828367161313157e+00
-1.222816826339296670e+00
-1.222805421271990101e+00
-1.222794273884626914e+00
-1.222783482538234878e+00
-1.222773121238076799e+00
-1.222763242244095272e+00
-1.222753880251742364e+00
-1.222745056720227597e+00
-1.222736783600919086e+00
-1.222729066236996509e+00
-1.222721905482381910e+00
-1.222715299190371141e+00
-1.222709243233387477e+00
-1.222703732190304038e+00
-1.222698759804940138e+00
-1.222694319289950871e+00
-1.222690403527476821e+00
-1.222687005201364974e+00
-1.222684116884240391e+00
-1.222681731094867663e+00
-1.222679840335989532e+00
-1.222678437119342876e+00
-1.222677513982249442e+00
-1.222677063498668337e+00
-1.222677078286602104e+00
-1.222677551013095609e+00
-1.222678474397645321e+00
-1.222679841214550978e+00
-1.222681644294562942e+00
-1.222683876526057256e+00
-1.222686530855888964e+00
-1.222689600290026046e+00
-1.222693077894031033e+00
-1.222696956793432932e+00
-1.222701230174020548e+00
-1.222705891282076740e+00
-1.222710933424565161e+00
-1.222716349969281247e+00
-1.222722134344971900e+00
-1.222728280041427640e+00
-1.222734780609552541e+00
-1.222741629661411311e+00
-1.222748820870258157e+00
-1.222756347970545665e+00
-1.222764204757917028e+00
-1.222772385089181402e+00
-1.222780882882273490e+00
-1.222789692116197813e+00
-1.222798806830957652e+00
-1.222808221127470230e+00
-1.222817929167468565e+00
-1.222827925173388897e+00
-1.222838203428246784e+00
-1.222848758275498993e+00
-1.222859584118895171e+00
-1.222870675422317088e+00
-1.222882026709606107e+00
-1.222893632564381106e+00
-1.222905487629845078e+00
-1.222917586608581964e+00
-1.222929924262343482e+00
-1.222942495411826869e+00
-1.222955294936443726e+00
-1.222968317774079328e+00
-1.222981558920844369e+00
-1.222995013430818512e+00
-1.223008676415785478e+00
-1.223022543044961941e+00
-1.223036608544717740e+00
-1.223050868198290120e+00
-1.223065317345491065e+00
-1.223079951382408215e+00
-1.223094765761100211e+00
-1.223109755989284952e+00
-1.223124917630024289e+00
-1.223140246301400724e+00
-1.223155737676191901e+00
-1.223171387481537531e+00
-1.223187191498604109e+00
-1.223203145562242966e+00
-1.223219245560646096e+00
-1.223235487434996438e+00
-1.223251867179115715e+00
-1.223268380839107605e+00
-1.223285024512997810e+00
-1.223301794350371230e+00
-1.223318686552006485e+00
-1.223335697369506647e+00
-1.223352823104927323e+00
-1.223370060110403834e+00
-1.223387404787774191e+00
-1.223404853588200947e+00
-1.223422403011790616e+00
-1.223440049607212199e+00
-1.223457789971312382e+00
-1.223475620748730730e+00
-1.223493538631512667e+00
-1.223511540358721783e+00
-1.223529622716050147e+00
-1.223547782535428396e+00
-1.223566016694635161e+00
-1.223584322116904488e+00
-1.223602695770534154e+00
-1.223621134668492649e+00
-1.223639635868025710e+00
-1.223658196470263304e+00
-1.223676813619825721e+00
-1.223695484504429443e+00
-1.223714206354494349e+00
-1.223732976442749143e+00
-1.223751792083838996e+00
-1.223770650633931867e+00
-1.223789549490326145e+00
-1.223808486091058967e+00
-1.223827457914514083e+00
-1.223846462479031283e+00
-1.223865497342516928e+00
-1.223884560102053598e+00
-1.223903648393512622e+00
-1.223922759891166612e+00
-1.223941892307302437e+00
-1.223961043391836867e+00
-1.223980210931931767e+00
-1.223999392751611959e+00
-1.224018586711383305e+00
-1.224037790707852347e+00
-1.224057002673347938e+00
-1.224076220575543328e+00
-1.224095442417081125e+00
-1.224114666235198490e+00
-1.224133890101354538e+00
-1.224153112120859754e+00
-1.224172330432506284e+00
-1.224191543208200450e+00
-1.224210748652597491e+00
-1.224229945002736741e+00
-1.224249130527680807e+00
-1.224268303528154300e+00
-1.224287462336186127e+00
-1.224306605314753327e+00
-1.224325730857426908e+00
-1.224344837388019025e+00
-1.224363923360233697e+00
-1.224382987257318423e+00
-1.224402027591718012e+00
-1.224421042904731083e+00
-1.224440031766168335e+00
-1.224458992774013266e+00
-1.224477924554084884e+00
-1.224496825759702645e+00
-1.224515695071354049e+00
-1.224534531196363796e+00
-1.224553332868565603e+00
-1.224572098847976909e+00
-1.224590827920474689e+00
-1.224609518897474603e+00
-1.224628170615612133e+00
-1.224646781936425732e+00
-1.224665351746043074e+00
-1.224683878954869298e+00
-1.224702362497277264e+00
-1.224720801331300901e+00
-1.224739194438330570e+00
-1.224757540822810631e+00
-1.224775839511940356e+00
-1.224794089555375942e+00
-1.224812290024936079e+00
-1.224830440014309074e+00
-1.224848538638763307e+00
-1.224866585034859234e+00
-1.224884578360164289e+00
-1.224902517792970436e+00
-1.224920402532013952e+00
-1.224938231796196986e+00
-1.224956004824312883e+00
-1.224973720874773075e+00
-1.224991379225335963e+00
-1.225008979172839796e+00
-1.225026520032936217e+00
-1.225044001139827587e+00
-1.225061421846006082e+00
-1.225078781521995230e+00
-1.225096079556093676e+00
-1.225113315354122268e+00
-1.225130488339172485e+00
-1.225147597951357747e+00
-1.225164643647567164e+00
-1.225181624901221733e+00
-1.225198541202032310e+00
-1.225215392055760688e+00
-1.225232176983982901e+00
-1.225248895523854520e+00
-1.225265547227878393e+00
-1.225282131663675056e+00
-1.225298648413755354e+00
-1.225315097075294846e+00
-1.225331477259911317e+00
-1.225347788593444065e+00
-1.225364030715735630e+00
-1.225380203280416191e+00
-1.225396305954689069e+00
-1.225412338419119784e+00
-1.225428300367426893e+00
-1.225444191506274816e+00
-1.225460011555069118e+00
-1.225475760245753554e+00
-1.225491437322610455e+00
-1.225507042542062219e+00
-1.225522575672474801e+00
-1.225538036493964533e+00
-1.225553424798206281e+00
-1.225568740388243594e+00
-1.225583983078301520e+00
-1.225599152693601201e+00
-1.225614249070176465e+00
-1.225629272054692853e+00
-1.225644221504268438e+00
-1.225659097286296850e+00
-1.225673899278272305e+00
-1.225688627367615968e+00
-1.225703281451506088e+00
-1.225717861436708356e+00
-1.225732367239408704e+00
-1.225746798785048997e+00
-1.225761156008163377e+00
-1.225775438852217070e+00
-1.225789647269447835e+00
-1.225803781220707878e+00
-1.225817840675309078e+00
-1.225831825610869341e+00
-1.225845736013160492e+00
-1.225859571875959064e+00
-1.225873333200897974e+00
-1.225887019997320637e+00
-1.225900632282136637e+00
-1.225914170079678955e+00
-1.225927633421563412e+00
-1.225941022346549669e+00
-1.225954336900403785e+00
-1.225967577135763209e+00
-1.225980743112002669e+00
-1.225993834895102053e+00
-1.226006852557516069e+00
-1.226019796178045906e+00
-1.226032665841711555e+00
-1.226045461639626799e+00
-1.226058183668875756e+00
-1.226070832032390090e+00
-1.226083406838828660e+00
-1.226095908202459173e+00
-1.226108336243040053e+00
-1.226120691085704983e+00
-1.226132972860848547e+00
-1.226145181704013432e+00
-1.226157317755779630e+00
-1.226169381161654304e+00
-1.226181372071963427e+00
-1.226193290641745648e+00
-1.226205137030646153e+00
-1.226216911402813858e+00
-1.226228613926798161e+00
-1.226240244775448129e+00
-1.226251804125813027e+00
-1.226263292159044171e+00
-1.226274709060298118e+00
-1.226286055018640964e+00
-1.226297330226954418e+00
-1.226308534881842993e+00
-1.226319669183542516e+00
-1.226330733335829981e+00
-1.226341727545934734e+00
-1.226352652024450984e+00
-1.226363506985250984e+00
-1.226374292645400876e+00
-1.226385009225076095e+00
-1.226395656947479207e+00
-1.226406236038758424e+00
-1.226416746727927443e+00
-1.226427189246786176e+00
-1.226437563829843480e+00
-1.226447870714240329e+00
-1.226458110139674318e+00
-1.226468282348324834e+00
-1.226478387584780894e+00
-1.226488426095967865e+00
-1.226498398131077305e+00
-1.226508303941497013e+00
-1.226518143780741310e+00
-1.226527917904384646e+00
-1.226537626569993433e+00
-1.226547270037061654e+00
-1.226556848566945357e+00
-1.226566362422799372e+00
-1.226575811869514698e+00
-1.226585197173656772e+00
-1.226594518603404849e+00
-1.226603776428492054e+00
-1.226612970920147649e+00
-1.226622102351037968e+00
-1.226631170995210240e+00
-1.226640177128037079e+00
-1.226649121026160749e+00
-1.226658002967439431e+00
-1.226666823230894154e+00
-1.226675582096656392e+00
-1.226684279845916548e+00
-1.226692916760873553e+00
-1.226701493124684905e+00
-1.226710009221418263e+00
-1.226718465336002817e+00
-1.226726861754182663e+00
-1.226735198762469947e+00
-1.226743476648099573e+00
-1.226751695698984124e+00
-1.226759856203670118e+00
-1.226767958451294493e+00
-1.226776002731542414e+00
-1.226783989334605085e+00
-1.226791918551139560e+00
-1.226799790672227441e+00
-1.226807605989336025e+00
-1.226815364794279439e+00
-1.226823067379180232e+00
-1.226830714036432290e+00
-1.226838305058663980e+00
-1.226845840738701954e+00
-1.226853321369535843e+00
-1.226860747244283845e+00
-1.226868118656158080e+00
-1.226875435898431954e+00
-1.226882699264406629e+00
-1.226889909047379268e+00
-1.226897065540611509e+00
-1.226904169037298153e+00
-1.226911219830537414e+00
-1.226918218213300937e+00
-1.226925164478404495e+00
-1.226932058918479784e+00
-1.226938901825946004e+00
-1.226945693492982992e+00
-1.226952434211503906e+00
-1.226959124273128809e+00
-1.226965763969159573e+00
-1.226972353590554121e+00
-1.226978893427901562e+00
-1.226985383771398208e+00
-1.226991824910824480e+00
-1.226998217135520486e+00
-1.227004560734364480e+00
-1.227010855995749994e+00
-1.227017103207564297e+00
-1.227023302657167525e+00
-1.227029454631371364e+00
-1.227035559416419064e+00
-1.227041617297965681e+00
-1.227047628561058534e+00
-1.227053593490117889e+00
-1.227059512368919414e+00
-1.227065385480575088e+00
-1.227071213107516101e+00
-1.227076995531475756e+00
-1.227082733033471929e+00
-1.227088425893791745e+00
-1.227094074391974265e+00
-1.227099678806796268e+00
-1.227105239416255600e+00
-1.227110756497557631e+00
-1.227116230327099711e+00
-1.227121661180457846e+00
-1.227127049332372488e+00
-1.227132395056735437e+00
-1.227137698626576734e+00
-1.227142960314052011e+00
-1.227148180390429832e+00
-1.227153359126080145e+00
-1.227158496790462738e+00
-1.227163593652115470e+00
-1.227168649978643611e+00
-1.227173666036708743e+00
-1.227178642092018768e+00
-1.227183578409317910e+00
-1.227188475252376509e+00
-1.227193332883982135e+00
-1.227198151565930040e+00
-1.227202931559014276e+00
-1.227207673123019260e+00
-1.227212376516711556e+00
-1.227217041997831437e+00
-1.227221669823085559e+00
-1.227226260248139189e+00
-1.227230813527609099e+00
-1.227235329915056683e+00
-1.227239809662980852e+00
-1.227244253022812037e+00
-1.227248660244905532e+00
-1.227253031578535936e+00
-1.227257367271890942e+00
-1.227261667572066450e+00
-1.227265932725060349e+00
-1.227270162975768519e+00
-1.227274358567979062e+00
-1.227278519744368301e+00
-1.227282646746496120e+00
-1.227286739814801964e+00
-1.227290799188600401e+00
-1.227294825106077791e+00
-1.227298817804288289e+00
-1.227302777519151178e+00
-1.227306704485446875e+00
-1.227310598936814268e+00
-1.227314461105747823e+00
-1.227318291223595148e+00
-1.227322089520554105e+00
-1.227325856225671030e+00
-1.227329591566838296e+00
-1.227333295770792310e+00
-1.227336969063111960e+00
-1.227340611668216841e+00
-1.227344223809366142e+00
-1.227347805708656647e+00
-1.227351357587022296e+00
-1.227354879664232845e+00
-1.227358372158892985e+00
-1.227361835288442116e+00
-1.227365269269153014e+00
-1.227368674316132058e+00
-1.227372050643318779e+00
-1.227375398463485423e+00
-1.227378717988237389e+00
-1.227382009428013232e+00
-1.227385272992084442e+00
-1.227388508888556773e+00
-1.227391717324369802e+00
-1.227394898505297816e+00
-1.227398052635950920e+00
-1.227401179919775265e+00
-1.227404280559054817e+00
