-0.319982
-0.319995
-0.320002
-0.319996
-0.320001
-0.319993
-0.320005
-0.320004
-0.319991
-0.319991
-0.319992
-0.319998
-0.319986
-0.319994
-0.319999
-0.319991
-0.319997
-0.31999
-0.319993
-0.31999
-0.319988
-0.319996
-0.319999
-0.319993
-0.319999
-0.319989
-0.319978
-0.319993
-0.320003
-0.319994
-0.319994
-0.320001
-0.319995
-0.319993
-0.32
-0.319984
-0.319997
-0.31999
-0.319999
-0.319989
-0.319997
-0.32
-0.319998
-0.319996
-0.319993
-0.319995
-0.320004
-0.319986
-0.31999
-0.319988
-0.319998
-0.319998
-0.319987
-0.319997
-0.319981
-0.319982
-0.319986
-0.319992
-0.319995
-0.320007
-0.319993
-0.320001
-0.319987
-0.32
-0.319997
-0.319991
-0.319995
-0.319997
-0.319989
-0.319992
-0.32
-0.319988
-0.319988
-0.319992
-0.319995
-0.320001
-0.319991
-0.319991
-0.320002
-0.319996
-0.319995
-0.31999
-0.319988
-0.319992
-0.319987
-0.319986
-0.32
-0.319991
-0.319989
-0.319999
-0.319995
-0.31999
-0.320001
-0.320002
-0.319997
-0.319997
-0.319982
-0.319998
-0.319998
-0.319995
-0.319983
-0.319999
-0.319979
-0.319995
-0.320005
-0.319997
-0.319992
-0.319987
-0.319999
-0.319986
-0.319981
-0.319991
-0.319998
-0.319988
-0.319993
-0.319992
-0.31999
-0.320001
-0.319993
-0.319991
-0.319991
-0.319993
-0.319996
-0.319982
-0.319997
-0.319995
-0.319987
-0.320005
-0.31999
-0.319991
-0.320003
-0.320006
-0.319994
-0.319995
-0.319994
-0.319998
-0.320011
-0.319991
-0.319986
-0.319987
-0.319996
-0.319997
-0.319997
-0.31999
-0.320002
-0.31999
-0.320003
-0.319995
-0.319993
-0.319987
-0.319996
-0.319998
-0.319993
-0.319998
-0.319991
-0.319992
-0.319999
-0.319993
-0.320004
-0.319993
-0.319997
-0.320002
-0.320005
-0.319993
-0.319998
-0.319997
-0.320003
-0.320003
-0.319993
-0.319989
-0.319993
-0.320007
-0.319994
-0.319996
-0.320001
-0.319998
-0.319995
-0.319996
-0.319992
-0.320004
-0.319994
-0.320003
-0.319994
-0.319989
-0.319991
-0.32
-0.319996
-0.319993
-0.32
-0.320011
-0.32
-0.319993
-0.319997
-0.320001
-0.320006
-0.319998
-0.319995
-0.319993
-0.319999
-0.320004
-0.31999
-0.320002
-0.319984
-0.319994
-0.319996
-0.31999
-0.31999
-0.319992
-0.31999
-0.320003
-0.319985
-0.319994
-0.319997
-0.319994
-0.319998
-0.319992
-0.319996
-0.319997
-0.319995
-0.319995
-0.319992
-0.319994
-0.320005
-0.319995
-0.319997
-0.319996
-0.31999
-0.319987
-0.320001
-0.319996
-0.319988
-0.319997
-0.319996
-0.32
-0.319985
-0.319995
-0.320001
-0.319988
-0.319992
-0.320001
-0.31999
-0.319995
-0.319988
-0.31999
-0.319999
-0.319995
-0.320071
-0.320196
-0.32027
-0.320376
-0.320589
-0.320682
-0.320768
-0.320827
-0.320979
-0.321046
-0.321118
-0.3212
-0.321349
-0.32142
-0.321486
-0.321554
-0.321663
-0.321725
-0.321829
-0.322002
-0.322074
-0.322149
-0.322243
-0.322421
-0.322487
-0.322577
-0.32269
-0.322836
-0.322938
-0.323028
-0.323194
-0.323255
-0.32336
-0.323454
-0.323578
-0.323662
-0.323738
-0.323822
-0.32394
-0.324022
-0.324097
-0.324155
-0.324322
-0.324406
-0.324485
-0.324646
-0.324737
-0.324823
-0.324919
-0.325086
-0.325166
-0.32527
-0.325366
-0.325514
-0.325615
-0.325693
-0.32577
-0.325923
-0.326
-0.326084
-0.326208
-0.326277
-0.326367
-0.32646
-0.326623
-0.32672
-0.3268
-0.326891
-0.327057
-0.327147
-0.327215
-0.32732
-0.32748
-0.32757
-0.327646
-0.327801
-0.327885
-0.327986
-0.328064
-0.328207
-0.328289
-0.328345
-0.328418
-0.328566
-0.328634
-0.328717
-0.328798
-0.32897
-0.329052
-0.329129
-0.329286
-0.329386
-0.329473
-0.329552
-0.32973
-0.329817
-0.329908
-0.330003
-0.330156
-0.330232
-0.330307
-0.330459
-0.330534
-0.330598
-0.330667
-0.330841
-0.330932
-0.331013
-0.331104
-0.331277
-0.331361
-0.331435
-0.331522
-0.331698
-0.331764
-0.331842
-0.332015
-0.332097
-0.332178
-0.332269
-0.332436
-0.332485
-0.332568
-0.332635
-0.332794
-0.33287
-0.332947
-0.333025
-0.333165
-0.333254
-0.33335
-0.333524
-0.333619
-0.333711
-0.33381
-0.333976
-0.33406
-0.334154
-0.334235
-0.334391
-0.334468
-0.334542
-0.334632
-0.33479
-0.334865
-0.334947
-0.335109
-0.335196
-0.335272
-0.33534
-0.335501
-0.335572
-0.33564
-0.335719
-0.3359
-0.335968
-0.336068
-0.336165
-0.336325
-0.33639
-0.336474
-0.336636
-0.336724
-0.336806
-0.336891
-0.337044
-0.337143
-0.337225
-0.337316
-0.337474
-0.337557
-0.337638
-0.337823
-0.337901
-0.337988
-0.338049
-0.338225
-0.338302
-0.338387
-0.338471
-0.338608
-0.338708
-0.338792
-0.338885
-0.339034
-0.339122
-0.339188
-0.339334
-0.339421
-0.339482
-0.339561
-0.339729
-0.339805
-0.339893
-0.339974
-0.340131
-0.340222
-0.340302
-0.340394
-0.340553
-0.340639
-0.340716
-0.340892
-0.34097
-0.341067
-0.341152
-0.341333
-0.341411
-0.341487
-0.341586
-0.341731
-0.341822
-0.341884
-0.341957
-0.342104
-0.342169
-0.342261
-0.34241
-0.342485
-0.342571
-0.342655
-0.342816
-0.342898
-0.34298
-0.343039
-0.343212
-0.343289
-0.343384
-0.343561
-0.343628
-0.343711
-0.343793
-0.343926
-0.344011
-0.344085
-0.344176
-0.344334
-0.344431
-0.344517
-0.344603
-0.344786
-0.344866
-0.344966
-0.345127
-0.345201
-0.345288
-0.345363
-0.345531
-0.345607
-0.345698
-0.345772
-0.345902
-0.345983
-0.346059
-0.346137
-0.346282
-0.346364
-0.346447
-0.346606
-0.346681
-0.346759
-0.34686
-0.347047
-0.347134
-0.34722
-0.347301
-0.34747
-0.347557
-0.347631
-0.347731
-0.347906
-0.347987
-0.348082
-0.348245
-0.348331
-0.348403
-0.348472
-0.34862
-0.348702
-0.348775
-0.348851
-0.348998
-0.349079
-0.34916
-0.3493
-0.349395
-0.34948
-0.349561
-0.349724
-0.349809
-0.34989
-0.349962
-0.350147
-0.350233
-0.350329
-0.350403
-0.350576
-0.350659
-0.350726
-0.350885
-0.350947
-0.351028
-0.351111
-0.35129
-0.35137
-0.351448
-0.351543
-0.351709
-0.351782
-0.351867
-0.351932
-0.352098
-0.352184
-0.352257
-0.352398
-0.352486
-0.352566
-0.352649
-0.352801
-0.352893
-0.352984
-0.353063
-0.353218
-0.353309
-0.353382
-0.353565
-0.353645
-0.353733
-0.353826
-0.353991
-0.354057
-0.35414
-0.354219
-0.354389
-0.354481
-0.354572
-0.35465
-0.354808
-0.354888
-0.354969
-0.355125
-0.355207
-0.355293
-0.355369
-0.355524
-0.35561
-0.355684
-0.355761
-0.355919
-0.356001
-0.356085
-0.356168
-0.356333
-0.356419
-0.356503
-0.356666
-0.356743
-0.35684
-0.35692
-0.357084
-0.357152
-0.357245
-0.357313
-0.357457
-0.357528
-0.35762
-0.357701
-0.357866
-0.357949
-0.358041
-0.358198
-0.358289
-0.358378
-0.358444
-0.358607
-0.358707
-0.358776
-0.358869
-0.359021
-0.35909
-0.359162
-0.359335
-0.359414
-0.359498
-0.359563
-0.359723
-0.359801
-0.359888
-0.359982
-0.360159
-0.360245
-0.360333
-0.360419
-0.36057
-0.360669
-0.360747
-0.36091
-0.360998
-0.361073
-0.361163
-0.3613
-0.361391
-0.361472
-0.361554
-0.361721
-0.361802
-0.361874
-0.361945
-0.362108
-0.362183
-0.362266
-0.362427
-0.362509
-0.362591
-0.362682
-0.362838
-0.362916
-0.363013
-0.363063
-0.36325
-0.363338
-0.363423
-0.3635
-0.363664
-0.363746
-0.363813
-0.363965
-0.364048
-0.364144
-0.364214
-0.36439
-0.364472
-0.364548
-0.364634
-0.364792
-0.36489
-0.364976
-0.365141
-0.365224
-0.365298
-0.365364
-0.365521
-0.365593
-0.365668
-0.365746
-0.365909
-0.365975
-0.366051
-0.36613
-0.366304
-0.366381
-0.366476
-0.366649
-0.36674
-0.36682
-0.366901
-0.367056
-0.367139
-0.367223
-0.367312
-0.367482
-0.367559
-0.367641
-0.367715
-0.367881
-0.367955
-0.368045
-0.368197
-0.368278
-0.368372
-0.368452
-0.368614
-0.368697
-0.368781
-0.368856
-0.369017
-0.369097
-0.369173
-0.36926
-0.369416
-0.369484
-0.369564
-0.369734
-0.369814
-0.369893
-0.369971
-0.370128
-0.3702
-0.370281
-0.37036
-0.370527
-0.37062
-0.370708
-0.370862
-0.370941
-0.371017
-0.371102
-0.371275
-0.371356
-0.37145
-0.371535
-0.371705
-0.371784
-0.371857
-0.371942
-0.372114
-0.372198
-0.372283
-0.372434
-0.372525
-0.372605
-0.372692
-0.372871
-0.372956
-0.373037
-0.373113
-0.373281
-0.373362
-0.373439
-0.37352
-0.373677
-0.373759
-0.373837
-0.374006
-0.374074
-0.374153
-0.374228
-0.374386
-0.37447
-0.374554
-0.374633
-0.374801
-0.374887
-0.374955
-0.375033
-0.375192
-0.375276
-0.375363
-0.375527
-0.375603
-0.375684
-0.375765
-0.375925
-0.376014
-0.376086
-0.376174
-0.376338
-0.376432
-0.37652
-0.376593
-0.376754
-0.37684
-0.376913
-0.377089
-0.377178
-0.377254
-0.377343
-0.377498
-0.37757
-0.377651
-0.377733
-0.377902
-0.37799
-0.378083
-0.378248
-0.378324
-0.378397
-0.378467
-0.378626
-0.378714
-0.378804
-0.378882
-0.379033
-0.379113
-0.379194
-0.379282
-0.379442
-0.379513
-0.379605
-0.379772
-0.379842
-0.379926
-0.379994
-0.380152
-0.38024
-0.380317
-0.380388
-0.380561
-0.380649
-0.380727
-0.3808
-0.380955
-0.381032
-0.381111
-0.381286
-0.381372
-0.381456
-0.381542
-0.381702
-0.381787
-0.381853
-0.381939
-0.382095
-0.382172
-0.382251
-0.382334
-0.382497
-0.382576
-0.382666
-0.382829
-0.382908
-0.382988
-0.383076
-0.383241
-0.383335
-0.383411
-0.383495
-0.383654
-0.383739
-0.383816
-0.383976
-0.384055
-0.384139
-0.384218
-0.384388
-0.384459
-0.384541
-0.384625
-0.384793
-0.384877
-0.38496
-0.385036
-0.385213
-0.385297
-0.385376
-0.385551
-0.385632
-0.385713
-0.385791
-0.385954
-0.386036
-0.386114
-0.3862
-0.386356
-0.386437
-0.386517
-0.386681
-0.386758
-0.386836
-0.386928
-0.387074
-0.387157
-0.387234
-0.387308
-0.387472
-0.387559
-0.387647
-0.387735
-0.387904
-0.387982
-0.388068
-0.388232
-0.388312
-0.388397
-0.388474
-0.388626
-0.38871
-0.388784
-0.388868
-0.389022
-0.389104
-0.389187
-0.389279
-0.389445
-0.389532
-0.389626
-0.389802
-0.389896
-0.389984
-0.390073
-0.390216
-0.390294
-0.390367
-0.390453
-0.390602
-0.39067
-0.390749
-0.390832
-0.391001
-0.391077
-0.391173
-0.391345
-0.391434
-0.391499
-0.391585
-0.391735
-0.391807
-0.391873
-0.391958
-0.392111
-0.39219
-0.392273
-0.392451
-0.392539
-0.392618
-0.3927
-0.39285
-0.39292
-0.392996
-0.393072
-0.393217
-0.393306
-0.393385
-0.393486
-0.393658
-0.393736
-0.393814
-0.393954
-0.394035
-0.394103
-0.394191
-0.394367
-0.394454
-0.394544
-0.394639
-0.394799
-0.394872
-0.394946
-0.395017
-0.395172
-0.395264
-0.395348
-0.395535
-0.395625
-0.39571
-0.395777
-0.39592
-0.395999
-0.396073
-0.396156
-0.396338
-0.39643
-0.396522
-0.396608
-0.39675
-0.396824
-0.396905
-0.397054
-0.397144
-0.39724
-0.397322
-0.3975
-0.397576
-0.397649
-0.397724
-0.39788
-0.397952
-0.398049
-0.398134
-0.398322
-0.398405
-0.398485
-0.398623
-0.3987
-0.398776
-0.398861
-0.399036
-0.399128
-0.399219
-0.399303
-0.399455
-0.399524
-0.39959
-0.399667
-0.399827
-0.399898
-0.399947
-0.400001
-0.40001
-0.400007
-0.399998
-0.400014
-0.400006
-0.400035
-0.400074
-0.40021
-0.400279
-0.40037
-0.400526
-0.400602
-0.400682
-0.400762
-0.40092
-0.400999
-0.401075
-0.401151
-0.401311
-0.401395
-0.401468
-0.401555
-0.401698
-0.401785
-0.401859
-0.402013
-0.402087
-0.402159
-0.402233
-0.402401
-0.402479
-0.40256
-0.402647
-0.402809
-0.402883
-0.402959
-0.40304
-0.403191
-0.403274
-0.403348
-0.403503
-0.403577
-0.403653
-0.403728
-0.40387
-0.403953
-0.404023
-0.404094
-0.404255
-0.404335
-0.404419
-0.404504
-0.404672
-0.404756
-0.404845
-0.405005
-0.405097
-0.405164
-0.405245
-0.405407
-0.40548
-0.405556
-0.405633
-0.405778
-0.405853
-0.405934
-0.40601
-0.406145
-0.406225
-0.406309
-0.406467
-0.406554
-0.406628
-0.406707
-0.406867
-0.406946
-0.407021
-0.407096
-0.407259
-0.40733
-0.407411
-0.407485
-0.407637
-0.407713
-0.407792
-0.407947
-0.408017
-0.408101
-0.408194
-0.408361
-0.40844
-0.408531
-0.408609
-0.408779
-0.408859
-0.408936
-0.409017
-0.409169
-0.409238
-0.409308
-0.409466
-0.409542
-0.409611
-0.409692
-0.409852
-0.409932
-0.410013
-0.410083
-0.410244
-0.410324
-0.410406
-0.41048
-0.410644
-0.410714
-0.410789
-0.41094
-0.411025
-0.411098
-0.411171
-0.411328
-0.41141
-0.411489
-0.411569
-0.411722
-0.411808
-0.411885
-0.412047
-0.412122
-0.412194
-0.412283
-0.412429
-0.41251
-0.412582
-0.412655
-0.412816
-0.412895
-0.412985
-0.413072
-0.413234
-0.413307
-0.413395
-0.413558
-0.413643
-0.413719
-0.413802
-0.413952
-0.414034
-0.414106
-0.414183
-0.414329
-0.414408
-0.414493
-0.414571
-0.414737
-0.414808
-0.414888
-0.415049
-0.415127
-0.415205
-0.415274
-0.415424
-0.415505
-0.415581
-0.415667
-0.415826
-0.415907
-0.415986
-0.416065
-0.416229
-0.4163
-0.416388
-0.41652
-0.416604
-0.416687
-0.416751
-0.416906
-0.416985
-0.417065
-0.41715
-0.417304
-0.417384
-0.417468
-0.417631
-0.417708
-0.417779
-0.417853
-0.418007
-0.418083
-0.418165
-0.418239
-0.418405
-0.418476
-0.418559
-0.418638
-0.418796
-0.418881
-0.418955
-0.419118
-0.419199
-0.419271
-0.419357
-0.41951
-0.419596
-0.419676
-0.41976
-0.419917
-0.420007
-0.420086
-0.420161
-0.420324
-0.420405
-0.420491
-0.420638
-0.420711
-0.42079
-0.420869
-0.421023
-0.421097
-0.421169
-0.421249
-0.421401
-0.421476
-0.421552
-0.421634
-0.421763
-0.421851
-0.42192
-0.422082
-0.422158
-0.422238
-0.42231
-0.422464
-0.422534
-0.422613
-0.422694
-0.422837
-0.422924
-0.422998
-0.423077
-0.42325
-0.423322
-0.42341
-0.423568
-0.423644
-0.423728
-0.42381
-0.423964
-0.424037
-0.424116
-0.424196
-0.424356
-0.424442
-0.424519
-0.424596
-0.424763
-0.424847
-0.424926
-0.42508
-0.425162
-0.425242
-0.425324
-0.425483
-0.42556
-0.425644
-0.425716
-0.42587
-0.425944
-0.426026
-0.426172
-0.426244
-0.426329
-0.426399
-0.426568
-0.426636
-0.426713
-0.426796
-0.426905
-0.426947
-0.42698
-0.426998
-0.426995
-0.426998
-0.427
-0.427005
-0.426987
-0.426986
-0.426993
-0.426981
-0.426967
-0.42697
-0.426968
-0.426959
-0.426952
-0.42696
-0.426987
-0.426998
-0.42701
-0.427025
-0.427036
-0.42704
-0.427043
-0.427055
-0.427037
-0.427006
-0.427002
-0.42699
-0.426976
-0.426967
-0.426965
-0.426951
-0.426958
-0.426944
-0.426956
-0.426978
-0.426992
-0.426994
-0.427008
-0.427034
-0.427036
-0.427036
-0.427044
-0.427022
-0.427008
-0.426994
-0.426966
-0.426967
-0.426955
-0.426956
-0.426948
-0.426959
-0.42697
-0.426979
-0.426999
-0.427016
-0.427015
-0.427018
-0.427026
-0.427024
-0.427014
-0.42699
-0.426983
-0.426976
-0.426964
-0.426963
-0.426959
-0.426967
-0.426967
-0.426994
-0.427002
-0.427019
-0.427023
-0.427039
-0.427034
-0.427033
-0.427003
-0.426988
-0.426979
-0.426973
-0.426969
-0.426976
-0.426973
-0.426983
-0.427018
-0.427018
-0.427035
-0.427055
-0.427064
-0.42706
-0.42706
-0.427027
-0.427021
-0.426995
-0.426995
-0.426982
-0.426984
-0.426983
-0.426995
-0.427029
-0.427046
-0.427053
-0.427063
-0.427053
-0.427039
-0.427021
-0.426991
-0.427
-0.426989
-0.426993
-0.426997
-0.427007
-0.427008
-0.427023
-0.42705
-0.427063
-0.427051
-0.427042
-0.427023
-0.427018
-0.427005
-0.426991
-0.426988
-0.427006
-0.427014
-0.427035
-0.427049
-0.427064
-0.427062
-0.42705
-0.427041
-0.427021
-0.427003
-0.426987
-0.426992
-0.426992
-0.427
-0.427012
-0.427027
-0.427031
-0.42705
-0.427033
-0.427032
-0.427
-0.426997
-0.426982
-0.426982
-0.426984
-0.426988
-0.427002
-0.427015
-0.427037
-0.427026
-0.427032
-0.427018
-0.427
-0.426982
-0.426982
-0.426995
-0.427001
-0.427005
-0.427025
-0.427043
-0.427045
-0.427037
-0.42704
-0.426976
-0.426964
-0.426971
-0.426965
-0.426965
-0.426976
-0.426997
-0.427014
-0.427028
-0.42701
-0.427011
-0.426981
-0.426968
-0.426962
-0.426976
-0.426979
-0.426983
-0.426996
-0.42701
-0.427024
-0.427012
-0.427
-0.426986
-0.426986
-0.426975
-0.426981
-0.427
-0.427009
-0.427015
-0.427036
-0.427037
-0.427024
-0.427009
-0.426992
-0.426988
-0.426988
-0.426988
-0.426991
-0.427021
-0.427029
-0.427041
-0.427019
-0.42701
-0.426991
-0.427004
-0.427004
-0.426996
-0.427003
-0.427015
-0.427034
-0.427031
-0.427018
-0.426998
-0.427001
-0.426992
-0.426997
-0.427005
-0.427018
-0.427025
-0.427031
-0.427033
-0.42705
-0.427028
-0.427017
-0.42701
-0.427015
-0.427012
-0.427028
-0.427028
-0.427043
-0.427034
-0.427029
-0.427013
-0.427003
-0.426992
-0.426987
-0.426992
-0.427006
-0.427032
-0.427032
-0.427045
-0.427045
-0.427021
-0.427001
-0.427005
-0.42701
-0.42703
-0.42702
-0.42703
-0.42703
-0.427034
-0.427021
-0.427015
-0.426988
-0.426992
-0.426972
-0.426989
-0.426995
-0.427004
-0.427004
-0.427013
-0.426994
-0.42698
-0.426962
-0.426973
-0.426988
-0.426983
-0.426988
-0.427
-0.427009
-0.426999
-0.426993
-0.426969
-0.426972
-0.426962
-0.426971
-0.426973
-0.426996
-0.426995
-0.427002
-0.426995
-0.427002
-0.426986
-0.426989
-0.42699
-0.427001
-0.426999
-0.427027
-0.427024
-0.42703
-0.42702
-0.427011
-0.427009
-0.427011
-0.42701
-0.426987
-0.426992
-0.427004
-0.426996
-0.426986
-0.427003
-0.426989
-0.426991
-0.426995
-0.427003
-0.426994
-0.426993
-0.426997
-0.427006
-0.427007
-0.426997
-0.427
-0.427005
-0.426997
-0.427003
-0.427
-0.426997
-0.426992
-0.426993
-0.426989
-0.426988
-0.426983
-0.426988
-0.42699
-0.426989
-0.426989
-0.426988
-0.426988
-0.426988
-0.426993
-0.42699
-0.426988
-0.42699
-0.426986
-0.426988
-0.426991
-0.426989
-0.426988
-0.426989
-0.426982
-0.426986
-0.426985
-0.426992
-0.426988
-0.42699
-0.426989
-0.426982
-0.426991
-0.426986
-0.426987
-0.426985
-0.426988
-0.426987
-0.426987
-0.426989
-0.426986
-0.426988
-0.426988
-0.42699
-0.426991
-0.42699
-0.426983
-0.42699
-0.426987
-0.426989
-0.426989
-0.426987
-0.426987
-0.426989
-0.426986
-0.426992
-0.426984
-0.42699
-0.426989
-0.426983
-0.426987
-0.426989
-0.426984
-0.426988
-0.426987
-0.426988
-0.426987
-0.426988
-0.426985
-0.426986
-0.42699
-0.426985
-0.426984
-0.426988
-0.426985
-0.426986
-0.426986
-0.426985
-0.426986
-0.426987
-0.426987
-0.426988
-0.426989
-0.426987
-0.426986
-0.426991
-0.426986
-0.426988
-0.426985
-0.426986
-0.426986
-0.426988
-0.426988
-0.426983
-0.426986
-0.42699
-0.42699
-0.426984
-0.426987
-0.426991
-0.426985
-0.426989
-0.426984
-0.426989
-0.426991
-0.426987
-0.426987
-0.426991
-0.426992
-0.426984
-0.426988
-0.426986
-0.426985
-0.426985
-0.426985
-0.426991
-0.426987
-0.426987
-0.426985
-0.426987
-0.426989
-0.426989
-0.42699
-0.426987
-0.426988
-0.42699
-0.42699
-0.426988
-0.426983
-0.42699
-0.426988
-0.426989
-0.426988
-0.426985
-0.426992
-0.426982
-0.42699
-0.426984
-0.426989
-0.426987
-0.426989
-0.426988
-0.426984
-0.426988
-0.426987
-0.426991
-0.426993
-0.426989
-0.426984
-0.426985
-0.426988
-0.426982
-0.42699
-0.426987
-0.426988
-0.426989
-0.426987
-0.426989
-0.426991
-0.426986
-0.426987
-0.426988
-0.426986
-0.426993
-0.426989
-0.426991
-0.426989
-0.426988
-0.426987
-0.426985
-0.426992
-0.426986
-0.426986
-0.426989
-0.426989
-0.426987
-0.426987
-0.426989
-0.426987
-0.426986
-0.426989
-0.426987
-0.426989
-0.426987
-0.426983
-0.426991
-0.426985
-0.426985
-0.426988
-0.426989
-0.426992
-0.426988
-0.426987
-0.426987
-0.426989
-0.426983
-0.426987
-0.426991
-0.426986
-0.426986
-0.426987
-0.426992
-0.426983
-0.426991
-0.42699
-0.426989
-0.426992
-0.426984
-0.426986
-0.426983
-0.426987
-0.426986
-0.426988
-0.426987
-0.426986
-0.426987
-0.426983
-0.426984
-0.426982
-0.426987
-0.426991
-0.426989
-0.42699
-0.426991
-0.426985
-0.426989
-0.426993
-0.426987
-0.426987
-0.426984
-0.426989
-0.426994
-0.426989
-0.426989
-0.426985
-0.426984
-0.426988
-0.426987
-0.426988
-0.426988
-0.426986
-0.426988
-0.426987
-0.426991
-0.426983
-0.426987
-0.426985
-0.426985
-0.426989
-0.426989
-0.426986
-0.426988
-0.426987
-0.426985
-0.426983
-0.426987
-0.426982
-0.426988
-0.426987
-0.426987
-0.426988
-0.426985
-0.426984
-0.426986
-0.426987
-0.426986
-0.426985
-0.426988
-0.426986
-0.426987
-0.426987
-0.426985
-0.426991
-0.426988
-0.426984
-0.42699
-0.426983
-0.426986
-0.426988
-0.426989
-0.426989
-0.426986
-0.426987
-0.426986
-0.426988
-0.426989
-0.426985
-0.426985
-0.426985
-0.426986
-0.426985
-0.426987
-0.426988
-0.42699
-0.42699
-0.426988
-0.426983
-0.426984
-0.426988
-0.426988
-0.426989
-0.426987
-0.426983
-0.426984
-0.426989
-0.42699
-0.426983
-0.426987
-0.426984
-0.426988
-0.426985
-0.426986
-0.426984
-0.426987
-0.426989
-0.426986
-0.426989
-0.426981
-0.426985
-0.426985
-0.426989
-0.426987
-0.426988
-0.426988
-0.426989
-0.426991
-0.426991
-0.426988
-0.426991
-0.426989
-0.426983
-0.426986
-0.426987
-0.426985
-0.42699
-0.426988
-0.426989
-0.426985
-0.426989
-0.426991
-0.426988
-0.426987
-0.426984
-0.426986
-0.426987
-0.426984
-0.426986
-0.426982
-0.426986
-0.426987
-0.426987
-0.426988
-0.426987
-0.426991
-0.426989
-0.426983
-0.426987
-0.426987
-0.426986
-0.426989
-0.426988
-0.426988
-0.426986
-0.426985
-0.426986
-0.426986
-0.426987
-0.426991
-0.42699
-0.426991
-0.426987
-0.426989
-0.426988
-0.426988
-0.426989
-0.426987
-0.426983
-0.42699
-0.426982
-0.42699
-0.426983
-0.426989
-0.426988
-0.426984
-0.426992
-0.426984
-0.426989
-0.426983
-0.426986
-0.426988
-0.426988
-0.42699
-0.426991
-0.426983
-0.426989
-0.426986
