2.19989
2.19985
2.1999
2.19993
2.19988
2.19988
2.19993
2.19984
2.19991
2.19989
2.2
2.19993
2.19991
2.1999
2.19991
2.19991
2.19991
2.19986
2.19991
2.19997
2.19997
2.19996
2.19996
2.19998
2.1999
2.19994
2.19991
2.19989
2.19989
2.19996
2.19987
2.19991
2.19995
2.19995
2.19996
2.19992
2.1999
2.19988
2.19993
2.19988
2.19989
2.1999
2.19991
2.1999
2.19986
2.1999
2.19987
2.19996
2.19994
2.19991
2.19999
2.19995
2.19991
2.19998
2.19997
2.19996
2.19997
2.19995
2.19988
2.19995
2.19987
2.19992
2.19993
2.1999
2.19991
2.19999
2.1999
2.1999
2.19989
2.19999
2.19996
2.19989
2.19996
2.19996
2.19991
2.19989
2.19986
2.19993
2.19992
2.19992
2.19991
2.19993
2.19989
2.19994
2.20002
2.19996
2.19992
2.19992
2.19991
2.19997
2.1999
2.19994
2.19987
2.19991
2.19996
2.19987
2.19996
2.19986
2.19994
2.19992
2.19992
2.1999
2.1999
2.19994
2.19993
2.19995
2.19994
2.19987
2.1999
2.19991
2.19995
2.19996
2.19994
2.19996
2.1999
2.19988
2.19991
2.19993
2.19995
2.19994
2.19991
2.19984
2.19993
2.19995
2.19993
2.19992
2.19993
2.19989
2.19991
2.19993
2.19996
2.19995
2.1999
2.19997
2.1999
2.19993
2.19995
2.19997
2.19987
2.19988
2.1999
2.19993
2.19997
2.19996
2.19988
2.1999
2.19994
2.19991
2.19993
2.19999
2.19994
2.19997
2.19996
2.19997
2.1999
2.19987
2.19986
2.19992
2.19995
2.19992
2.19994
2.19989
2.19997
2.19996
2.19994
2.19996
2.19993
2.19993
2.19992
2.19987
2.19989
2.19995
2.19987
2.19996
2.19993
2.19991
2.19996
2.1999
2.19987
2.1999
2.1999
2.19985
2.19995
2.19992
2.19997
2.19993
2.19988
2.19988
2.19992
2.2
2.19994
2.19994
2.19987
2.19992
2.19992
2.19988
2.19996
2.19992
2.19992
2.19993
2.19983
2.1999
2.19992
2.20001
2.19993
2.19995
2.19993
2.19985
2.19996
2.19994
2.19987
2.19989
2.19995
2.19992
2.19995
2.19987
2.19991
2.19996
2.19989
2.19987
2.19993
2.19987
2.19994
2.1999
2.1999
2.19999
2.19992
2.19996
2.19991
2.1999
2.19995
2.19997
2.19993
2.19995
2.19988
2.19991
2.19998
2.1999
2.19996
2.20002
2.19994
2.1999
2.19995
2.19991
2.19994
2.20001
2.20023
2.20108
2.20171
2.20252
2.20421
2.2051
2.20589
2.20667
2.20812
2.20879
2.20975
2.21071
2.21236
2.21315
2.21389
2.21459
2.21601
2.21677
2.21765
2.21932
2.22009
2.22077
-2.22036
-2.21877
-2.21804
-2.21719
-2.21632
-2.21484
-2.21389
-2.21314
-2.21142
-2.21064
-2.20963
-2.20877
-2.20715
-2.20634
-2.20546
-2.20456
-2.20309
-2.20224
-2.20154
-2.20075
-2.19915
-2.19838
-2.19764
-2.19598
-2.19522
-2.19435
-2.19349
-2.19188
-2.19108
-2.19011
-2.18918
-2.18749
-2.18656
-2.18571
-2.18476
-2.18301
-2.1821
-2.18125
-2.17956
-2.17878
-2.17789
-2.17704
-2.17535
-2.17444
-2.17358
-2.17271
-2.17106
-2.17027
-2.16946
-2.16854
-2.16692
-2.16603
-2.16524
-2.16347
-2.16254
-2.1616
-2.16068
-2.15896
-2.15812
-2.15725
-2.15646
-2.15481
-2.15412
-2.15323
-2.15239
-2.15063
-2.14978
-2.14902
-2.14736
-2.14649
-2.14568
-2.14482
-2.14302
-2.1421
-2.14118
-2.14019
-2.13836
-2.13749
-2.13661
-2.13472
-2.13379
-2.13294
-2.13215
-2.13023
-2.12936
-2.1285
-2.12762
-2.12575
-2.12498
-2.12409
-2.12325
-2.12152
-2.12072
-2.11992
-2.11823
-2.11742
-2.11646
-2.11557
-2.11367
-2.11291
-2.11198
-2.11113
-2.10924
-2.10834
-2.10741
-2.10653
-2.10479
-2.10388
-2.10287
-2.10107
-2.10014
-2.09923
-2.09829
-2.09646
-2.09558
-2.0947
-2.09384
-2.09209
-2.09119
-2.0903
-2.08932
-2.0875
-2.08663
-2.08575
-2.08384
-2.08291
-2.08197
-2.08105
-2.07911
-2.07829
-2.0774
-2.07642
-2.07447
-2.07356
-2.0726
-2.07165
-2.06988
-2.06905
-2.0681
-2.06629
-2.06534
-2.06447
-2.06354
-2.06176
-2.06088
-2.05993
-2.0589
-2.05707
-2.05604
-2.05509
-2.05303
-2.05204
-2.05113
-2.05029
-2.04819
-2.04726
-2.04622
-2.04526
-2.0436
-2.0426
-2.04178
-2.04088
-2.03906
-2.03818
-2.03732
-2.03562
-2.03462
-2.03392
-2.03297
-2.03106
-2.03012
-2.02916
-2.02815
-2.02617
-2.02506
-2.02413
-2.02304
-2.02106
-2.02005
-2.01906
-2.01709
-2.01614
-2.01516
-2.01418
-2.01221
-2.01133
-2.01046
-2.0095
-2.00772
-2.00686
-2.00605
-2.00522
-2.00342
-2.00261
-2.00159
-1.99973
-1.99864
-1.99766
-1.99666
-1.9945
-1.99347
-1.99246
-1.99163
-1.98963
-1.98862
-1.98758
-1.98557
-1.98471
-1.98372
-1.9828
-1.98113
-1.98019
-1.97929
-1.9783
-1.97654
-1.97557
-1.97468
-1.97364
-1.97166
-1.97063
-1.96951
-1.96749
-1.96652
-1.96545
-1.96453
-1.9624
-1.96132
-1.96024
-1.9592
-1.95737
-1.95645
-1.95541
-1.95449
-1.9526
-1.95161
-1.95074
-1.94875
-1.94786
-1.94692
-1.94593
-1.94391
-1.94301
-1.94204
-1.94102
-1.93896
-1.93795
-1.93695
-1.93591
-1.93371
-1.93268
-1.93153
-1.92952
-1.92849
-1.92745
-1.92659
-1.92463
-1.9236
-1.92264
-1.92161
-1.91973
-1.91875
-1.9178
-1.91596
-1.91491
-1.91395
-1.91294
-1.91104
-1.9101
-1.90907
-1.90818
-1.90605
-1.90488
-1.90384
-1.90306
-1.901
-1.90001
-1.89902
-1.89689
-1.896
-1.89495
-1.89396
-1.89182
-1.89071
-1.88975
-1.88856
-1.88642
-1.88546
-1.88438
-1.88347
-1.88146
-1.8804
-1.87949
-1.87755
-1.8766
-1.87567
-1.87474
-1.87284
-1.87171
-1.87063
-1.86971
-1.86764
-1.86663
-1.86572
-1.86349
-1.86245
-1.86135
-1.86031
-1.8581
-1.85715
-1.8561
-1.8551
-1.8528
-1.85171
-1.85056
-1.84944
-1.84745
-1.84642
-1.8453
-1.84344
-1.84247
-1.84149
-1.84052
-1.83865
-1.83764
-1.83667
-1.83567
-1.83364
-1.83269
-1.83154
-1.8306
-1.82849
-1.82743
-1.82634
-1.82423
-1.82311
-1.8221
-1.82102
-1.81891
-1.81787
-1.81678
-1.81575
-1.81387
-1.81285
-1.81171
-1.81063
-1.80838
-1.8073
-1.80609
-1.80398
-1.8029
-1.80185
-1.80094
-1.79891
-1.7977
-1.79672
-1.79565
-1.7937
-1.7929
-1.79197
-1.78986
-1.78894
-1.78792
-1.78691
-1.78483
-1.78382
-1.78282
-1.78165
-1.77943
-1.77834
-1.77717
-1.77598
-1.77379
-1.77264
-1.77154
-1.76933
-1.76819
-1.76707
-1.76607
-1.76398
-1.76285
-1.76176
-1.76068
-1.75847
-1.7574
-1.75649
-1.75555
-1.75353
-1.75253
-1.75142
-1.74917
-1.74828
-1.74727
-1.74612
-1.74417
-1.74321
-1.74201
-1.7409
-1.73869
-1.7376
-1.73652
-1.73556
-1.73365
-1.73247
-1.73158
-1.72959
-1.72863
-1.7275
-1.72648
-1.72415
-1.72303
-1.72194
-1.72087
-1.71867
-1.71747
-1.71637
-1.714
-1.71278
-1.71173
-1.71077
-1.70862
-1.70768
-1.70663
-1.70552
-1.70343
-1.70253
-1.70152
-1.70053
-1.69837
-1.69723
-1.6961
-1.69384
-1.69273
-1.69166
-1.69057
-1.68844
-1.68736
-1.68624
-1.68498
-1.68281
-1.68177
-1.68073
-1.67959
-1.67758
-1.67642
-1.6754
-1.67331
-1.67227
-1.67098
-1.66989
-1.66758
-1.66648
-1.66523
-1.66431
-1.66204
-1.66092
-1.6599
-1.65879
-1.65659
-1.65549
-1.65437
-1.65205
-1.65101
-1.64998
-1.64895
-1.64674
-1.64575
-1.64464
-1.64365
-1.64137
-1.64025
-1.6391
-1.63697
-1.63598
-1.63494
-1.63383
-1.63152
-1.63052
-1.62926
-1.62808
-1.62588
-1.62474
-1.62382
-1.6227
-1.62052
-1.6195
-1.61845
-1.61645
-1.61529
-1.61424
-1.61299
-1.61057
-1.6094
-1.60834
-1.6072
-1.605
-1.6038
-1.60273
-1.60156
-1.59939
-1.59834
-1.59723
-1.5949
-1.5939
-1.59293
-1.59187
-1.58973
-1.58865
-1.58752
-1.58627
-1.58394
-1.58275
-1.58173
-1.58065
-1.57845
-1.57721
-1.57598
-1.57369
-1.57258
-1.57153
-1.57042
-1.56815
-1.56694
-1.56585
-1.56476
-1.56263
-1.56146
-1.56036
-1.55923
-1.55706
-1.55591
-1.55483
-1.55238
-1.55122
-1.55014
-1.54898
-1.54674
-1.54568
-1.54452
-1.54347
-1.54144
-1.54031
-1.53917
-1.53695
-1.53602
-1.53492
-1.53387
-1.5318
-1.53063
-1.52938
-1.52823
-1.52591
-1.52473
-1.52353
-1.52224
-1.51983
-1.51864
-1.51755
-1.5152
-1.51412
-1.51298
-1.51184
-1.50981
-1.50866
-1.50763
-1.50668
-1.50448
-1.50327
-1.50208
-1.5009
-1.49871
-1.4975
-1.49642
-1.49396
-1.4928
-1.49166
-1.49052
-1.48823
-1.48716
-1.48615
-1.48511
-1.48303
-1.48201
-1.48099
-1.47976
-1.47744
-1.47636
-1.47506
-1.47267
-1.47161
-1.4704
-1.46908
-1.46679
-1.4655
-1.4642
-1.46313
-1.4609
-1.45974
-1.45872
-1.45639
-1.45522
-1.45418
-1.45308
-1.45083
-1.4498
-1.44869
-1.44748
-1.44508
-1.44409
-1.44305
-1.44195
-1.43976
-1.43858
-1.43754
-1.43515
-1.43395
-1.4328
-1.43172
-1.42942
-1.428
-1.42693
-1.42581
-1.42352
-1.42228
-1.42118
-1.41872
-1.41761
-1.4165
-1.41513
-1.41286
-1.41171
-1.41035
-1.40914
-1.40687
-1.40576
-1.40466
-1.40343
-1.40125
-1.40023
-1.3991
-1.39691
-1.39577
-1.39457
-1.39334
-1.39116
-1.38989
-1.38866
-1.38741
-1.38513
-1.38401
-1.38277
-1.38164
-1.37942
-1.37818
-1.37713
-1.37497
-1.37403
-1.37295
-1.37175
-1.36935
-1.36815
-1.36694
-1.3656
-1.36326
-1.36218
-1.36088
-1.35976
-1.35749
-1.3563
-1.35529
-1.35329
-1.35223
-1.35125
-1.3502
-1.34741
-1.34601
-1.34482
-1.34353
-1.34124
-1.34025
-1.33916
-1.33705
-1.33591
-1.33489
-1.3338
-1.33134
-1.32996
-1.32877
-1.32728
-1.32488
-1.32384
-1.32282
-1.32196
-1.31993
-1.31873
-1.31744
-1.31469
-1.31347
-1.31207
-1.31078
-1.30849
-1.30751
-1.30666
-1.30574
-1.30346
-1.30221
-1.30079
-1.29941
-1.29689
-1.29579
-1.2945
-1.2927
-1.29175
-1.29074
-1.2895
-1.28667
-1.28512
-1.28391
-1.28266
-1.28045
-1.2794
-1.27847
-1.27743
-1.27534
-1.27381
-1.27227
-1.26923
-1.26819
-1.26717
-1.26621
-1.26418
-1.26285
-1.26168
-1.26057
-1.25775
-1.25629
-1.25532
-1.25427
-1.25252
-1.25158
-1.25033
-1.24783
-1.24639
-1.24495
-1.24361
-1.24153
-1.24045
-1.2396
-1.23857
-1.236
-1.23463
-1.23311
-1.23187
-1.22944
-1.22867
-1.22835
-1.22754
-1.22727
-1.2274
-1.22761
-1.22771
-1.22781
-1.22795
-1.22802
-1.22767
-1.22755
-1.22766
-1.22732
-1.22745
-1.22744
-1.22743
-1.22752
-1.22763
-1.22767
-1.22778
-1.22787
-1.2279
-1.22794
-1.22801
-1.22821
-1.22818
-1.22808
-1.22818
-1.22816
-1.2282
-1.22824
-1.22811
-1.22805
-1.22786
-1.22783
-1.22763
-1.22762
-1.22752
-1.22746
-1.22745
-1.22756
-1.22744
-1.22725
-1.2272
-1.22733
-1.22737
-1.22742
-1.22747
-1.22747
-1.22755
-1.22772
-1.2278
-1.22776
-1.22772
-1.22778
-1.22781
-1.22791
-1.22783
-1.22787
-1.22774
-1.2278
-1.22774
-1.22771
-1.22777
-1.22783
-1.22773
-1.22782
-1.22782
-1.22781
-1.22777
-1.22771
-1.22773
-1.22759
-1.22751
-1.22747
-1.22744
-1.22735
-1.22737
-1.2273
-1.22735
-1.2272
-1.22722
-1.22734
-1.22729
-1.22743
-1.22747
-1.22755
-1.22769
-1.22777
-1.22765
-1.22772
-1.22772
-1.22764
-1.22767
-1.22777
-1.22782
-1.22786
-1.22779
-1.22773
-1.22783
-1.22789
-1.22791
-1.22794
-1.22805
-1.22818
-1.2281
-1.22797
-1.22793
-1.22783
-1.22771
-1.22765
-1.2276
-1.22769
-1.22746
-1.22739
-1.22751
-1.22735
-1.22753
-1.22759
-1.22757
-1.22746
-1.22774
-1.22755
-1.22757
-1.22744
-1.22727
-1.22728
-1.22739
-1.2274
-1.2274
-1.2274
-1.22752
-1.22763
-1.22782
-1.22779
-1.22767
-1.2279
-1.22793
-1.22793
-1.22769
-1.22769
-1.2276
-1.22774
-1.22779
-1.22789
-1.22782
-1.22778
-1.22791
-1.22787
-1.22807
-1.22793
-1.22803
-1.22791
-1.22798
-1.2278
-1.22777
-1.22765
-1.2277
-1.22775
-1.22786
-1.22792
-1.22795
-1.22804
-1.22809
-1.22815
-1.22818
-1.22806
-1.22789
-1.22779
-1.22785
-1.22782
-1.22768
-1.22758
-1.22745
-1.22763
-1.22768
-1.22774
-1.22795
-1.22793
-1.22773
-1.22779
-1.2275
-1.22754
-1.22744
-1.22742
-1.22732
-1.22745
-1.22741
-1.22758
-1.22751
-1.22773
-1.22769
-1.22768
-1.22742
-1.22763
-1.22757
-1.22748
-1.22741
-1.2273
-1.22748
-1.2274
-1.22743
-1.22766
-1.22767
-1.22772
-1.22752
-1.22756
-1.22752
-1.22757
-1.22744
-1.22754
-1.22757
-1.22767
-1.22776
-1.22798
-1.22796
-1.22794
-1.228
-1.22778
-1.22774
-1.22762
-1.22779
-1.22759
-1.2277
-1.22762
-1.22774
-1.22778
-1.22795
-1.2279
-1.22779
-1.22772
-1.22774
-1.22756
-1.22767
-1.22754
-1.2276
-1.22765
-1.22777
-1.22791
-1.22806
-1.228
-1.22818
-1.22792
-1.22795
-1.22783
-1.22781
-1.22783
-1.22789
-1.22797
-1.22809
-1.22817
-1.22816
-1.22803
-1.22799
-1.22811
-1.228
-1.22815
-1.22817
-1.22811
-1.22806
-1.22806
-1.22814
-1.22813
-1.22794
-1.22785
-1.22782
-1.22761
-1.22772
-1.22755
-1.22753
-1.22755
-1.22759
-1.22779
-1.22764
-1.2277
-1.22749
-1.22749
-1.22749
-1.22717
-1.2272
-1.22737
-1.22745
-1.22745
-1.22752
-1.22743
-1.22739
-1.22709
-1.22709
-1.22708
-1.22724
-1.22727
-1.22729
-1.22723
-1.2272
-1.22703
-1.22698
-1.22725
-1.22721
-1.22735
-1.22736
-1.2273
-1.22753
-1.22766
-1.22783
-1.22789
-1.22766
-1.22764
-1.22748
-1.22767
-1.22763
-1.22767
-1.22749
-1.22759
-1.22733
-1.22737
-1.22746
-1.22752
-1.22759
-1.22765
-1.22781
-1.22778
-1.22781
-1.2279
-1.22771
-1.22757
-1.22746
-1.22729
-1.22733
-1.22735
-1.22727
-1.22725
-1.22742
-1.22752
-1.22771
-1.22781
-1.22787
-1.2279
-1.22784
-1.22791
-1.2278
-1.22776
-1.22748
-1.22734
-1.22738
-1.22733
-1.22707
-1.22705
-1.22711
-1.22719
-1.22755
-1.22765
-1.22791
-1.22789
-1.22807
-1.22821
-1.22829
-1.22793
-1.22783
-1.22774
-1.22758
-1.22773
-1.22769
-1.22775
-1.22766
-1.22791
-1.22788
-1.22809
-1.22829
-1.22835
-1.22828
-1.22823
-1.22785
-1.22769
-1.22753
-1.22753
-1.22732
-1.22742
-1.22746
-1.22764
-1.22791
-1.22807
-1.22823
-1.22827
-1.22836
-1.22814
-1.22814
-1.22776
-1.22781
-1.22777
-1.2278
-1.22755
-1.22767
-1.22781
-1.22791
-1.22808
-1.22817
-1.2281
-1.22799
-1.2279
-1.22774
-1.22759
-1.22749
-1.22751
-1.22767
-1.22763
-1.22797
-1.22814
-1.22826
-1.22832
-1.22828
-1.22812
-1.22789
-1.22757
-1.22755
-1.22765
-1.22769
-1.2277
-1.22782
-1.22793
-1.22815
-1.22826
-1.22816
-1.22815
-1.22763
-1.22764
-1.2275
-1.22742
-1.22751
-1.22737
-1.22744
-1.22767
-1.22797
-1.22787
-1.22794
-1.22788
-1.22745
-1.22731
-1.22738
-1.22731
-1.2274
-1.22749
-1.22764
-1.22793
-1.22806
-1.22799
-1.22797
-1.2273
-1.22702
-1.22694
-1.22699
-1.22724
-1.22744
-1.22756
-1.22772
-1.22793
-1.22789
-1.22779
-1.2275
-1.22741
-1.22724
-1.22731
-1.22772
-1.22765
-1.22785
-1.22801
-1.22806
-1.22805
-1.22794
-1.22755
-1.22744
-1.2276
-1.22773
-1.22774
-1.22766
-1.22775
-1.22814
-1.22824
-1.22798
-1.22779
-1.22754
-1.22746
-1.22749
-1.22764
-1.2276
-1.22785
-1.22787
-1.22813
-1.22792
-1.22784
-1.22767
-1.22749
-1.22753
-1.22747
-1.22764
-1.22804
-1.2282
-1.2282
-1.22816
-1.22771
-1.22751
-1.22735
-1.22728
-1.22724
-1.2274
-1.22745
-1.2277
-1.22816
-1.2281
-1.22775
-1.22747
-1.22723
-1.22725
-1.22731
-1.22741
-1.22757
-1.22777
-1.2279
-1.22785
-1.2276
-1.22737
-1.22711
-1.22702
-1.22707
-1.22728
-1.2275
-1.22778
-1.22779
-1.22771
-1.22731
-1.22713
-1.22705
-1.22702
-1.22729
-1.22727
-1.22746
-1.22762
-1.22784
-1.22768
-1.22743
-1.22705
-1.22727
-1.22732
-1.2274
-1.22769
-1.22799
-1.22821
-1.22825
-1.22786
-1.22761
-1.22752
-1.22764
-1.22772
-1.22774
-1.22786
-1.22843
-1.22856
-1.22843
-1.2282
-1.22782
-1.22771
-1.2277
-1.22778
-1.22795
-1.22818
-1.22826
-1.22844
-1.22828
-1.22797
-1.22785
-1.22778
-1.2277
-1.22786
-1.22794
-1.22817
-1.22832
-1.22828
-1.22826
-1.22777
-1.22769
-1.22759
-1.22749
-1.22753
-1.22798
-1.22796
-1.22774
-1.22783
-1.22805
-1.22793
-1.22791
-1.22804
-1.22817
-1.22794
-1.22793
-1.2279
-1.22799
-1.22801
-1.22796
-1.22798
-1.2281
-1.22802
-1.22794
-1.22789
-1.22781
-1.22771
-1.22767
-1.22763
-1.22761
-1.22765
-1.22758
-1.22765
-1.22757
-1.22761
-1.22755
-1.22764
-1.22756
-1.22769
-1.22757
-1.22761
-1.22756
-1.22759
-1.22764
-1.22758
-1.22762
-1.22764
-1.22767
-1.22763
-1.22767
-1.22764
-1.22768
-1.22765
-1.2277
-1.22768
-1.22768
-1.22771
-1.22767
-1.22768
-1.22774
-1.22765
-1.22769
-1.22765
-1.22772
-1.22773
-1.22772
-1.22769
-1.22771
-1.22775
-1.2277
-1.22773
-1.22771
-1.22766
-1.22774
-1.22769
-1.2277
-1.22777
-1.22774
-1.22777
-1.22768
-1.22775
-1.22775
-1.22771
-1.22773
-1.2278
-1.22764
-1.22775
-1.22771
-1.22778
-1.22775
-1.22778
-1.22769
-1.22771
-1.22773
-1.22768
-1.22772
-1.2277
-1.22775
-1.22779
-1.22775
-1.22778
-1.22771
-1.22771
-1.22777
-1.22778
-1.2277
-1.22767
-1.22771
-1.22766
-1.22763
-1.22778
-1.22769
-1.22773
-1.22767
-1.22764
-1.22775
-1.22774
-1.22779
-1.22766
-1.2277
-1.22773
-1.22772
-1.2277
-1.22775
-1.22773
-1.2277
-1.2278
-1.22765
-1.22765
-1.2277
-1.22767
-1.22764
-1.22766
-1.2277
-1.22766
-1.2277
-1.22772
-1.22765
-1.22772
-1.22767
-1.22762
-1.22763
-1.2277
-1.22765
-1.22765
-1.22763
-1.22769
-1.22771
-1.22769
-1.22768
-1.22763
-1.22767
-1.22769
-1.22764
-1.2277
-1.22771
-1.2277
-1.22764
-1.22765
-1.22772
-1.22764
-1.22767
-1.2277
-1.22765
-1.2277
-1.2277
-1.22768
-1.22767
-1.22775
-1.22771
-1.22768
-1.22769
-1.22768
-1.22772
-1.22769
-1.22772
-1.2277
-1.22766
-1.22773
-1.22762
-1.22772
-1.22767
-1.22767
-1.22763
-1.22765
-1.22767
-1.22761
-1.22765
-1.22771
-1.22762
-1.22771
-1.22772
-1.22766
-1.22771
-1.22771
-1.22766
-1.22767
-1.22774
-1.22763
-1.22771
-1.22772
-1.22767
-1.22776
-1.22771
-1.22771
-1.22771
-1.22767
-1.22763
-1.22772
-1.22769
-1.22768
-1.22767
-1.22763
-1.22768
-1.22773
-1.22769
-1.2277
-1.22769
-1.22766
-1.22771
-1.22767
-1.22765
-1.22767
-1.22766
-1.22769
-1.22771
-1.22771
-1.22764
-1.22774
-1.22765
-1.22771
-1.22768
-1.22765
-1.22769
-1.22768
-1.2277
-1.22771
-1.22772
-1.22766
-1.22766
-1.22771
-1.22764
-1.2277
-1.22766
-1.22764
-1.22772
-1.22767
-1.22767
-1.22766
-1.22772
-1.22771
-1.22766
-1.22772
-1.2277
-1.2277
-1.22767
-1.22765
-1.22767
-1.22774
-1.22767
-1.2277
-1.22774
-1.22768
-1.22765
-1.22764
-1.22765
-1.22767
-1.22761
-1.22769
-1.22765
-1.22767
-1.22771
-1.22773
-1.22769
-1.22769
-1.22772
-1.22765
-1.22772
-1.22764
-1.22761
-1.22769
-1.22764
-1.22773
-1.22771
-1.22775
-1.22764
-1.22772
-1.22768
-1.22774
-1.22769
-1.22765
-1.22773
-1.22767
-1.22773
-1.22774
-1.22769
-1.2276
-1.22766
-1.22767
-1.22765
-1.22771
-1.22764
-1.22768
-1.22769
-1.22763
-1.22767
-1.22768
-1.22767
-1.2277
-1.22772
-1.22767
-1.22768
-1.22767
-1.2277
-1.22772
-1.22761
-1.22772
-1.22766
-1.22767
-1.22768
-1.22764
-1.22766
-1.22769
-1.2277
-1.22765
-1.22765
-1.22764
-1.22773
-1.22768
-1.22764
-1.2277
-1.22768
-1.2277
-1.22775
-1.22779
-1.2277
-1.22769
-1.22764
-1.22766
-1.22766
-1.22772
-1.22772
-1.22771
-1.22765
-1.22769
-1.22767
-1.22767
-1.22766
-1.22768
-1.22764
-1.22769
-1.2277
-1.22767
-1.22763
-1.22776
-1.22772
-1.22769
-1.22767
-1.22768
-1.22771
-1.22773
-1.22772
-1.22767
-1.2276
-1.22774
-1.22768
-1.22766
-1.22766
-1.22766
-1.22764
-1.22771
-1.22765
-1.22774
-1.22774
-1.22769
-1.22771
-1.22772
-1.22767
-1.22771
-1.22769
-1.22762
-1.22772
-1.22771
-1.22768
-1.22777
-1.22765
-1.22769
-1.22768
-1.22768
-1.2277
-1.22761
-1.22769
-1.22765
-1.22768
-1.22769
-1.22767
-1.22765
-1.22768
-1.22773
-1.22765
-1.22766
-1.22768
-1.22768
-1.22765
-1.22773
-1.22765
-1.2277
-1.22768
-1.22767
-1.22771
-1.22765
-1.22766
-1.22767
-1.22771
-1.22764
-1.22767
-1.22769
-1.22766
-1.22773
-1.22767
