-0.725774
-0.725726
-0.725715
-0.725762
-0.725726
-0.72575
-0.725738
-0.725715
-0.72575
-0.725738
-0.725762
-0.72575
-0.72575
-0.72575
-0.725738
-0.725786
-0.725738
-0.725715
-0.725762
-0.725774
-0.725786
-0.725762
-0.72575
-0.725762
-0.725726
-0.725774
-0.725774
-0.725762
-0.725715
-0.72575
-0.725726
-0.725726
-0.72575
-0.72575
-0.72575
-0.725774
-0.72575
-0.725726
-0.725738
-0.725726
-0.725738
-0.725715
-0.725738
-0.72575
-0.725738
-0.725738
-0.725702
-0.725762
-0.72575
-0.72575
-0.725798
-0.725738
-0.72575
-0.725774
-0.725798
-0.725786
-0.725774
-0.72575
-0.725726
-0.725738
-0.725738
-0.725726
-0.725774
-0.725738
-0.725762
-0.725774
-0.725726
-0.725715
-0.72575
-0.725762
-0.72575
-0.725774
-0.725774
-0.725786
-0.725726
-0.725726
-0.725738
-0.725774
-0.725726
-0.725738
-0.725738
-0.72575
-0.72575
-0.725738
-0.725774
-0.725774
-0.725738
-0.72575
-0.725762
-0.725786
-0.72575
-0.725762
-0.725726
-0.725715
-0.72575
-0.72575
-0.725786
-0.725715
-0.72575
-0.72575
-0.725786
-0.72575
-0.72575
-0.725726
-0.725738
-0.725762
-0.725786
-0.725726
-0.725738
-0.725738
-0.725774
-0.725774
-0.725774
-0.725786
-0.725738
-0.725762
-0.72575
-0.725738
-0.72575
-0.72575
-0.725762
-0.725715
-0.72575
-0.725762
-0.725774
-0.725738
-0.725786
-0.725715
-0.72575
-0.725738
-0.725738
-0.725726
-0.72575
-0.725762
-0.725738
-0.725738
-0.725738
-0.725774
-0.725762
-0.725726
-0.725738
-0.72575
-0.725738
-0.725774
-0.725738
-0.725762
-0.725726
-0.725762
-0.725762
-0.725786
-0.725762
-0.725786
-0.725774
-0.725738
-0.72575
-0.725738
-0.725715
-0.72575
-0.725738
-0.725762
-0.725762
-0.725738
-0.725762
-0.725774
-0.725738
-0.72575
-0.725715
-0.72575
-0.725774
-0.725738
-0.725762
-0.725715
-0.725738
-0.72575
-0.725738
-0.725715
-0.72575
-0.72575
-0.725738
-0.72575
-0.72575
-0.725715
-0.725762
-0.725774
-0.725798
-0.72575
-0.725738
-0.725762
-0.725738
-0.72575
-0.725738
-0.725762
-0.725726
-0.725738
-0.725726
-0.725726
-0.72575
-0.725762
-0.72575
-0.725738
-0.725738
-0.725738
-0.725738
-0.725798
-0.725762
-0.725774
-0.72575
-0.725715
-0.725762
-0.725774
-0.725762
-0.725738
-0.72575
-0.72575
-0.725762
-0.72575
-0.725762
-0.72575
-0.725726
-0.725738
-0.725726
-0.725726
-0.725726
-0.725738
-0.725726
-0.725774
-0.72575
-0.725786
-0.72575
-0.725738
-0.725798
-0.725762
-0.72575
-0.725762
-0.725774
-0.72575
-0.725774
-0.725762
-0.725786
-0.725762
-0.725774
-0.725738
-0.725762
-0.725762
-0.725762
-0.725858
-0.726062
-0.726697
-0.727092
-0.727619
-0.728685
-0.729296
-0.729882
-0.730541
-0.731678
-0.732241
-0.732899
-0.73351
-0.734672
-0.735271
-0.735845
-0.736397
-0.737558
-0.738145
-0.738696
-0.739893
-0.740456
-0.741055
-0.74163
-0.742803
-0.743378
-0.743965
-0.744588
-0.745785
-0.746324
-0.746947
-0.748084
-0.748707
-0.749282
-0.749917
-0.751162
-0.751749
-0.752372
-0.75291
-0.754156
-0.754779
-0.755473
-0.75606
-0.757282
-0.757904
-0.758563
-0.759749
-0.760395
-0.760994
-0.761641
-0.762886
-0.763521
-0.764095
-0.764718
-0.765976
-0.766563
-0.767221
-0.767796
-0.768981
-0.769604
-0.770203
-0.77146
-0.772071
-0.772693
-0.773317
-0.774574
-0.775161
-0.775831
-0.776406
-0.777711
-0.778334
-0.778981
-0.779592
-0.780861
-0.781567
-0.78219
-0.783508
-0.78413
-0.784753
-0.7854
-0.786764
-0.787375
-0.78807
-0.788729
-0.790057
-0.790716
-0.791423
-0.792057
-0.793351
-0.793986
-0.79468
-0.796046
-0.796645
-0.797315
-0.79801
-0.799303
-0.799949
-0.800596
-0.801231
-0.802548
-0.803194
-0.803901
-0.80517
-0.805853
-0.806512
-0.807218
-0.8085
-0.809146
-0.809829
-0.810475
-0.811805
-0.812523
-0.813194
-0.8139
-0.815265
-0.815936
-0.81663
-0.818055
-0.818786
-0.819445
-0.820163
-0.821552
-0.822247
-0.822953
-0.823684
-0.825049
-0.825756
-0.826426
-0.827169
-0.828558
-0.829288
-0.829935
-0.831312
-0.831983
-0.832701
-0.83336
-0.834761
-0.83548
-0.836162
-0.836881
-0.838294
-0.838976
-0.839683
-0.840377
-0.84173
-0.842473
-0.84318
-0.844605
-0.845323
-0.846018
-0.846736
-0.848197
-0.848952
-0.84967
-0.850448
-0.851909
-0.852651
-0.853394
-0.854101
-0.855562
-0.856304
-0.856999
-0.858471
-0.859142
-0.859896
-0.860663
-0.862064
-0.862782
-0.863489
-0.864208
-0.865644
-0.866387
-0.867129
-0.868507
-0.869273
-0.869968
-0.870746
-0.872171
-0.87289
-0.873608
-0.874338
-0.875907
-0.87659
-0.877356
-0.878111
-0.879619
-0.880386
-0.8812
-0.882685
-0.883404
-0.884218
-0.884936
-0.886493
-0.887224
-0.887954
-0.888709
-0.890218
-0.890972
-0.891762
-0.892481
-0.893954
-0.894672
-0.895463
-0.8969
-0.89769
-0.898456
-0.899211
-0.900684
-0.901474
-0.902216
-0.902947
-0.904468
-0.905222
-0.906
-0.906767
-0.908312
-0.909138
-0.90982
-0.911401
-0.912191
-0.912957
-0.913748
-0.915317
-0.916083
-0.916874
-0.917676
-0.919161
-0.919987
-0.920729
-0.922262
-0.923065
-0.923831
-0.924598
-0.926178
-0.926896
-0.927711
-0.928465
-0.929986
-0.930741
-0.931495
-0.932285
-0.93383
-0.934573
-0.935314
-0.936871
-0.93765
-0.938452
-0.939267
-0.940787
-0.94159
-0.942356
-0.94317
-0.944799
-0.945613
-0.946403
-0.947182
-0.948846
-0.949624
-0.950379
-0.951972
-0.952786
-0.953576
-0.954343
-0.9559
-0.956678
-0.957432
-0.958235
-0.959767
-0.960534
-0.961312
-0.962893
-0.963659
-0.964473
-0.965192
-0.966725
-0.967539
-0.968305
-0.969119
-0.970701
-0.971515
-0.972269
-0.973083
-0.974712
-0.975538
-0.976316
-0.977969
-0.97876
-0.979562
-0.980328
-0.981956
-0.982783
-0.983549
-0.984375
-0.98598
-0.986759
-0.987549
-0.988315
-0.989908
-0.990674
-0.991476
-0.993045
-0.993848
-0.994602
-0.995416
-0.996949
-0.997715
-0.998565
-0.999356
-1.00089
-1.00177
-1.00252
-1.00338
-1.005
-1.0058
-1.00659
-1.00831
-1.00908
-1.00989
-1.01067
-1.01228
-1.01307
-1.01385
-1.01464
-1.01625
-1.01699
-1.01781
-1.01938
-1.02018
-1.02095
-1.02171
-1.02327
-1.02407
-1.0248
-1.02562
-1.02715
-1.0279
-1.02867
-1.0295
-1.03101
-1.03178
-1.03259
-1.03413
-1.03494
-1.03572
-1.03655
-1.03812
-1.03897
-1.03981
-1.04057
-1.04221
-1.043
-1.04378
-1.04454
-1.04616
-1.04694
-1.04775
-1.04933
-1.05009
-1.05083
-1.05163
-1.05318
-1.05402
-1.05475
-1.05552
-1.05706
-1.05783
-1.05858
-1.05931
-1.06083
-1.06164
-1.0624
-1.06392
-1.06469
-1.06549
-1.06628
-1.0679
-1.06863
-1.06947
-1.07021
-1.07181
-1.07261
-1.07336
-1.0749
-1.07567
-1.07642
-1.07722
-1.0787
-1.07947
-1.08026
-1.08098
-1.08251
-1.08327
-1.08402
-1.08471
-1.08622
-1.08693
-1.08767
-1.08918
-1.08988
-1.09066
-1.09138
-1.09293
-1.09362
-1.09435
-1.09512
-1.09659
-1.09736
-1.09811
-1.09889
-1.10039
-1.10119
-1.10194
-1.10343
-1.10418
-1.10494
-1.10566
-1.10714
-1.10788
-1.10862
-1.10936
-1.11078
-1.11153
-1.11226
-1.113
-1.11442
-1.11514
-1.11589
-1.11727
-1.11797
-1.11866
-1.1194
-1.12074
-1.12146
-1.12219
-1.12289
-1.12429
-1.12495
-1.12565
-1.12708
-1.1278
-1.12849
-1.1292
-1.13063
-1.13135
-1.13207
-1.13278
-1.13419
-1.13492
-1.13559
-1.13629
-1.13768
-1.13841
-1.13905
-1.14045
-1.14112
-1.14181
-1.14245
-1.14387
-1.14451
-1.1452
-1.14588
-1.14714
-1.14784
-1.14846
-1.14915
-1.15044
-1.15111
-1.15175
-1.15303
-1.15372
-1.15434
-1.155
-1.15626
-1.15686
-1.15751
-1.15815
-1.15948
-1.16008
-1.16071
-1.16133
-1.16267
-1.16337
-1.16401
-1.16525
-1.16589
-1.16652
-1.16717
-1.1684
-1.16901
-1.16964
-1.17028
-1.17154
-1.1721
-1.17268
-1.1739
-1.17451
-1.17511
-1.17571
-1.17687
-1.17746
-1.17801
-1.1786
-1.17973
-1.18032
-1.18093
-1.18148
-1.18259
-1.18315
-1.18371
-1.18486
-1.18544
-1.186
-1.18657
-1.18763
-1.18818
-1.18871
-1.18933
-1.19041
-1.19097
-1.19153
-1.19206
-1.19318
-1.19374
-1.19432
-1.19539
-1.19594
-1.19648
-1.19706
-1.19811
-1.19863
-1.19912
-1.19966
-1.20072
-1.2012
-1.20175
-1.20227
-1.20326
-1.20376
-1.20425
-1.20522
-1.20574
-1.20623
-1.20667
-1.20768
-1.20812
-1.20865
-1.20909
-1.21004
-1.21045
-1.21091
-1.21139
-1.21235
-1.21274
-1.21325
-1.21413
-1.21455
-1.21501
-1.21544
-1.21631
-1.2168
-1.21723
-1.21767
-1.21849
-1.21892
-1.21929
-1.22013
-1.22054
-1.22102
-1.22147
-1.2223
-1.22264
-1.22303
-1.22343
-1.22429
-1.22469
-1.22509
-1.22546
-1.22628
-1.22669
-1.22705
-1.2278
-1.2282
-1.22858
-1.22902
-1.2297
-1.23004
-1.23038
-1.23074
-1.23144
-1.23178
-1.23214
-1.2325
-1.23323
-1.23358
-1.23392
-1.23453
-1.23485
-1.23517
-1.23548
-1.23615
-1.23644
-1.2368
-1.23708
-1.23769
-1.238
-1.23829
-1.23886
-1.23915
-1.23944
-1.23968
-1.24023
-1.24051
-1.24081
-1.24108
-1.24157
-1.2418
-1.24211
-1.24235
-1.24287
-1.2431
-1.24336
-1.24387
-1.24411
-1.24432
-1.24457
-1.24497
-1.24526
-1.24547
-1.24567
-1.24607
-1.24629
-1.2465
-1.24674
-1.24712
-1.24734
-1.24758
-1.24793
-1.24813
-1.24831
-1.2485
-1.24887
-1.24902
-1.2492
-1.24934
-1.24965
-1.24979
-1.24995
-1.25025
-1.25039
-1.25052
-1.25062
-1.251
-1.25111
-1.25127
-1.25142
-1.2517
-1.25178
-1.25189
-1.25199
-1.25221
-1.25237
-1.25248
-1.25269
-1.25278
-1.25285
-1.25296
-1.25314
-1.25316
-1.25325
-1.2533
-1.25343
-1.25347
-1.25353
-1.25352
-1.25363
-1.25369
-1.25369
-1.25381
-1.25382
-1.25385
-1.25384
-1.25402
-1.25402
-1.25408
-1.25403
-1.25407
-1.25415
-1.25414
-1.25413
-1.25414
-1.2542
-1.25414
-1.25419
-1.25413
-1.25424
-1.25416
-1.25415
-1.25414
-1.2542
-1.25411
-1.25406
-1.25407
-1.25406
-1.25399
-1.25391
-1.25393
-1.25389
-1.25378
-1.25377
-1.25371
-1.25361
-1.25354
-1.25343
-1.25341
-1.25328
-1.25315
-1.25308
-1.25298
-1.25281
-1.25267
-1.2526
-1.25244
-1.25217
-1.25208
-1.25195
-1.25181
-1.25159
-1.25145
-1.25129
-1.25116
-1.25085
-1.25064
-1.25051
-1.25019
-1.25003
-1.24989
-1.24978
-1.24946
-1.24923
-1.24908
-1.24891
-1.24851
-1.24835
-1.24815
-1.24795
-1.24764
-1.24744
-1.24718
-1.24673
-1.24654
-1.24627
-1.24612
-1.2457
-1.24549
-1.24527
-1.24504
-1.24452
-1.24433
-1.24402
-1.24383
-1.24333
-1.2431
-1.24286
-1.24239
-1.24209
-1.24182
-1.24151
-1.24102
-1.24073
-1.24047
-1.2402
-1.23966
-1.23939
-1.23911
-1.23879
-1.2382
-1.23797
-1.23784
-1.23764
-1.23759
-1.2376
-1.23768
-1.23764
-1.23759
-1.23723
-1.23668
-1.23497
-1.23394
-1.23277
-1.23055
-1.22946
-1.22837
-1.22726
-1.22505
-1.22393
-1.22285
-1.22176
-1.21952
-1.21837
-1.21729
-1.21613
-1.214
-1.21279
-1.21168
-1.20943
-1.20831
-1.20721
-1.20609
-1.20369
-1.20249
-1.20127
-1.20007
-1.19767
-1.19648
-1.1953
-1.1941
-1.19174
-1.19056
-1.18935
-1.18694
-1.18573
-1.18454
-1.18336
-1.18099
-1.17977
-1.1786
-1.17741
-1.17495
-1.17369
-1.17243
-1.17112
-1.16859
-1.1673
-1.16603
-1.16344
-1.1621
-1.16086
-1.1596
-1.15695
-1.15569
-1.15444
-1.15313
-1.15056
-1.14928
-1.14793
-1.14661
-1.14407
-1.14272
-1.14135
-1.13861
-1.1372
-1.13586
-1.13449
-1.13174
-1.13037
-1.12901
-1.12764
-1.1248
-1.12347
-1.12208
-1.12074
-1.11799
-1.1166
-1.11519
-1.11241
-1.11106
-1.10957
-1.10807
-1.10514
-1.10368
-1.10217
-1.10071
-1.09779
-1.0963
-1.09487
-1.09333
-1.09047
-1.08902
-1.0876
-1.08465
-1.08321
-1.08175
-1.08026
-1.07719
-1.07565
-1.07408
-1.07257
-1.06943
-1.06786
-1.06629
-1.06477
-1.06158
-1.06007
-1.05855
-1.05546
-1.05386
-1.05232
-1.05073
-1.04759
-1.04597
-1.04432
-1.04266
-1.03946
-1.03778
-1.0362
-1.03294
-1.03129
-1.0297
-1.0281
-1.02489
-1.02326
-1.02162
-1.02
-1.0167
-1.01501
-1.01326
-1.0115
-1.00809
-1.0064
-1.00464
-1.00119
-0.999512
-0.997799
-0.996099
-0.992722
-0.990961
-0.989309
-0.987584
-0.984124
-0.982387
-0.980555
-0.97876
-0.975167
-0.973466
-0.971659
-0.968054
-0.966294
-0.964569
-0.962821
-0.959277
-0.957468
-0.95572
-0.9539
-0.950199
-0.948295
-0.94644
-0.944547
-0.940835
-0.938967
-0.937063
-0.933482
-0.931615
-0.92977
-0.92795
-0.924274
-0.922406
-0.920478
-0.918574
-0.91473
-0.912814
-0.91085
-0.906995
-0.905054
-0.903175
-0.901283
-0.897522
-0.89563
-0.893726
-0.891798
-0.887918
-0.885907
-0.883942
-0.881967
-0.878003
-0.875991
-0.873991
-0.870087
-0.868147
-0.866196
-0.864219
-0.860279
-0.85828
-0.856244
-0.854173
-0.850113
-0.848041
-0.846006
-0.843958
-0.839922
-0.837958
-0.835911
-0.831935
-0.829911
-0.827852
-0.825816
-0.821624
-0.819528
-0.817493
-0.815409
-0.811218
-0.809158
-0.807134
-0.805098
-0.801003
-0.798884
-0.796836
-0.792537
-0.790441
-0.788262
-0.786142
-0.781891
-0.779735
-0.777628
-0.77552
-0.771436
-0.769293
-0.767221
-0.765089
-0.760731
-0.758563
-0.756347
-0.752012
-0.749821
-0.747677
-0.745534
-0.741307
-0.739199
-0.737091
-0.734936
-0.730505
-0.728313
-0.726085
-0.72387
-0.719464
-0.717248
-0.715069
-0.710733
-0.708602
-0.706458
-0.704279
-0.699752
-0.697524
-0.695285
-0.69301
-0.688567
-0.686315
-0.684064
-0.679741
-0.677537
-0.675406
-0.673178
-0.668735
-0.66646
-0.664232
-0.661957
-0.658244
-0.657059
-0.656268
-0.655801
-0.655825
-0.655873
-0.655861
-0.655897
-0.655957
-0.655969
-0.655933
-0.656017
-0.656101
-0.656053
-0.656113
-0.656161
-0.656232
-0.656196
-0.656245
-0.656245
-0.656364
-0.656316
-0.65634
-0.656376
-0.656412
-0.6564
-0.656412
-0.656448
-0.65646
-0.656448
-0.656508
-0.656532
-0.65658
-0.656651
-0.656639
-0.656663
-0.656639
-0.656663
-0.656639
-0.65676
-0.656688
-0.656735
-0.65676
-0.656795
-0.656747
-0.656867
-0.656843
-0.656903
-0.656891
-0.656843
-0.656903
-0.656927
-0.656939
-0.656903
-0.656903
-0.656975
-0.656939
-0.656927
-0.656963
-0.656975
-0.657047
-0.657011
-0.657059
-0.657011
-0.657095
-0.657059
-0.657119
-0.657071
-0.657143
-0.657095
-0.657167
-0.657143
-0.657226
-0.657178
-0.657178
-0.657167
-0.657274
-0.657226
-0.657214
-0.657286
-0.657298
-0.657274
-0.657274
-0.657274
-0.657346
-0.657298
-0.657346
-0.657382
-0.65737
-0.657442
-0.657442
-0.65743
-0.657442
-0.657466
-0.65743
-0.657478
-0.657442
-0.657526
-0.657502
-0.657538
-0.657526
-0.657562
-0.657574
-0.65761
-0.657622
-0.657646
-0.657657
-0.657669
-0.657669
-0.657634
-0.657657
-0.657681
-0.657705
-0.657741
-0.657729
-0.657741
-0.657813
-0.657789
-0.657825
-0.657825
-0.657861
-0.657849
-0.657873
-0.657861
-0.657897
-0.657885
-0.657957
-0.657969
-0.657969
-0.657981
-0.658005
-0.658041
-0.658005
-0.658017
-0.658053
-0.658065
-0.658089
-0.658041
-0.658113
-0.658172
-0.658149
-0.658136
-0.658161
-0.658184
-0.658184
-0.658208
-0.658172
-0.658268
-0.658244
-0.658256
-0.658256
-0.65834
-0.658292
-0.658328
-0.6584
-0.658388
-0.6584
-0.658364
-0.658448
-0.658436
-0.658508
-0.658484
-0.658508
-0.658496
-0.658544
-0.658556
-0.658615
-0.658568
-0.658627
-0.658604
-0.658639
-0.658627
-0.658675
-0.658699
-0.658687
-0.658723
-0.658675
-0.658759
-0.658783
-0.658783
-0.658759
-0.658783
-0.658747
-0.658843
-0.658819
-0.658903
-0.658855
-0.658879
-0.658927
-0.658951
-0.658951
-0.658939
-0.659011
-0.658999
-0.659023
-0.658999
-0.659083
-0.659071
-0.659107
-0.65913
-0.659154
-0.659178
-0.659154
-0.659166
-0.659226
-0.65925
-0.659202
-0.659274
-0.659274
-0.65931
-0.659274
-0.659346
-0.659322
-0.659358
-0.659358
-0.659382
-0.65943
-0.659442
-0.65943
-0.65949
-0.65949
-0.659502
-0.659478
-0.65955
-0.659538
-0.659538
-0.65955
-0.659622
-0.659669
-0.659645
-0.659609
-0.659657
-0.659681
-0.659622
-0.659657
-0.659681
-0.659777
-0.659741
-0.659789
-0.659801
-0.659837
-0.659813
-0.659849
-0.659837
-0.659933
-0.659837
-0.659897
-0.659933
-0.659957
-0.659945
-0.659957
-0.659969
-0.659981
-0.659969
-0.659957
-0.660041
-0.660017
-0.660017
-0.660077
-0.660101
-0.660089
-0.66016
-0.660125
-0.660196
-0.66016
-0.660196
-0.660196
-0.660244
-0.660196
-0.660256
-0.660256
-0.660328
-0.660328
-0.660328
-0.660316
-0.660328
-0.660388
-0.660352
-0.6604
-0.6604
-0.660448
-0.6604
-0.660448
-0.660412
-0.66052
-0.660424
-0.660484
-0.660556
-0.660568
-0.660508
-0.660568
-0.660532
-0.660627
-0.660592
-0.660639
-0.660639
-0.660711
-0.660639
-0.660687
-0.660687
-0.660699
-0.660687
-0.660723
-0.660771
-0.660735
-0.660687
-0.660771
-0.660783
-0.660747
-0.660735
-0.660723
-0.660771
-0.660747
-0.660723
-0.660747
-0.660735
-0.660723
-0.660711
-0.660735
-0.660735
-0.660735
-0.660747
-0.660735
-0.660735
-0.660723
-0.660735
-0.660687
-0.660747
-0.660735
-0.660747
-0.660723
-0.660735
-0.660747
-0.660735
-0.660723
-0.660747
-0.660735
-0.660759
-0.660747
-0.660723
-0.660747
-0.660735
-0.660747
-0.660759
-0.660747
-0.660723
-0.660783
-0.660747
-0.660711
-0.660735
-0.660759
-0.660735
-0.660747
-0.660747
-0.660771
-0.660771
-0.660759
-0.660735
-0.660783
-0.660735
-0.660747
-0.660771
-0.660735
-0.660747
-0.660711
-0.660783
-0.660795
-0.660747
-0.660711
-0.660723
-0.660759
-0.660723
-0.660759
-0.660723
-0.660735
-0.660771
-0.660747
-0.660747
-0.660735
-0.660771
-0.660759
-0.660747
-0.660735
-0.660735
-0.660723
-0.660783
-0.660759
-0.660783
-0.660747
-0.660783
-0.660759
-0.660735
-0.660747
-0.660723
-0.660735
-0.660711
-0.660723
-0.660735
-0.660723
-0.660747
-0.660747
-0.660747
-0.660735
-0.660735
-0.660771
-0.660723
-0.660771
-0.660735
-0.660735
-0.660759
-0.660723
-0.660747
-0.660759
-0.660723
-0.660759
-0.660735
-0.660759
-0.660735
-0.660759
-0.660747
-0.660735
-0.660735
-0.660735
-0.660747
-0.660735
-0.660759
-0.660699
-0.660735
-0.660735
-0.660747
-0.660723
-0.660711
-0.660747
-0.660771
-0.660747
-0.660783
-0.660771
-0.660735
-0.660735
-0.660747
-0.660747
-0.660711
-0.660747
-0.660711
-0.660747
-0.660783
-0.660747
-0.660759
-0.660759
-0.660711
-0.660711
-0.660735
-0.660735
-0.660747
-0.660747
-0.660735
-0.660747
-0.660735
-0.660747
-0.660747
-0.660747
-0.660747
-0.660759
-0.660783
-0.660747
-0.660735
-0.660759
-0.660771
-0.660771
-0.660735
-0.660723
-0.660747
-0.660771
-0.660759
-0.660747
-0.660735
-0.660747
-0.660759
-0.660735
-0.660747
-0.660735
-0.660735
-0.660735
-0.660735
-0.660747
-0.660783
-0.660759
-0.660735
-0.660747
-0.660759
-0.660735
-0.660759
-0.660735
-0.660747
-0.660747
-0.660783
-0.660771
-0.660735
-0.660735
-0.660783
-0.660759
-0.660747
-0.660747
-0.660759
-0.660747
-0.660747
-0.660711
-0.660759
-0.660735
-0.660747
-0.660747
-0.660747
-0.660747
-0.660759
-0.660735
-0.660747
-0.660771
-0.660747
-0.660771
-0.660759
-0.660771
-0.660711
-0.660747
-0.660723
-0.660759
-0.660783
-0.660759
-0.660735
-0.660783
-0.660795
-0.660771
-0.660747
-0.660747
-0.660771
-0.660771
-0.660723
-0.660735
-0.660771
-0.660735
-0.660807
-0.660759
-0.660735
-0.660735
-0.660783
-0.660747
-0.660771
-0.660735
-0.660759
-0.660771
-0.660735
-0.660759
-0.660783
-0.660759
-0.660759
-0.660795
-0.660747
-0.660735
-0.660723
-0.660747
-0.660723
-0.660759
-0.660747
-0.660759
-0.660747
-0.660759
-0.660759
-0.660771
-0.660759
-0.660735
-0.660771
-0.660723
-0.660747
-0.660747
-0.660735
-0.660771
-0.660747
-0.660771
-0.660759
-0.660735
-0.660747
-0.660723
-0.660771
-0.660735
-0.660735
-0.660723
-0.660795
-0.660771
-0.660711
-0.660747
-0.660747
-0.660711
-0.660771
-0.660747
-0.660759
-0.660735
-0.660723
-0.660747
-0.660747
-0.660795
-0.660747
-0.660735
-0.660735
-0.660747
-0.660699
-0.660759
-0.660747
-0.660759
-0.660723
-0.660795
-0.660771
-0.660735
-0.660771
-0.660783
-0.660735
-0.660747
-0.660759
-0.660723
-0.660735
-0.660723
-0.660735
-0.660771
-0.660747
-0.660783
-0.660759
-0.660747
-0.660747
-0.660759
-0.660747
-0.660747
-0.660771
-0.660723
-0.660747
-0.660747
-0.660771
-0.660759
-0.660783
-0.660723
-0.660735
-0.660735
-0.660747
-0.660759
-0.660735
-0.660747
-0.660723
-0.660735
-0.660723
-0.660723
-0.660711
-0.660747
-0.660771
-0.660771
-0.660735
-0.660735
-0.660747
-0.660759
-0.660747
-0.660747
-0.660723
-0.660747
-0.660723
-0.660759
-0.660699
-0.660747
-0.660771
-0.660735
-0.660747
-0.660759
-0.660735
-0.660747
-0.660735
-0.660759
-0.660723
-0.660747
-0.660771
-0.660759
-0.660723
-0.660735
-0.660771
-0.660735
-0.660771
-0.660747
-0.660747
-0.660735
-0.660747
-0.660759
-0.660759
-0.660723
-0.660771
-0.660747
-0.660771
-0.660723
-0.660759
-0.660747
-0.660747
-0.660747
-0.660771
-0.660723
-0.660735
-0.660747
-0.660759
-0.660771
-0.660759
-0.660771
-0.660747
-0.660735
-0.660747
-0.660747
-0.660747
-0.660735
-0.660759
-0.660735
-0.660747
-0.660771
-0.660759
-0.660771
-0.660747
-0.660747
-0.660735
-0.660747
