-1.33553
-1.33553
-1.33555
-1.33555
-1.33553
-1.33554
-1.33556
-1.33555
-1.33553
-1.33553
-1.33555
-1.33556
-1.33551
-1.33551
-1.33555
-1.33551
-1.33554
-1.33554
-1.33554
-1.33555
-1.33555
-1.33556
-1.33555
-1.33554
-1.33551
-1.33555
-1.33549
-1.33554
-1.33555
-1.33554
-1.33554
-1.33556
-1.33555
-1.33556
-1.33556
-1.33553
-1.33556
-1.33551
-1.33556
-1.3355
-1.33553
-1.33553
-1.33555
-1.33553
-1.33553
-1.33554
-1.33556
-1.33553
-1.33551
-1.33551
-1.33555
-1.33556
-1.33551
-1.33555
-1.33551
-1.3355
-1.33555
-1.33555
-1.33556
-1.33556
-1.33553
-1.33555
-1.33554
-1.33556
-1.33556
-1.33554
-1.33553
-1.33554
-1.33553
-1.33554
-1.33555
-1.33554
-1.33557
-1.33555
-1.33554
-1.33557
-1.33553
-1.33554
-1.33557
-1.33555
-1.33556
-1.33554
-1.33553
-1.3355
-1.33554
-1.33553
-1.33555
-1.33555
-1.33553
-1.33557
-1.33556
-1.33554
-1.33555
-1.33555
-1.33555
-1.33554
-1.33553
-1.33555
-1.33556
-1.33556
-1.33553
-1.33556
-1.33551
-1.33554
-1.33557
-1.33553
-1.33555
-1.33551
-1.33554
-1.33554
-1.33554
-1.33555
-1.33555
-1.33553
-1.33551
-1.33554
-1.33554
-1.33555
-1.33553
-1.33551
-1.33555
-1.3355
-1.33555
-1.33553
-1.33556
-1.33554
-1.33551
-1.33556
-1.33553
-1.33553
-1.33556
-1.33556
-1.33554
-1.33555
-1.33555
-1.33555
-1.33559
-1.33554
-1.33553
-1.33553
-1.33553
-1.33553
-1.33556
-1.33554
-1.33556
-1.33553
-1.33556
-1.33554
-1.33556
-1.33553
-1.33554
-1.33557
-1.33554
-1.33555
-1.33553
-1.33551
-1.33554
-1.33556
-1.33556
-1.33554
-1.33557
-1.33554
-1.33559
-1.33555
-1.33555
-1.33555
-1.33555
-1.33559
-1.33554
-1.3355
-1.33555
-1.33557
-1.33555
-1.33554
-1.33556
-1.33556
-1.33555
-1.33554
-1.33553
-1.33557
-1.33553
-1.33555
-1.33555
-1.33555
-1.33551
-1.33555
-1.33554
-1.33554
-1.33555
-1.33557
-1.33555
-1.33555
-1.3355
-1.33556
-1.33556
-1.33556
-1.33553
-1.33554
-1.33556
-1.33557
-1.33553
-1.33554
-1.33553
-1.33555
-1.33555
-1.33554
-1.33553
-1.33553
-1.33556
-1.33556
-1.3355
-1.33555
-1.33554
-1.33554
-1.33555
-1.33554
-1.33551
-1.33555
-1.33556
-1.33553
-1.33556
-1.33553
-1.33555
-1.33553
-1.33556
-1.33557
-1.33554
-1.33554
-1.33556
-1.33555
-1.33555
-1.33554
-1.33555
-1.33556
-1.33553
-1.33554
-1.33559
-1.33551
-1.33556
-1.33559
-1.33554
-1.33555
-1.33554
-1.33555
-1.33555
-1.33573
-1.33621
-1.33753
-1.33842
-1.33958
-1.34198
-1.34316
-1.34434
-1.34545
-1.34771
-1.34884
-1.35002
-1.35117
-1.35342
-1.35461
-1.35569
-1.35681
-1.35902
-1.36011
-1.36131
-1.36356
-1.36466
-1.36572
-1.36684
-1.36911
-1.37013
-1.37129
-1.37244
-1.37463
-1.37576
-1.37687
-1.37911
-1.38017
-1.38136
-1.38257
-1.3847
-1.38581
-1.38693
-1.38807
-1.39025
-1.39138
-1.39249
-1.39352
-1.39573
-1.3968
-1.39791
-1.40002
-1.40115
-1.40224
-1.40339
-1.40555
-1.40661
-1.40774
-1.4089
-1.41105
-1.41221
-1.41333
-1.41444
-1.41661
-1.4177
-1.41882
-1.42099
-1.42203
-1.4232
-1.42428
-1.42646
-1.42751
-1.42861
-1.42964
-1.4318
-1.43292
-1.43393
-1.43505
-1.43716
-1.43827
-1.43937
-1.44155
-1.44263
-1.44378
-1.44488
-1.447
-1.44807
-1.44914
-1.4502
-1.45235
-1.45338
-1.45451
-1.45555
-1.45765
-1.45869
-1.45977
-1.46184
-1.46293
-1.46393
-1.46501
-1.46714
-1.46824
-1.46932
-1.47041
-1.47253
-1.47357
-1.47469
-1.47681
-1.47789
-1.47891
-1.4799
-1.48204
-1.48308
-1.48415
-1.4852
-1.48736
-1.48843
-1.48942
-1.49045
-1.49261
-1.49359
-1.49461
-1.49674
-1.49776
-1.4988
-1.49983
-1.50203
-1.50299
-1.50409
-1.50517
-1.5073
-1.50834
-1.50934
-1.51041
-1.51243
-1.51347
-1.51456
-1.51659
-1.51764
-1.51871
-1.51977
-1.52177
-1.52276
-1.52384
-1.52482
-1.52686
-1.52786
-1.52893
-1.52997
-1.53205
-1.53309
-1.53411
-1.53617
-1.53726
-1.53828
-1.53927
-1.54134
-1.54236
-1.54335
-1.54438
-1.54646
-1.54746
-1.54851
-1.54957
-1.5516
-1.55257
-1.5536
-1.55563
-1.55662
-1.55763
-1.55867
-1.56063
-1.56165
-1.56264
-1.56373
-1.56572
-1.56676
-1.56784
-1.56993
-1.571
-1.57197
-1.57291
-1.57497
-1.57596
-1.57701
-1.57803
-1.57999
-1.58101
-1.58201
-1.58299
-1.58493
-1.58595
-1.58697
-1.58892
-1.58989
-1.59089
-1.5919
-1.59397
-1.59493
-1.59597
-1.59696
-1.59897
-1.6
-1.60103
-1.60206
-1.60404
-1.60499
-1.60602
-1.60801
-1.60892
-1.60994
-1.61094
-1.61295
-1.61397
-1.61492
-1.61591
-1.61784
-1.61884
-1.61981
-1.62071
-1.62272
-1.62374
-1.6247
-1.62671
-1.6277
-1.62868
-1.62972
-1.63173
-1.63275
-1.63377
-1.63469
-1.63663
-1.63761
-1.63857
-1.64054
-1.64149
-1.64248
-1.6435
-1.64538
-1.64637
-1.64737
-1.64832
-1.65024
-1.6512
-1.65214
-1.65312
-1.65509
-1.6561
-1.65713
-1.6591
-1.66011
-1.66112
-1.66209
-1.66405
-1.66505
-1.66604
-1.66701
-1.66894
-1.66992
-1.67093
-1.67188
-1.67385
-1.67485
-1.67579
-1.67776
-1.67869
-1.67965
-1.68063
-1.68261
-1.68353
-1.68448
-1.68553
-1.68746
-1.68842
-1.6894
-1.69134
-1.6924
-1.6934
-1.69438
-1.69636
-1.69732
-1.69835
-1.69924
-1.70118
-1.70221
-1.70316
-1.7041
-1.70598
-1.70702
-1.70796
-1.70985
-1.71088
-1.71184
-1.71282
-1.71471
-1.71568
-1.71665
-1.71758
-1.71963
-1.72066
-1.72166
-1.72261
-1.72458
-1.72556
-1.72656
-1.72852
-1.72947
-1.73041
-1.73144
-1.73338
-1.73433
-1.73527
-1.7363
-1.73829
-1.73928
-1.74023
-1.74116
-1.74313
-1.74413
-1.74505
-1.74703
-1.74799
-1.749
-1.74998
-1.75196
-1.75302
-1.75407
-1.75505
-1.75708
-1.75806
-1.75899
-1.76103
-1.76198
-1.763
-1.76396
-1.76596
-1.76696
-1.7679
-1.76893
-1.77093
-1.7719
-1.7729
-1.77397
-1.77588
-1.77687
-1.7779
-1.77987
-1.7809
-1.78191
-1.78297
-1.78499
-1.78601
-1.78703
-1.78804
-1.79012
-1.79113
-1.79214
-1.79311
-1.79517
-1.79623
-1.79723
-1.79927
-1.80031
-1.80132
-1.8024
-1.80441
-1.80547
-1.80652
-1.80752
-1.80954
-1.81054
-1.81167
-1.81267
-1.81476
-1.81583
-1.81693
-1.81898
-1.82008
-1.82118
-1.82215
-1.82426
-1.82535
-1.82639
-1.82746
-1.8296
-1.8306
-1.83167
-1.83384
-1.83488
-1.83597
-1.83701
-1.83916
-1.84031
-1.84135
-1.84248
-1.84468
-1.84578
-1.84692
-1.84808
-1.85021
-1.85136
-1.8525
-1.85469
-1.85574
-1.85689
-1.85798
-1.86023
-1.86135
-1.86248
-1.86363
-1.86593
-1.8671
-1.86818
-1.86926
-1.87152
-1.87267
-1.87385
-1.87617
-1.87733
-1.87848
-1.87971
-1.88201
-1.88317
-1.88441
-1.88559
-1.88787
-1.88911
-1.89028
-1.89142
-1.89375
-1.89501
-1.89616
-1.8985
-1.89971
-1.90091
-1.90206
-1.90445
-1.90576
-1.90695
-1.9082
-1.91076
-1.91198
-1.91324
-1.91581
-1.91708
-1.91831
-1.91954
-1.92215
-1.92335
-1.92466
-1.92598
-1.92859
-1.92984
-1.93111
-1.93238
-1.93497
-1.93628
-1.9376
-1.94033
-1.94168
-1.94305
-1.94435
-1.94709
-1.94843
-1.94976
-1.9512
-1.95391
-1.95523
-1.95664
-1.95802
-1.96081
-1.96218
-1.96363
-1.96638
-1.96776
-1.96924
-1.9707
-1.97368
-1.97513
-1.9766
-1.97805
-1.98103
-1.98251
-1.98397
-1.9855
-1.98848
-1.99006
-1.99156
-1.99455
-1.99606
-1.99753
-1.99911
-2.00222
-2.00376
-2.00537
-2.00693
-2.01017
-2.01177
-2.01335
-2.01659
-2.01821
-2.01979
-2.02144
-2.02475
-2.02635
-2.02802
-2.02971
-2.03318
-2.03493
-2.03658
-2.03834
-2.04183
-2.0436
-2.04531
-2.04876
-2.05054
-2.05234
-2.05415
-2.05781
-2.05963
-2.0614
-2.06325
-2.06694
-2.06886
-2.07068
-2.07263
-2.07638
-2.07823
-2.0802
-2.08404
-2.08598
-2.08786
-2.08986
-2.09372
-2.09573
-2.09773
-2.09979
-2.10389
-2.10592
-2.108
-2.11006
-2.11422
-2.11638
-2.1185
-2.1227
-2.12487
-2.12699
-2.12917
-2.13355
-2.1358
-2.138
-2.14017
-2.14459
-2.14692
-2.14909
-2.15138
-2.15594
-2.15823
-2.16057
-2.16539
-2.1678
-2.17013
-2.17255
-2.17741
-2.17989
-2.18232
-2.18476
-2.18961
-2.19219
-2.19471
-2.19983
-2.20234
-2.20496
-2.20756
-2.21272
-2.21534
-2.21802
-2.22068
-2.22614
-2.22888
-2.23165
-2.2344
-2.23999
-2.24281
-2.24561
-2.25127
-2.2541
-2.25707
-2.25997
-2.26585
-2.26879
-2.27177
-2.27476
-2.28069
-2.2838
-2.28691
-2.28999
-2.2963
-2.29946
-2.3026
-2.30906
-2.31222
-2.31547
-2.31874
-2.3254
-2.32865
-2.33198
-2.33534
-2.34209
-2.34548
-2.34892
-2.35599
-2.3595
-2.36312
-2.36671
-2.37391
-2.37742
-2.38108
-2.3848
-2.39212
-2.39585
-2.39971
-2.40345
-2.41106
-2.415
-2.41889
-2.42676
-2.43076
-2.43475
-2.43866
-2.44677
-2.4509
-2.45493
-2.45904
-2.46746
-2.4716
-2.47584
-2.48018
-2.4888
-2.4932
-2.49755
-2.50635
-2.51085
-2.51527
-2.51975
-2.52883
-2.5337
-2.5383
-2.54301
-2.55241
-2.55723
-2.56192
-2.57157
-2.57638
-2.58121
-2.58611
-2.59597
-2.60097
-2.60603
-2.61109
-2.62138
-2.62648
-2.63163
-2.63686
-2.64737
-2.65259
-2.65787
-2.6687
-2.67412
-2.67964
-2.68515
-2.69612
-2.70173
-2.70729
-2.7129
-2.72418
-2.72993
-2.73576
-2.74157
-2.75304
-2.75894
-2.76487
-2.77666
-2.78249
-2.78848
-2.79458
-2.80695
-2.81299
-2.81913
-2.8253
-2.8378
-2.84409
-2.85041
-2.85672
-2.86961
-2.87606
-2.88238
-2.89538
-2.90197
-2.90841
-2.91488
-2.92838
-2.93511
-2.94167
-2.94851
-2.96199
-2.96873
-2.97562
-2.98932
-2.99633
-3.00319
-3.01004
-3.02402
-3.03094
-3.03794
-3.04514
-3.05944
-3.06644
-3.07357
-3.08071
-3.09489
-3.1021
-3.10936
-3.12397
-3.13108
-3.1384
-3.14569
-3.16031
-3.1676
-3.17496
-3.18232
-3.1969
-3.2043
-3.2117
-3.21908
-3.23398
-3.2414
-3.24893
-3.26358
-3.27094
-3.27836
-3.28577
-3.3007
-3.30823
-3.31562
-3.32311
-3.33799
-3.34529
-3.35269
-3.36016
-3.37497
-3.38227
-3.3897
-3.40494
-3.41221
-3.4196
-3.42698
-3.4416
-3.44885
-3.45617
-3.46335
-3.47785
-3.48519
-3.49244
-3.49971
-3.51386
-3.52098
-3.52804
-3.54227
-3.54934
-3.55653
-3.56352
-3.57743
-3.5844
-3.59121
-3.59812
-3.61191
-3.61877
-3.62566
-3.63234
-3.64556
-3.65056
-3.65428
-3.65877
-3.65941
-3.65896
-3.65871
-3.6585
-3.65858
-3.65853
-3.65866
-3.65896
-3.65922
-3.65945
-3.66
-3.66023
-3.66053
-3.66078
-3.66132
-3.66154
-3.66182
-3.66209
-3.66262
-3.66292
-3.66319
-3.66343
-3.66396
-3.66423
-3.66451
-3.66507
-3.66537
-3.66559
-3.66583
-3.66636
-3.66663
-3.66692
-3.66715
-3.66764
-3.66793
-3.66822
-3.66842
-3.66895
-3.66914
-3.66936
-3.66987
-3.67014
-3.67034
-3.67058
-3.67106
-3.67126
-3.67149
-3.67173
-3.67215
-3.67235
-3.67257
-3.67275
-3.67315
-3.67337
-3.67355
-3.67396
-3.67419
-3.67444
-3.67462
-3.67499
-3.67524
-3.67542
-3.6756
-3.67604
-3.67619
-3.6764
-3.67656
-3.67691
-3.6771
-3.67728
-3.67767
-3.67786
-3.678
-3.67824
-3.67854
-3.67871
-3.67887
-3.67907
-3.67936
-3.67956
-3.67968
-3.67985
-3.68021
-3.6804
-3.68051
-3.68082
-3.68103
-3.68121
-3.6813
-3.68165
-3.68177
-3.68195
-3.68207
-3.68234
-3.68244
-3.68262
-3.68281
-3.68303
-3.68317
-3.68333
-3.6836
-3.68368
-3.68382
-3.68405
-3.6843
-3.68441
-3.68454
-3.68473
-3.68495
-3.68515
-3.6852
-3.68538
-3.68561
-3.68574
-3.68588
-3.68617
-3.68619
-3.68635
-3.68654
-3.68664
-3.68681
-3.68685
-3.68703
-3.68726
-3.68739
-3.68751
-3.68774
-3.6878
-3.68797
-3.68803
-3.68831
-3.68833
-3.6885
-3.68863
-3.68887
-3.68895
-3.68899
-3.68921
-3.68934
-3.68954
-3.68958
-3.68985
-3.68984
-3.69002
-3.69013
-3.69032
-3.69042
-3.6905
-3.6907
-3.69082
-3.69103
-3.69106
-3.69118
-3.69136
-3.69151
-3.69163
-3.69182
-3.69186
-3.69192
-3.69213
-3.6922
-3.6924
-3.69237
-3.69252
-3.69265
-3.69286
-3.6929
-3.69301
-3.69319
-3.69334
-3.69346
-3.69369
-3.69376
-3.6938
-3.69394
-3.69405
-3.69424
-3.69433
-3.69436
-3.69457
-3.69472
-3.69483
-3.695
-3.69515
-3.69518
-3.69535
-3.6955
-3.69563
-3.69568
-3.69581
-3.69599
-3.69617
-3.69621
-3.69628
-3.69651
-3.69664
-3.69677
-3.69686
-3.69707
-3.69709
-3.69711
-3.69736
-3.69741
-3.69764
-3.69764
-3.69788
-3.6979
-3.69807
-3.69815
-3.69838
-3.69844
-3.69848
-3.69869
-3.6988
-3.69892
-3.69897
-3.69928
-3.69933
-3.69953
-3.69958
-3.69983
-3.69989
-3.70005
-3.70008
-3.70035
-3.70036
-3.70049
-3.70066
-3.70086
-3.70086
-3.70104
-3.70122
-3.70134
-3.70149
-3.70152
-3.70177
-3.70182
-3.70199
-3.7021
-3.70225
-3.70239
-3.70242
-3.70269
-3.70279
-3.70289
-3.70297
-3.70321
-3.70333
-3.70343
-3.70356
-3.70375
-3.70386
-3.70391
-3.70408
-3.70422
-3.70431
-3.70446
-3.70463
-3.7048
-3.70489
-3.70499
-3.70523
-3.70539
-3.70547
-3.70558
-3.70577
-3.70592
-3.70604
-3.70622
-3.70639
-3.70638
-3.70657
-3.70668
-3.70686
-3.70698
-3.70704
-3.70729
-3.70738
-3.70733
-3.70726
-3.70726
-3.70727
-3.70723
-3.70753
-3.70856
-3.70975
-3.71137
-3.71568
-3.71836
-3.72067
-3.72317
-3.72809
-3.73056
-3.73308
-3.73801
-3.74052
-3.74294
-3.74535
-3.75032
-3.75274
-3.75516
-3.7575
-3.76242
-3.76497
-3.76735
-3.76995
-3.77476
-3.77724
-3.77969
-3.78473
-3.78715
-3.78979
-3.7923
-3.79735
-3.79983
-3.80241
-3.80483
-3.8098
-3.81238
-3.81482
-3.81722
-3.82226
-3.82479
-3.82736
-3.83251
-3.83494
-3.83745
-3.84
-3.84512
-3.84754
-3.85008
-3.85257
-3.85773
-3.8603
-3.8629
-3.86548
-3.87062
-3.87311
-3.87574
-3.88082
-3.8834
-3.88591
-3.88853
-3.89373
-3.89635
-3.89884
-3.90148
-3.90663
-3.90916
-3.91168
-3.91427
-3.9195
-3.9221
-3.92469
-3.92994
-3.93261
-3.93521
-3.93789
-3.94304
-3.9456
-3.94823
-3.95091
-3.95611
-3.95888
-3.96139
-3.96666
-3.96931
-3.97198
-3.97458
-3.97995
-3.98263
-3.9854
-3.98796
-3.99335
-3.99601
-3.99871
-4.00133
-4.00659
-4.00923
-4.01195
-4.01732
-4.01992
-4.02271
-4.0253
-4.03078
-4.03343
-4.03614
-4.03878
-4.04428
-4.04699
-4.04975
-4.05244
-4.05781
-4.06045
-4.06325
-4.06856
-4.07124
-4.07397
-4.07677
-4.08225
-4.08496
-4.08765
-4.0904
-4.09585
-4.09847
-4.10121
-4.10396
-4.10942
-4.11212
-4.11499
-4.12047
-4.12322
-4.12592
-4.12866
-4.13426
-4.13701
-4.13972
-4.14249
-4.14796
-4.15068
-4.15335
-4.15894
-4.16165
-4.16441
-4.16717
-4.17269
-4.17557
-4.17838
-4.18105
-4.18652
-4.18937
-4.19202
-4.19475
-4.20022
-4.20307
-4.20576
-4.21131
-4.21405
-4.21687
-4.21958
-4.22506
-4.22777
-4.23057
-4.23327
-4.23892
-4.24186
-4.24455
-4.24729
-4.25274
-4.25543
-4.25813
-4.26367
-4.26634
-4.26914
-4.27184
-4.27739
-4.28016
-4.28301
-4.2857
-4.2911
-4.29393
-4.29667
-4.2994
-4.30489
-4.30762
-4.31032
-4.31584
-4.31854
-4.32126
-4.32393
-4.32947
-4.3323
-4.33511
-4.33772
-4.34313
-4.34593
-4.34867
-4.35413
-4.35687
-4.3596
-4.36231
-4.36789
-4.37051
-4.3733
-4.37586
-4.38131
-4.384
-4.38677
-4.38942
-4.39482
-4.39763
-4.40025
-4.40563
-4.40822
-4.41097
-4.41362
-4.41907
-4.42172
-4.42448
-4.42719
-4.43257
-4.43517
-4.43789
-4.44053
-4.44574
-4.44821
-4.45102
-4.45629
-4.45901
-4.4616
-4.46424
-4.46952
-4.47222
-4.47474
-4.47743
-4.48263
-4.48527
-4.48793
-4.49067
-4.49597
-4.49854
-4.50105
-4.50619
-4.50871
-4.51123
-4.51385
-4.519
-4.52172
-4.52426
-4.52678
-4.53179
-4.53451
-4.53698
-4.53954
-4.54448
-4.54704
-4.54959
-4.55479
-4.55719
-4.55978
-4.56219
-4.56722
-4.56964
-4.57209
-4.57448
-4.57947
-4.58206
-4.5846
-4.58942
-4.59172
-4.59427
-4.59667
-4.60143
-4.60378
-4.60625
-4.60867
-4.61363
-4.61603
-4.61852
-4.62078
-4.62561
-4.6279
-4.63029
-4.63491
-4.63726
-4.63962
-4.64205
-4.64672
-4.64909
-4.65135
-4.6537
-4.65828
-4.6606
-4.66281
-4.66512
-4.66972
-4.67203
-4.67432
-4.67893
-4.68106
-4.68228
-4.68336
-4.68452
-4.68451
-4.6843
-4.68432
-4.68428
-4.68421
-4.68414
-4.68419
-4.6842
-4.68415
-4.68406
-4.68401
-4.68406
-4.68402
-4.68395
-4.68397
-4.68392
-4.68396
-4.68396
-4.68398
-4.68395
-4.68395
-4.68397
-4.684
-4.684
-4.68394
-4.68397
-4.68396
-4.68396
-4.68396
-4.68397
-4.68391
-4.68396
-4.68397
-4.68397
-4.68397
-4.68395
-4.68396
-4.68395
-4.68398
-4.68397
-4.684
-4.68395
-4.68396
-4.68395
-4.68398
-4.68395
-4.68395
-4.68398
-4.68396
-4.68397
-4.68395
-4.68392
-4.684
-4.68395
-4.68397
-4.68396
-4.68395
-4.68396
-4.68396
-4.68396
-4.68394
-4.68397
-4.68395
-4.68396
-4.684
-4.68395
-4.68395
-4.684
-4.68395
-4.68395
-4.68396
-4.68396
-4.68396
-4.68395
-4.68395
-4.68398
-4.68395
-4.68398
-4.68396
-4.68396
-4.68395
-4.68395
-4.68395
-4.68394
-4.68396
-4.68396
-4.68395
-4.68398
-4.684
-4.68395
-4.68395
-4.68396
-4.68394
-4.68398
-4.68397
-4.68394
-4.68394
-4.68396
-4.68395
-4.68395
-4.68397
-4.68398
-4.68395
-4.68396
-4.68395
-4.684
-4.684
-4.68397
-4.68396
-4.68397
-4.68398
-4.68396
-4.68394
-4.68396
-4.68396
-4.68395
-4.68395
-4.68396
-4.68394
-4.68397
-4.68395
-4.68395
-4.68394
-4.68395
-4.68392
-4.68394
-4.68398
-4.68397
-4.68396
-4.684
-4.68396
-4.68395
-4.68396
-4.68397
-4.68395
-4.68396
-4.68396
-4.68396
-4.68396
-4.68394
-4.68394
-4.68396
-4.68396
-4.68395
-4.68396
-4.68396
-4.68394
-4.68394
-4.68395
-4.68395
-4.68396
-4.68396
-4.68396
-4.68398
-4.68395
-4.68397
-4.68392
-4.68395
-4.68397
-4.68397
-4.68394
-4.68395
-4.68391
-4.68394
-4.68398
-4.68395
-4.68396
-4.68395
-4.68392
-4.68397
-4.68395
-4.68396
-4.68396
-4.68397
-4.68395
-4.68397
-4.68395
-4.68396
-4.68397
-4.68395
-4.68394
-4.68396
-4.68392
-4.68396
-4.68397
-4.68395
-4.68392
-4.68395
-4.68397
-4.68394
-4.68396
-4.68394
-4.68397
-4.68394
-4.68394
-4.68397
-4.68395
-4.68395
-4.68395
-4.68395
-4.68395
-4.68395
-4.68397
-4.68397
-4.68395
-4.68395
-4.68394
-4.68396
-4.68395
-4.68397
-4.68397
-4.68396
-4.68397
-4.68397
-4.68395
-4.68397
-4.68395
-4.68394
-4.68397
-4.68396
-4.68395
-4.68395
-4.68395
-4.68394
-4.68396
-4.68395
-4.68395
-4.68395
-4.68394
-4.68394
-4.68396
-4.68398
-4.68396
-4.68397
-4.68397
-4.68395
-4.68395
-4.68394
-4.68395
-4.68392
-4.68396
-4.68392
-4.68392
-4.68394
-4.68394
-4.68397
-4.68395
-4.68394
-4.68394
-4.68395
-4.68395
-4.68397
-4.68396
-4.68396
-4.68395
-4.68395
-4.68396
-4.68394
-4.68396
-4.68396
-4.68397
-4.68397
-4.68397
-4.68396
-4.68394
-4.68395
-4.68395
-4.68394
-4.68398
-4.68396
-4.684
-4.68396
-4.68396
-4.68395
-4.68394
-4.68395
-4.68394
-4.68397
-4.68395
-4.68396
-4.68392
-4.68395
-4.68397
-4.68395
-4.68396
-4.68394
-4.68395
-4.68396
-4.68396
-4.68396
-4.68397
-4.68395
-4.68395
-4.68397
-4.68395
-4.68395
-4.68397
-4.68396
-4.68395
-4.68397
-4.68395
-4.68394
-4.68396
-4.68397
-4.68397
-4.68394
-4.68395
-4.68398
-4.68392
-4.68396
-4.68392
-4.68395
-4.68397
-4.68398
-4.68395
-4.68395
-4.68396
-4.68397
-4.68398
-4.68395
-4.68394
-4.68394
-4.68395
-4.68395
-4.68396
-4.68394
-4.68392
-4.68394
-4.68397
-4.68395
-4.68394
-4.68395
-4.68395
-4.68395
-4.68395
-4.68396
-4.68395
-4.68394
-4.68395
-4.68394
-4.68392
-4.68396
-4.68394
-4.68395
-4.68394
-4.68395
-4.68394
-4.68395
-4.68394
-4.68395
-4.68394
-4.68394
-4.68391
-4.68396
-4.68395
-4.68396
-4.68392
-4.68395
-4.68396
-4.68395
-4.68395
-4.68397
-4.68395
-4.68397
-4.68396
-4.68392
-4.68395
-4.68392
-4.68394
-4.68394
-4.68392
-4.68395
-4.684
-4.68395
-4.68395
-4.68394
-4.68391
-4.68392
-4.68395
-4.68396
-4.68396
-4.68395
-4.68397
-4.68392
-4.68395
-4.68395
-4.68395
-4.68394
-4.68398
-4.68392
-4.68395
-4.68396
-4.68396
-4.68396
-4.68395
-4.68392
-4.68394
-4.68396
-4.68394
-4.68397
-4.68394
-4.68396
-4.68395
-4.68398
-4.68394
-4.68396
-4.68395
-4.68395
-4.68392
-4.68397
-4.68392
-4.68395
