2.20002
2.20012
2.20014
2.20011
2.20014
2.20009
2.20011
2.20018
2.20012
2.20013
2.20005
2.20011
2.20002
2.20011
2.20014
2.20009
2.20006
2.20012
2.20007
2.20008
2.20008
2.20011
2.20011
2.20009
2.2001
2.20007
2.20009
2.20007
2.20012
2.20006
2.2001
2.20014
2.20013
2.20013
2.20009
2.20008
2.20011
2.20009
2.20014
2.20009
2.20013
2.20017
2.20012
2.20011
2.20009
2.20008
2.20019
2.20006
2.20007
2.20009
2.20009
2.2001
2.20009
2.20006
2.2
2.20004
2.20008
2.2001
2.20011
2.20015
2.20008
2.20015
2.20006
2.20005
2.20012
2.20006
2.20011
2.20014
2.20015
2.20012
2.20009
2.2001
2.20006
2.20006
2.20012
2.20015
2.20015
2.20009
2.20015
2.20013
2.20009
2.20011
2.2001
2.2001
2.20007
2.20009
2.2001
2.20008
2.20006
2.20012
2.20011
2.2001
2.20011
2.20015
2.20011
2.20011
2.20004
2.20012
2.20013
2.20008
2.20005
2.20014
2.20006
2.20013
2.20014
2.2001
2.20007
2.20011
2.20017
2.20009
2.20005
2.20006
2.20007
2.20004
2.20011
2.20009
2.20009
2.20014
2.2001
2.2001
2.20012
2.20011
2.20011
2.20006
2.20014
2.2001
2.20006
2.20016
2.20009
2.20011
2.20011
2.20021
2.20011
2.20012
2.20014
2.20009
2.20018
2.20002
2.20003
2.20007
2.20011
2.20009
2.20015
2.20006
2.20009
2.20008
2.20015
2.20009
2.20011
2.20006
2.20006
2.20013
2.20012
2.20015
2.20005
2.20008
2.20015
2.20008
2.2001
2.2001
2.2001
2.20009
2.2001
2.20014
2.20018
2.20014
2.20011
2.20014
2.20008
2.20011
2.20013
2.20016
2.20008
2.20014
2.20014
2.20014
2.20011
2.20014
2.2001
2.20013
2.20008
2.20014
2.2001
2.20002
2.19999
2.20012
2.20012
2.20012
2.2001
2.20013
2.2001
2.20018
2.20008
2.2001
2.20013
2.20014
2.20006
2.20008
2.2001
2.20017
2.20009
2.2001
2.20008
2.20009
2.20006
2.2001
2.20006
2.20011
2.20011
2.20009
2.20005
2.20015
2.20013
2.20008
2.2001
2.20008
2.20012
2.20014
2.2001
2.2001
2.20014
2.20013
2.20013
2.20008
2.20019
2.2001
2.20008
2.20006
2.20012
2.2001
2.20002
2.2001
2.20012
2.20013
2.20007
2.20017
2.20009
2.20011
2.20004
2.20015
2.20007
2.20008
2.20005
2.20006
2.20012
2.20019
2.20059
2.20147
2.2021
2.20302
2.2048
2.2055
2.20626
2.20696
2.20839
2.20921
2.21
2.21084
2.21248
2.21336
2.21417
2.21493
2.21642
2.21719
2.21812
2.21969
2.22045
2.22123
-2.22083
-2.21917
-2.21842
-2.21758
-2.21657
-2.215
-2.21423
-2.21334
-2.21164
-2.21086
-2.20995
-2.20895
-2.20724
-2.20645
-2.20562
-2.20488
-2.2033
-2.20239
-2.20148
-2.20073
-2.19904
-2.19819
-2.19731
-2.19578
-2.19489
-2.19409
-2.19317
-2.19151
-2.19068
-2.18987
-2.189
-2.18726
-2.1864
-2.18544
-2.18462
-2.18305
-2.18223
-2.18149
-2.17983
-2.17907
-2.17814
-2.1773
-2.17564
-2.17486
-2.17393
-2.17321
-2.17151
-2.17067
-2.16989
-2.16899
-2.16734
-2.16631
-2.1655
-2.16365
-2.16276
-2.16187
-2.161
-2.15916
-2.15833
-2.15753
-2.15666
-2.15488
-2.15418
-2.15312
-2.15224
-2.15057
-2.14971
-2.14886
-2.14712
-2.14635
-2.14547
-2.14461
-2.1429
-2.14202
-2.14121
-2.14026
-2.13857
-2.13768
-2.13671
-2.13498
-2.13414
-2.1333
-2.13245
-2.13073
-2.12984
-2.12901
-2.12809
-2.12633
-2.12542
-2.1246
-2.1237
-2.1219
-2.12113
-2.12022
-2.11831
-2.11735
-2.11646
-2.11557
-2.11364
-2.11279
-2.1118
-2.11085
-2.10901
-2.10811
-2.10724
-2.10632
-2.10459
-2.10358
-2.10276
-2.10094
-2.10008
-2.0991
-2.09826
-2.09648
-2.09555
-2.09469
-2.09375
-2.09201
-2.09117
-2.09019
-2.08928
-2.08756
-2.0866
-2.08579
-2.08392
-2.0829
-2.08205
-2.08111
-2.07928
-2.07831
-2.07747
-2.07647
-2.07452
-2.07362
-2.07265
-2.07166
-2.06989
-2.06899
-2.06814
-2.06626
-2.06537
-2.06447
-2.06348
-2.06177
-2.06083
-2.0599
-2.05893
-2.05716
-2.05615
-2.05518
-2.05335
-2.05229
-2.05144
-2.05045
-2.0486
-2.04768
-2.04668
-2.04574
-2.0438
-2.0429
-2.0419
-2.04098
-2.03912
-2.03819
-2.03718
-2.03538
-2.03454
-2.03357
-2.03268
-2.03071
-2.02982
-2.0289
-2.02796
-2.02601
-2.02501
-2.02396
-2.02301
-2.02112
-2.02019
-2.01924
-2.01745
-2.01649
-2.01551
-2.01455
-2.0127
-2.01175
-2.01079
-2.00998
-2.00815
-2.00719
-2.0063
-2.00538
-2.00348
-2.00249
-2.00158
-1.99955
-1.99856
-1.99754
-1.99644
-1.99441
-1.99341
-1.99235
-1.99141
-1.98954
-1.98849
-1.98753
-1.98558
-1.98462
-1.98368
-1.98276
-1.9809
-1.97998
-1.97901
-1.97811
-1.9763
-1.97534
-1.97445
-1.97344
-1.97146
-1.97051
-1.96952
-1.96753
-1.96657
-1.96558
-1.96454
-1.96256
-1.96151
-1.96056
-1.95947
-1.95748
-1.95644
-1.9555
-1.9545
-1.95243
-1.95147
-1.95062
-1.94862
-1.94771
-1.94671
-1.9458
-1.94381
-1.94282
-1.94188
-1.94084
-1.93895
-1.93798
-1.93701
-1.93599
-1.93394
-1.93291
-1.93194
-1.92993
-1.92891
-1.92789
-1.92692
-1.92495
-1.92391
-1.92297
-1.92199
-1.91994
-1.91887
-1.91791
-1.91584
-1.91485
-1.91384
-1.91289
-1.91085
-1.90988
-1.90893
-1.90788
-1.90579
-1.90481
-1.90382
-1.9028
-1.90079
-1.89985
-1.89879
-1.89684
-1.89579
-1.89486
-1.89377
-1.89182
-1.89086
-1.88974
-1.88868
-1.88664
-1.88547
-1.88458
-1.88356
-1.88148
-1.88047
-1.87945
-1.87729
-1.87631
-1.87533
-1.87438
-1.87236
-1.87128
-1.87027
-1.86928
-1.86723
-1.86628
-1.86527
-1.86319
-1.86215
-1.86114
-1.86015
-1.85811
-1.85707
-1.85609
-1.85504
-1.85298
-1.85198
-1.85095
-1.84985
-1.84791
-1.84686
-1.84584
-1.84387
-1.84285
-1.84179
-1.84077
-1.8387
-1.83758
-1.83652
-1.8355
-1.83337
-1.83236
-1.83131
-1.83035
-1.82817
-1.82714
-1.82609
-1.82398
-1.82297
-1.82195
-1.82089
-1.81886
-1.81771
-1.8167
-1.81567
-1.81366
-1.81265
-1.81163
-1.81067
-1.80862
-1.80745
-1.80638
-1.8044
-1.80333
-1.80223
-1.80121
-1.799
-1.79796
-1.79685
-1.79585
-1.79368
-1.79266
-1.79167
-1.78956
-1.78851
-1.78747
-1.78641
-1.78436
-1.78332
-1.78225
-1.78122
-1.77906
-1.77796
-1.77693
-1.77591
-1.77379
-1.77272
-1.77166
-1.7695
-1.76847
-1.76743
-1.76636
-1.76422
-1.76324
-1.76218
-1.76105
-1.75895
-1.75792
-1.75687
-1.75578
-1.75364
-1.75254
-1.75144
-1.74933
-1.74817
-1.74712
-1.74611
-1.74399
-1.74288
-1.74172
-1.74073
-1.73861
-1.73744
-1.73636
-1.73537
-1.73322
-1.73219
-1.73106
-1.72905
-1.72798
-1.72689
-1.72579
-1.72375
-1.72259
-1.72151
-1.72042
-1.7183
-1.71726
-1.71617
-1.71396
-1.71285
-1.71177
-1.71073
-1.70854
-1.70751
-1.70641
-1.7053
-1.70313
-1.70203
-1.70103
-1.69996
-1.69781
-1.69669
-1.69565
-1.69345
-1.6924
-1.69131
-1.69029
-1.68808
-1.68697
-1.68588
-1.68479
-1.6827
-1.68161
-1.68051
-1.67943
-1.67731
-1.67628
-1.67521
-1.67317
-1.67199
-1.67098
-1.66982
-1.66769
-1.66666
-1.66559
-1.66443
-1.66222
-1.66121
-1.66011
-1.65903
-1.65674
-1.65558
-1.6545
-1.65226
-1.65114
-1.65004
-1.64891
-1.64674
-1.64565
-1.64456
-1.64344
-1.6412
-1.64012
-1.63907
-1.63687
-1.63577
-1.63466
-1.63356
-1.63137
-1.63028
-1.62921
-1.62809
-1.62591
-1.62482
-1.6237
-1.62263
-1.62049
-1.61942
-1.61832
-1.61614
-1.61499
-1.61388
-1.61278
-1.61061
-1.60948
-1.60841
-1.60724
-1.60503
-1.60391
-1.60278
-1.60168
-1.59944
-1.59832
-1.59716
-1.59492
-1.59382
-1.59269
-1.59154
-1.58934
-1.58824
-1.58716
-1.58602
-1.58373
-1.58268
-1.58152
-1.58041
-1.57823
-1.57711
-1.57599
-1.57383
-1.57269
-1.57155
-1.5705
-1.56825
-1.56718
-1.566
-1.56491
-1.56268
-1.56163
-1.5605
-1.5594
-1.55709
-1.55605
-1.55488
-1.55267
-1.55157
-1.55045
-1.54932
-1.5471
-1.54591
-1.54481
-1.54369
-1.54144
-1.54029
-1.53919
-1.53693
-1.53578
-1.53462
-1.53348
-1.53122
-1.53019
-1.52908
-1.52798
-1.52571
-1.5246
-1.52349
-1.52241
-1.52013
-1.519
-1.51786
-1.5156
-1.51444
-1.5133
-1.51213
-1.50984
-1.50873
-1.5076
-1.50648
-1.50416
-1.50305
-1.5019
-1.50078
-1.4985
-1.49739
-1.49626
-1.49406
-1.49293
-1.49181
-1.49069
-1.48835
-1.48723
-1.48606
-1.48491
-1.48263
-1.48146
-1.48031
-1.47917
-1.4769
-1.47572
-1.47469
-1.47244
-1.47131
-1.47017
-1.46909
-1.46685
-1.46575
-1.46459
-1.46345
-1.46111
-1.45999
-1.4588
-1.45651
-1.45536
-1.45422
-1.45309
-1.45087
-1.44965
-1.44852
-1.44742
-1.44522
-1.44404
-1.44285
-1.44165
-1.4393
-1.43813
-1.43687
-1.43465
-1.43351
-1.43242
-1.43128
-1.42903
-1.42796
-1.42678
-1.42563
-1.42332
-1.42219
-1.42101
-1.41878
-1.41764
-1.41651
-1.41544
-1.41303
-1.4119
-1.41073
-1.40953
-1.40716
-1.40599
-1.40485
-1.40375
-1.40146
-1.40026
-1.39913
-1.39679
-1.39564
-1.39452
-1.39333
-1.391
-1.38993
-1.38879
-1.38767
-1.38534
-1.38417
-1.383
-1.38186
-1.37954
-1.37843
-1.37732
-1.37501
-1.37383
-1.37265
-1.37151
-1.36912
-1.36802
-1.36685
-1.36578
-1.36345
-1.36219
-1.36107
-1.35988
-1.35755
-1.35638
-1.35526
-1.35286
-1.3517
-1.35039
-1.34923
-1.347
-1.34589
-1.34469
-1.3436
-1.34118
-1.33993
-1.33872
-1.33641
-1.33527
-1.33402
-1.33281
-1.33047
-1.32936
-1.32821
-1.32714
-1.32474
-1.32354
-1.32226
-1.32104
-1.31867
-1.31754
-1.31639
-1.3141
-1.31296
-1.31183
-1.31075
-1.30843
-1.30719
-1.30591
-1.30469
-1.30238
-1.30124
-1.30014
-1.299
-1.2967
-1.29555
-1.29442
-1.29197
-1.29071
-1.28946
-1.28826
-1.28607
-1.28502
-1.28384
-1.28265
-1.28033
-1.27915
-1.27789
-1.27668
-1.27411
-1.27307
-1.27204
-1.26989
-1.26867
-1.26748
-1.26624
-1.2638
-1.26269
-1.26144
-1.26023
-1.25806
-1.25698
-1.25577
-1.2545
-1.25197
-1.25073
-1.24957
-1.24717
-1.24604
-1.24491
-1.24383
-1.24141
-1.24018
-1.23891
-1.23766
-1.23533
-1.2342
-1.23312
-1.23192
-1.22974
-1.22887
-1.22807
-1.22729
-1.22725
-1.22736
-1.22727
-1.22732
-1.22719
-1.22713
-1.22709
-1.22739
-1.22742
-1.22743
-1.22768
-1.22762
-1.22764
-1.22764
-1.22764
-1.22758
-1.22758
-1.2275
-1.22751
-1.22752
-1.22748
-1.22747
-1.22727
-1.2273
-1.22731
-1.22724
-1.22718
-1.22715
-1.22712
-1.2272
-1.22724
-1.22737
-1.22745
-1.22758
-1.22755
-1.22759
-1.22762
-1.22763
-1.22762
-1.2277
-1.22776
-1.22777
-1.2277
-1.22766
-1.22754
-1.22747
-1.22743
-1.22738
-1.22726
-1.22726
-1.2273
-1.22734
-1.22746
-1.22752
-1.22751
-1.22756
-1.22761
-1.22762
-1.22758
-1.22768
-1.22768
-1.22759
-1.22755
-1.22748
-1.2274
-1.22742
-1.22739
-1.22729
-1.22732
-1.22733
-1.22745
-1.22755
-1.2276
-1.2276
-1.22765
-1.22767
-1.22768
-1.22765
-1.22781
-1.22777
-1.22771
-1.22769
-1.22756
-1.22752
-1.22746
-1.22733
-1.22725
-1.22732
-1.22737
-1.22752
-1.22755
-1.2276
-1.22761
-1.22762
-1.22763
-1.22768
-1.22774
-1.22761
-1.22756
-1.22749
-1.22738
-1.22733
-1.22721
-1.22723
-1.22731
-1.22738
-1.22748
-1.2275
-1.22757
-1.22761
-1.22764
-1.22766
-1.22777
-1.2277
-1.2277
-1.22756
-1.22752
-1.22745
-1.22744
-1.22731
-1.22738
-1.22744
-1.22759
-1.22762
-1.22765
-1.22765
-1.22766
-1.2277
-1.22765
-1.22758
-1.22743
-1.22741
-1.2273
-1.22732
-1.2272
-1.22723
-1.22731
-1.22749
-1.2275
-1.22751
-1.22756
-1.22766
-1.22769
-1.22765
-1.22765
-1.22755
-1.22753
-1.22738
-1.22738
-1.22729
-1.22738
-1.22745
-1.22755
-1.22763
-1.2276
-1.22763
-1.22764
-1.22761
-1.22751
-1.22739
-1.22727
-1.22726
-1.22717
-1.22714
-1.22729
-1.2274
-1.22754
-1.22751
-1.22762
-1.22765
-1.22776
-1.22768
-1.22759
-1.22761
-1.22746
-1.2273
-1.2272
-1.22735
-1.22735
-1.22752
-1.22743
-1.22757
-1.2276
-1.22768
-1.22759
-1.22754
-1.22739
-1.22736
-1.22725
-1.22721
-1.22728
-1.22742
-1.22741
-1.22746
-1.22756
-1.22762
-1.22763
-1.22758
-1.22755
-1.22748
-1.22737
-1.22726
-1.2273
-1.22738
-1.22743
-1.22754
-1.22757
-1.22763
-1.2276
-1.22759
-1.2275
-1.22748
-1.22729
-1.22725
-1.22729
-1.22731
-1.22742
-1.22751
-1.22752
-1.2275
-1.22765
-1.22759
-1.22754
-1.22749
-1.22728
-1.22727
-1.22723
-1.22737
-1.22737
-1.22744
-1.22749
-1.22751
-1.22757
-1.22752
-1.22752
-1.22724
-1.22725
-1.22713
-1.22716
-1.22729
-1.22742
-1.22751
-1.22762
-1.22765
-1.22765
-1.22775
-1.22758
-1.22742
-1.22731
-1.22726
-1.22735
-1.22746
-1.22751
-1.22754
-1.22763
-1.2277
-1.22763
-1.22756
-1.22738
-1.22728
-1.22724
-1.2274
-1.22742
-1.22748
-1.22754
-1.22761
-1.22768
-1.22773
-1.22761
-1.22746
-1.22733
-1.22723
-1.22728
-1.22727
-1.22734
-1.2274
-1.22764
-1.22773
-1.2277
-1.22772
-1.22783
-1.22788
-1.22783
-1.22784
-1.22778
-1.22786
-1.22781
-1.22786
-1.22784
-1.2279
-1.22781
-1.22772
-1.22768
-1.22772
-1.22779
-1.22772
-1.22769
-1.22777
-1.2278
-1.22781
-1.2278
-1.22785
-1.22785
-1.22783
-1.22779
-1.22779
-1.22778
-1.22777
-1.22772
-1.22761
-1.22762
-1.2276
-1.22762
-1.22763
-1.22762
-1.22759
-1.22767
-1.2277
-1.22767
-1.22768
-1.22774
-1.2276
-1.2276
-1.22756
-1.22751
-1.22756
-1.22752
-1.22752
-1.22752
-1.22757
-1.22763
-1.22764
-1.2277
-1.22775
-1.22777
-1.22779
-1.22771
-1.22772
-1.22767
-1.22766
-1.22755
-1.22756
-1.22752
-1.22753
-1.22747
-1.22753
-1.22746
-1.22756
-1.22761
-1.22767
-1.22775
-1.22775
-1.2277
-1.22774
-1.22772
-1.22764
-1.22764
-1.22763
-1.22769
-1.22769
-1.22763
-1.22768
-1.22776
-1.22771
-1.22779
-1.22779
-1.22776
-1.22778
-1.2278
-1.22772
-1.22771
-1.22762
-1.22762
-1.22759
-1.22762
-1.22761
-1.22771
-1.22778
-1.2278
-1.22781
-1.22786
-1.22788
-1.2278
-1.22779
-1.22775
-1.22775
-1.22773
-1.22774
-1.22771
-1.22768
-1.22774
-1.22776
-1.22776
-1.22782
-1.22779
-1.22776
-1.22771
-1.22768
-1.2276
-1.2276
-1.22758
-1.22764
-1.22763
-1.22765
-1.22776
-1.22774
-1.22779
-1.22778
-1.22773
-1.2277
-1.22766
-1.22768
-1.2276
-1.22764
-1.22764
-1.22766
-1.2277
-1.22777
-1.22778
-1.22774
-1.22778
-1.2277
-1.22767
-1.22757
-1.22757
-1.22765
-1.22761
-1.22756
-1.22766
-1.2278
-1.22772
-1.22776
-1.2277
-1.22759
-1.22756
-1.22758
-1.22753
-1.22758
-1.22755
-1.22763
-1.22775
-1.22776
-1.22774
-1.22769
-1.22756
-1.22751
-1.22752
-1.22749
-1.22755
-1.2276
-1.22762
-1.2277
-1.22779
-1.22766
-1.22761
-1.22757
-1.22757
-1.22753
-1.22758
-1.22765
-1.22768
-1.22771
-1.22777
-1.22776
-1.22773
-1.22772
-1.22761
-1.2276
-1.22755
-1.22763
-1.22768
-1.22768
-1.22765
-1.22773
-1.22779
-1.2277
-1.22768
-1.22762
-1.22768
-1.22765
-1.22765
-1.22765
-1.22768
-1.22768
-1.22776
-1.22771
-1.22768
-1.22755
-1.22754
-1.22759
-1.22756
-1.22765
-1.22768
-1.22778
-1.22775
-1.22776
-1.22759
-1.22758
-1.22757
-1.22752
-1.22754
-1.22755
-1.2276
-1.2276
-1.22763
-1.22767
-1.22762
-1.22751
-1.22747
-1.22758
-1.22761
-1.22764
-1.22761
-1.22767
-1.22772
-1.22763
-1.22757
-1.22754
-1.2275
-1.22747
-1.22741
-1.22756
-1.2276
-1.22763
-1.22762
-1.22757
-1.22749
-1.22742
-1.22742
-1.22747
-1.22754
-1.22752
-1.22762
-1.22766
-1.22766
-1.22762
-1.22753
-1.22745
-1.22748
-1.22754
-1.22758
-1.22765
-1.22772
-1.22775
-1.22778
-1.2277
-1.22761
-1.22753
-1.22753
-1.22761
-1.22761
-1.22769
-1.22774
-1.22785
-1.22779
-1.2278
-1.22765
-1.22766
-1.22763
-1.22771
-1.22768
-1.22775
-1.22779
-1.22777
-1.22777
-1.22769
-1.22756
-1.22763
-1.22763
-1.22766
-1.22764
-1.22771
-1.22776
-1.22782
-1.22776
-1.22765
-1.22757
-1.22757
-1.22755
-1.22758
-1.22772
-1.22774
-1.22765
-1.22764
-1.2277
-1.22774
-1.22774
-1.22771
-1.22775
-1.22771
-1.2277
-1.22773
-1.22775
-1.22776
-1.22774
-1.22773
-1.22775
-1.22771
-1.22774
-1.22772
-1.2277
-1.22771
-1.22768
-1.22765
-1.22766
-1.22761
-1.22764
-1.22768
-1.22761
-1.22765
-1.22765
-1.22765
-1.22764
-1.2276
-1.22763
-1.22765
-1.2276
-1.22763
-1.22762
-1.22761
-1.2276
-1.2276
-1.22756
-1.22761
-1.2276
-1.2276
-1.22761
-1.22759
-1.22759
-1.22757
-1.22756
-1.22756
-1.22756
-1.22758
-1.22755
-1.22753
-1.22757
-1.22751
-1.22756
-1.22759
-1.22759
-1.22751
-1.22751
-1.22755
-1.22757
-1.22758
-1.22754
-1.22756
-1.22754
-1.22757
-1.2275
-1.22752
-1.22753
-1.22754
-1.22754
-1.22752
-1.22751
-1.22755
-1.22755
-1.22753
-1.22757
-1.22752
-1.22754
-1.2275
-1.22752
-1.2275
-1.22754
-1.22756
-1.22751
-1.22756
-1.22755
-1.22755
-1.22756
-1.22753
-1.22755
-1.22757
-1.22753
-1.2275
-1.22755
-1.22755
-1.22749
-1.22757
-1.22755
-1.22753
-1.22755
-1.22758
-1.22755
-1.22754
-1.22753
-1.22754
-1.22752
-1.22753
-1.22751
-1.22755
-1.22751
-1.22751
-1.22753
-1.22756
-1.22753
-1.22758
-1.22753
-1.22754
-1.22757
-1.22753
-1.22758
-1.22754
-1.22758
-1.22758
-1.22753
-1.22754
-1.22759
-1.22754
-1.22752
-1.22758
-1.22756
-1.22753
-1.22755
-1.22757
-1.22755
-1.22756
-1.22753
-1.22751
-1.22755
-1.22755
-1.22753
-1.22756
-1.22756
-1.22755
-1.22755
-1.22758
-1.22754
-1.22755
-1.22754
-1.22754
-1.22756
-1.22755
-1.22753
-1.22754
-1.22751
-1.22752
-1.22753
-1.22755
-1.22754
-1.22753
-1.22756
-1.22756
-1.22758
-1.22757
-1.22751
-1.22751
-1.22756
-1.22758
-1.22751
-1.22753
-1.22755
-1.22755
-1.22754
-1.22755
-1.22752
-1.22757
-1.22751
-1.22752
-1.22751
-1.2276
-1.22755
-1.22755
-1.22758
-1.2275
-1.22756
-1.22758
-1.22757
-1.22748
-1.22754
-1.22757
-1.22756
-1.22751
-1.22752
-1.22756
-1.22755
-1.22755
-1.22757
-1.22755
-1.22756
-1.22755
-1.22753
-1.22753
-1.22754
-1.22756
-1.22755
-1.22751
-1.22756
-1.22757
-1.22754
-1.22753
-1.22754
-1.22754
-1.22753
-1.22755
-1.22753
-1.22758
-1.22754
-1.22751
-1.22752
-1.22756
-1.22752
-1.22749
-1.22754
-1.22757
-1.22755
-1.22754
-1.22753
-1.22758
-1.22756
-1.22752
-1.22755
-1.22749
-1.22755
-1.22754
-1.22755
-1.22752
-1.22756
-1.22753
-1.22754
-1.22755
-1.22755
-1.22756
-1.22756
-1.2275
-1.22756
-1.22751
-1.22753
-1.22755
-1.22755
-1.22757
-1.22756
-1.22755
-1.22754
-1.22755
-1.22755
-1.22754
-1.22754
-1.22755
-1.22752
-1.22758
-1.22756
-1.22751
-1.22755
-1.22759
-1.22753
-1.22755
-1.22751
-1.22754
-1.22752
-1.22754
-1.22754
-1.22755
-1.22758
-1.22755
-1.22756
-1.22755
-1.22757
-1.22752
-1.2275
-1.22757
-1.22754
-1.22752
-1.22756
-1.22753
-1.22754
-1.22754
-1.22757
-1.22755
-1.22753
-1.22756
-1.2275
-1.22754
-1.22755
-1.22755
-1.22754
-1.22759
-1.22753
-1.22754
-1.22752
-1.22759
-1.22752
-1.22753
-1.22754
-1.22754
-1.22753
-1.22756
-1.22755
-1.22756
-1.22758
-1.22756
-1.22755
-1.22757
-1.22753
-1.22755
-1.22755
-1.22753
-1.22752
-1.22753
-1.22755
-1.22753
-1.22752
-1.22751
-1.22757
-1.22755
-1.22757
-1.22752
-1.22753
-1.2275
-1.22757
-1.22756
-1.22757
-1.22755
-1.22755
-1.22755
-1.22755
-1.22756
-1.22752
-1.22757
-1.22757
-1.22758
-1.22753
-1.22754
-1.22755
-1.22755
-1.22757
-1.22756
-1.22756
-1.22752
-1.22755
-1.22756
-1.22753
-1.22758
-1.22751
-1.22754
-1.22755
-1.22755
-1.22757
-1.22757
-1.22752
-1.22755
-1.22755
-1.22756
-1.22753
-1.22756
-1.22753
-1.22753
-1.22752
-1.22755
-1.22754
-1.22754
-1.22756
-1.2275
-1.22755
-1.22754
-1.22759
-1.22757
-1.22751
-1.22754
-1.22757
-1.22751
-1.22749
-1.2275
-1.22755
-1.22753
-1.22754
-1.22753
-1.22753
-1.22752
-1.22755
-1.22754
-1.22755
-1.22753
-1.22751
-1.22754
-1.22753
-1.22753
-1.22756
-1.22753
-1.22751
-1.22752
-1.22755
-1.22751
-1.22754
-1.22755
-1.22754
-1.22753
-1.22754
-1.22752
-1.22755
-1.22754
-1.22756
