0.199989
0.199999
0.200008
0.200009
0.20001
0.199997
0.200005
0.200005
0.200015
0.200011
0.200013
0.200006
0.199995
0.200009
0.200013
0.200009
0.199996
0.200002
0.2
0.200013
0.200013
0.200014
0.200016
0.200019
0.200009
0.200002
0.200016
0.199996
0.200006
0.200007
0.199997
0.20001
0.200021
0.200019
0.20001
0.200008
0.200002
0.200003
0.200014
0.200006
0.20001
0.200022
0.200009
0.20001
0.199995
0.2
0.200009
0.200011
0.200009
0.20001
0.200018
0.20001
0.20001
0.200008
0.200003
0.200013
0.200014
0.200014
0.199996
0.200021
0.199995
0.200016
0.200001
0.199987
0.200005
0.200016
0.200011
0.200012
0.200015
0.200027
0.200011
0.2
0.2
0.200004
0.200012
0.200004
0.200012
0.200008
0.200011
0.200013
0.199999
0.200012
0.200004
0.200017
0.200024
0.200018
0.200005
0.200002
0.2
0.200014
0.200002
0.200011
0.199997
0.200012
0.200017
0.2
0.200008
0.199998
0.200014
0.199999
0.2
0.200005
0.2
0.200019
0.20001
0.200017
0.200004
0.200007
0.200018
0.200006
0.200006
0.200005
0.200004
0.200007
0.200014
0.199996
0.200005
0.200016
0.200018
0.200017
0.20001
0.200001
0.200008
0.200008
0.200013
0.200008
0.200005
0.20001
0.200007
0.200015
0.200013
0.200031
0.200008
0.20002
0.20001
0.200005
0.200022
0.2
0.199985
0.199997
0.200006
0.20001
0.200025
0.200008
0.199989
0.200003
0.200017
0.200004
0.200007
0.200019
0.200003
0.200018
0.200022
0.200028
0.199995
0.199999
0.200008
0.199999
0.200009
0.200007
0.200003
0.199999
0.200007
0.200024
0.200029
0.200025
0.200008
0.200008
0.200004
0.200009
0.200005
0.200018
0.19999
0.200028
0.200014
0.200011
0.200017
0.200011
0.2
0.200002
0.200002
0.199997
0.200013
0.199986
0.200001
0.200012
0.200004
0.200004
0.200005
0.200024
0.200008
0.200028
0.2
0.200002
0.200008
0.200003
0.20001
0.200003
0.200002
0.200017
0.199989
0.200003
0.200008
0.200023
0.199996
0.200016
0.200003
0.200001
0.200014
0.200005
0.199994
0.20001
0.200022
0.200004
0.200012
0.199993
0.200015
0.200024
0.199996
0.199998
0.200015
0.200007
0.200016
0.200004
0.200018
0.200014
0.200005
0.200007
0.200005
0.200002
0.199994
0.200019
0.200013
0.200017
0.199997
0.200023
0.200008
0.200014
0.199998
0.200031
0.200008
0.199998
0.200005
0.199994
0.200016
0.200019
0.200064
0.200214
0.200338
0.200516
0.200861
0.201005
0.201144
0.201277
0.201524
0.201662
0.201845
0.202044
0.20239
0.202554
0.202715
0.202848
0.203115
0.20327
0.203462
0.203796
0.203948
0.204091
0.204222
0.204515
0.204655
0.204811
0.205004
0.205269
0.205439
0.205588
0.205922
0.206067
0.206264
0.206441
0.206777
0.20692
0.207083
0.207225
0.207482
0.207654
0.207792
0.207936
0.208231
0.208381
0.208517
0.208808
0.208947
0.209101
0.209265
0.20956
0.209707
0.209877
0.21004
0.210369
0.210531
0.210708
0.210878
0.211178
0.211342
0.211463
0.211767
0.211895
0.212056
0.212208
0.212499
0.212657
0.212823
0.212962
0.213254
0.213377
0.21352
0.213687
0.213967
0.214157
0.214282
0.214624
0.214801
0.214964
0.215127
0.215463
0.215606
0.215745
0.215884
0.216183
0.216265
0.216454
0.216608
0.216913
0.217067
0.217185
0.217481
0.217606
0.217758
0.217897
0.218207
0.218362
0.218505
0.218699
0.219007
0.219166
0.219327
0.21966
0.219808
0.219954
0.220091
0.220416
0.220571
0.2207
0.220863
0.221176
0.2213
0.221452
0.221603
0.221885
0.222003
0.222148
0.222453
0.222605
0.222775
0.222928
0.223269
0.223401
0.223572
0.223719
0.224048
0.224203
0.224363
0.22451
0.224797
0.224974
0.225123
0.225441
0.225585
0.225752
0.225893
0.226207
0.22637
0.226495
0.226655
0.226932
0.227073
0.227234
0.2274
0.227678
0.227832
0.22795
0.228282
0.228452
0.228597
0.228766
0.229087
0.22923
0.229363
0.229548
0.229899
0.230047
0.230214
0.230381
0.230651
0.230786
0.230927
0.231231
0.231391
0.231525
0.231689
0.231955
0.232098
0.232261
0.232433
0.232717
0.232904
0.233059
0.233391
0.233578
0.233713
0.233872
0.234218
0.234377
0.234563
0.234721
0.235
0.235158
0.235297
0.235441
0.235739
0.235871
0.236015
0.236267
0.236413
0.236516
0.236654
0.236967
0.237112
0.237254
0.237418
0.237756
0.237954
0.238119
0.238302
0.23863
0.238804
0.238955
0.23925
0.239416
0.239579
0.239737
0.240037
0.240164
0.240311
0.240421
0.240687
0.240814
0.240915
0.241046
0.241312
0.241427
0.241592
0.241903
0.242093
0.242267
0.242453
0.242833
0.243008
0.243188
0.243315
0.243631
0.24381
0.243983
0.244307
0.244434
0.244583
0.244702
0.244939
0.245072
0.245203
0.245345
0.245577
0.24573
0.245845
0.246025
0.246344
0.2465
0.246684
0.247014
0.24715
0.247318
0.247474
0.247829
0.248028
0.248193
0.248388
0.248672
0.24882
0.248966
0.249115
0.24942
0.249559
0.249653
0.249969
0.25008
0.250226
0.250359
0.250674
0.250813
0.250962
0.251119
0.251428
0.251587
0.251733
0.251906
0.252275
0.252436
0.252622
0.252935
0.253105
0.253273
0.253391
0.25368
0.253843
0.253976
0.254135
0.254434
0.25459
0.254729
0.255022
0.255174
0.255321
0.255462
0.25576
0.255883
0.256035
0.25618
0.256519
0.256697
0.256845
0.256958
0.257265
0.257396
0.257559
0.257866
0.258007
0.258159
0.258316
0.258632
0.258805
0.258974
0.259181
0.259518
0.259689
0.259834
0.259967
0.260281
0.260439
0.26058
0.260883
0.261012
0.261125
0.261239
0.261506
0.261688
0.261846
0.261966
0.26227
0.262398
0.26253
0.26288
0.26305
0.263215
0.263364
0.263707
0.263846
0.264004
0.264155
0.264534
0.264703
0.264893
0.265067
0.265343
0.265508
0.265673
0.265906
0.266029
0.266177
0.266295
0.266556
0.266716
0.266861
0.267004
0.267309
0.267435
0.267621
0.267741
0.268082
0.268233
0.268406
0.268732
0.268899
0.269038
0.269197
0.269496
0.269671
0.269831
0.269989
0.270224
0.27037
0.270527
0.27067
0.271008
0.271212
0.271399
0.271691
0.271854
0.272011
0.272129
0.272457
0.272645
0.272796
0.272941
0.273225
0.273312
0.273416
0.27372
0.273843
0.273978
0.274125
0.27441
0.274534
0.274681
0.274854
0.275196
0.275372
0.275539
0.275714
0.276061
0.276248
0.276412
0.276765
0.276939
0.277098
0.27724
0.277536
0.277688
0.27785
0.278022
0.278336
0.27847
0.278584
0.278714
0.278999
0.27914
0.27931
0.279642
0.279778
0.279909
0.280061
0.280316
0.280468
0.28068
0.280836
0.281163
0.281339
0.281499
0.281596
0.281865
0.282017
0.282145
0.282377
0.282502
0.282673
0.282835
0.283172
0.283361
0.283523
0.283683
0.283985
0.284172
0.284331
0.284713
0.284911
0.285063
0.285177
0.28548
0.285586
0.285733
0.285896
0.28618
0.286286
0.286395
0.286522
0.286825
0.286996
0.287157
0.287482
0.287628
0.287777
0.287925
0.288228
0.2884
0.288573
0.288762
0.289053
0.289192
0.289345
0.289512
0.289754
0.289907
0.290025
0.290262
0.290438
0.290613
0.290787
0.291107
0.291259
0.291445
0.291571
0.291903
0.292043
0.29219
0.292344
0.292684
0.292843
0.292994
0.293366
0.293511
0.293652
0.293785
0.294095
0.29421
0.294358
0.294484
0.294816
0.294973
0.295129
0.295427
0.295544
0.295689
0.295847
0.296194
0.29633
0.296523
0.296698
0.296989
0.297144
0.29726
0.297399
0.297668
0.297778
0.29792
0.298158
0.29834
0.29848
0.298672
0.299019
0.299198
0.299338
0.299509
0.299816
0.299999
0.300156
0.300324
0.300621
0.30075
0.300909
0.301275
0.301382
0.301502
0.301639
0.301916
0.302054
0.302209
0.302411
0.302749
0.302907
0.303055
0.303189
0.303478
0.303668
0.303858
0.304174
0.304332
0.304474
0.304608
0.30492
0.305081
0.30524
0.305378
0.305641
0.30578
0.305941
0.306092
0.306406
0.306553
0.306709
0.30705
0.307216
0.307369
0.307548
0.307848
0.308008
0.308163
0.308298
0.308558
0.30871
0.308867
0.30915
0.309264
0.309414
0.309547
0.30981
0.309957
0.310136
0.310293
0.310616
0.310779
0.310941
0.311136
0.311494
0.31166
0.311803
0.312147
0.31229
0.312442
0.312602
0.312851
0.313
0.313125
0.313237
0.31355
0.313706
0.313892
0.314052
0.314327
0.314496
0.314642
0.314981
0.315145
0.315286
0.315431
0.315752
0.315892
0.316015
0.31615
0.316407
0.316525
0.316656
0.316829
0.317159
0.317301
0.317475
0.317804
0.317933
0.318109
0.318288
0.318602
0.318792
0.318986
0.319121
0.319448
0.319589
0.319711
0.320035
0.320194
0.320303
0.320439
0.320712
0.32084
0.320991
0.321154
0.32146
0.321583
0.321721
0.321873
0.32217
0.322341
0.322499
0.322811
0.322974
0.323114
0.323243
0.323535
0.323724
0.32386
0.323997
0.324312
0.324474
0.324632
0.324958
0.325096
0.325233
0.325433
0.325766
0.325909
0.326154
0.32634
0.32665
0.326817
0.326954
0.327108
0.327356
0.327486
0.327625
0.327885
0.328029
0.328178
0.328363
0.32863
0.328785
0.328969
0.329147
0.329457
0.329618
0.329802
0.32995
0.330256
0.330405
0.330502
0.330743
0.330855
0.33099
0.331168
0.331486
0.33165
0.331821
0.332024
0.332336
0.332501
0.332691
0.332856
0.333131
0.333279
0.333387
0.333591
0.333706
0.333852
0.333994
0.334389
0.334586
0.334775
0.334935
0.335277
0.335407
0.335545
0.335738
0.33585
0.335995
0.336151
0.336508
0.336717
0.336871
0.337076
0.337406
0.337558
0.337708
0.337772
0.337986
0.338124
0.338306
0.338726
0.338917
0.339126
0.339287
0.33957
0.33969
0.33977
0.339849
0.340118
0.340277
0.340495
0.340722
0.341068
0.341183
0.341339
0.341517
0.341637
0.34177
0.341953
0.342355
0.34259
0.34277
0.34295
0.343178
0.343299
0.3434
0.343512
0.343814
0.344057
0.34428
0.34468
0.344817
0.344922
0.344996
0.345205
0.345397
0.345574
0.345743
0.346147
0.346344
0.346424
0.346549
0.346733
0.346812
0.34698
0.34735
0.347594
0.347799
0.347976
0.348193
0.348327
0.348414
0.348533
0.348879
0.349078
0.349306
0.349515
0.349799
0.34986
0.34987
0.349981
0.350029
0.349998
0.34998
0.349951
0.349942
0.349924
0.349924
0.349981
0.349999
0.349984
0.350031
0.350015
0.350006
0.350015
0.349995
0.349983
0.34997
0.349956
0.349927
0.349913
0.349907
0.349894
0.349877
0.349883
0.349912
0.349893
0.34991
0.349908
0.349904
0.349931
0.34994
0.349965
0.349962
0.349998
0.350008
0.350022
0.350044
0.350037
0.350012
0.350036
0.350076
0.350084
0.350062
0.350057
0.350058
0.350065
0.350066
0.350047
0.350022
0.349997
0.350003
0.350011
0.349969
0.349946
0.349922
0.34994
0.349917
0.349946
0.349931
0.349935
0.349938
0.349938
0.349935
0.349964
0.349962
0.349949
0.349968
0.350005
0.350011
0.350005
0.350021
0.350028
0.35003
0.350034
0.35006
0.350044
0.350069
0.350059
0.350075
0.350072
0.350052
0.350069
0.350049
0.350038
0.350043
0.350019
0.350008
0.350027
0.350005
0.349971
0.34999
0.349964
0.349941
0.349922
0.34992
0.349923
0.349925
0.349931
0.349921
0.349919
0.349943
0.349925
0.349914
0.349915
0.349938
0.349943
0.349954
0.349979
0.349993
0.349985
0.349968
0.350024
0.350027
0.350002
0.35005
0.350017
0.350022
0.350042
0.350054
0.350022
0.350061
0.350054
0.350049
0.350094
0.350081
0.350056
0.350052
0.350047
0.350053
0.350036
0.350032
0.349988
0.350015
0.350033
0.349987
0.349979
0.349981
0.349993
0.350007
0.350019
0.349981
0.349939
0.349921
0.349941
0.349947
0.349933
0.349939
0.349928
0.349936
0.349948
0.349939
0.349923
0.349949
0.349952
0.349978
0.349963
0.349945
0.349933
0.349933
0.349935
0.349944
0.349922
0.349936
0.349938
0.349949
0.349965
0.349964
0.349966
0.349952
0.349971
0.349979
0.350015
0.350003
0.34998
0.349987
0.349963
0.349984
0.350003
0.350003
0.350046
0.350059
0.350048
0.350063
0.350047
0.350059
0.350056
0.350051
0.350055
0.350034
0.350038
0.35004
0.350061
0.350023
0.350031
0.350037
0.350036
0.350068
0.350041
0.35005
0.350068
0.350045
0.350045
0.350032
0.350048
0.350058
0.350023
0.35003
0.350037
0.350021
0.350005
0.350011
0.349992
0.349969
0.34997
0.349962
0.349962
0.349987
0.349983
0.349994
0.349969
0.349982
0.349976
0.349988
0.349984
0.349996
0.349964
0.349975
0.349985
0.349998
0.35
0.350026
0.349993
0.350012
0.350007
0.349993
0.350009
0.349973
0.349947
0.349955
0.349893
0.349922
0.349913
0.349913
0.349916
0.349918
0.349873
0.349885
0.349873
0.349883
0.34988
0.349915
0.349897
0.349869
0.349881
0.349837
0.349818
0.349846
0.34987
0.349908
0.3499
0.349909
0.349932
0.349948
0.349955
0.349997
0.349968
0.349981
0.349979
0.349996
0.350014
0.349995
0.350041
0.350035
0.350087
0.350072
0.350064
0.350097
0.350066
0.350037
0.350006
0.349993
0.349961
0.350001
0.349961
0.349891
0.349671
0.349421
0.348648
0.348198
0.347796
0.347417
0.346636
0.346281
0.345873
0.344976
0.344591
0.344158
0.343743
0.342935
0.342475
0.342047
0.341608
0.340787
0.340435
0.340068
0.33968
0.338852
0.338464
0.338069
0.337322
0.336899
0.336552
0.33613
0.335297
0.334883
0.334455
0.334036
0.333187
0.332789
0.332388
0.331966
0.331247
0.33088
0.330511
0.329761
0.329352
0.328957
0.328576
0.327772
0.327339
0.326895
0.326446
0.325602
0.325172
0.32475
0.324356
0.323548
0.32319
0.322799
0.322093
0.321751
0.321351
0.320963
0.320222
0.319839
0.319425
0.31901
0.318095
0.317662
0.317193
0.316784
0.315929
0.315502
0.315082
0.314382
0.314016
0.313641
0.313275
0.312441
0.312059
0.31166
0.311263
0.310384
0.309984
0.309528
0.308675
0.308266
0.307876
0.30749
0.306802
0.306445
0.306095
0.30571
0.304961
0.304531
0.304119
0.303655
0.302777
0.30233
0.301885
0.301064
0.300646
0.300302
0.299923
0.299225
0.298822
0.29843
0.298031
0.297281
0.296854
0.296399
0.295968
0.295123
0.294693
0.29431
0.293561
0.293206
0.292847
0.292497
0.291718
0.291317
0.290868
0.290468
0.289577
0.289126
0.288695
0.28826
0.287476
0.287142
0.286786
0.286078
0.285681
0.285282
0.284864
0.284037
0.2836
0.283163
0.282689
0.281861
0.2815
0.281106
0.280451
0.280065
0.279718
0.279336
0.278493
0.278115
0.2777
0.277235
0.276321
0.275954
0.275545
0.275179
0.274523
0.274151
0.273743
0.27296
0.272527
0.272106
0.271653
0.270751
0.27032
0.26994
0.26957
0.268962
0.268619
0.268242
0.267842
0.266977
0.266527
0.266094
0.265224
0.264765
0.264398
0.264046
0.263328
0.262954
0.26259
0.262171
0.26127
0.260864
0.260406
0.25995
0.259138
0.258752
0.258394
0.257711
0.257351
0.256928
0.256489
0.255653
0.255257
0.254828
0.254327
0.253501
0.25317
0.252828
0.252113
0.251721
0.251316
0.25088
0.250069
0.249602
0.249179
0.248719
0.247982
0.247619
0.247291
0.246937
0.246112
0.245722
0.24527
0.244365
0.243908
0.243503
0.243124
0.242465
0.242118
0.241752
0.241372
0.24057
0.240131
0.239692
0.239229
0.238333
0.237958
0.237635
0.23694
0.236598
0.236178
0.235758
0.234915
0.23447
0.234018
0.23357
0.232811
0.23249
0.232147
0.2318
0.231023
0.230623
0.230148
0.229272
0.228808
0.228407
0.22803
0.227355
0.227005
0.226627
0.226219
0.225347
0.224933
0.224474
0.224021
0.223178
0.222834
0.222512
0.221812
0.221372
0.220942
0.220518
0.21963
0.219146
0.218693
0.218286
0.217597
0.217268
0.216907
0.216087
0.215662
0.215246
0.214802
0.213866
0.21342
0.21306
0.212717
0.212044
0.211665
0.211263
0.210844
0.209995
0.209527
0.209093
0.208261
0.207905
0.207591
0.207251
0.206452
0.206058
0.205615
0.205196
0.204311
0.203864
0.203469
0.203092
0.202437
0.202072
0.201692
0.200902
0.200528
0.200172
0.199974
0.199835
0.199828
0.19979
0.199821
0.199825
0.199811
0.199779
0.199842
0.199844
0.19985
0.199829
0.199836
0.199852
0.199852
0.199826
0.199859
0.199874
0.199885
0.199914
0.199933
0.199957
0.199976
0.199976
0.19998
0.199983
0.199969
0.199993
0.19998
0.199993
0.199974
0.199987
0.199977
0.199991
0.19998
0.199995
0.199988
0.199983
0.199997
0.19999
0.199988
0.199988
0.199988
0.199989
0.199991
0.199975
0.199988
0.199981
0.199985
0.199989
0.199977
0.199991
0.199991
0.199986
0.199996
0.199987
0.200004
0.199979
0.19998
0.19998
0.199993
0.199991
0.19998
0.199983
0.199984
0.199985
0.199994
0.19998
0.199993
0.199995
0.199982
0.199988
0.199982
0.199993
0.19999
0.199986
0.199989
0.199984
0.199975
0.199994
0.19999
0.199991
0.199982
0.199988
0.199986
0.199999
0.19999
0.199996
0.199995
0.199986
0.199993
0.199982
0.199981
0.199982
0.199975
0.199993
0.200001
0.199981
0.199977
0.200001
0.199999
0.199991
0.200005
0.199998
0.199973
0.199995
0.199992
0.199998
0.200002
0.199985
0.19999
0.199982
0.199999
0.199995
0.199996
0.199994
0.199989
0.199982
0.199982
0.199993
0.199973
0.199999
0.200008
0.199987
0.200003
0.199998
0.199997
0.200002
0.199998
0.199981
0.199986
0.200002
0.19998
0.199993
0.200014
0.200008
0.199992
0.199999
0.200001
0.200012
0.199991
0.199992
0.199999
0.199995
0.200008
0.199997
0.199997
0.200004
0.199988
0.199991
0.199993
0.200011
0.200002
0.19999
0.2
0.200001
0.199995
0.200008
0.199999
0.199997
0.199997
0.199999
0.199984
0.199983
0.199995
0.199991
0.199991
0.199999
0.200001
0.199988
0.199988
0.200008
0.199989
0.200008
0.199988
0.199997
0.199997
0.200016
0.200001
0.200006
0.200012
0.200006
0.19998
0.200006
0.199993
0.199976
0.200008
0.199988
0.199983
0.199999
0.200008
0.199982
0.200002
0.199992
0.199989
0.200005
0.199982
0.199987
0.199985
0.199987
0.199995
0.20001
0.19999
0.199997
0.199999
0.200003
0.200004
0.199995
0.199991
0.199991
0.199991
0.199989
0.200002
0.199992
0.199997
0.2
0.200003
0.200001
0.199991
0.199987
0.199997
0.200006
0.19998
0.200006
0.199995
0.200003
0.199997
0.199999
0.199997
0.199995
0.199984
0.199992
0.200008
0.199995
0.199999
0.200004
0.199998
0.200001
0.200008
0.199986
0.199997
0.200001
0.199997
0.199988
0.199989
0.200003
0.199999
0.199989
0.199999
0.199996
0.200005
0.199999
0.199982
0.199997
0.199995
0.199984
0.199997
0.200004
0.200008
0.200009
0.199999
0.200013
0.199991
0.199998
0.200006
0.19999
0.19998
0.199999
0.199995
0.199995
0.200002
0.199997
0.200004
0.200014
0.199997
0.200001
0.199988
0.199986
0.199984
0.200003
0.199992
0.200003
0.199984
0.199999
0.20001
0.199986
0.200003
0.199992
0.19999
0.199991
0.20001
0.200006
0.199997
0.200008
0.199998
0.200006
0.199997
0.199995
0.199996
0.200003
0.200001
0.200001
0.199986
0.199993
0.200001
0.199999
0.199999
0.199997
0.199992
0.20001
0.19999
0.199993
0.199999
0.199997
0.200001
0.200001
0.199997
0.199989
0.200004
0.200004
0.20001
0.19999
0.200001
0.200012
0.200005
0.199995
0.199994
0.19998
0.199981
0.200001
0.200003
0.200005
0.200001
0.199999
0.199989
0.199996
0.199992
0.200001
0.199989
0.200007
0.199997
0.199999
0.199993
0.200006
0.199995
0.199993
0.199999
0.200004
0.199985
0.199984
0.200007
0.200007
0.199997
0.199995
0.199984
0.199997
0.200003
0.20001
0.199986
0.199995
0.199999
0.200009
0.200001
0.200004
0.199988
0.200009
0.199982
0.199994
0.200001
0.200001
0.199992
0.199999
0.199992
0.199999
0.200015
0.19999
0.199994
0.199987
0.199977
0.200011
0.199995
0.199995
0.200007
0.200005
0.200015
0.199995
0.200002
0.199997
0.200001
0.200001
0.200004
0.200005
0.199988
0.199999
0.200007
0.2
0.200003
0.20001
0.199996
0.200001
0.199999
0.200003
0.200001
0.199994
0.200006
0.200003
0.200005
0.199991
0.200008
0.199998
0.200001
0.200001
0.199992
0.199999
