5.50903e-05
7.12344e-05
6.75844e-05
9.61067e-06
-6.86807e-06
1.43109e-05
2.92943e-05
-7.26342e-06
4.77422e-05
4.91021e-05
4.76829e-05
1.01852e-05
3.61798e-05
3.06887e-05
9.06795e-06
1.07677e-05
1.54666e-05
7.05839e-05
3.1771e-05
4.65551e-05
4.59919e-05
2.6233e-05
2.67673e-05
4.60739e-05
1.33043e-05
4.95601e-05
8.61537e-05
1.40551e-05
-2.46708e-05
6.84635e-05
1.51311e-05
9.64227e-06
4.4651e-05
4.45924e-05
9.6708e-06
4.93375e-05
2.95194e-05
5.3245e-05
2.67945e-05
3.40005e-05
1.1363e-05
2.73874e-05
1.04295e-05
2.95764e-05
3.42421e-05
5.18688e-05
8.47558e-05
0.000104932
6.93013e-05
6.87536e-05
2.40844e-05
6.62544e-05
5.02159e-05
2.86972e-05
3.25759e-05
4.96885e-05
4.64598e-05
4.70912e-05
5.1775e-05
-1.24319e-05
5.3803e-05
2.70641e-05
5.07166e-05
1.65303e-05
4.71553e-05
9.12476e-06
4.99739e-05
4.91166e-05
4.71518e-05
4.35385e-05
4.74758e-05
6.84059e-05
0.000104259
6.67204e-05
6.73734e-05
2.8899e-05
2.92588e-05
2.89985e-05
2.69974e-05
4.71153e-05
5.06973e-05
8.50413e-05
5.10043e-05
4.88607e-05
6.34566e-05
8.33655e-05
1.18424e-05
6.89171e-05
3.28577e-05
2.39587e-05
4.8772e-05
8.47427e-05
1.4025e-05
6.64795e-05
8.24702e-06
-5.56281e-06
4.96217e-05
1.42552e-05
2.65138e-05
1.2626e-05
5.12644e-05
4.74363e-05
9.07594e-05
0.000102522
4.60029e-05
8.92541e-06
4.79433e-05
5.18319e-05
4.55752e-05
6.91995e-05
8.68936e-05
4.87639e-05
-2.63077e-05
-6.65496e-06
3.01655e-05
5.1562e-05
5.01747e-05
2.67658e-05
4.71849e-05
4.82974e-05
4.70676e-05
3.51294e-05
4.79645e-05
0.000106028
2.51311e-05
1.18692e-05
5.02018e-05
9.94867e-06
5.02081e-05
6.71003e-05
8.87223e-06
5.91631e-05
1.10229e-05
4.43528e-05
4.79119e-05
3.0637e-05
3.59774e-06
3.23381e-05
3.72242e-05
9.16231e-05
5.04972e-05
-6.86509e-06
8.00484e-05
1.10259e-05
3.34667e-05
1.29585e-05
4.55134e-05
1.18718e-05
2.81084e-05
2.71072e-05
1.24627e-05
4.35972e-06
4.39111e-05
4.29424e-05
5.38045e-05
-2.51622e-06
1.18662e-05
5.04162e-05
9.97721e-06
4.85577e-05
2.83641e-05
-2.32023e-05
2.6463e-05
4.24038e-05
2.31432e-05
2.42493e-05
3.0402e-05
7.63349e-06
1.15906e-05
3.20743e-05
4.79147e-05
2.56834e-05
5.36917e-05
5.78916e-06
8.2822e-06
6.64827e-05
4.60377e-05
4.74344e-05
1.46002e-05
2.81313e-05
3.20857e-05
3.2561e-05
8.76303e-06
3.49568e-05
-4.41445e-06
9.09499e-06
1.24086e-05
2.98185e-05
1.18424e-05
4.22176e-06
2.95577e-05
5.97667e-05
-1.86719e-06
3.03911e-05
4.77918e-05
3.0056e-05
1.22122e-05
4.99446e-05
1.12898e-05
6.20929e-05
3.61169e-05
-5.76961e-06
0.000126584
2.32113e-05
5.12795e-05
4.60683e-05
7.04157e-05
3.39322e-05
8.25106e-05
-2.76325e-05
1.73661e-05
4.76295e-05
4.47544e-05
1.26928e-05
8.81414e-06
5.32051e-05
4.72889e-05
4.35288e-05
5.20578e-05
5.24411e-05
0.000102122
5.04878e-05
9.09866e-06
-2.29628e-05
6.31715e-05
4.43562e-05
3.11793e-05
8.52849e-05
2.8466e-05
1.26134e-05
1.34046e-05
8.02655e-06
2.75817e-05
2.48544e-05
1.45517e-05
4.38394e-05
7.66203e-06
4.82908e-05
3.03456e-05
3.90444e-05
2.9281e-05
5.17909e-05
5.04589e-05
5.20244e-05
-1.1085e-05
-0.000286931
-0.00116428
-0.00342705
-0.00489636
-0.00672325
-0.0104849
-0.0123572
-0.0142455
-0.0160158
-0.0195857
-0.0213541
-0.023158
-0.024962
-0.0285687
-0.0303059
-0.0320733
-0.0338333
-0.0371442
-0.0389249
-0.0407026
-0.0443858
-0.0461446
-0.0479547
0.0497769
0.0533647
0.0551095
0.0568226
0.0585926
0.0621771
0.0639711
0.0657945
0.0691937
0.0709111
0.0727289
0.0744837
0.0779929
0.0798081
0.081526
0.0832604
0.0866377
0.0884193
0.0901742
0.0918145
0.0953695
0.0971133
0.0988718
0.102285
0.104053
0.105761
0.10756
0.111033
0.112802
0.114549
0.116274
0.119675
0.121465
0.123213
0.124866
0.128311
0.130027
0.13174
0.134915
0.136566
0.138247
0.140018
0.143401
0.145181
0.146842
0.148546
0.151986
0.153679
0.155346
0.15712
0.160572
0.162288
0.163833
0.167244
0.168919
0.170737
0.17244
0.175741
0.177424
0.179019
0.180695
0.183992
0.185612
0.187332
0.188917
0.192328
0.194013
0.195641
0.199024
0.200739
0.202463
0.204103
0.207454
0.209048
0.210771
0.212408
0.215666
0.217323
0.218946
0.222088
0.223704
0.225328
0.227057
0.230311
0.232031
0.23371
0.235349
0.238567
0.240253
0.241879
0.243533
0.24682
0.248429
0.250024
0.253295
0.255001
0.256553
0.258191
0.261409
0.262917
0.264482
0.266014
0.269248
0.27088
0.272441
0.274063
0.277305
0.278984
0.280562
0.283825
0.28551
0.287085
0.28871
0.291919
0.293452
0.295106
0.296729
0.299883
0.301378
0.30284
0.304454
0.307584
0.309174
0.31087
0.314044
0.315634
0.317216
0.318733
0.321865
0.323472
0.324971
0.326497
0.329642
0.331172
0.33279
0.334345
0.337527
0.339039
0.340541
0.343573
0.345123
0.346665
0.348216
0.351424
0.353049
0.354609
0.356158
0.359329
0.36088
0.362392
0.365486
0.366984
0.368537
0.370064
0.373051
0.374536
0.375972
0.377443
0.38045
0.382011
0.383559
0.385184
0.388209
0.389773
0.39121
0.394254
0.395785
0.397234
0.398734
0.401805
0.40333
0.404878
0.406404
0.409375
0.410823
0.4123
0.413816
0.416742
0.418256
0.419712
0.42275
0.424261
0.425802
0.427275
0.430323
0.431786
0.433266
0.434885
0.437815
0.439357
0.440838
0.442363
0.445197
0.446657
0.44817
0.450993
0.452373
0.453825
0.455252
0.458053
0.459462
0.460897
0.462301
0.465245
0.466695
0.468191
0.471209
0.472659
0.474117
0.475579
0.478419
0.479887
0.481249
0.482792
0.485775
0.487346
0.488861
0.490239
0.493223
0.494552
0.496025
0.498842
0.500256
0.501693
0.503092
0.5059
0.507183
0.508624
0.510001
0.512676
0.514147
0.515543
0.516991
0.519722
0.521185
0.522673
0.525408
0.526852
0.52829
0.529784
0.5327
0.534206
0.535534
0.53692
0.539676
0.541065
0.542416
0.543797
0.546542
0.547938
0.549371
0.552179
0.553598
0.554852
0.556325
0.559077
0.560446
0.561831
0.563185
0.565949
0.567245
0.56866
0.571333
0.572695
0.574149
0.575503
0.578274
0.579709
0.581009
0.582355
0.58507
0.586382
0.587828
0.589206
0.591982
0.593352
0.594595
0.597326
0.598638
0.599979
0.601309
0.604141
0.60544
0.606858
0.608123
0.610789
0.61214
0.613476
0.614786
0.617438
0.61878
0.620102
0.622718
0.624145
0.62546
0.626833
0.629474
0.630764
0.632071
0.633444
0.635995
0.637413
0.638751
0.641401
0.642761
0.644049
0.645491
0.648068
0.649332
0.650673
0.651906
0.654425
0.655761
0.657067
0.658329
0.661009
0.66227
0.663528
0.666248
0.667585
0.668914
0.6702
0.67283
0.674158
0.675388
0.676636
0.679116
0.680422
0.681667
0.682984
0.685533
0.686798
0.688064
0.690566
0.691781
0.693213
0.694443
0.697081
0.698285
0.699546
0.700716
0.703335
0.704548
0.705794
0.707078
0.70955
0.710723
0.711985
0.714451
0.715715
0.716985
0.718261
0.720723
0.722011
0.723214
0.724517
0.726963
0.72826
0.729481
0.732008
0.733316
0.734601
0.735772
0.738252
0.739471
0.740799
0.742018
0.744538
0.745766
0.74696
0.748115
0.750436
0.751676
0.752803
0.755197
0.756473
0.757592
0.758943
0.761244
0.762478
0.763654
0.764887
0.767303
0.768503
0.769761
0.771015
0.773479
0.774658
0.775819
0.778119
0.77939
0.780631
0.781765
0.784198
0.785342
0.786505
0.787335
0.78994
0.791188
0.792401
0.793668
0.796108
0.797257
0.798491
0.800901
0.802142
0.803468
0.804592
0.806969
0.808071
0.809202
0.810384
0.812597
0.813836
0.815043
0.817213
0.818332
0.819477
0.820618
0.822868
0.824069
0.825184
0.826293
0.82864
0.829836
0.83101
0.832199
0.834604
0.835721
0.836927
0.839222
0.840405
0.84152
0.842634
0.844819
0.845941
0.847053
0.848148
0.850504
0.851683
0.85282
0.853856
0.85623
0.857307
0.858546
0.860851
0.86204
0.863137
0.864233
0.86636
0.867433
0.868488
0.869691
0.871838
0.872903
0.873985
0.8751
0.877294
0.878288
0.879437
0.881674
0.882845
0.884026
0.885148
0.887283
0.888433
0.889503
0.890652
0.892828
0.894012
0.895157
0.89723
0.898382
0.899493
0.900571
0.902714
0.903852
0.904948
0.906027
0.908205
0.909211
0.910301
0.911404
0.913645
0.914764
0.915929
0.918117
0.919255
0.920322
0.921335
0.923519
0.924585
0.925665
0.926719
0.92886
0.929833
0.930887
0.931845
0.933978
0.935173
0.936188
0.93821
0.939259
0.940424
0.941468
0.943649
0.94472
0.945759
0.946683
0.948825
0.949878
0.950787
0.951855
0.953858
0.954797
0.95583
0.957843
0.958818
0.959929
0.960926
0.96296
0.963991
0.965016
0.966187
0.968392
0.96946
0.970616
0.971535
0.973659
0.974682
0.975671
0.977691
0.978687
0.979677
0.980696
0.982622
0.983541
0.984567
0.985612
0.987857
0.988883
0.990008
0.992129
0.993199
0.994121
0.99506
0.997123
0.998104
0.999132
1.00008
1.00189
1.00284
1.00377
1.00472
1.00661
1.00751
1.00863
1.01066
1.01164
1.01261
1.01353
1.0156
1.01666
1.01761
1.01847
1.02067
1.02169
1.02255
1.02344
1.02528
1.02614
1.0271
1.02898
1.03006
1.03106
1.03208
1.03405
1.03505
1.03593
1.037
1.03892
1.04
1.04093
1.04184
1.0437
1.04463
1.04549
1.04736
1.04838
1.04925
1.0502
1.05209
1.0531
1.05395
1.05498
1.05686
1.05779
1.0588
1.06065
1.06156
1.0626
1.06357
1.06549
1.06639
1.06734
1.06825
1.07001
1.07104
1.07204
1.0729
1.07498
1.0759
1.07693
1.07887
1.07972
1.08056
1.08143
1.08319
1.08385
1.08481
1.08576
1.08755
1.08842
1.08943
1.09114
1.09207
1.09294
1.09387
1.09564
1.09657
1.09728
1.09822
1.10007
1.10103
1.102
1.10284
1.10467
1.10558
1.10653
1.1083
1.10924
1.11009
1.11099
1.1128
1.11362
1.11437
1.11528
1.11704
1.11787
1.11879
1.11972
1.12151
1.12246
1.12336
1.12533
1.1264
1.12745
1.12821
1.12983
1.13059
1.13135
1.13214
1.13377
1.13458
1.13538
1.13634
1.13806
1.13884
1.13985
1.14166
1.14262
1.14355
1.14447
1.14589
1.14663
1.14748
1.14822
1.15
1.151
1.15183
1.15367
1.15447
1.1554
1.15626
1.15789
1.15864
1.15939
1.16009
1.1616
1.16249
1.16342
1.16449
1.16626
1.16702
1.16769
1.16906
1.16996
1.1706
1.17147
1.17318
1.17414
1.17511
1.17615
1.17767
1.17838
1.17909
1.17981
1.18138
1.1822
1.18294
1.18499
1.1859
1.18678
1.18746
1.18875
1.18945
1.19023
1.19094
1.19264
1.19348
1.19436
1.19531
1.19696
1.19754
1.19819
1.19938
1.20029
1.20126
1.20208
1.20376
1.20452
1.20527
1.20619
1.20754
1.20813
1.20905
1.20986
1.21176
1.21259
1.21327
1.21467
1.21536
1.216
1.21668
1.21833
1.21915
1.22015
1.22097
1.22232
1.22298
1.2236
1.22438
1.22588
1.22657
1.2271
1.22768
1.22775
1.22779
1.2278
1.22785
1.22774
1.22767
1.22772
1.22777
1.22758
1.22771
1.2277
1.2277
1.22765
1.22763
1.22772
1.22768
1.22771
1.22769
1.22777
1.22777
1.22774
1.22779
1.22767
1.22768
1.22761
1.22758
1.22747
1.22742
1.22742
1.22743
1.22744
1.22748
1.2276
1.2276
1.22758
1.22758
1.22756
1.22756
1.22764
1.22765
1.22761
1.22759
1.22756
1.22754
1.22737
1.22733
1.22724
1.22722
1.22717
1.22721
1.22726
1.22726
1.22752
1.22763
1.22772
1.22771
1.22787
1.22773
1.22769
1.22779
1.2278
1.22769
1.2277
1.22745
1.22742
1.22743
1.22739
1.22721
1.2272
1.22724
1.22734
1.22745
1.22749
1.22748
1.22748
1.2275
1.22748
1.22749
1.2276
1.22758
1.22756
1.22748
1.22739
1.22738
1.22739
1.22724
1.22721
1.22723
1.22735
1.22757
1.22756
1.22764
1.22773
1.22774
1.22781
1.22783
1.22787
1.22775
1.22771
1.22757
1.2275
1.22745
1.22741
1.22735
1.22736
1.22747
1.22756
1.22754
1.22759
1.22762
1.22774
1.22763
1.22776
1.2277
1.22761
1.22755
1.22749
1.22742
1.22727
1.22727
1.22727
1.22737
1.22746
1.22742
1.22746
1.22756
1.22762
1.22763
1.2276
1.22753
1.22743
1.22744
1.22735
1.22721
1.22718
1.22724
1.22739
1.22746
1.22751
1.22752
1.22764
1.22778
1.22784
1.22781
1.22773
1.22767
1.22755
1.22755
1.22737
1.22737
1.22734
1.22752
1.22754
1.22768
1.22751
1.22764
1.22766
1.22769
1.22751
1.22743
1.22724
1.22728
1.22713
1.22719
1.2273
1.22741
1.22747
1.22757
1.22765
1.22759
1.2277
1.22752
1.22759
1.2275
1.22739
1.22716
1.22717
1.22716
1.22725
1.2273
1.22734
1.22738
1.22748
1.2274
1.22751
1.22733
1.22728
1.2271
1.22711
1.22699
1.22714
1.22712
1.22728
1.22726
1.22741
1.2274
1.2275
1.22744
1.22736
1.22727
1.2273
1.2271
1.22714
1.22714
1.22733
1.22729
1.22745
1.22743
1.22747
1.22738
1.2274
1.22733
1.22722
1.22709
1.2271
1.22723
1.22735
1.22735
1.22733
1.22744
1.22751
1.22753
1.22737
1.22741
1.22715
1.22713
1.22709
1.22719
1.22728
1.22737
1.22736
1.2274
1.22743
1.22749
1.22738
1.22716
1.2271
1.22706
1.22704
1.22722
1.2272
1.22731
1.22736
1.22744
1.22749
1.22747
1.22737
1.22718
1.22718
1.227
1.22719
1.22721
1.22733
1.22733
1.22745
1.22747
1.22745
1.22727
1.22724
1.2271
1.22699
1.22717
1.22722
1.22735
1.22733
1.22752
1.22746
1.22753
1.22738
1.22734
1.22716
1.22706
1.22711
1.22712
1.22722
1.22721
1.22747
1.22753
1.22748
1.22739
1.22749
1.22751
1.22748
1.2275
1.22754
1.22754
1.22756
1.22759
1.2276
1.22763
1.2276
1.2276
1.22759
1.22761
1.2277
1.22767
1.22762
1.22768
1.22767
1.22768
1.22769
1.22772
1.22774
1.2277
1.22773
1.22768
1.2277
1.22771
1.2277
1.22761
1.22757
1.22759
1.22757
1.22763
1.22762
1.22756
1.22763
1.22761
1.22759
1.22759
1.22761
1.22753
1.22753
1.22749
1.22757
1.22759
1.22757
1.22756
1.22755
1.2276
1.22762
1.22759
1.22767
1.22769
1.22768
1.22767
1.22761
1.22764
1.22758
1.22768
1.2276
1.22762
1.22756
1.22755
1.22755
1.2276
1.22756
1.22758
1.22755
1.22757
1.22762
1.2276
1.22757
1.22765
1.22766
1.22758
1.22759
1.22755
1.22762
1.22762
1.22764
1.22761
1.22761
1.22759
1.22762
1.22759
1.2276
1.2276
1.22757
1.22757
1.22759
1.22758
1.2276
1.22757
1.22759
1.22759
1.22761
1.22763
1.2276
1.22765
1.22767
1.22766
1.22756
1.22759
1.22763
1.22769
1.22765
1.22765
1.22762
1.22759
1.22765
1.22766
1.22763
1.22762
1.22765
1.22762
1.22762
1.22759
1.22758
1.2276
1.22754
1.22758
1.22752
1.22759
1.22763
1.22761
1.2276
1.22757
1.22765
1.22761
1.22758
1.2276
1.22761
1.22764
1.22757
1.22757
1.22759
1.22762
1.22766
1.2276
1.22761
1.22762
1.22765
1.22757
1.22756
1.22757
1.22755
1.22757
1.22766
1.22761
1.22756
1.22763
1.22761
1.22763
1.22753
1.22758
1.22754
1.22755
1.22758
1.22761
1.2276
1.22757
1.22759
1.22764
1.2276
1.22759
1.22756
1.22755
1.22757
1.22761
1.22762
1.22757
1.22764
1.22758
1.22761
1.22758
1.22759
1.22756
1.22761
1.22762
1.22761
1.2276
1.22762
1.22764
1.22763
1.22763
1.22758
1.22761
1.22759
1.22762
1.22757
1.22759
1.22758
1.22761
1.22766
1.22753
1.22758
1.22761
1.22765
1.2276
1.22757
1.22759
1.22759
1.22756
1.2276
1.22751
1.22754
1.22757
1.22755
1.22754
1.22752
1.22756
1.22759
1.22758
1.22753
1.22756
1.2275
1.2275
1.22749
1.2275
1.22752
1.22752
1.22752
1.22748
1.22754
1.22756
1.22749
1.22752
1.22751
1.22756
1.22755
1.22756
1.22754
1.22756
1.22755
1.22755
1.22755
1.22752
1.22746
1.22753
1.22752
1.22756
1.22756
1.22755
1.22756
1.22754
1.2275
1.22749
1.22753
1.22749
1.22756
1.22753
1.22762
1.22755
1.2275
1.22752
1.22753
1.2275
1.22752
1.22748
1.2275
1.22759
1.2276
1.22759
1.2276
1.22751
1.22749
1.22747
1.22748
1.2275
1.22752
1.22753
1.22757
1.22762
1.22757
1.22758
1.22762
1.22763
1.22757
1.22762
1.22757
1.22766
1.22762
1.22755
1.22754
1.22757
1.22757
1.22756
1.22753
1.22754
1.22752
1.22759
1.22759
1.22759
1.22755
1.22754
1.22756
1.22755
1.22748
1.22746
1.22752
1.22756
1.22743
1.22745
1.22753
1.22752
1.2275
1.22751
1.22754
1.2275
1.22749
1.22752
1.22748
1.22755
1.22752
1.22753
1.22752
1.22753
1.22754
1.2275
1.22752
1.22748
1.2275
1.22747
1.22749
1.2275
1.2275
1.22753
1.22745
1.22751
1.22748
1.22751
1.22745
1.2275
1.22747
1.22752
1.22745
1.2275
1.22752
1.22753
1.2275
1.22757
1.22755
1.22755
1.22758
1.22752
1.22754
1.22756
1.2276
1.22752
1.22753
1.22754
1.22755
1.22758
1.22756
1.22755
1.22757
1.22755
1.22759
1.22761
1.22762
1.22753
1.22756
1.22761
1.22763
1.22761
1.22758
1.22761
1.22758
1.22765
1.2276
1.2276
1.22762
1.22763
1.2276
1.22762
1.22759
1.22759
1.22762
1.22762
1.22761
1.2276
1.22761
1.22757
1.22762
1.22759
1.2276
1.22762
1.22762
1.22762
1.22764
1.22765
1.22766
1.22762
1.22761
1.22762
1.2276
1.22762
1.22763
1.22761
1.22759
1.22766
1.22759
1.22761
1.22759
1.22765
1.22763
1.22763
1.2276
1.2276
1.2276
1.22764
1.22762
1.22762
1.22759
1.22763
1.22762
1.2276
1.22761
1.22761
1.22759
1.22755
1.22763
1.22761
1.2276
1.22761
1.22762
1.22761
1.22759
1.22759
1.2276
1.22757
1.22756
1.22759
1.22759
1.22759
1.22763
1.22761
1.22757
1.22761
1.22761
1.22753
1.22758
1.22761
1.22758
1.22764
1.22761
1.22758
1.22761
1.22762
1.22757
1.22761
1.2276
1.22761
1.22761
1.22759
1.2276
1.22762
1.22758
1.22758
1.22761
1.22759
1.22762
1.22757
1.22759
1.22759
1.22762
1.22761
1.22758
1.22759
1.22759
1.22762
1.2276
1.22757
1.22759
1.2276
1.22759
1.2276
1.22762
1.22762
1.22758
1.22755
1.22758
1.22761
1.22759
1.22758
1.22759
1.22755
1.22757
1.22759
1.22758
1.22755
1.22756
1.22759
1.22762
1.22754
1.22759
1.22764
1.22758
1.22756
1.22759
1.22758
1.2276
1.22758
1.22759
1.22758
1.22762
1.22756
1.22759
1.22758
1.2276
1.22761
1.22757
1.2276
1.22758
1.22757
1.22759
1.22762
1.22758
1.22762
1.22758
1.22757
1.22758
1.22763
1.22756
1.22754
1.22757
1.22757
1.22758
1.22757
1.22756
1.2276
1.22763
1.22759
1.22758
1.22752
1.22757
1.22763
1.2276
1.22756
1.2276
1.22756
1.22759
1.22756
1.22758
1.22762
1.22759
1.22756
1.22758
1.22757
1.22756
1.2276
1.2276
1.2276
1.22761
1.22763
1.22759
1.2276
1.2276
1.2276
1.22762
1.2276
1.22757
1.22762
1.22758
1.22758
1.22759
1.22762
1.22761
1.22758
1.22756
1.22761
1.22761
1.22758
1.22759
1.22757
1.22762
1.22759
1.22758
1.22761
1.22761
1.22755
1.22755
1.22762
1.22758
1.22762
1.22763
1.2276
1.22761
1.22764
1.22759
1.22761
1.2276
1.22759
1.22756
1.22761
1.22761
1.2276
1.2276
1.22762
1.2276
1.2276
1.22755
1.22765
1.22757
1.22756
1.22762
1.22759
1.22756
1.22763
1.2276
1.22761
1.22763
1.22761
1.2276
1.22761
1.22757
1.22761
1.22757
1.22759
1.22756
1.2276
1.2276
1.22758
1.22758
1.22761
1.22761
1.22763
1.22763
1.22757
1.22759
1.22758
1.22763
1.22763
1.2276
1.2276
1.2276
1.22759
1.22757
1.22757
1.22759
1.22762
1.22758
1.22758
1.2276
1.22758
1.22759
1.2276
1.22759
1.2276
1.22759
1.22763
1.22764
1.22763
1.22759
1.22761
1.22758
1.22763
1.2276
1.22757
1.2276
1.2276
1.22759
1.2276
1.22757
1.22758
1.22759
1.22761
1.22762
1.22759
1.22759
1.22762
1.22761
1.22758
1.2276
1.22757
1.2276
1.22761
1.22759
1.22758
1.22755
1.22756
1.2276
1.22759
1.22759
1.22753
1.22758
1.22755
1.2276
1.22759
1.22756
1.22759
1.22763
1.22763
1.22757
1.22758
1.22756
1.22757
1.22759
1.2276
1.22762
1.22761
1.22757
1.22757
1.22762
1.22755
1.22761
1.2276
1.2276
1.22757
1.22757
1.2276
1.22758
1.22761
1.22757
