0.150006
0.149999
0.15
0.150005
0.14999
0.149997
0.150006
0.149987
0.150003
0.149998
0.150009
0.150002
0.149995
0.150001
0.149997
0.150011
0.149995
0.149989
0.150006
0.150013
0.150017
0.150009
0.150007
0.15001
0.149992
0.150012
0.150009
0.150003
0.149982
0.150009
0.149987
0.149994
0.150006
0.150005
0.150003
0.150008
0.150004
0.149991
0.150001
0.149986
0.149995
0.149991
0.149996
0.150003
0.149995
0.150001
0.15
0.150015
0.150005
0.150004
0.150027
0.150007
0.15
0.150015
0.150012
0.150011
0.150009
0.150003
0.149996
0.15
0.149999
0.149997
0.15001
0.149998
0.150014
0.150006
0.149996
0.149992
0.150001
0.150009
0.150011
0.150014
0.150022
0.150023
0.15
0.149997
0.149994
0.150009
0.149998
0.150001
0.150001
0.150009
0.15
0.149999
0.150014
0.150016
0.149998
0.150007
0.150002
0.150022
0.150006
0.150015
0.149993
0.15
0.150001
0.149996
0.150011
0.149985
0.150005
0.149999
0.150012
0.15001
0.149999
0.150007
0.150009
0.150006
0.150019
0.149989
0.150005
0.149997
0.150012
0.150014
0.150005
0.150005
0.149995
0.150009
0.150002
0.150003
0.150004
0.150003
0.150008
0.149985
0.150008
0.150012
0.150015
0.149994
0.150015
0.149992
0.150002
0.150001
0.150001
0.150009
0.149998
0.150012
0.15
0.15
0.150008
0.15001
0.15
0.149996
0.150002
0.149997
0.15001
0.150005
0.150003
0.15
0.150003
0.150004
0.150006
0.150012
0.150006
0.150018
0.150016
0.150004
0.150003
0.149987
0.149986
0.150005
0.150001
0.15001
0.15001
0.149992
0.150017
0.150016
0.15
0.150004
0.149994
0.150006
0.150008
0.149992
0.15001
0.149997
0.15
0.149999
0.149999
0.149996
0.150007
0.150007
0.149991
0.15001
0.150002
0.149993
0.150003
0.150008
0.150013
0.150003
0.149994
0.150006
0.149998
0.150013
0.150001
0.150014
0.149986
0.150002
0.150005
0.149995
0.149999
0.15001
0.150002
0.150013
0.149992
0.149996
0.150006
0.150023
0.150012
0.150013
0.150006
0.149983
0.150015
0.150009
0.149995
0.15
0.150008
0.149998
0.150007
0.150003
0.150012
0.150008
0.149996
0.150001
0.150004
0.149994
0.149997
0.149986
0.150001
0.150018
0.149998
0.150023
0.150008
0.149995
0.150015
0.150006
0.150003
0.150012
0.150001
0.150006
0.150015
0.150005
0.150016
0.150017
0.150009
0.150001
0.150006
0.150007
0.150004
0.149991
0.149987
0.149964
0.149935
0.149932
0.14991
0.149921
0.149913
0.149935
0.14992
0.149906
0.149936
0.149953
0.149945
0.149957
0.149948
0.14993
0.149936
0.149925
0.149939
0.149949
0.14994
0.149938
0.149935
0.14994
0.149923
0.149941
0.149986
0.149965
0.149953
0.149962
0.149965
0.149966
0.149967
0.149997
0.149981
0.149964
0.149975
0.149952
0.14995
0.149951
0.149984
0.149973
0.149965
0.149972
0.149988
0.149981
0.149998
0.150001
0.150016
0.150024
0.150021
0.150018
0.150034
0.150037
0.150026
0.150034
0.150021
0.149979
0.149974
0.149964
0.149979
0.149971
0.149982
0.149976
0.14998
0.149957
0.149981
0.149963
0.149972
0.149977
0.149974
0.149967
0.149947
0.149978
0.149996
0.149995
0.149988
0.149968
0.149961
0.149986
0.149968
0.149981
0.149978
0.149987
0.149991
0.150006
0.150015
0.15
0.149988
0.15001
0.150015
0.149996
0.149994
0.15001
0.150003
0.150013
0.15
0.150001
0.149992
0.149975
0.149992
0.149979
0.149983
0.149964
0.149949
0.149934
0.149913
0.149908
0.149904
0.149911
0.149923
0.149913
0.149926
0.149936
0.149921
0.149931
0.149963
0.149968
0.149968
0.149988
0.149997
0.149993
0.150012
0.150033
0.150014
0.150009
0.150003
0.150018
0.149987
0.149992
0.149987
0.149976
0.149958
0.149981
0.149974
0.14997
0.149994
0.149986
0.149985
0.149986
0.149992
0.150011
0.150005
0.149979
0.149984
0.149959
0.149949
0.149952
0.149935
0.149933
0.149942
0.149942
0.149944
0.149973
0.149994
0.149996
0.150012
0.150021
0.150014
0.150019
0.15002
0.150048
0.150031
0.150048
0.150068
0.150011
0.15001
0.149997
0.149995
0.149959
0.149956
0.149965
0.149935
0.149949
0.149935
0.149934
0.149933
0.149929
0.149939
0.14995
0.149977
0.149962
0.149975
0.149971
0.149971
0.149981
0.150015
0.15
0.149989
0.150022
0.150009
0.150025
0.150007
0.149995
0.149987
0.149983
0.149998
0.150016
0.15
0.14999
0.149971
0.149987
0.149956
0.14996
0.149969
0.149972
0.149954
0.149972
0.149965
0.149942
0.149936
0.149937
0.14993
0.149918
0.149941
0.14996
0.149924
0.149957
0.14997
0.149976
0.149993
0.150016
0.150022
0.150032
0.15004
0.150018
0.150033
0.150022
0.150001
0.150004
0.15
0.15
0.150011
0.149989
0.150021
0.150001
0.149974
0.149953
0.149939
0.149959
0.14995
0.149954
0.149942
0.149941
0.149936
0.149943
0.149959
0.149943
0.149968
0.149961
0.149967
0.150001
0.150004
0.150001
0.14999
0.150035
0.150021
0.150004
0.150026
0.150032
0.150025
0.150023
0.150017
0.150004
0.150016
0.150022
0.150015
0.150014
0.150011
0.150024
0.150029
0.150035
0.149997
0.149965
0.149969
0.149972
0.149957
0.14994
0.14995
0.149925
0.14993
0.149934
0.149968
0.149957
0.149984
0.150002
0.149993
0.149985
0.150004
0.150015
0.150016
0.150031
0.150059
0.150056
0.15005
0.150045
0.150042
0.150032
0.150042
0.15001
0.150005
0.149986
0.150001
0.149955
0.149942
0.149945
0.149962
0.149931
0.149958
0.149937
0.14996
0.149982
0.149985
0.149985
0.15003
0.150013
0.150033
0.15003
0.150039
0.150048
0.150054
0.150049
0.150068
0.15004
0.150045
0.150043
0.150029
0.150027
0.149999
0.149984
0.149982
0.149947
0.149975
0.149957
0.149943
0.14993
0.149938
0.149889
0.149891
0.149895
0.149863
0.149873
0.149871
0.149888
0.149884
0.14991
0.149943
0.149941
0.14999
0.149999
0.149996
0.149989
0.150014
0.150019
0.150028
0.150042
0.150032
0.150005
0.150011
0.149984
0.15
0.149993
0.149989
0.149957
0.14995
0.14995
0.149921
0.1499
0.149927
0.149919
0.149906
0.149912
0.149931
0.149927
0.149972
0.149956
0.149984
0.149977
0.150016
0.150026
0.150027
0.150038
0.150034
0.150027
0.150031
0.150008
0.150015
0.150021
0.150013
0.15001
0.150015
0.150015
0.149994
0.149991
0.149981
0.149987
0.149983
0.149949
0.149967
0.149939
0.149949
0.14993
0.149925
0.149924
0.149912
0.149923
0.14992
0.149921
0.149928
0.149959
0.149973
0.149983
0.149995
0.150002
0.15002
0.150032
0.150056
0.150074
0.150104
0.150068
0.150069
0.15007
0.150063
0.150071
0.150064
0.150064
0.150028
0.150021
0.149992
0.15
0.149954
0.149965
0.149972
0.14997
0.149978
0.149951
0.149947
0.149962
0.149963
0.149951
0.149946
0.149973
0.149977
0.149988
0.149995
0.150008
0.150012
0.150002
0.150005
0.150009
0.150021
0.150011
0.150034
0.150038
0.150046
0.150038
0.150083
0.150078
0.15009
0.150094
0.150052
0.15006
0.150046
0.150055
0.150047
0.150041
0.150032
0.150002
0.150008
0.149998
0.150003
0.149992
0.149983
0.149982
0.149973
0.149998
0.149989
0.149995
0.149991
0.150015
0.150047
0.150033
0.150013
0.150009
0.150001
0.15001
0.150009
0.149991
0.15
0.150016
0.150032
0.150011
0.149991
0.150015
0.150018
0.15001
0.150019
0.15002
0.150018
0.150001
0.15
0.149991
0.150002
0.150023
0.150008
0.149996
0.149999
0.149985
0.149988
0.149992
0.149997
0.15
0.149967
0.149959
0.149948
0.149967
0.149966
0.149978
0.149977
0.149989
0.149991
0.149984
0.150004
0.150027
0.150025
0.15002
0.150038
0.150026
0.150027
0.150019
0.150031
0.150033
0.150015
0.150049
0.150046
0.150056
0.150066
0.150056
0.150056
0.150068
0.150059
0.150047
0.15006
0.150043
0.150048
0.150018
0.150002
0.149982
0.14997
0.14998
0.149983
0.149956
0.149973
0.149963
0.149963
0.149968
0.149972
0.149969
0.150005
0.149992
0.149994
0.149974
0.149989
0.149956
0.149938
0.149933
0.14997
0.149987
0.149997
0.149974
0.149964
0.14996
0.149996
0.149999
0.150004
0.149996
0.150003
0.150007
0.15
0.149979
0.149974
0.149983
0.150001
0.149974
0.149954
0.149962
0.149991
0.149967
0.14996
0.149977
0.149974
0.150021
0.150027
0.150034
0.150022
0.150006
0.150002
0.149995
0.149998
0.149994
0.150019
0.150003
0.150014
0.150002
0.150014
0.15001
0.15001
0.150018
0.15001
0.149995
0.149992
0.150008
0.149994
0.149973
0.149949
0.149961
0.149949
0.149958
0.149954
0.149954
0.149957
0.149951
0.14994
0.14994
0.149917
0.14995
0.149947
0.14994
0.149936
0.149947
0.149956
0.149983
0.149976
0.149989
0.150004
0.149982
0.149998
0.15001
0.150026
0.15005
0.150048
0.150045
0.150038
0.150017
0.150003
0.149985
0.149979
0.149966
0.14996
0.149924
0.149952
0.149933
0.149945
0.149923
0.14994
0.149927
0.149933
0.149941
0.149972
0.150008
0.150014
0.150048
0.150026
0.150026
0.150014
0.149996
0.149964
0.14997
0.14994
0.149913
0.149913
0.149893
0.149872
0.149884
0.149879
0.149895
0.149925
0.149934
0.149928
0.149939
0.149963
0.14995
0.149961
0.149919
0.149893
0.14992
0.149892
0.149873
0.149902
0.149935
0.149932
0.150018
0.150006
0.150043
0.150025
0.149998
0.149967
0.149974
0.149947
0.149923
0.149941
0.149982
0.150031
0.150048
0.150087
0.150107
0.150071
0.150057
0.150058
0.150008
0.150028
0.15004
0.150072
0.150094
0.150164
0.150173
0.150174
0.150129
0.150083
0.150069
0.150032
0.150033
0.150071
0.1501
0.150119
0.150156
0.150132
0.150082
0.15005
0.149994
0.149995
0.150007
0.150054
0.150087
0.150117
0.150123
0.150065
0.149995
0.149984
0.150002
0.150026
0.150074
0.150116
0.15011
0.150126
0.150091
0.150038
0.149955
0.149985
0.149981
0.150035
0.150106
0.150086
0.150071
0.15004
0.149966
0.149965
0.149959
0.150014
0.150092
0.150124
0.150135
0.150106
0.150059
0.150031
0.150007
0.150079
0.150105
0.150138
0.150164
0.150159
0.150128
0.150077
0.150043
0.150015
0.150028
0.150083
0.150067
0.150038
0.150027
0.150069
0.150084
0.150076
0.149978
0.149769
0.149091
0.148714
0.148283
0.147402
0.147011
0.146624
0.146225
0.145419
0.145035
0.144644
0.144275
0.143474
0.143075
0.142703
0.142307
0.141604
0.141184
0.140795
0.140033
0.139667
0.139297
0.138912
0.138088
0.137665
0.137214
0.136795
0.13596
0.13556
0.135147
0.134751
0.133959
0.133578
0.133149
0.132346
0.131941
0.131576
0.131203
0.130462
0.130101
0.129739
0.129362
0.128631
0.128234
0.12783
0.127422
0.126602
0.126186
0.12581
0.125001
0.124584
0.124194
0.123834
0.122998
0.122602
0.122263
0.121871
0.121123
0.120757
0.120351
0.119965
0.119222
0.118819
0.11842
0.117573
0.117138
0.116724
0.116332
0.115527
0.115132
0.114734
0.114345
0.113495
0.113122
0.112753
0.112387
0.11165
0.111269
0.11089
0.110172
0.109809
0.109386
0.108974
0.108134
0.107728
0.10732
0.106911
0.106152
0.105743
0.105344
0.104917
0.104198
0.103816
0.103463
0.102722
0.102367
0.102002
0.101618
0.100806
0.10038
0.0999408
0.0995316
0.0987109
0.0982981
0.0978858
0.0974956
0.0966523
0.0962902
0.0959095
0.0951712
0.0948033
0.0944302
0.094045
0.0933076
0.0928943
0.0924628
0.0920124
0.091222
0.0908127
0.0904218
0.0896337
0.0892234
0.0888454
0.0885097
0.0877764
0.087407
0.0870367
0.0866621
0.0859276
0.0855198
0.085091
0.0846384
0.083841
0.0834337
0.0830215
0.0822011
0.0818213
0.081431
0.0810622
0.0803185
0.0799407
0.0795944
0.0792224
0.0784483
0.0780483
0.0776081
0.0771771
0.0763536
0.0759954
0.0755739
0.0747804
0.0744022
0.0740715
0.073708
0.0729808
0.0725885
0.0722484
0.0718625
0.071021
0.0705674
0.0701364
0.0697195
0.0689062
0.0684961
0.0680658
0.0673136
0.0669378
0.0665712
0.0662132
0.0655134
0.0651367
0.0647044
0.0643053
0.0634558
0.0630708
0.0626398
0.0618319
0.0614264
0.0610378
0.06068
0.059952
0.059594
0.0592403
0.0588671
0.0580639
0.0576166
0.0572161
0.0568127
0.0559789
0.0555737
0.0551466
0.0544079
0.0540414
0.0536729
0.0533158
0.0525841
0.0521936
0.0517732
0.0513381
0.0505332
0.0501149
0.0497075
0.0493084
0.048552
0.0481935
0.0478249
0.0471077
0.046739
0.0463373
0.0459293
0.0450798
0.0446595
0.0442624
0.0438625
0.0430223
0.0426396
0.0422847
0.0419133
0.0411892
0.0408129
0.0404307
0.0395887
0.0391789
0.0387505
0.0383334
0.0375381
0.03711
0.0367222
0.0363543
0.0356734
0.0353022
0.0349489
0.034554
0.0337325
0.0332998
0.0328747
0.0320542
0.0316367
0.0312444
0.0308515
0.0301275
0.0297984
0.0294403
0.0290858
0.0282408
0.0278312
0.027408
0.0269974
0.0261909
0.0257877
0.025408
0.0246662
0.0243197
0.0239786
0.0236155
0.0227507
0.0223377
0.021913
0.0214866
0.0206643
0.0202512
0.019837
0.0191073
0.0187435
0.0184311
0.0180535
0.0172693
0.0168503
0.0164334
0.0160298
0.015274
0.0150474
0.0149335
0.014892
0.0148391
0.0148449
0.0148498
0.0148555
0.0148405
0.0148297
0.0148316
0.0148318
0.0148399
0.0148176
0.0148418
0.0148515
0.0148565
0.014844
0.014861
0.0148799
0.0149297
0.0149106
0.0149145
0.0149326
0.0149465
0.01495
0.0149338
0.0149134
0.0149116
0.0148973
0.0149016
0.0148958
0.0149144
0.0149335
0.0149438
0.014923
0.0149266
0.0149402
0.0149515
0.0149907
0.0149657
0.0149993
0.0150103
0.0150165
0.0150035
0.0150289
0.0150038
0.0150093
0.0149685
0.0149501
0.0149601
0.0149625
0.0149534
0.0149477
0.0149492
0.0149814
0.0149702
0.0149705
0.0149761
0.0149741
0.0150149
0.0149934
0.015006
0.0149467
0.014977
0.0149599
0.0149728
0.0149462
0.0149612
0.0149451
0.0149748
0.0149885
0.0150132
0.015015
0.0149969
0.0150158
0.0150489
0.0150223
0.0149771
0.0149956
0.0149834
0.0149698
0.0149522
0.0149538
0.0149724
0.0149606
0.0149941
0.0150088
0.0150119
0.0150521
0.0150631
0.015048
0.0150485
0.0150165
0.0149909
0.0149844
0.0149729
0.0149732
0.0149654
0.0149726
0.0149692
0.0149995
0.0150216
0.0150317
0.0150297
0.0150282
0.0150317
0.0150156
0.0149683
0.0149601
0.0149604
0.014966
0.0149646
0.0149921
0.0149795
0.0149917
0.0150338
0.0150343
0.0150271
0.0150184
0.0150115
0.0150034
0.0150015
0.0149751
0.0149894
0.0149929
0.01502
0.0150367
0.015034
0.0150567
0.0150555
0.0150508
0.0150227
0.0150048
0.0149876
0.0149698
0.0149895
0.014969
0.0149966
0.0150175
0.0150192
0.0150145
0.0150282
0.0150258
0.0150142
0.014975
0.0149622
0.0149871
0.014977
0.0149676
0.0149708
0.0150037
0.0149837
0.0150064
0.0150233
0.015011
0.0150081
0.0149726
0.014985
0.0149738
0.0150036
0.0149977
0.0150047
0.0150092
0.0150273
0.0150364
0.0150364
0.0150251
0.0149737
0.0149505
0.0149602
0.0149587
0.0149642
0.0149719
0.0149847
0.0150053
0.0149914
0.0150164
0.0150185
0.0149859
0.0149622
0.0149591
0.0149502
0.0149764
0.0149662
0.0149981
0.0149933
0.0150045
0.0150068
0.0149955
0.0149837
0.0149689
0.0149907
0.014981
0.0149968
0.0149891
0.0150188
0.0150345
0.0150262
0.0150378
0.0150126
0.0149902
0.0149622
0.014975
0.0149976
0.0149935
0.0150118
0.0150369
0.0150399
0.0150341
0.0150125
0.0150137
0.0150121
0.0150119
0.0150074
0.0150046
0.0150295
0.0150397
0.0150458
0.0150346
0.015025
0.0150205
0.0149984
0.015018
0.0150077
0.0150224
0.0150234
0.0150579
0.0150742
0.0150669
0.0150418
0.0150338
0.0150254
0.0149937
0.0149968
0.0150084
0.0150402
0.0150404
0.0150415
0.0150447
0.0150324
0.0150152
0.0150125
0.0149912
0.0150235
0.0149968
0.0150282
0.0150451
0.0150584
0.0150592
0.0150338
0.0150219
0.015014
0.0150114
0.015012
0.0150249
0.015009
0.0150189
0.0150471
0.0150339
0.0150225
0.015009
0.0150056
0.0150029
0.0150011
0.0150001
0.0150078
0.0150244
0.0150139
0.0150127
0.0150029
0.0150093
0.0150191
0.0150176
0.0150063
0.0150051
0.0150357
0.0150168
0.0150247
0.0150044
0.0149874
0.0149694
0.0149803
0.0149642
0.0150027
0.0149871
0.0150023
0.0150375
0.0150273
0.0150099
0.0150174
0.014997
0.0150148
0.0150169
0.015034
0.0150425
0.0150527
0.0150289
0.015043
0.0150225
0.0150265
0.0150206
0.0150311
0.0150206
0.0150102
0.0150001
0.0150303
0.0150275
0.015025
0.0150002
0.0150028
0.0150235
0.0150219
0.0150107
0.0150176
0.0150064
0.0150198
0.0150069
0.0150094
0.0150117
0.0150215
0.0150177
0.0150083
0.0150149
0.0150044
0.0150035
0.0149943
0.0150086
0.015
0.0150068
0.0149975
0.0149958
0.0150144
0.0150011
0.014998
0.0150026
0.0150061
0.0150196
0.0150094
0.0149944
0.0150154
0.0150015
0.0150048
0.0150065
0.015011
0.0149967
0.0150182
0.0149974
0.01499
0.0150028
0.01501
0.0150018
0.0150026
0.0150138
0.0150135
0.01502
0.0150109
0.0150012
0.0150176
0.0150099
0.0150066
0.0150198
0.0150056
0.0150001
0.0149912
0.015029
0.0150298
0.0150095
0.014993
0.0149927
0.0150138
0.0149953
0.0150161
0.014991
0.0150095
0.0150168
0.0150071
0.0150048
0.0150078
0.0150117
0.0150193
0.0150074
0.0149977
0.0150061
0.0149942
0.0150169
0.0150092
0.0150275
0.0150098
0.0150242
0.0150093
0.0149965
0.0150075
0.0149978
0.0149959
0.0149875
0.0149934
0.0150044
0.0150003
0.0150023
0.0150073
0.0150079
0.0150005
0.0150037
0.01502
0.0149888
0.0150107
0.0149999
0.0150041
0.0149987
0.0149961
0.0150016
0.0150076
0.0149974
0.0150148
0.0150013
0.0150112
0.0149974
0.0150168
0.0150106
0.0150015
0.0150007
0.0150093
0.0149986
0.0150082
0.0150179
0.0149865
0.0150041
0.0149986
0.0150037
0.0149933
0.0149946
0.0150068
0.0150115
0.0149994
0.0150176
0.0150153
0.0149992
0.0150044
0.0150061
0.0149976
0.0149921
0.0150063
0.0149946
0.0150045
0.0150304
0.0150091
0.0150064
0.0150142
0.0149896
0.0149942
0.0150005
0.0150002
0.0149981
0.0150132
0.0150018
0.0150014
0.0150044
0.0149991
0.0150058
0.0150039
0.0150051
0.0150142
0.015021
0.0150065
0.0150012
0.0150064
0.01502
0.0150139
0.0150054
0.0149946
0.014998
0.0150182
0.015015
0.0150026
0.0149974
0.0150088
0.0150182
0.0150028
0.0150057
0.0150052
0.015004
0.0150002
0.0149956
0.0150122
0.0150188
0.0150187
0.0149967
0.0150065
0.0150132
0.0150019
0.0150198
0.0150056
0.0150073
0.0150027
0.0150272
0.0150215
0.0149995
0.0149982
0.0150277
0.0150127
0.015
0.0150084
0.015016
0.0150037
0.0150081
0.0149932
0.015009
0.0150094
0.0150073
0.0150012
0.0150076
0.015008
0.0150206
0.0150017
0.0150003
0.0150143
0.0150079
0.0150107
0.0150113
0.0150141
0.0149923
0.0150084
0.014993
0.0150156
0.0150189
0.0150145
0.015
0.0150211
0.0150365
0.0150118
0.0150026
0.015003
0.0150144
0.0150189
0.0149968
0.0149982
0.0150129
0.0150035
0.015035
0.0150069
0.0149968
0.0150012
0.0150222
0.0150052
0.0150195
0.0150071
0.0150106
0.0150158
0.0150026
0.0150062
0.015025
0.0150068
0.0150184
0.015027
0.0150048
0.0150026
0.0149969
0.0149979
0.014996
0.0150113
0.0150039
0.015007
0.0150026
0.0150039
0.0150058
0.0150176
0.0149968
0.015001
0.0150155
0.0149998
0.0149988
0.0150075
0.0150034
0.0150232
0.0150035
0.0150124
0.015006
0.0150011
0.0150055
0.0149906
0.0150142
0.0150041
0.0150044
0.0149912
0.0150253
0.0150217
0.0149935
0.015008
0.0150018
0.0149937
0.0150104
0.015006
0.0150053
0.0149994
0.0149959
0.0150067
0.0150008
0.0150272
0.0150027
0.0149973
0.0150016
0.015008
0.0149843
0.0150082
0.0150062
0.0150165
0.0149876
0.0150263
0.0150152
0.0149993
0.0150093
0.0150214
0.0149966
0.015
0.0150063
0.014992
0.0150006
0.0149993
0.0149925
0.0150117
0.0150038
0.0150174
0.0150107
0.0150122
0.0150032
0.015006
0.0150107
0.015011
0.0150109
0.0149955
0.0149982
0.0150014
0.0150209
0.0150107
0.0150195
0.01499
0.0149971
0.0149975
0.0150073
0.0150043
0.0150023
0.0150049
0.0150029
0.0150065
0.0149937
0.0149996
0.0149983
0.0150091
0.0150172
0.0150118
0.0150042
0.0149996
0.015003
0.0150079
0.015003
0.0149959
0.0149951
0.0150099
0.0149975
0.0150157
0.0149922
0.0150033
0.0150176
0.0149979
0.0149981
0.0150108
0.0150012
0.0150043
0.0150027
0.015005
0.0149976
0.0150061
0.0150138
0.015015
0.0149986
0.0150041
0.0150154
0.0149978
0.0150164
0.0150059
0.0150055
0.0150003
0.0150098
0.0150183
0.0150139
0.014994
0.0150156
0.015014
0.015023
0.0150042
0.015017
0.015009
0.015009
0.0150135
0.0150149
0.0149964
0.015002
0.0150063
0.0150083
0.0150217
0.0150079
0.0150135
0.015006
0.0149963
0.0150067
0.0150124
0.0150158
0.0149988
0.0150193
0.0149974
0.0150024
0.0150115
0.0150124
0.0150168
0.015012
0.0150032
0.0150053
0.0150054
