-1.57641
-1.57642
-1.57642
-1.57638
-1.57637
-1.57638
-1.57639
-1.57637
-1.57641
-1.57641
-1.57641
-1.57638
-1.57639
-1.57639
-1.57638
-1.57638
-1.57638
-1.57642
-1.57639
-1.57641
-1.57641
-1.57639
-1.57639
-1.57641
-1.57638
-1.57641
-1.57643
-1.57638
-1.57636
-1.57642
-1.57638
-1.57638
-1.57641
-1.57641
-1.57638
-1.57641
-1.57639
-1.57641
-1.57639
-1.57639
-1.57638
-1.57639
-1.57638
-1.57639
-1.57639
-1.57641
-1.57643
-1.57644
-1.57642
-1.57642
-1.57639
-1.57642
-1.57641
-1.57639
-1.57639
-1.57641
-1.57641
-1.57641
-1.57641
-1.57637
-1.57641
-1.57639
-1.57641
-1.57638
-1.57641
-1.57638
-1.57641
-1.57641
-1.57641
-1.57641
-1.57641
-1.57642
-1.57644
-1.57642
-1.57642
-1.57639
-1.57639
-1.57639
-1.57639
-1.57641
-1.57641
-1.57643
-1.57641
-1.57641
-1.57642
-1.57643
-1.57638
-1.57642
-1.57639
-1.57639
-1.57641
-1.57643
-1.57638
-1.57642
-1.57638
-1.57637
-1.57641
-1.57638
-1.57639
-1.57638
-1.57641
-1.57641
-1.57643
-1.57644
-1.57641
-1.57638
-1.57641
-1.57641
-1.57641
-1.57642
-1.57643
-1.57641
-1.57636
-1.57637
-1.57639
-1.57641
-1.57641
-1.57639
-1.57641
-1.57641
-1.57641
-1.57639
-1.57641
-1.57644
-1.57639
-1.57638
-1.57641
-1.57638
-1.57641
-1.57642
-1.57638
-1.57642
-1.57638
-1.57641
-1.57641
-1.57639
-1.57638
-1.57639
-1.57639
-1.57643
-1.57641
-1.57637
-1.57643
-1.57638
-1.57639
-1.57638
-1.57641
-1.57638
-1.57639
-1.57639
-1.57638
-1.57638
-1.57641
-1.57641
-1.57641
-1.57637
-1.57638
-1.57641
-1.57638
-1.57641
-1.57639
-1.57636
-1.57639
-1.57641
-1.57639
-1.57639
-1.57639
-1.57638
-1.57638
-1.57639
-1.57641
-1.57639
-1.57641
-1.57638
-1.57638
-1.57642
-1.57641
-1.57641
-1.57638
-1.57639
-1.57639
-1.57639
-1.57638
-1.57639
-1.57637
-1.57638
-1.57638
-1.57639
-1.57638
-1.57638
-1.57639
-1.57642
-1.57637
-1.57639
-1.57641
-1.57639
-1.57638
-1.57641
-1.57638
-1.57642
-1.57639
-1.57637
-1.57646
-1.57639
-1.57641
-1.57641
-1.57642
-1.57639
-1.57643
-1.57636
-1.57638
-1.57641
-1.57641
-1.57638
-1.57638
-1.57641
-1.57641
-1.57641
-1.57641
-1.57641
-1.57644
-1.57641
-1.57638
-1.57636
-1.57642
-1.57641
-1.57639
-1.57643
-1.57639
-1.57638
-1.57638
-1.57638
-1.57639
-1.57639
-1.57638
-1.57641
-1.57638
-1.57641
-1.57639
-1.57641
-1.57639
-1.57641
-1.57641
-1.57641
-1.57637
-1.5762
-1.57567
-1.57432
-1.57344
-1.57236
-1.57012
-1.56901
-1.56788
-1.56682
-1.56468
-1.56363
-1.56256
-1.56149
-1.55934
-1.5583
-1.55725
-1.55619
-1.55421
-1.55314
-1.55208
-1.54987
-1.54881
-1.54772
-1.5466
-1.54439
-1.54331
-1.54226
-1.54116
-1.53893
-1.53781
-1.53667
-1.53454
-1.53346
-1.53232
-1.53122
-1.52899
-1.52784
-1.52675
-1.52564
-1.52348
-1.52234
-1.52121
-1.52015
-1.51786
-1.51673
-1.51559
-1.51337
-1.51221
-1.5111
-1.50992
-1.50764
-1.50647
-1.50532
-1.50418
-1.50192
-1.50073
-1.49956
-1.49846
-1.49615
-1.495
-1.49385
-1.4917
-1.49058
-1.48944
-1.48824
-1.48593
-1.48472
-1.48358
-1.48241
-1.48005
-1.47888
-1.47773
-1.4765
-1.47411
-1.47291
-1.47183
-1.46944
-1.46826
-1.46699
-1.46579
-1.46345
-1.46226
-1.46112
-1.45993
-1.45757
-1.45642
-1.45518
-1.45404
-1.45159
-1.45038
-1.4492
-1.44675
-1.44551
-1.44426
-1.44306
-1.44061
-1.43944
-1.43817
-1.43696
-1.43455
-1.43332
-1.43211
-1.42975
-1.42854
-1.42733
-1.42604
-1.42359
-1.42231
-1.42105
-1.41981
-1.41736
-1.41609
-1.41485
-1.41359
-1.41108
-1.40985
-1.40863
-1.40611
-1.4048
-1.40358
-1.40231
-1.39979
-1.39861
-1.39737
-1.39616
-1.39362
-1.39233
-1.39109
-1.38981
-1.38725
-1.38592
-1.38466
-1.38206
-1.38073
-1.37946
-1.37816
-1.37558
-1.37433
-1.37301
-1.3717
-1.36914
-1.36791
-1.3667
-1.36538
-1.36282
-1.36151
-1.36014
-1.35751
-1.35619
-1.35488
-1.35361
-1.35098
-1.34965
-1.34839
-1.34708
-1.34441
-1.34312
-1.34175
-1.34043
-1.33775
-1.33646
-1.33518
-1.33257
-1.33125
-1.32993
-1.32858
-1.32587
-1.32449
-1.32315
-1.32179
-1.31906
-1.31769
-1.31636
-1.31365
-1.3123
-1.31096
-1.30961
-1.30693
-1.30561
-1.3043
-1.30298
-1.30031
-1.29892
-1.29756
-1.29613
-1.29341
-1.29202
-1.2907
-1.28798
-1.2866
-1.2853
-1.28394
-1.28113
-1.27975
-1.27834
-1.27694
-1.27418
-1.2728
-1.27141
-1.27
-1.26726
-1.26585
-1.26447
-1.26166
-1.26025
-1.25881
-1.25741
-1.25457
-1.25319
-1.25181
-1.25033
-1.24757
-1.24614
-1.24476
-1.24334
-1.24062
-1.23922
-1.23779
-1.23503
-1.23364
-1.23222
-1.23081
-1.22798
-1.22658
-1.22515
-1.22378
-1.22091
-1.21946
-1.21799
-1.21504
-1.21363
-1.21218
-1.21076
-1.20797
-1.20654
-1.20516
-1.20366
-1.20077
-1.19924
-1.19778
-1.19635
-1.19337
-1.19199
-1.19049
-1.1876
-1.18616
-1.18467
-1.18323
-1.18031
-1.1789
-1.17742
-1.17595
-1.17314
-1.17164
-1.17018
-1.1687
-1.16581
-1.16431
-1.16283
-1.15992
-1.15845
-1.15696
-1.15543
-1.1524
-1.15087
-1.14946
-1.14797
-1.14503
-1.14355
-1.1421
-1.13911
-1.1376
-1.13608
-1.13455
-1.13154
-1.13001
-1.12859
-1.12707
-1.12409
-1.12258
-1.1211
-1.1196
-1.1166
-1.11513
-1.11362
-1.11067
-1.10916
-1.1076
-1.10611
-1.10307
-1.10152
-1.10006
-1.09857
-1.0955
-1.09397
-1.09239
-1.09092
-1.08783
-1.08631
-1.08486
-1.08178
-1.0803
-1.07879
-1.07726
-1.07411
-1.07259
-1.071
-1.06946
-1.06639
-1.06482
-1.06329
-1.06178
-1.05871
-1.05715
-1.05565
-1.05256
-1.05099
-1.04948
-1.04794
-1.04489
-1.04333
-1.04178
-1.04024
-1.03718
-1.03559
-1.03406
-1.03089
-1.02929
-1.02774
-1.02611
-1.02299
-1.02148
-1.01992
-1.01841
-1.01528
-1.0137
-1.0121
-1.01052
-1.0074
-1.00586
-1.00429
-1.00116
-0.999575
-0.998003
-0.996443
-0.993335
-0.991715
-0.990179
-0.988654
-0.985546
-0.983986
-0.982402
-0.980854
-0.977662
-0.97609
-0.974494
-0.97135
-0.96979
-0.968134
-0.966562
-0.963334
-0.961762
-0.96019
-0.958678
-0.955534
-0.953998
-0.952402
-0.950818
-0.947638
-0.946067
-0.944423
-0.941291
-0.939683
-0.938063
-0.936503
-0.933323
-0.931667
-0.930095
-0.928475
-0.925332
-0.923784
-0.92226
-0.919032
-0.917437
-0.915829
-0.914281
-0.911114
-0.909541
-0.907886
-0.906278
-0.902991
-0.90137
-0.899763
-0.898191
-0.895047
-0.893416
-0.891868
-0.888653
-0.887009
-0.885438
-0.883782
-0.88065
-0.879043
-0.877459
-0.875815
-0.872588
-0.870981
-0.869397
-0.86779
-0.864574
-0.862978
-0.86137
-0.85818
-0.856572
-0.854953
-0.853369
-0.85019
-0.848642
-0.846987
-0.845607
-0.842236
-0.840556
-0.838925
-0.837317
-0.834151
-0.832531
-0.830935
-0.827792
-0.826197
-0.824482
-0.82291
-0.819659
-0.818064
-0.816469
-0.814861
-0.811718
-0.810039
-0.808395
-0.80518
-0.803537
-0.801954
-0.800406
-0.797216
-0.795632
-0.794049
-0.792454
-0.789227
-0.787644
-0.786073
-0.784477
-0.78119
-0.779559
-0.777916
-0.774641
-0.77301
-0.771427
-0.769856
-0.766689
-0.765106
-0.763499
-0.761844
-0.758629
-0.756997
-0.755427
-0.753856
-0.750665
-0.74907
-0.747439
-0.744273
-0.742617
-0.740974
-0.739379
-0.736225
-0.734678
-0.733058
-0.731463
-0.728261
-0.726714
-0.725167
-0.723572
-0.720346
-0.718775
-0.717144
-0.713882
-0.712263
-0.710644
-0.709049
-0.705907
-0.704336
-0.702752
-0.701158
-0.697932
-0.696301
-0.694682
-0.6916
-0.690018
-0.688446
-0.686863
-0.683686
-0.682114
-0.680484
-0.678865
-0.675723
-0.674176
-0.672653
-0.67107
-0.667905
-0.666345
-0.66475
-0.661669
-0.660014
-0.658468
-0.656873
-0.653648
-0.652053
-0.650518
-0.648899
-0.645781
-0.644223
-0.642676
-0.641153
-0.638024
-0.636393
-0.634834
-0.631717
-0.630206
-0.628635
-0.627076
-0.623959
-0.622413
-0.620878
-0.619331
-0.61613
-0.614571
-0.613121
-0.611574
-0.608565
-0.60703
-0.605447
-0.602402
-0.600891
-0.599333
-0.597858
-0.594777
-0.59323
-0.591684
-0.590102
-0.587008
-0.585473
-0.583879
-0.582416
-0.579336
-0.577849
-0.576339
-0.573245
-0.571747
-0.570272
-0.56875
-0.565813
-0.564362
-0.56284
-0.561354
-0.558332
-0.556822
-0.555275
-0.552242
-0.550804
-0.549342
-0.547903
-0.544978
-0.543539
-0.541993
-0.540543
-0.537642
-0.536167
-0.534705
-0.533206
-0.530234
-0.528784
-0.527273
-0.524288
-0.522838
-0.521388
-0.519925
-0.517097
-0.51561
-0.514243
-0.512961
-0.509964
-0.508466
-0.507076
-0.505673
-0.502892
-0.501502
-0.500112
-0.497259
-0.495773
-0.494335
-0.492896
-0.490032
-0.488653
-0.487335
-0.485933
-0.483236
-0.481821
-0.480515
-0.477771
-0.47638
-0.47505
-0.473696
-0.470939
-0.46956
-0.468206
-0.466768
-0.464096
-0.462658
-0.461267
-0.459913
-0.457252
-0.455934
-0.454604
-0.451943
-0.450625
-0.449306
-0.447976
-0.445388
-0.444117
-0.442823
-0.441529
-0.438977
-0.437694
-0.436412
-0.435177
-0.432541
-0.431247
-0.42994
-0.42734
-0.426094
-0.424895
-0.423709
-0.421264
-0.42009
-0.418867
-0.417645
-0.415249
-0.414038
-0.412792
-0.410383
-0.409197
-0.408058
-0.406789
-0.404404
-0.40323
-0.402079
-0.400845
-0.398508
-0.39737
-0.396208
-0.395081
-0.392841
-0.391738
-0.390588
-0.388419
-0.387293
-0.386215
-0.385076
-0.382931
-0.381888
-0.380858
-0.379756
-0.377671
-0.3767
-0.375598
-0.374592
-0.372567
-0.371452
-0.370506
-0.368397
-0.36739
-0.366324
-0.365437
-0.363448
-0.362562
-0.361627
-0.360692
-0.358871
-0.357973
-0.35705
-0.356104
-0.354318
-0.35342
-0.352534
-0.350808
-0.349957
-0.349047
-0.348244
-0.346518
-0.345644
-0.344745
-0.343991
-0.342349
-0.341499
-0.340744
-0.339162
-0.338456
-0.337665
-0.336934
-0.335448
-0.334646
-0.333975
-0.333232
-0.33189
-0.331267
-0.330572
-0.329925
-0.328655
-0.328032
-0.327457
-0.326235
-0.3256
-0.325013
-0.324378
-0.323264
-0.322689
-0.32221
-0.321659
-0.320689
-0.320233
-0.319718
-0.319215
-0.318268
-0.317885
-0.317418
-0.316531
-0.31616
-0.315788
-0.315417
-0.31465
-0.314243
-0.313884
-0.313584
-0.312937
-0.312638
-0.31241
-0.312098
-0.311631
-0.311356
-0.31108
-0.310625
-0.310385
-0.310182
-0.310014
-0.309726
-0.309499
-0.309415
-0.309235
-0.308972
-0.308828
-0.308792
-0.308732
-0.308672
-0.308672
-0.30866
-0.308672
-0.308672
-0.308684
-0.30872
-0.308792
-0.308888
-0.308935
-0.309044
-0.309259
-0.309356
-0.309415
-0.309571
-0.309774
-0.309846
-0.310002
-0.310074
-0.310026
-0.309966
-0.30999
-0.30999
-0.310206
-0.310673
-0.311236
-0.31265
-0.313752
-0.314866
-0.316855
-0.318005
-0.319107
-0.320233
-0.322389
-0.3236
-0.324666
-0.32584
-0.328032
-0.329182
-0.330309
-0.331459
-0.333819
-0.334993
-0.336119
-0.338444
-0.339653
-0.340816
-0.341966
-0.344266
-0.345416
-0.346495
-0.347561
-0.349838
-0.351048
-0.352186
-0.35336
-0.355708
-0.35687
-0.357997
-0.360345
-0.361543
-0.362813
-0.364048
-0.3666
-0.367894
-0.369128
-0.370386
-0.372974
-0.37422
-0.37543
-0.3767
-0.379
-0.380199
-0.381433
-0.383973
-0.385196
-0.38649
-0.387808
-0.390312
-0.39157
-0.392949
-0.394278
-0.397022
-0.398388
-0.399719
-0.401072
-0.403769
-0.405099
-0.406429
-0.409005
-0.410276
-0.411546
-0.412912
-0.415608
-0.41695
-0.418304
-0.419694
-0.422331
-0.423697
-0.425159
-0.426549
-0.429461
-0.430887
-0.432349
-0.435321
-0.436759
-0.438162
-0.439564
-0.442272
-0.443698
-0.445136
-0.44655
-0.449475
-0.450913
-0.452291
-0.453753
-0.456785
-0.458295
-0.459853
-0.462909
-0.464431
-0.466013
-0.467511
-0.470496
-0.471922
-0.473348
-0.474822
-0.477878
-0.479389
-0.480887
-0.482409
-0.485442
-0.487059
-0.488593
-0.491842
-0.493508
-0.495126
-0.496792
-0.500064
-0.501598
-0.503156
-0.504642
-0.507807
-0.509437
-0.510983
-0.514195
-0.515814
-0.517456
-0.51917
-0.52255
-0.524228
-0.525978
-0.527644
-0.531085
-0.532727
-0.534334
-0.535892
-0.53926
-0.540914
-0.542604
-0.545913
-0.547555
-0.549293
-0.551031
-0.554532
-0.556366
-0.558153
-0.559951
-0.563487
-0.565165
-0.566856
-0.568534
-0.571987
-0.573785
-0.575499
-0.579096
-0.580882
-0.582788
-0.584658
-0.588411
-0.590209
-0.592116
-0.593926
-0.597439
-0.599165
-0.600879
-0.602738
-0.606323
-0.60818
-0.609931
-0.613636
-0.615555
-0.617449
-0.619439
-0.623396
-0.625314
-0.627113
-0.628971
-0.632616
-0.63457
-0.636405
-0.64017
-0.642088
-0.643983
-0.646009
-0.649918
-0.651921
-0.653935
-0.655949
-0.659691
-0.661573
-0.663492
-0.665434
-0.669224
-0.67119
-0.673097
-0.677102
-0.679093
-0.681143
-0.683217
-0.687343
-0.689309
-0.691252
-0.693183
-0.697189
-0.699155
-0.701134
-0.703197
-0.707298
-0.709324
-0.711447
-0.715645
-0.717767
-0.719794
-0.721749
-0.725755
-0.727782
-0.729796
-0.731859
-0.735877
-0.737976
-0.740111
-0.742173
-0.746563
-0.748734
-0.750821
-0.754947
-0.756974
-0.759061
-0.761112
-0.765346
-0.767421
-0.769532
-0.771715
-0.776129
-0.778335
-0.780531
-0.782642
-0.786852
-0.788891
-0.790991
-0.7952
-0.797324
-0.799435
-0.801545
-0.805949
-0.808287
-0.810482
-0.812774
-0.817008
-0.819107
-0.821255
-0.823426
-0.827733
-0.829904
-0.832123
-0.836598
-0.838853
-0.841156
-0.843424
-0.847706
-0.849866
-0.851977
-0.854185
-0.858492
-0.860699
-0.862871
-0.867358
-0.869685
-0.872049
-0.874364
-0.878755
-0.880987
-0.88311
-0.885353
-0.888689
-0.889793
-0.890669
-0.8911
-0.891041
-0.890968
-0.891004
-0.890944
-0.890824
-0.890753
-0.8908
-0.890669
-0.890584
-0.89056
-0.890549
-0.890512
-0.890416
-0.890393
-0.890272
-0.890308
-0.890249
-0.8902
-0.890117
-0.890105
-0.890081
-0.890069
-0.890021
-0.889961
-0.889936
-0.889924
-0.889864
-0.889817
-0.889805
-0.889781
-0.889817
-0.889721
-0.889733
-0.88966
-0.889697
-0.889624
-0.889601
-0.889552
-0.88954
-0.889493
-0.889493
-0.889433
-0.889409
-0.88936
-0.889289
-0.889289
-0.889252
-0.889205
-0.889157
-0.889157
-0.889121
-0.889085
-0.889025
-0.888988
-0.888941
-0.888892
-0.888892
-0.888869
-0.888857
-0.888761
-0.888749
-0.888761
-0.888737
-0.888701
-0.888641
-0.888629
-0.888617
-0.888617
-0.888533
-0.888569
-0.888473
-0.888509
-0.888461
-0.888437
-0.888353
-0.888341
-0.888293
-0.888293
-0.888221
-0.888197
-0.888149
-0.888149
-0.888078
-0.888065
-0.888041
-0.888005
-0.888017
-0.887981
-0.887957
-0.887873
-0.887849
-0.887813
-0.887825
-0.887705
-0.887705
-0.887669
-0.887633
-0.887573
-0.887585
-0.887537
-0.887465
-0.887441
-0.887477
-0.887441
-0.887333
-0.887333
-0.887321
-0.887285
-0.887214
-0.887225
-0.887189
-0.887165
-0.887118
-0.887118
-0.887057
-0.887045
-0.887009
-0.887009
-0.886997
-0.886949
-0.886949
-0.886926
-0.886877
-0.886854
-0.886793
-0.886817
-0.88677
-0.886721
-0.886697
-0.886661
-0.886577
-0.88653
-0.886554
-0.886554
-0.886505
-0.886446
-0.886446
-0.886433
-0.886385
-0.886385
-0.886338
-0.886229
-0.886254
-0.886229
-0.886229
-0.886158
-0.886158
-0.886098
-0.886062
-0.886013
-0.885989
-0.885941
-0.885954
-0.885929
-0.885882
-0.885858
-0.88581
-0.88581
-0.885786
-0.885762
-0.88569
-0.885701
-0.885618
-0.885653
-0.885534
-0.885522
-0.885474
-0.88551
-0.88545
-0.885402
-0.885414
-0.885378
-0.885365
-0.885378
-0.885341
-0.885306
-0.885294
-0.885258
-0.885246
-0.885174
-0.885162
-0.885102
-0.885126
-0.88509
-0.885053
-0.885006
-0.885006
-0.88497
-0.88497
-0.884934
-0.884898
-0.884886
-0.884838
-0.884862
-0.884765
-0.884814
-0.884718
-0.884646
-0.884586
-0.884622
-0.88461
-0.88455
-0.884622
-0.884574
-0.88455
-0.884538
-0.88455
-0.88449
-0.88449
-0.88443
-0.884442
-0.88437
-0.884358
-0.884322
-0.884382
-0.884274
-0.88431
-0.884262
-0.88425
-0.88419
-0.884154
-0.884178
-0.884142
-0.884142
-0.88413
-0.884094
-0.88413
-0.884058
-0.88401
-0.883974
-0.883938
-0.883902
-0.883866
-0.88389
-0.883842
-0.883866
-0.883806
-0.883818
-0.883782
-0.883746
-0.883698
-0.883722
-0.883674
-0.883686
-0.883662
-0.883698
-0.883662
-0.883662
-0.883602
-0.883602
-0.883578
-0.883518
-0.88347
-0.883518
-0.88353
-0.883482
-0.883482
-0.883398
-0.883446
-0.883374
-0.883386
-0.883314
-0.883326
-0.883314
-0.883338
-0.883302
-0.883314
-0.883278
-0.883302
-0.883254
-0.883254
-0.883218
-0.883218
-0.883182
-0.88317
-0.88311
-0.88305
-0.883062
-0.883062
-0.883038
-0.883014
-0.883062
-0.883026
-0.883038
-0.883002
-0.883026
-0.883014
-0.883002
-0.882906
-0.882954
-0.882954
-0.882918
-0.882846
-0.88287
-0.882882
-0.882846
-0.882858
-0.882858
-0.882858
-0.88281
-0.882822
-0.882834
-0.882834
-0.882834
-0.882834
-0.882798
-0.882822
-0.88281
-0.882822
-0.882846
-0.882834
-0.882798
-0.882846
-0.88281
-0.88281
-0.88281
-0.882834
-0.882822
-0.882786
-0.882822
-0.88281
-0.882798
-0.882846
-0.88281
-0.882798
-0.882822
-0.88281
-0.882774
-0.882834
-0.882798
-0.88281
-0.882786
-0.882822
-0.882822
-0.88281
-0.882798
-0.882834
-0.88281
-0.882798
-0.882774
-0.882822
-0.88281
-0.882786
-0.882786
-0.88281
-0.882822
-0.882786
-0.88281
-0.882786
-0.882834
-0.88281
-0.88281
-0.88281
-0.88281
-0.882798
-0.882846
-0.88281
-0.882822
-0.882822
-0.882786
-0.88281
-0.882834
-0.88281
-0.88281
-0.88281
-0.88281
-0.88281
-0.88281
-0.882822
-0.882786
-0.882846
-0.88281
-0.88281
-0.88281
-0.882822
-0.882798
-0.882834
-0.88281
-0.88281
-0.882834
-0.882798
-0.882798
-0.882798
-0.882834
-0.882822
-0.882822
-0.882798
-0.882798
-0.882822
-0.88281
-0.882798
-0.88281
-0.882798
-0.882834
-0.882834
-0.882798
-0.882822
-0.882822
-0.88281
-0.882822
-0.882822
-0.882774
-0.882786
-0.88281
-0.88281
-0.882762
-0.88281
-0.882798
-0.882798
-0.882822
-0.882822
-0.88281
-0.882822
-0.882798
-0.882822
-0.882822
-0.882822
-0.88281
-0.882834
-0.882786
-0.882834
-0.882846
-0.88281
-0.88281
-0.882798
-0.882798
-0.882786
-0.88281
-0.882822
-0.882786
-0.882786
-0.882798
-0.88281
-0.88281
-0.88281
-0.88281
-0.882774
-0.882822
-0.88281
-0.882822
-0.882798
-0.882834
-0.882822
-0.882786
-0.88281
-0.882798
-0.882822
-0.882822
-0.882798
-0.882774
-0.882834
-0.88281
-0.882798
-0.88281
-0.882798
-0.882798
-0.88281
-0.882798
-0.882822
-0.882798
-0.88281
-0.882822
-0.882786
-0.882822
-0.882786
-0.88281
-0.882798
-0.882786
-0.882822
-0.882822
-0.88281
-0.882786
-0.882822
-0.882834
-0.88281
-0.88281
-0.88281
-0.88281
-0.88281
-0.882786
-0.882834
-0.882798
-0.882822
-0.882786
-0.882798
-0.88281
-0.88281
-0.882846
-0.882834
-0.882798
-0.882798
-0.882834
-0.882822
-0.882798
-0.882798
-0.882834
-0.88281
-0.882786
-0.882822
-0.882822
-0.882798
-0.88281
-0.882822
-0.88281
-0.882834
-0.882822
-0.882798
-0.88281
-0.88281
-0.882834
-0.88281
-0.882786
-0.882798
-0.88281
-0.882798
-0.88281
-0.882786
-0.882822
-0.882822
-0.882798
-0.88281
-0.88281
-0.88281
-0.882798
-0.882798
-0.882834
-0.882798
-0.882798
-0.88281
-0.882798
-0.882822
-0.88281
-0.882798
-0.882798
-0.882822
-0.882834
-0.882798
-0.88281
-0.88281
-0.882798
-0.882798
-0.88281
-0.882822
-0.88281
-0.882798
-0.882798
-0.882786
-0.882822
-0.882798
-0.882834
-0.882786
-0.882798
-0.88281
-0.882822
-0.882786
-0.88281
-0.88281
-0.882798
-0.882786
-0.882798
-0.882774
-0.882786
-0.882798
-0.882762
-0.88281
-0.88281
-0.882834
-0.882774
-0.88281
-0.882822
-0.882834
-0.882798
-0.882798
-0.882798
-0.88281
-0.882822
-0.882786
-0.882798
-0.882822
-0.882822
-0.882798
-0.88281
-0.882834
-0.882822
-0.882822
-0.882798
-0.882822
-0.882786
-0.88281
-0.882786
-0.88281
-0.882798
-0.88281
-0.882798
-0.882798
-0.88281
-0.882798
-0.88281
-0.88281
-0.882798
-0.882798
-0.88281
-0.882834
-0.882774
-0.882798
-0.88281
-0.88281
-0.882786
-0.88281
-0.882798
-0.882786
-0.882786
-0.882786
-0.882798
-0.882822
-0.882786
-0.882798
-0.882798
-0.882786
-0.882798
-0.882834
-0.88281
-0.882798
-0.882822
-0.882822
-0.882798
-0.88281
-0.882786
-0.882786
-0.882834
-0.88281
-0.88281
-0.882786
-0.882786
-0.882798
-0.88281
-0.882798
-0.882822
-0.88281
-0.882834
-0.882834
-0.882798
-0.882822
-0.882834
-0.88281
-0.882798
-0.882786
-0.88281
-0.882798
-0.88281
-0.882798
-0.882798
-0.882774
-0.882798
-0.882822
-0.88281
-0.882834
-0.882834
-0.882786
-0.88281
-0.882798
-0.882786
-0.88281
-0.88281
-0.88281
-0.882822
-0.882798
-0.882822
-0.88281
-0.882798
-0.882822
-0.882822
-0.88281
-0.882798
-0.88281
-0.88281
-0.88281
-0.88281
-0.882798
-0.882822
-0.882834
-0.882822
-0.88281
-0.88281
-0.882846
-0.882834
-0.882834
-0.882822
-0.88281
-0.882822
-0.882834
-0.882798
-0.88281
-0.88281
-0.88281
-0.88281
-0.882822
-0.88281
-0.882786
-0.882822
-0.882786
-0.88281
-0.882846
-0.882834
-0.88281
-0.882834
-0.88281
-0.882798
-0.882786
-0.88281
-0.882798
-0.882822
-0.88281
-0.882822
-0.88281
