-1.36147
-1.36146
-1.36147
-1.3615
-1.3615
-1.36149
-1.36146
-1.3615
-1.36151
-1.36151
-1.36151
-1.3615
-1.36149
-1.36149
-1.36151
-1.36149
-1.36147
-1.36151
-1.36147
-1.36151
-1.36151
-1.36151
-1.3615
-1.36151
-1.36149
-1.36149
-1.36152
-1.36147
-1.36151
-1.36147
-1.3615
-1.36151
-1.36152
-1.36153
-1.3615
-1.36151
-1.36149
-1.3615
-1.36151
-1.36151
-1.3615
-1.36152
-1.36151
-1.36149
-1.36147
-1.36147
-1.36147
-1.36149
-1.36149
-1.3615
-1.36147
-1.36149
-1.36151
-1.36147
-1.3615
-1.36151
-1.36153
-1.36152
-1.36149
-1.36151
-1.36146
-1.36151
-1.36149
-1.36145
-1.36147
-1.36152
-1.3615
-1.36151
-1.36152
-1.36153
-1.36147
-1.36147
-1.36147
-1.36146
-1.3615
-1.3615
-1.36152
-1.3615
-1.36151
-1.36151
-1.36149
-1.3615
-1.3615
-1.36146
-1.36153
-1.36151
-1.36149
-1.36149
-1.36149
-1.36149
-1.36149
-1.36149
-1.36147
-1.36149
-1.36152
-1.36149
-1.36151
-1.3615
-1.36151
-1.3615
-1.36149
-1.36147
-1.36151
-1.3615
-1.36147
-1.3615
-1.36147
-1.36152
-1.3615
-1.36152
-1.36151
-1.36149
-1.36149
-1.36151
-1.36151
-1.36146
-1.3615
-1.3615
-1.36151
-1.36151
-1.36151
-1.36149
-1.36149
-1.3615
-1.3615
-1.36151
-1.36147
-1.3615
-1.3615
-1.36151
-1.3615
-1.36151
-1.36151
-1.36151
-1.36151
-1.36149
-1.3615
-1.36147
-1.36146
-1.36149
-1.36147
-1.3615
-1.36152
-1.36151
-1.36144
-1.3615
-1.3615
-1.36149
-1.36151
-1.36152
-1.36147
-1.36151
-1.36151
-1.36153
-1.36146
-1.3615
-1.36151
-1.36149
-1.36149
-1.36149
-1.36149
-1.36147
-1.36146
-1.36152
-1.36155
-1.36153
-1.36149
-1.3615
-1.36149
-1.36151
-1.36149
-1.36151
-1.36146
-1.36155
-1.36151
-1.36151
-1.36151
-1.36149
-1.3615
-1.36146
-1.36147
-1.36146
-1.36152
-1.36146
-1.36146
-1.3615
-1.3615
-1.36149
-1.36149
-1.36149
-1.36149
-1.36153
-1.36147
-1.36147
-1.36146
-1.3615
-1.3615
-1.36147
-1.36149
-1.36149
-1.36147
-1.36147
-1.3615
-1.36151
-1.36145
-1.36151
-1.36147
-1.36151
-1.36151
-1.36147
-1.36149
-1.36151
-1.36151
-1.3615
-1.3615
-1.36146
-1.36147
-1.36152
-1.36149
-1.36146
-1.36152
-1.3615
-1.3615
-1.36151
-1.36152
-1.3615
-1.36151
-1.36147
-1.36147
-1.3615
-1.36147
-1.36151
-1.36151
-1.3615
-1.3615
-1.36152
-1.36149
-1.36151
-1.36147
-1.36153
-1.3615
-1.36147
-1.3615
-1.36147
-1.36151
-1.36172
-1.36206
-1.36332
-1.36428
-1.36545
-1.36786
-1.36899
-1.37017
-1.37132
-1.37357
-1.37476
-1.37602
-1.37728
-1.37976
-1.38099
-1.38221
-1.38338
-1.38572
-1.38694
-1.38813
-1.39047
-1.39165
-1.39277
-1.39384
-1.39608
-1.39721
-1.39833
-1.3994
-1.40168
-1.40283
-1.40393
-1.40625
-1.40742
-1.40864
-1.4098
-1.41226
-1.41341
-1.41459
-1.41575
-1.41804
-1.41923
-1.42031
-1.42146
-1.42372
-1.4248
-1.42589
-1.42807
-1.42914
-1.43024
-1.43136
-1.43354
-1.43466
-1.43577
-1.43688
-1.4392
-1.44035
-1.44155
-1.44275
-1.44508
-1.44626
-1.44733
-1.44963
-1.45071
-1.45185
-1.45294
-1.45513
-1.45623
-1.45734
-1.45839
-1.46055
-1.46158
-1.46267
-1.46379
-1.46597
-1.4671
-1.46812
-1.47047
-1.47163
-1.47279
-1.47396
-1.47624
-1.47735
-1.47848
-1.47958
-1.4818
-1.48274
-1.48394
-1.48499
-1.48716
-1.48826
-1.48925
-1.49141
-1.49243
-1.49347
-1.49452
-1.49668
-1.49774
-1.49882
-1.49996
-1.50219
-1.50332
-1.50446
-1.50672
-1.50783
-1.50896
-1.51006
-1.51227
-1.51336
-1.51441
-1.51548
-1.51762
-1.51863
-1.5197
-1.52072
-1.52279
-1.52383
-1.52485
-1.52692
-1.52798
-1.52907
-1.53006
-1.53231
-1.53339
-1.53448
-1.53556
-1.53782
-1.53892
-1.54
-1.54105
-1.54326
-1.54435
-1.54538
-1.54747
-1.54851
-1.54953
-1.55052
-1.55261
-1.55359
-1.55458
-1.55563
-1.55767
-1.55867
-1.55972
-1.56079
-1.56289
-1.56397
-1.565
-1.56718
-1.56827
-1.56935
-1.57045
-1.57257
-1.57363
-1.57465
-1.57572
-1.5778
-1.57885
-1.57985
-1.58085
-1.58288
-1.58388
-1.58488
-1.58687
-1.5879
-1.58884
-1.58986
-1.59195
-1.5929
-1.59395
-1.59503
-1.59712
-1.59823
-1.59927
-1.60138
-1.60248
-1.60344
-1.60451
-1.60659
-1.60762
-1.60867
-1.60965
-1.61164
-1.61262
-1.61357
-1.61453
-1.61654
-1.61747
-1.61845
-1.62042
-1.62139
-1.6223
-1.6233
-1.62533
-1.62634
-1.62735
-1.62839
-1.63049
-1.63152
-1.63252
-1.63359
-1.63562
-1.63665
-1.63765
-1.63961
-1.64059
-1.64154
-1.64252
-1.64446
-1.64538
-1.64635
-1.64725
-1.64918
-1.65008
-1.65103
-1.65198
-1.65387
-1.65482
-1.65582
-1.65778
-1.65882
-1.65979
-1.66081
-1.66285
-1.66386
-1.66488
-1.66582
-1.66775
-1.66876
-1.66971
-1.67168
-1.67262
-1.67358
-1.67449
-1.67631
-1.67726
-1.67813
-1.67907
-1.68089
-1.68182
-1.6827
-1.68363
-1.6855
-1.68644
-1.68742
-1.68936
-1.69033
-1.69129
-1.69223
-1.6942
-1.69518
-1.69613
-1.69716
-1.69902
-1.69995
-1.70092
-1.70187
-1.70371
-1.70466
-1.70549
-1.70733
-1.70818
-1.70911
-1.70993
-1.71172
-1.7126
-1.71343
-1.71438
-1.71619
-1.71707
-1.71801
-1.71984
-1.72075
-1.72168
-1.72268
-1.72458
-1.72549
-1.72646
-1.72736
-1.72923
-1.73015
-1.73108
-1.73199
-1.7338
-1.73465
-1.73553
-1.73729
-1.7381
-1.73899
-1.73987
-1.74156
-1.74236
-1.74323
-1.74408
-1.74579
-1.74672
-1.74757
-1.74839
-1.75012
-1.75097
-1.7519
-1.75374
-1.75466
-1.75555
-1.75641
-1.7582
-1.75911
-1.76
-1.76088
-1.76271
-1.7636
-1.76445
-1.76527
-1.76692
-1.76778
-1.7686
-1.77031
-1.77112
-1.77187
-1.77265
-1.77429
-1.77515
-1.77597
-1.77677
-1.77846
-1.77927
-1.78006
-1.78175
-1.78264
-1.78346
-1.7843
-1.78604
-1.78691
-1.78779
-1.78855
-1.79031
-1.79113
-1.79199
-1.79287
-1.79454
-1.79535
-1.79619
-1.79778
-1.79854
-1.79932
-1.80008
-1.80165
-1.80241
-1.80315
-1.80394
-1.80546
-1.80618
-1.80702
-1.80774
-1.80932
-1.81008
-1.81086
-1.81242
-1.81327
-1.81402
-1.81482
-1.81642
-1.81727
-1.81801
-1.81884
-1.82041
-1.82121
-1.82196
-1.82277
-1.82438
-1.82515
-1.82596
-1.82748
-1.82821
-1.82892
-1.82966
-1.83109
-1.83185
-1.83258
-1.83328
-1.83469
-1.83534
-1.83603
-1.83745
-1.83814
-1.83886
-1.83964
-1.84112
-1.84183
-1.8425
-1.84322
-1.84468
-1.8454
-1.84612
-1.84691
-1.84842
-1.84912
-1.84985
-1.85133
-1.85209
-1.8528
-1.85351
-1.85499
-1.85567
-1.85639
-1.85712
-1.85854
-1.85919
-1.85985
-1.86053
-1.86184
-1.86246
-1.86313
-1.8645
-1.86511
-1.86573
-1.86632
-1.86756
-1.86816
-1.86881
-1.86952
-1.87081
-1.87149
-1.87213
-1.87273
-1.8739
-1.87458
-1.87524
-1.87652
-1.87712
-1.87778
-1.87844
-1.87976
-1.88041
-1.88105
-1.88166
-1.88291
-1.88354
-1.88415
-1.88544
-1.8861
-1.88676
-1.88738
-1.88856
-1.88911
-1.88971
-1.89032
-1.89144
-1.89203
-1.89259
-1.89313
-1.89421
-1.89481
-1.89534
-1.89641
-1.89692
-1.89747
-1.89802
-1.89906
-1.89962
-1.90014
-1.90071
-1.90183
-1.90234
-1.9029
-1.90347
-1.90445
-1.90502
-1.90549
-1.90656
-1.90708
-1.9076
-1.90814
-1.90922
-1.90972
-1.91026
-1.91077
-1.91175
-1.91225
-1.91272
-1.91319
-1.91417
-1.91468
-1.91519
-1.91621
-1.91668
-1.91714
-1.91759
-1.91853
-1.91902
-1.91946
-1.91984
-1.92071
-1.92113
-1.92158
-1.9224
-1.92278
-1.92323
-1.92361
-1.92441
-1.92478
-1.9252
-1.92562
-1.92639
-1.92677
-1.9271
-1.92749
-1.92819
-1.9285
-1.92886
-1.92955
-1.92989
-1.93022
-1.93058
-1.93132
-1.93169
-1.93203
-1.93238
-1.933
-1.93334
-1.93367
-1.93398
-1.93462
-1.9349
-1.93519
-1.93573
-1.93605
-1.93632
-1.93658
-1.93713
-1.93737
-1.93763
-1.93793
-1.93845
-1.93871
-1.93894
-1.93918
-1.93961
-1.93984
-1.94009
-1.9405
-1.94071
-1.94092
-1.94112
-1.94149
-1.94168
-1.94191
-1.94209
-1.9424
-1.94252
-1.94265
-1.94282
-1.9431
-1.94325
-1.94338
-1.94361
-1.94368
-1.94379
-1.94385
-1.94408
-1.94413
-1.94423
-1.94427
-1.94433
-1.94431
-1.94437
-1.94445
-1.94447
-1.94445
-1.94447
-1.94443
-1.94443
-1.94441
-1.94443
-1.94438
-1.94435
-1.94431
-1.94427
-1.9442
-1.9442
-1.94405
-1.94392
-1.9439
-1.94375
-1.94368
-1.94348
-1.94335
-1.94318
-1.94299
-1.94264
-1.94245
-1.94227
-1.94215
-1.94165
-1.94147
-1.94123
-1.94074
-1.9405
-1.94022
-1.93993
-1.9394
-1.93907
-1.93878
-1.93846
-1.93779
-1.93748
-1.9371
-1.93637
-1.93603
-1.93563
-1.93523
-1.93446
-1.93403
-1.93359
-1.93314
-1.93227
-1.93179
-1.93134
-1.93083
-1.92981
-1.92926
-1.92872
-1.92762
-1.92708
-1.92647
-1.92587
-1.92463
-1.92396
-1.92331
-1.92266
-1.92129
-1.92052
-1.91977
-1.91901
-1.91743
-1.91663
-1.91583
-1.91421
-1.91336
-1.91251
-1.91165
-1.90986
-1.90901
-1.90814
-1.9072
-1.90546
-1.90455
-1.90364
-1.90168
-1.90073
-1.89974
-1.89875
-1.89668
-1.89562
-1.89459
-1.89359
-1.89124
-1.89009
-1.88883
-1.88758
-1.88498
-1.88366
-1.88234
-1.87965
-1.87839
-1.87704
-1.87576
-1.87312
-1.8718
-1.87046
-1.86911
-1.86634
-1.86488
-1.86342
-1.86189
-1.85879
-1.85716
-1.85542
-1.85197
-1.85021
-1.84849
-1.84678
-1.84341
-1.84179
-1.84009
-1.83845
-1.83505
-1.83327
-1.83154
-1.82972
-1.82581
-1.82384
-1.82182
-1.81757
-1.81553
-1.81354
-1.81157
-1.80764
-1.80571
-1.80372
-1.80166
-1.79753
-1.79532
-1.79301
-1.78829
-1.78594
-1.78359
-1.78131
-1.77691
-1.77473
-1.77246
-1.77025
-1.76557
-1.76314
-1.76065
-1.75798
-1.75283
-1.75035
-1.74792
-1.7432
-1.74083
-1.73844
-1.73591
-1.73065
-1.7279
-1.72513
-1.72231
-1.717
-1.71448
-1.71201
-1.70952
-1.70431
-1.70153
-1.69873
-1.69293
-1.69007
-1.68722
-1.68458
-1.67933
-1.67673
-1.67404
-1.67121
-1.66536
-1.66237
-1.65939
-1.65649
-1.65095
-1.64833
-1.64563
-1.64014
-1.63717
-1.63419
-1.63115
-1.62515
-1.62238
-1.61965
-1.61692
-1.61148
-1.60867
-1.6057
-1.60267
-1.59665
-1.5937
-1.59089
-1.5855
-1.58287
-1.58014
-1.57738
-1.57148
-1.56856
-1.56561
-1.56274
-1.55728
-1.55467
-1.5521
-1.54953
-1.54415
-1.54196
-1.54027
-1.53847
-1.53825
-1.53841
-1.53845
-1.53838
-1.53851
-1.5388
-1.53927
-1.5406
-1.54148
-1.54235
-1.54417
-1.54504
-1.54583
-1.54668
-1.54832
-1.54917
-1.54996
-1.55075
-1.55234
-1.55312
-1.5539
-1.55467
-1.5562
-1.55701
-1.55783
-1.55936
-1.56014
-1.56093
-1.56172
-1.56329
-1.56411
-1.56495
-1.56568
-1.56728
-1.56808
-1.56887
-1.56963
-1.57116
-1.57184
-1.57268
-1.5742
-1.57497
-1.57569
-1.57641
-1.57792
-1.5786
-1.57932
-1.58005
-1.5814
-1.58211
-1.58281
-1.58354
-1.58485
-1.58552
-1.58611
-1.58756
-1.58817
-1.58894
-1.58957
-1.591
-1.59169
-1.59233
-1.59303
-1.59445
-1.59513
-1.5958
-1.5965
-1.59794
-1.59861
-1.59925
-1.60062
-1.60127
-1.60196
-1.60259
-1.60392
-1.60454
-1.60522
-1.60586
-1.60717
-1.60778
-1.60838
-1.60899
-1.61019
-1.61079
-1.61141
-1.61256
-1.61315
-1.61376
-1.6143
-1.61541
-1.61603
-1.61654
-1.61714
-1.61817
-1.61876
-1.61931
-1.6199
-1.62101
-1.62161
-1.62218
-1.62324
-1.62377
-1.62434
-1.62482
-1.62592
-1.62648
-1.62704
-1.62761
-1.6287
-1.62919
-1.62972
-1.63026
-1.6313
-1.6318
-1.63232
-1.63327
-1.63374
-1.63425
-1.63475
-1.6357
-1.63616
-1.63669
-1.63716
-1.63811
-1.63853
-1.63895
-1.6398
-1.64029
-1.64074
-1.64106
-1.64191
-1.64231
-1.64275
-1.64318
-1.6439
-1.64432
-1.6447
-1.64506
-1.64586
-1.64626
-1.6466
-1.64729
-1.64762
-1.64799
-1.6483
-1.64902
-1.64937
-1.64972
-1.65003
-1.65081
-1.65108
-1.65143
-1.65179
-1.65241
-1.65274
-1.65303
-1.65363
-1.65393
-1.65421
-1.6545
-1.65513
-1.65535
-1.65566
-1.65586
-1.65644
-1.65669
-1.65697
-1.65725
-1.6577
-1.65799
-1.65818
-1.65876
-1.65895
-1.65913
-1.6594
-1.65981
-1.65998
-1.66021
-1.66039
-1.66083
-1.66099
-1.66114
-1.66148
-1.66163
-1.66186
-1.662
-1.66229
-1.66242
-1.66253
-1.66267
-1.66288
-1.66306
-1.66315
-1.66328
-1.6635
-1.66356
-1.6637
-1.66385
-1.66386
-1.66401
-1.66405
-1.66417
-1.66419
-1.66422
-1.6643
-1.66437
-1.6644
-1.66441
-1.66447
-1.66446
-1.66446
-1.66445
-1.66447
-1.66449
-1.66448
-1.66449
-1.66448
-1.66452
-1.66449
-1.66447
-1.66443
-1.66442
-1.66436
-1.6643
-1.66431
-1.66422
-1.66419
-1.66406
-1.66397
-1.66393
-1.66387
-1.66369
-1.66366
-1.66352
-1.66342
-1.66321
-1.66304
-1.66289
-1.66276
-1.6624
-1.6623
-1.66213
-1.66181
-1.66167
-1.66148
-1.66127
-1.66091
-1.66073
-1.66054
-1.66033
-1.65996
-1.6597
-1.65952
-1.65931
-1.65883
-1.65858
-1.65834
-1.65791
-1.65763
-1.65737
-1.65711
-1.6566
-1.65634
-1.65606
-1.65586
-1.65532
-1.65506
-1.65475
-1.65423
-1.65394
-1.65363
-1.65336
-1.65271
-1.65245
-1.65212
-1.65179
-1.65135
-1.65114
-1.65101
-1.65094
-1.65096
-1.65093
-1.65095
-1.65078
-1.65042
-1.64984
-1.64902
-1.64694
-1.64568
-1.64452
-1.6433
-1.6409
-1.63973
-1.63843
-1.63574
-1.63443
-1.6331
-1.63178
-1.62917
-1.62785
-1.62656
-1.62524
-1.62275
-1.62161
-1.62039
-1.6191
-1.61659
-1.61532
-1.61401
-1.61141
-1.61005
-1.60874
-1.60731
-1.60442
-1.60297
-1.60152
-1.6001
-1.59716
-1.59573
-1.59435
-1.59294
-1.59027
-1.58894
-1.58758
-1.58485
-1.58344
-1.58206
-1.5806
-1.57769
-1.5762
-1.57463
-1.57307
-1.56992
-1.56831
-1.56676
-1.56523
-1.56213
-1.56068
-1.55917
-1.55632
-1.55485
-1.55336
-1.55185
-1.54875
-1.5472
-1.5456
-1.54397
-1.54055
-1.5389
-1.53717
-1.53553
-1.53213
-1.53049
-1.52885
-1.5258
-1.52422
-1.52264
-1.52101
-1.51769
-1.51602
-1.51434
-1.51258
-1.50894
-1.50716
-1.50536
-1.50176
-1.49996
-1.49823
-1.49653
-1.49328
-1.49159
-1.48995
-1.48824
-1.48476
-1.48293
-1.48111
-1.47921
-1.47536
-1.47343
-1.4715
-1.46775
-1.46598
-1.46422
-1.46253
-1.45903
-1.45714
-1.45532
-1.45345
-1.44967
-1.44768
-1.44568
-1.44367
-1.43967
-1.43768
-1.43579
-1.43209
-1.43032
-1.42844
-1.42657
-1.42273
-1.42078
-1.41867
-1.41663
-1.41243
-1.41036
-1.40824
-1.40618
-1.40224
-1.40037
-1.39844
-1.39458
-1.39262
-1.39057
-1.3885
-1.38423
-1.38206
-1.37988
-1.37766
-1.37337
-1.37144
-1.3694
-1.36551
-1.36346
-1.36149
-1.35939
-1.35506
-1.35286
-1.3506
-1.34835
-1.34379
-1.34168
-1.33954
-1.3375
-1.33349
-1.33138
-1.32923
-1.32479
-1.32252
-1.32024
-1.31788
-1.31322
-1.31097
-1.30879
-1.30664
-1.3027
-1.30051
-1.2983
-1.29609
-1.29151
-1.28915
-1.28677
-1.28201
-1.27962
-1.27745
-1.27527
-1.27094
-1.26874
-1.26647
-1.26411
-1.25935
-1.25696
-1.25448
-1.252
-1.24726
-1.24501
-1.24283
-1.23839
-1.23614
-1.2338
-1.2314
-1.22647
-1.22402
-1.22152
-1.21894
-1.21417
-1.21192
-1.2097
-1.20515
-1.20278
-1.20036
-1.19789
-1.19296
-1.19035
-1.1878
-1.18531
-1.18067
-1.17837
-1.17612
-1.17374
-1.16882
-1.16637
-1.16384
-1.15869
-1.15611
-1.15362
-1.15128
-1.14667
-1.14431
-1.14191
-1.13943
-1.13442
-1.13185
-1.12923
-1.12661
-1.12151
-1.11911
-1.11678
-1.11207
-1.10968
-1.10715
-1.10462
-1.09945
-1.0968
-1.09419
-1.09158
-1.0867
-1.0844
-1.08202
-1.07957
-1.07455
-1.07202
-1.06934
-1.06403
-1.06141
-1.05886
-1.05636
-1.05167
-1.04922
-1.04673
-1.04418
-1.03894
-1.03629
-1.03363
-1.03096
-1.02585
-1.02347
-1.0211
-1.01624
-1.01366
-1.01108
-1.00847
-1.00312
-1.00039
-0.997749
-0.99521
-0.990409
-0.98799
-0.98556
-0.980423
-0.977849
-0.975214
-0.972568
-0.967168
-0.964522
-0.962067
-0.959673
-0.95486
-0.952345
-0.949771
-0.94722
-0.941952
-0.93921
-0.936564
-0.931427
-0.929008
-0.926626
-0.924231
-0.91913
-0.916556
-0.913909
-0.911299
-0.905911
-0.903253
-0.900763
-0.898296
-0.893578
-0.8911
-0.888585
-0.883472
-0.881185
-0.879449
-0.878168
-0.877043
-0.877078
-0.877066
-0.877186
-0.87721
-0.87721
-0.87715
-0.877306
-0.877306
-0.877342
-0.877318
-0.877366
-0.877414
-0.877425
-0.87739
-0.877486
-0.877533
-0.877546
-0.877629
-0.877677
-0.877761
-0.877821
-0.877809
-0.877821
-0.877809
-0.877809
-0.877845
-0.877821
-0.877857
-0.877809
-0.877833
-0.877833
-0.877845
-0.877821
-0.877845
-0.877845
-0.877845
-0.877857
-0.877857
-0.877833
-0.877833
-0.877845
-0.877868
-0.877868
-0.877809
-0.877833
-0.877833
-0.877845
-0.877857
-0.877809
-0.877857
-0.877868
-0.87788
-0.877845
-0.877857
-0.87788
-0.877821
-0.877845
-0.877833
-0.877857
-0.877845
-0.877833
-0.877821
-0.877868
-0.877833
-0.877845
-0.877833
-0.877868
-0.877845
-0.877845
-0.877857
-0.877845
-0.877845
-0.877868
-0.877845
-0.877857
-0.877845
-0.877833
-0.877845
-0.877868
-0.877857
-0.877845
-0.877857
-0.877857
-0.877893
-0.877868
-0.87788
-0.877868
-0.877845
-0.877857
-0.877845
-0.877857
-0.877845
-0.877845
-0.877857
-0.87788
-0.877857
-0.877845
-0.87788
-0.87788
-0.877868
-0.877893
-0.877845
-0.877833
-0.877868
-0.87788
-0.877857
-0.877868
-0.877833
-0.877857
-0.877845
-0.877868
-0.877857
-0.87788
-0.87788
-0.877857
-0.877833
-0.877857
-0.877857
-0.877845
-0.877868
-0.877893
-0.877857
-0.877905
-0.877868
-0.87788
-0.877917
-0.877857
-0.877833
-0.877857
-0.877868
-0.877845
-0.877857
-0.877917
-0.877893
-0.87788
-0.87788
-0.87788
-0.877905
-0.877845
-0.87788
-0.877893
-0.877857
-0.877893
-0.87788
-0.877893
-0.87788
-0.877868
-0.877868
-0.877868
-0.877929
-0.877868
-0.87788
-0.877868
-0.87788
-0.877868
-0.877893
-0.877893
-0.87788
-0.87788
-0.877868
-0.877857
-0.877833
-0.87788
-0.877868
-0.877857
-0.877893
-0.87788
-0.87788
-0.877868
-0.877893
-0.877857
-0.877893
-0.877857
-0.877845
-0.877868
-0.877917
-0.877893
-0.877893
-0.877905
-0.87788
-0.877845
-0.87788
-0.87788
-0.877821
-0.877893
-0.877868
-0.877845
-0.877893
-0.877893
-0.877845
-0.87788
-0.87788
-0.877845
-0.877905
-0.877857
-0.877845
-0.877845
-0.877857
-0.877868
-0.877917
-0.87788
-0.877868
-0.87788
-0.877893
-0.877893
-0.877868
-0.877857
-0.877857
-0.877868
-0.877845
-0.877868
-0.87788
-0.877868
-0.877857
-0.877905
-0.87788
-0.877868
-0.877845
-0.87788
-0.87788
-0.877833
-0.877893
-0.877857
-0.877917
-0.87788
-0.877905
-0.87788
-0.87788
-0.877857
-0.87788
-0.877905
-0.877857
-0.877893
-0.877893
-0.877893
-0.877893
-0.877893
-0.877857
-0.877868
-0.877893
-0.87788
-0.877868
-0.877857
-0.877905
-0.877893
-0.877857
-0.87788
-0.877857
-0.877905
-0.87788
-0.877857
-0.87788
-0.877868
-0.877845
-0.87788
-0.877893
-0.877905
-0.877917
-0.87788
-0.877893
-0.877868
-0.877868
-0.877893
-0.877868
-0.877845
-0.87788
-0.87788
-0.87788
-0.877868
-0.87788
-0.87788
-0.877917
-0.877893
-0.877893
-0.877868
-0.877857
-0.877857
-0.877893
-0.87788
-0.877893
-0.877868
-0.877893
-0.877905
-0.877857
-0.877893
-0.87788
-0.877868
-0.877868
-0.877893
-0.877893
-0.87788
-0.877893
-0.877905
-0.877893
-0.87788
-0.877868
-0.877857
-0.877893
-0.877893
-0.87788
-0.877857
-0.877868
-0.877893
-0.87788
-0.87788
-0.877893
-0.87788
-0.877893
-0.87788
-0.877857
-0.877893
-0.87788
-0.877893
-0.87788
-0.87788
-0.877857
-0.87788
-0.87788
-0.877905
-0.87788
-0.877893
-0.877917
-0.877917
-0.87788
-0.87788
-0.877845
-0.877868
-0.877905
-0.877893
-0.877905
-0.877893
-0.877893
-0.877857
-0.877905
-0.87788
-0.877893
-0.877857
-0.877917
-0.87788
-0.877893
-0.87788
-0.87788
-0.877868
-0.877868
-0.87788
-0.877893
-0.87788
-0.877857
-0.877917
-0.877917
-0.87788
-0.87788
-0.877868
-0.87788
-0.877893
-0.877893
-0.877868
-0.87788
-0.877893
-0.877917
-0.877893
-0.877893
-0.877868
-0.877917
-0.877845
-0.877893
-0.877893
-0.877905
-0.87788
-0.87788
-0.87788
-0.877905
-0.877893
-0.877868
-0.87788
-0.877857
-0.877857
-0.877929
-0.87788
-0.87788
-0.877905
-0.877905
-0.877905
-0.87788
-0.87788
-0.877868
-0.877893
-0.877893
-0.877868
-0.877917
-0.877857
-0.87788
-0.877917
-0.877868
-0.877917
-0.877917
-0.877905
-0.87788
-0.877893
-0.877893
-0.87788
-0.87788
-0.877893
-0.877893
-0.877917
-0.877857
-0.877905
-0.877868
-0.877893
-0.877893
-0.87788
-0.877893
