0.0590564
0.0590444
0.0590684
0.0590444
0.0590444
0.0590444
0.0590684
0.0590204
0.0590444
0.0590444
0.0591043
0.0590564
0.0590923
0.0590444
0.0590444
0.0590204
0.0590804
0.0590564
0.0590564
0.0590684
0.0590564
0.0590564
0.0590684
0.0590804
0.0590684
0.0590564
0.0590324
0.0590444
0.0590684
0.0590923
0.0590564
0.0590564
0.0590564
0.0590564
0.0590804
0.0590444
0.0590444
0.0590684
0.0590564
0.0590684
0.0590444
0.0590564
0.0590564
0.0590444
0.0590444
0.0590684
0.0590444
0.0590804
0.0590804
0.0590564
0.0590444
0.0590804
0.0590564
0.0590804
0.0590804
0.0590684
0.0590684
0.0590684
0.0590564
0.0590564
0.0590564
0.0590564
0.0590564
0.0590804
0.0590324
0.0590804
0.0590684
0.0590684
0.0590204
0.0590684
0.0590804
0.0590204
0.0590684
0.0590564
0.0590684
0.0590444
0.0590204
0.0590444
0.0590564
0.0590564
0.0590684
0.0590564
0.0590444
0.0590804
0.0590923
0.0590564
0.0590684
0.0590684
0.0590564
0.0590324
0.0590444
0.0590564
0.0590564
0.0590684
0.0590684
0.0590324
0.0590684
0.0590564
0.0590564
0.0590684
0.0590444
0.0590324
0.0590684
0.0590804
0.0590564
0.0590564
0.0590444
0.0590564
0.0590324
0.0590684
0.0590684
0.0590684
0.0590564
0.0590684
0.0590564
0.0590324
0.0590564
0.0590564
0.0590684
0.0590684
0.0590324
0.0590564
0.0590564
0.0590804
0.0590204
0.0590684
0.0590444
0.0590564
0.0590564
0.0590684
0.0590804
0.0590444
0.0590444
0.0590564
0.0590444
0.0590804
0.0590444
0.0590923
0.0590564
0.0590804
0.0590564
0.0590684
0.0590684
0.0590684
0.0590564
0.0590444
0.0590684
0.0590444
0.0590444
0.0590684
0.0590684
0.0590324
0.0590444
0.0590684
0.0590684
0.0590564
0.0590444
0.0590684
0.0590804
0.0590444
0.0590564
0.0590564
0.0590684
0.0590324
0.0590444
0.0590564
0.0590923
0.0590444
0.0590444
0.0590444
0.0590204
0.0590804
0.0590564
0.0590564
0.0590564
0.0590684
0.0590684
0.0590324
0.0590444
0.0590324
0.0590564
0.0590444
0.0590564
0.0590684
0.0590804
0.0590564
0.0590444
0.0590204
0.0590684
0.0590804
0.0590804
0.0590204
0.0590684
0.0590684
0.0590684
0.0590444
0.0590923
0.0590564
0.0590564
0.0590444
0.0590324
0.0590564
0.0590804
0.0590564
0.0590684
0.0590444
0.0590804
0.0590564
0.0590564
0.0590444
0.0590444
0.0590324
0.0590564
0.0590684
0.0590564
0.0590444
0.0590324
0.0590564
0.0590684
0.0590444
0.0590684
0.0590444
0.0590804
0.0590684
0.0590324
0.0590684
0.0590684
0.0590564
0.0590444
0.0590564
0.0590564
0.0590684
0.0590564
0.0590444
0.0590324
0.0590204
0.0590684
0.0590324
0.0590684
0.0590684
0.0590564
0.0590684
0.0590804
0.0590564
0.0590444
0.0589482
0.0586478
0.0579752
0.057567
0.0569663
0.0558251
0.0552851
0.0546964
0.0540597
0.0529066
0.0522699
0.0516816
0.0511168
0.0499517
0.0493155
0.0487028
0.0481264
0.046937
0.0463486
0.0457842
0.0446431
0.0440907
0.0434541
0.0428893
0.0417725
0.0412201
0.0406434
0.040103
0.0389862
0.0383855
0.0378451
0.0367523
0.0361515
0.0355632
0.0350224
0.0338813
0.0333169
0.0327042
0.0321278
0.0309987
0.0304463
0.0298819
0.0293172
0.0282243
0.0276839
0.0271312
0.0259784
0.025438
0.0248613
0.0242973
0.0231801
0.0226154
0.022027
0.0214383
0.0203215
0.0197691
0.0192283
0.0186639
0.0175232
0.0169345
0.0163461
0.015217
0.0146646
0.0141361
0.0135834
0.0124666
0.0119022
0.0113494
0.0107854
0.00966827
0.00915183
0.00857546
0.00804666
0.00696583
0.00642542
0.00589736
0.00481616
0.00427575
0.00373533
0.00317058
0.00206578
0.00154934
0.000924658
0.000408587
-0.000648324
-0.0012129
-0.00171692
-0.00222189
-0.00332672
-0.00384313
-0.00438339
-0.00547678
-0.00600464
-0.00652153
-0.00709802
-0.00817854
-0.00871927
-0.00928337
-0.00979978
-0.010917
-0.011421
-0.0119498
-0.0130189
-0.0136073
-0.0141357
-0.0146759
-0.0157569
-0.0162495
-0.0168017
-0.0172828
-0.0183633
-0.0188673
-0.0194204
-0.0199483
-0.0209692
-0.0215095
-0.022002
-0.0229991
-0.0234912
-0.02402
-0.0245722
-0.025605
-0.0260976
-0.0266016
-0.0271185
-0.0281513
-0.0286797
-0.029208
-0.0297483
-0.0307935
-0.0312856
-0.0318382
-0.0328353
-0.0333512
-0.0338438
-0.0343602
-0.035405
-0.0359095
-0.0364135
-0.0368941
-0.0379389
-0.0384553
-0.038924
-0.0394405
-0.040449
-0.0409415
-0.0414818
-0.0425027
-0.042959
-0.0434874
-0.0439795
-0.0450605
-0.0455292
-0.0460699
-0.0466097
-0.0476068
-0.0481346
-0.0486396
-0.0490955
-0.0501164
-0.0506094
-0.0511254
-0.05211
-0.0525788
-0.0530947
-0.0535873
-0.0545605
-0.0550163
-0.0554846
-0.0559772
-0.0569618
-0.0574539
-0.0579346
-0.0589073
-0.0593756
-0.0598562
-0.0603121
-0.061333
-0.0618022
-0.06227
-0.0627502
-0.0636752
-0.0641435
-0.0645636
-0.0650442
-0.0660051
-0.0664852
-0.0669654
-0.06789
-0.0684183
-0.0688513
-0.0693315
-0.0702923
-0.0707725
-0.0712412
-0.0717452
-0.0726817
-0.0731862
-0.0736187
-0.0740989
-0.0750354
-0.0754922
-0.0760081
-0.0769451
-0.0774372
-0.0778936
-0.0783623
-0.0792869
-0.0797551
-0.0801514
-0.0806678
-0.0815805
-0.0819886
-0.0824454
-0.0828775
-0.0837782
-0.0842221
-0.0846308
-0.0854958
-0.0859998
-0.0864204
-0.0868166
-0.087765
-0.0882095
-0.08863
-0.0890735
-0.0899628
-0.0904186
-0.0908635
-0.09174
-0.0921724
-0.0926283
-0.0930732
-0.0939372
-0.0943335
-0.0947903
-0.0952461
-0.0960992
-0.0965079
-0.0969394
-0.0973838
-0.0982125
-0.098645
-0.0990651
-0.0999177
-0.10035
-0.100818
-0.101214
-0.102055
-0.102487
-0.102944
-0.10334
-0.104181
-0.104565
-0.105033
-0.105406
-0.106234
-0.106654
-0.107087
-0.107916
-0.108372
-0.108756
-0.109188
-0.109981
-0.110341
-0.110738
-0.111134
-0.111975
-0.11237
-0.112779
-0.113571
-0.113968
-0.114376
-0.11476
-0.115481
-0.115889
-0.116249
-0.116633
-0.117414
-0.117798
-0.11817
-0.118603
-0.119335
-0.119695
-0.120067
-0.1208
-0.121196
-0.121557
-0.121941
-0.122674
-0.123082
-0.123466
-0.123802
-0.124535
-0.124955
-0.125339
-0.125592
-0.126336
-0.126708
-0.127032
-0.127813
-0.128113
-0.128498
-0.12881
-0.129542
-0.129927
-0.130239
-0.130599
-0.131259
-0.13156
-0.131967
-0.13234
-0.133013
-0.133373
-0.133673
-0.134358
-0.13467
-0.13503
-0.135366
-0.136015
-0.136327
-0.136663
-0.136976
-0.137659
-0.137984
-0.138296
-0.138944
-0.139256
-0.139581
-0.139893
-0.140541
-0.140829
-0.141118
-0.141418
-0.142042
-0.142342
-0.142654
-0.142967
-0.143555
-0.14382
-0.144168
-0.14472
-0.145032
-0.145272
-0.145596
-0.146089
-0.146365
-0.146653
-0.146918
-0.147481
-0.147758
-0.148046
-0.148322
-0.148839
-0.149114
-0.149403
-0.149931
-0.150219
-0.150436
-0.1507
-0.151253
-0.151469
-0.151708
-0.151949
-0.152429
-0.152681
-0.152945
-0.153221
-0.153738
-0.153894
-0.154146
-0.154674
-0.154878
-0.155094
-0.155323
-0.155719
-0.155947
-0.156164
-0.156391
-0.156788
-0.15698
-0.157196
-0.157605
-0.157772
-0.157964
-0.158169
-0.158553
-0.158745
-0.158937
-0.159129
-0.159489
-0.159645
-0.159861
-0.16003
-0.160378
-0.160498
-0.160654
-0.160966
-0.161123
-0.161339
-0.161434
-0.161759
-0.161939
-0.162071
-0.162179
-0.162479
-0.162671
-0.162791
-0.162912
-0.16314
-0.163284
-0.163404
-0.163692
-0.163692
-0.163824
-0.163992
-0.164196
-0.164233
-0.16428
-0.16446
-0.16464
-0.164664
-0.164748
-0.164893
-0.164953
-0.165097
-0.165097
-0.165265
-0.165277
-0.165301
-0.165349
-0.165505
-0.165469
-0.165541
-0.165541
-0.165637
-0.165674
-0.165697
-0.165746
-0.165781
-0.165781
-0.165817
-0.165842
-0.16589
-0.16589
-0.165878
-0.165866
-0.165842
-0.165878
-0.165866
-0.165854
-0.165854
-0.165829
-0.165793
-0.165781
-0.165721
-0.165709
-0.165613
-0.165493
-0.165445
-0.165421
-0.165265
-0.165229
-0.165061
-0.165013
-0.164821
-0.164821
-0.1647
-0.164592
-0.164412
-0.164388
-0.164196
-0.163956
-0.163824
-0.16374
-0.1635
-0.163236
-0.163128
-0.162936
-0.162755
-0.162383
-0.162216
-0.162059
-0.161639
-0.161411
-0.161207
-0.16099
-0.16057
-0.160342
-0.160138
-0.15991
-0.159429
-0.159165
-0.158937
-0.158409
-0.158145
-0.157856
-0.15758
-0.156992
-0.156692
-0.156403
-0.156115
-0.155455
-0.155155
-0.154818
-0.154495
-0.153846
-0.153522
-0.153137
-0.152441
-0.152045
-0.151649
-0.1513
-0.15052
-0.1501
-0.149691
-0.149295
-0.148418
-0.147986
-0.14753
-0.147085
-0.146185
-0.145741
-0.14526
-0.144288
-0.14382
-0.143303
-0.142811
-0.141826
-0.141298
-0.140769
-0.140229
-0.139124
-0.138608
-0.138008
-0.137455
-0.136315
-0.135726
-0.135114
-0.133949
-0.133313
-0.132652
-0.132028
-0.130755
-0.130107
-0.12941
-0.128725
-0.127357
-0.126673
-0.125952
-0.125267
-0.12373
-0.12301
-0.122229
-0.120728
-0.119924
-0.119131
-0.118291
-0.116669
-0.115793
-0.114988
-0.114136
-0.112358
-0.111458
-0.110534
-0.10872
-0.107747
-0.106847
-0.105934
-0.104037
-0.103112
-0.102164
-0.101202
-0.0992573
-0.0982721
-0.097288
-0.0962914
-0.0942019
-0.093169
-0.0920642
-0.0898426
-0.0887378
-0.0875853
-0.0864924
-0.0840543
-0.0828894
-0.0816887
-0.0804876
-0.0779899
-0.0767892
-0.075516
-0.074303
-0.0717934
-0.0705441
-0.0692352
-0.0666292
-0.0652841
-0.0639632
-0.0626062
-0.0597604
-0.0583552
-0.056938
-0.0554364
-0.0525063
-0.0510052
-0.0494803
-0.0464175
-0.0448683
-0.043247
-0.0417703
-0.0386236
-0.0370739
-0.0354775
-0.0339153
-0.0306013
-0.0289314
-0.0272506
-0.0255211
-0.0219663
-0.0202006
-0.0183752
-0.0147598
-0.0129111
-0.0110734
-0.00927145
-0.00552446
-0.00359089
-0.00168115
0.000216091
0.00407164
0.00608911
0.00816725
0.0102446
0.0144844
0.0165982
0.0188201
0.023012
0.0251377
0.0272034
0.0293531
0.0336892
0.0359111
0.0382053
0.0405232
0.0452315
0.0475736
0.0499997
0.0546844
0.0570985
0.0595125
0.0619386
0.0669716
0.0694939
0.0721005
0.074743
0.0800396
0.0827541
0.085397
0.0879912
0.0933122
0.096027
0.0987294
0.104303
0.107138
0.10996
0.112891
0.118669
0.12154
0.124459
0.12745
0.133504
0.136627
0.139774
0.142933
0.149167
0.152243
0.155354
0.16166
0.164927
0.168243
0.171582
0.178237
0.181529
0.18488
0.18828
0.195187
0.198755
0.202262
0.20589
0.213014
0.216522
0.220089
0.227321
0.231057
0.234841
0.238614
0.246098
0.249846
0.253666
0.257498
0.265463
0.269463
0.27344
0.281212
0.285165
0.289273
0.293358
0.301647
0.305684
0.30978
0.313913
0.322395
0.326707
0.331117
0.335453
0.343936
0.348177
0.352525
0.361379
0.36586
0.370282
0.374703
0.383714
0.388315
0.392976
0.39759
0.406564
0.411142
0.415791
0.420512
0.429956
0.434617
0.439291
0.448866
0.45372
0.45861
0.463415
0.472942
0.477821
0.482723
0.487648
0.497344
0.502185
0.50716
0.512181
0.522382
0.527236
0.532149
0.542097
0.547168
0.552261
0.557223
0.567267
0.572289
0.57748
0.582682
0.592726
0.597712
0.602818
0.607984
0.61828
0.623314
0.628336
0.638656
0.643882
0.649024
0.654034
0.664162
0.66934
0.674506
0.679649
0.6898
0.694894
0.7
0.705214
0.71503
0.718778
0.721649
0.725121
0.725614
0.725265
0.725193
0.725037
0.725097
0.725073
0.725277
0.725518
0.725626
0.725938
0.726322
0.726587
0.726779
0.727031
0.72756
0.7278
0.728053
0.728329
0.728821
0.729062
0.729314
0.729578
0.730119
0.730383
0.730636
0.731152
0.731416
0.731632
0.731885
0.732389
0.732642
0.73287
0.733122
0.733579
0.733867
0.734108
0.734348
0.734816
0.735057
0.735273
0.735753
0.735994
0.73621
0.73645
0.736895
0.737159
0.737351
0.737579
0.738047
0.738252
0.738492
0.738696
0.739141
0.739369
0.739609
0.740042
0.740306
0.740487
0.740666
0.741099
0.741339
0.741544
0.741796
0.742156
0.742397
0.742577
0.742817
0.743237
0.743418
0.743646
0.744066
0.744295
0.744475
0.744703
0.7451
0.745268
0.745484
0.745712
0.746073
0.746289
0.746481
0.746661
0.74707
0.747274
0.747527
0.747863
0.748103
0.748283
0.748488
0.748872
0.74904
0.74922
0.749436
0.749773
0.749989
0.750157
0.75035
0.750722
0.750902
0.751034
0.751467
0.751611
0.751839
0.751984
0.752308
0.752512
0.752692
0.752885
0.753233
0.753401
0.753605
0.753762
0.75411
0.754266
0.754434
0.754807
0.754951
0.755155
0.755239
0.755612
0.75578
0.755948
0.756068
0.756393
0.756549
0.756765
0.757114
0.757233
0.757426
0.757558
0.75793
0.75805
0.758267
0.758315
0.758663
0.758831
0.759024
0.759119
0.759456
0.759636
0.759792
0.760105
0.760237
0.760429
0.760513
0.760838
0.76091
0.761174
0.761198
0.761571
0.761618
0.761835
0.761931
0.762267
0.762327
0.762543
0.76282
0.762988
0.76306
0.763264
0.763481
0.763661
0.763745
0.763961
0.764201
0.76437
0.764418
0.76467
0.764898
0.764982
0.765126
0.76533
0.765595
0.765607
0.765787
0.765979
0.766219
0.766231
0.766423
0.766604
0.766856
0.766892
0.767217
0.767205
0.767493
0.767517
0.767841
0.767853
0.768069
0.768129
0.76843
0.768442
0.76867
0.768742
0.769018
0.769091
0.769295
0.769499
0.769595
0.769703
0.76992
0.770088
0.770196
0.770256
0.770484
0.77058
0.770797
0.770844
0.771013
0.771181
0.771385
0.771446
0.771734
0.77177
0.771854
0.772058
0.772286
0.772322
0.772407
0.772623
0.772767
0.772935
0.772959
0.773139
0.77332
0.773415
0.773512
0.773692
0.773872
0.773992
0.774053
0.774269
0.774341
0.774533
0.774545
0.774797
0.774845
0.775014
0.775073
0.775314
0.77529
0.77541
0.775554
0.775686
0.77583
0.77583
0.776083
0.776155
0.776335
0.776335
0.776599
0.776623
0.776779
0.77684
0.777068
0.777128
0.77726
0.777344
0.777548
0.777608
0.777644
0.777837
0.777945
0.778089
0.778101
0.778377
0.778353
0.778462
0.778605
0.778774
0.778834
0.778894
0.779074
0.779158
0.779266
0.779302
0.779423
0.779459
0.779494
0.779482
0.779435
0.779423
0.779423
0.779423
0.779459
0.779411
0.779471
0.779507
0.779543
0.779543
0.779591
0.779675
0.779687
0.779687
0.779771
0.779807
0.779819
0.779831
0.779819
0.779867
0.779915
0.779939
0.779987
0.779963
0.780023
0.779975
0.780059
0.780083
0.780131
0.780143
0.780143
0.780155
0.780143
0.780227
0.780251
0.780251
0.780276
0.780288
0.780312
0.780324
0.780324
0.780372
0.780372
0.780372
0.78048
0.78048
0.780516
0.780516
0.78054
0.780588
0.780588
0.7806
0.780672
0.780684
0.780684
0.780672
0.78072
0.780744
0.780744
0.780828
0.78084
0.780876
0.780876
0.780864
0.780924
0.780948
0.780996
0.781032
0.780996
0.781032
0.781032
0.78108
0.781128
0.781188
0.781212
0.781212
0.781224
0.7812
0.781273
0.781285
0.781369
0.781321
0.781345
0.781381
0.781393
0.781441
0.781501
0.781501
0.781477
0.781525
0.781549
0.781609
0.781645
0.781657
0.781681
0.781717
0.781717
0.781753
0.781765
0.781837
0.781873
0.781885
0.781861
0.781909
0.781969
0.782041
0.782041
0.782065
0.782077
0.782114
0.782162
0.782186
0.782234
0.782222
0.782282
0.782306
0.782354
0.782354
0.782414
0.782462
0.782462
0.782498
0.782474
0.782606
0.782606
0.782642
0.78263
0.782666
0.782762
0.78275
0.782762
0.782786
0.782895
0.782919
0.782919
0.782943
0.782966
0.78299
0.783087
0.783087
0.783087
0.783135
0.783207
0.783219
0.783231
0.783243
0.783267
0.783351
0.783411
0.783363
0.783399
0.783459
0.783495
0.783591
0.783543
0.783603
0.783651
0.783663
0.783747
0.783759
0.783759
0.783771
0.783819
0.783916
0.78394
0.783964
0.783952
0.784
0.78406
0.784108
0.784144
0.784132
0.78418
0.78424
0.784312
0.784336
0.78436
0.784372
0.78442
0.78448
0.784468
0.784492
0.784516
0.7846
0.784636
0.78466
0.784708
0.784756
0.784816
0.784828
0.784816
0.784852
0.7849
0.784948
0.78502
0.784972
0.785032
0.785117
0.785129
0.785141
0.785164
0.785237
0.785273
0.785285
0.785321
0.785321
0.785381
0.785501
0.785501
0.785513
0.785549
0.785561
0.785669
0.785645
0.785657
0.785693
0.785765
0.785777
0.785789
0.785849
0.785909
0.785946
0.785946
0.78597
0.786114
0.786125
0.78609
0.78621
0.786234
0.786222
0.786234
0.786294
0.786342
0.786378
0.786378
0.786486
0.786522
0.786522
0.786498
0.78663
0.78669
0.786678
0.786727
0.786763
0.786811
0.786847
0.786883
0.786931
0.786979
0.786931
0.787027
0.787051
0.787099
0.787075
0.787111
0.787171
0.787231
0.787267
0.787327
0.787279
0.787303
0.787423
0.787447
0.787471
0.787495
0.787483
0.787531
0.78758
0.787664
0.787664
0.787712
0.7877
0.78782
0.787832
0.787844
0.787844
0.787988
0.788
0.788
0.788012
0.788072
0.788156
0.788132
0.788168
0.788168
0.788228
0.788336
0.788324
0.788312
0.788349
0.788384
0.788468
0.78848
0.788456
0.788492
0.788553
0.788637
0.788649
0.788649
0.788637
0.788661
0.788685
0.788637
0.788661
0.788709
0.788661
0.788637
0.788685
0.788697
0.788673
0.788661
0.788661
0.788625
0.788673
0.788661
0.788673
0.788673
0.788697
0.788673
0.788649
0.788673
0.788625
0.788649
0.788649
0.788649
0.788697
0.788661
0.788673
0.788649
0.788673
0.788637
0.788673
0.788625
0.788709
0.788649
0.788673
0.788649
0.788673
0.788697
0.788709
0.788697
0.788757
0.788769
0.788733
0.788769
0.788721
0.788733
0.788757
0.788793
0.788745
0.788757
0.788769
0.788769
0.788781
0.788793
0.788793
0.788781
0.788805
0.788805
0.788805
0.788817
0.788793
0.788817
0.788841
0.788829
0.788817
0.788817
0.788817
0.788817
0.788841
0.788853
0.788853
0.788853
0.788865
0.788829
0.788865
0.788853
0.788817
0.788841
0.788865
0.788805
0.788853
0.788841
0.788841
0.788865
0.788865
0.788829
0.788829
0.788865
0.788829
0.788853
0.788865
0.788865
0.788865
0.788841
0.788841
0.788841
0.788877
0.788853
0.788841
0.788853
0.788853
0.788817
0.788841
0.788805
0.788853
0.788841
0.788853
0.788829
0.788817
0.788853
0.788877
0.788877
0.788829
0.788841
0.788877
0.788853
0.788817
0.788853
0.788817
0.788829
0.788805
0.788829
0.788841
0.788805
0.788829
0.788805
0.788805
0.788829
0.788817
0.788793
0.788805
0.788805
0.788793
0.788805
0.788817
0.788841
0.788817
0.788793
0.788817
0.788841
0.788793
0.788805
0.788829
0.788817
0.788841
0.788817
0.788805
0.788829
0.788817
0.788805
0.788829
0.788817
0.788829
0.788829
0.788805
0.788829
0.788841
0.788829
0.788829
0.788841
0.788817
0.788841
0.788817
0.788805
0.788805
0.788817
0.788817
0.788841
0.788841
0.788805
0.788817
0.788841
0.788817
0.788805
0.788829
0.788817
0.788817
0.788853
0.788817
0.788829
0.788793
0.788829
0.788793
0.788805
0.788805
0.788793
0.788817
0.788793
0.788793
0.788793
0.788829
0.788805
0.788793
0.788829
0.788805
0.788829
0.788853
0.788805
0.788793
0.788805
0.788805
0.788805
0.788805
0.788829
0.788817
0.788841
0.788781
0.788817
0.788841
0.788817
0.788817
0.788805
0.788829
0.788817
0.788805
0.788817
0.788829
0.788817
0.788817
0.788817
0.788829
0.788817
0.788841
0.788805
0.788817
0.788805
0.788781
0.788805
0.788805
0.788805
0.788805
0.788841
0.788829
0.788805
0.788805
0.788793
0.788853
0.788817
0.788805
0.788817
0.788805
0.788817
0.788781
0.788805
0.788829
0.788805
0.788829
0.788805
0.788829
0.788805
0.788817
0.788817
0.788817
0.788817
0.788853
0.788829
0.788817
0.788817
0.788817
0.788841
0.788817
0.788805
0.788817
0.788793
0.788829
0.788817
0.788817
0.788841
0.788805
0.788817
0.788829
0.788853
0.788805
0.788805
0.788805
0.788805
0.788817
0.788805
0.788841
0.788817
0.788805
0.788817
0.788829
0.788817
0.788853
0.788841
0.788829
0.788841
0.788865
0.788805
0.788817
0.788829
0.788805
0.788817
0.788841
0.788829
0.788817
0.788829
0.788805
0.788829
0.788829
0.788805
0.788829
0.788829
0.788805
0.788841
0.788817
0.788805
0.788841
0.788817
0.788829
0.788817
0.788817
0.788817
0.788805
0.788805
0.788829
0.788793
0.788817
0.788805
0.788829
0.788829
0.788817
0.788817
0.788853
0.788817
0.788841
0.788841
0.788829
0.788829
0.788841
0.788829
0.788829
0.788805
0.788829
0.788829
0.788817
0.788793
0.788793
0.788829
0.788817
0.788793
0.788781
0.788829
0.788817
0.788817
0.788817
0.788793
0.788829
0.788805
0.788865
0.788853
0.788841
0.788829
0.788817
0.788841
0.788853
0.788805
0.788805
0.788805
0.788805
0.788829
0.788817
0.788793
0.788805
0.788817
0.788829
0.788853
0.788829
0.788841
0.788841
0.788829
0.788817
0.788817
0.788829
0.788829
0.788841
0.788781
0.788805
0.788805
0.788793
0.788805
0.788841
0.788853
0.788793
0.788805
0.788793
0.788829
0.788829
0.788805
0.788829
0.788841
0.788853
0.788793
0.788817
0.788817
0.788805
0.788817
0.788841
0.788829
0.788841
0.788829
0.788817
0.788841
0.788805
0.788829
0.788817
0.788829
0.788805
0.788805
0.788841
0.788805
0.788841
0.788793
