1.156
1.15596
1.15594
1.15597
1.15596
1.15599
1.15594
1.15598
1.15596
1.15597
1.15597
1.15598
1.15599
1.15594
1.15597
1.15594
1.15598
1.156
1.15597
1.15597
1.15597
1.15597
1.15594
1.15594
1.15594
1.15598
1.15596
1.15598
1.15599
1.15594
1.156
1.15598
1.15596
1.15598
1.15597
1.15598
1.15598
1.15598
1.15597
1.15598
1.15596
1.15594
1.15598
1.15594
1.15598
1.15597
1.15594
1.15594
1.15594
1.15596
1.15591
1.15596
1.15597
1.15594
1.15598
1.15596
1.15599
1.15598
1.156
1.15594
1.15597
1.15596
1.15598
1.15599
1.15596
1.15597
1.15596
1.15597
1.15597
1.15594
1.15593
1.15597
1.15598
1.15594
1.15596
1.15599
1.15598
1.15597
1.15598
1.15597
1.15599
1.15596
1.15598
1.15594
1.15596
1.15594
1.15597
1.15598
1.15598
1.15594
1.15598
1.15594
1.15598
1.15594
1.15597
1.15598
1.15598
1.156
1.15597
1.156
1.15598
1.15596
1.156
1.15593
1.15594
1.15593
1.15596
1.15599
1.15593
1.156
1.15599
1.15597
1.15597
1.15598
1.15596
1.15597
1.15598
1.15594
1.15594
1.15594
1.15598
1.15597
1.15596
1.15597
1.15596
1.15598
1.15594
1.15597
1.15597
1.15596
1.15596
1.15591
1.15598
1.15594
1.15598
1.15597
1.15593
1.15597
1.156
1.15599
1.15594
1.15596
1.15594
1.15598
1.15597
1.15598
1.15594
1.15597
1.15599
1.15596
1.15596
1.15596
1.15593
1.15594
1.15597
1.15599
1.15598
1.15599
1.15596
1.15596
1.15598
1.15597
1.15594
1.15594
1.15596
1.15596
1.15596
1.15598
1.15597
1.15597
1.15597
1.15596
1.15599
1.15596
1.15597
1.15598
1.15596
1.15594
1.15599
1.15596
1.15596
1.15597
1.15598
1.156
1.15594
1.15596
1.15598
1.15597
1.15597
1.15591
1.15596
1.15594
1.15596
1.15597
1.15593
1.15599
1.15596
1.15596
1.15598
1.15593
1.156
1.15596
1.15597
1.15593
1.15596
1.15596
1.15596
1.156
1.15597
1.15596
1.15599
1.15598
1.15593
1.15598
1.15596
1.15598
1.15591
1.15594
1.156
1.15596
1.15598
1.15597
1.15594
1.15599
1.15597
1.15596
1.15599
1.15594
1.15596
1.15599
1.15599
1.15594
1.15597
1.15594
1.156
1.15594
1.15597
1.15596
1.15598
1.15594
1.15597
1.15598
1.15598
1.15599
1.15596
1.15624
1.15659
1.15786
1.15877
1.15981
1.16203
1.16315
1.16434
1.1655
1.16784
1.16905
1.17019
1.17127
1.17354
1.17473
1.17588
1.17707
1.17946
1.18063
1.18167
1.18385
1.18499
1.18609
1.18718
1.18939
1.19051
1.19158
1.19249
1.19483
1.19589
1.19697
1.19915
1.2003
1.20138
1.20247
1.20478
1.20594
1.20706
1.20825
1.21064
1.21177
1.21287
1.21401
1.21627
1.21732
1.21845
1.2206
1.2217
1.22278
1.22387
1.22604
1.22715
1.2282
1.22929
1.23152
1.23266
1.23378
1.23493
1.23728
1.23842
1.2396
1.2419
1.24304
1.24417
1.24526
1.2475
1.24858
1.24966
1.25072
1.25294
1.25408
1.25518
1.25627
1.25853
1.25957
1.26068
1.26296
1.26406
1.26523
1.26641
1.26861
1.26977
1.27095
1.27212
1.27439
1.27555
1.27669
1.27774
1.27995
1.28106
1.28218
1.2844
1.28554
1.28659
1.28771
1.28992
1.29102
1.29217
1.29322
1.29551
1.29666
1.29783
1.30008
1.30124
1.30243
1.3036
1.30584
1.30696
1.30814
1.30921
1.31144
1.31259
1.31369
1.31476
1.31702
1.31819
1.31927
1.32146
1.32256
1.32365
1.32469
1.32699
1.32815
1.32927
1.33043
1.33276
1.33392
1.33503
1.33617
1.33854
1.33963
1.34076
1.34294
1.34409
1.34514
1.34625
1.34843
1.34944
1.35061
1.35169
1.35396
1.35505
1.35617
1.35728
1.35964
1.3608
1.36202
1.36429
1.36544
1.36663
1.36775
1.37002
1.3712
1.37235
1.37342
1.37557
1.37672
1.37779
1.37886
1.38119
1.38232
1.38345
1.38564
1.38674
1.38784
1.38894
1.39135
1.39244
1.39356
1.39473
1.39708
1.39822
1.39939
1.40168
1.40282
1.40393
1.40508
1.40728
1.4084
1.40949
1.41057
1.41286
1.41396
1.41508
1.41619
1.41845
1.41959
1.42073
1.42308
1.4242
1.42538
1.42657
1.42888
1.43004
1.43124
1.43239
1.43467
1.43573
1.43685
1.43799
1.44024
1.44134
1.4425
1.4448
1.44587
1.44696
1.44808
1.45037
1.45153
1.45265
1.45385
1.45619
1.45733
1.45859
1.45973
1.46206
1.4633
1.46442
1.4667
1.4678
1.46887
1.46999
1.47218
1.4733
1.47443
1.47559
1.47784
1.47895
1.48003
1.48233
1.48352
1.48468
1.48589
1.48823
1.48943
1.49055
1.49172
1.49412
1.49526
1.49643
1.49749
1.49974
1.50087
1.502
1.50427
1.50551
1.50664
1.50777
1.51002
1.51107
1.51221
1.51332
1.51563
1.51681
1.51803
1.51919
1.52148
1.5227
1.52392
1.52617
1.52735
1.52853
1.52965
1.53191
1.53305
1.53412
1.53531
1.53758
1.53868
1.53986
1.54202
1.54313
1.5443
1.54545
1.54784
1.54895
1.55012
1.55134
1.55375
1.55492
1.55614
1.55728
1.55959
1.56072
1.56188
1.56417
1.56528
1.56645
1.56764
1.56988
1.57105
1.57217
1.5733
1.57553
1.57669
1.57786
1.57905
1.58137
1.58257
1.58373
1.58614
1.58735
1.58851
1.58968
1.59203
1.59316
1.59431
1.59535
1.5977
1.59885
1.60001
1.60117
1.60342
1.60458
1.60572
1.60806
1.60925
1.61045
1.61166
1.61404
1.61517
1.61632
1.61755
1.6199
1.62112
1.62227
1.62455
1.62571
1.62685
1.62804
1.63035
1.63159
1.63276
1.63389
1.63612
1.63724
1.63835
1.63956
1.64197
1.64309
1.64426
1.64677
1.64799
1.64915
1.65041
1.65282
1.65396
1.6551
1.65627
1.65857
1.65974
1.66087
1.66204
1.66432
1.66549
1.6666
1.66888
1.67008
1.67128
1.67248
1.67489
1.67607
1.67721
1.67838
1.68092
1.68212
1.68332
1.68454
1.68688
1.68794
1.68911
1.69148
1.69264
1.6938
1.69502
1.69726
1.6984
1.69956
1.70073
1.70309
1.70434
1.7056
1.70794
1.70916
1.71039
1.7116
1.71405
1.71532
1.71648
1.71763
1.71996
1.7211
1.72227
1.72348
1.72577
1.72689
1.72807
1.73036
1.73154
1.73272
1.73396
1.73642
1.73761
1.73879
1.73999
1.74241
1.74365
1.7449
1.74613
1.74853
1.74971
1.75087
1.75321
1.7544
1.75562
1.75679
1.75923
1.76035
1.76143
1.76258
1.76494
1.76615
1.76732
1.76861
1.77098
1.77225
1.77351
1.77607
1.77732
1.77853
1.77969
1.78206
1.78322
1.78439
1.78558
1.78802
1.78917
1.79038
1.79268
1.79383
1.79506
1.79635
1.79878
1.80005
1.80128
1.80249
1.80496
1.80628
1.80757
1.8088
1.8112
1.81239
1.81357
1.81596
1.81717
1.81839
1.81959
1.82198
1.82315
1.82427
1.82547
1.82796
1.82919
1.83042
1.83162
1.83417
1.83542
1.83672
1.83933
1.84051
1.84171
1.84291
1.8454
1.84661
1.8478
1.8491
1.85151
1.85275
1.85396
1.85519
1.85759
1.85885
1.86013
1.86249
1.86374
1.865
1.86629
1.86877
1.87012
1.87138
1.87264
1.87509
1.87633
1.87757
1.88002
1.88133
1.88259
1.8838
1.88617
1.8874
1.88857
1.88979
1.89234
1.89359
1.89485
1.89616
1.89874
1.90007
1.90134
1.90395
1.90514
1.90641
1.90759
1.91009
1.91131
1.91257
1.91381
1.9163
1.91751
1.91874
1.91998
1.92253
1.92386
1.92511
1.92744
1.92884
1.93015
1.93147
1.93406
1.93535
1.93661
1.93779
1.94032
1.94159
1.94283
1.94416
1.9467
1.9479
1.94912
1.9516
1.95287
1.95417
1.95549
1.95804
1.95933
1.96064
1.96197
1.96462
1.96595
1.96719
1.96847
1.971
1.9723
1.97358
1.97612
1.97735
1.9786
1.97979
1.98239
1.98362
1.98493
1.98622
1.98883
1.9901
1.99141
1.99409
1.99543
1.9967
1.99803
2.00063
2.00191
2.00316
2.00444
2.00698
2.00826
2.00953
2.01073
2.01323
2.01454
2.01582
2.01835
2.0197
2.02099
2.0223
2.02504
2.02636
2.02767
2.02897
2.03152
2.03283
2.03403
2.03534
2.03792
2.03918
2.04045
2.04295
2.04422
2.04554
2.04684
2.04943
2.05069
2.05201
2.05333
2.05595
2.05734
2.05861
2.06116
2.06237
2.06368
2.06489
2.06741
2.06871
2.0699
2.07115
2.07364
2.07482
2.07605
2.07734
2.07977
2.08106
2.0824
2.08487
2.08614
2.08749
2.08875
2.0913
2.09258
2.09378
2.09498
2.09742
2.09864
2.09986
2.10106
2.10347
2.10461
2.10579
2.10816
2.10931
2.11047
2.11167
2.11399
2.11516
2.11638
2.11759
2.11995
2.12114
2.1223
2.12455
2.12575
2.12691
2.12796
2.13014
2.1313
2.13219
2.1333
2.13545
2.13647
2.13752
2.13854
2.14068
2.1417
2.14273
2.14482
2.14591
2.14693
2.14791
2.15004
2.15107
2.15197
2.15292
2.15487
2.15577
2.15668
2.15759
2.15929
2.16019
2.1611
2.16283
2.16365
2.1645
2.16519
2.16688
2.16766
2.1684
2.1691
2.1707
2.17141
2.1721
2.17279
2.17417
2.17482
2.17548
2.17677
2.17746
2.17806
2.17865
2.17973
2.18029
2.18076
2.18131
2.18227
2.18275
2.18314
2.18409
2.18454
2.18485
2.18514
2.18582
2.18606
2.18637
2.18667
2.18718
2.18731
2.18745
2.1877
2.18803
2.18819
2.18825
2.18834
2.18835
2.18834
2.18836
2.18829
2.18819
2.18821
2.18818
2.18795
2.18788
2.18768
2.18739
2.18699
2.18677
2.18645
2.18587
2.18549
2.18508
2.18467
2.1838
2.18327
2.18277
2.18216
2.18114
2.18048
2.1799
2.17938
2.17818
2.17737
2.17659
2.17515
2.1743
2.17357
2.17288
2.17125
2.17033
2.16947
2.16859
2.16663
2.16559
2.16475
2.16368
2.16165
2.16074
2.1596
2.15742
2.15614
2.15493
2.15372
2.15135
2.15007
2.14888
2.14766
2.14506
2.14376
2.14239
2.14099
2.13841
2.13742
2.13675
2.13581
2.1356
2.13575
2.13578
2.13576
2.13594
2.13625
2.13673
2.13788
2.13873
2.13966
2.14139
2.14233
2.14319
2.14403
2.1458
2.1467
2.14758
2.14844
2.15019
2.15105
2.15188
2.1527
2.15433
2.15515
2.15588
2.15753
2.15827
2.15907
2.15989
2.1614
2.16221
2.16299
2.16374
2.16523
2.16602
2.16678
2.16747
2.16905
2.16981
2.17057
2.17197
2.17273
2.17353
2.17427
2.17578
2.17642
2.17714
2.17794
2.17937
2.18016
2.18083
2.18151
2.18297
2.18373
2.18439
2.18575
2.18645
2.18712
2.18779
2.18916
2.18986
2.19047
2.19116
2.19246
2.19312
2.19382
2.19443
2.19569
2.19632
2.19696
2.19825
2.19886
2.19952
2.20013
2.20131
2.20196
2.20253
2.20319
2.20438
2.20499
2.20562
2.20614
2.20737
2.20799
2.20854
2.20971
2.21032
2.21085
2.21141
2.21261
2.21313
2.2137
2.21433
2.21536
2.21592
2.21644
2.217
2.218
2.2186
2.21914
2.22005
2.22057
2.22115
2.22163
2.22257
2.22306
2.22356
2.22403
2.22498
2.22549
2.22601
2.22635
2.22729
2.22784
2.22817
2.22916
2.22954
2.22995
2.2304
2.23131
2.23164
2.23212
2.2326
2.23333
2.23376
2.23422
2.23501
2.23546
2.23587
2.23619
2.23699
2.23746
2.23779
2.23814
2.23894
2.23934
2.23965
2.23998
2.24063
2.24099
2.2414
2.24218
2.24249
2.24279
2.24305
2.24373
2.24402
2.24436
2.24465
2.24528
2.2456
2.24594
2.24619
2.24673
2.24695
2.24728
2.24786
2.24814
2.24837
2.24867
2.24915
2.24944
2.24962
2.24982
2.25027
2.2505
2.25074
2.25098
2.25142
2.25165
2.2518
2.25222
2.25241
2.25262
2.25286
2.25325
2.25337
2.25352
2.25365
2.25392
2.25404
2.25422
2.25446
2.25468
2.25481
2.25498
2.25523
2.25535
2.25548
2.25561
2.25578
2.25592
2.25609
2.25618
2.25637
2.25644
2.25649
2.25664
2.25668
2.25673
2.25679
2.25692
2.25695
2.25699
2.25699
2.25718
2.25714
2.25717
2.25726
2.25731
2.25728
2.25729
2.25738
2.25741
2.25743
2.25742
2.2574
2.25742
2.25742
2.25744
2.25741
2.2574
2.25734
2.25726
2.25728
2.25724
2.25721
2.25705
2.25698
2.25689
2.25681
2.25674
2.25667
2.25658
2.2565
2.25629
2.25622
2.25619
2.25606
2.25589
2.25574
2.25559
2.25534
2.25521
2.25503
2.25497
2.25463
2.25451
2.25431
2.25414
2.25371
2.25354
2.25343
2.25324
2.25291
2.25273
2.25246
2.252
2.25167
2.25146
2.25119
2.2507
2.25045
2.25018
2.24989
2.24948
2.24924
2.24898
2.24846
2.24819
2.2479
2.24758
2.24697
2.24663
2.24639
2.24609
2.24566
2.24558
2.24549
2.24543
2.24553
2.24559
2.24548
2.24559
2.24597
2.24663
2.24737
2.24973
2.25116
2.25234
2.25352
2.25592
2.25706
2.25825
2.26071
2.26182
2.263
2.26414
2.26646
2.26773
2.26894
2.27011
2.27257
2.27379
2.27488
2.27608
2.27848
2.27965
2.28077
2.283
2.28414
2.28524
2.28635
2.28856
2.28962
2.29078
2.29186
2.29403
2.29512
2.29621
2.2973
2.29941
2.3005
2.30159
2.30379
2.30487
2.30598
2.307
2.30918
2.31023
2.31132
2.31241
2.3145
2.31551
2.3166
2.31761
2.31963
2.32058
2.32163
2.3236
2.32452
2.32556
2.3266
2.32849
2.32948
2.33045
2.33146
2.33351
2.33451
2.33552
2.33649
2.33845
2.33948
2.34048
2.34235
2.34331
2.34426
2.34517
2.34712
2.34797
2.3489
2.34978
2.35157
2.35248
2.3534
2.3552
2.35606
2.35696
2.35782
2.35956
2.3604
2.36132
2.36216
2.36387
2.36478
2.36567
2.36658
2.36823
2.36907
2.36996
2.37161
2.37252
2.37332
2.3742
2.37581
2.37658
2.37743
2.37821
2.37969
2.38047
2.38136
2.38211
2.3836
2.38435
2.38515
2.38664
2.38742
2.38812
2.38885
2.39039
2.39114
2.39186
2.39254
2.39403
2.39476
2.39544
2.39622
2.39767
2.3983
2.39903
2.40035
2.40112
2.40176
2.40247
2.4038
2.40446
2.40509
2.40585
2.40708
2.40775
2.40839
2.40959
2.41021
2.41082
2.41141
2.41269
2.41323
2.41377
2.4144
2.41563
2.41622
2.41678
2.41738
2.41839
2.419
2.41957
2.42057
2.42113
2.42168
2.42219
2.4233
2.42386
2.42439
2.42484
2.42592
2.4264
2.42682
2.42735
2.42843
2.42892
2.42932
2.43026
2.43074
2.43124
2.43161
2.43256
2.43304
2.43344
2.43383
2.43481
2.4352
2.43562
2.43603
2.43676
2.4372
2.43761
2.43828
2.43861
2.43907
2.43947
2.44011
2.4404
2.44074
2.44111
2.44182
2.44212
2.44245
2.44307
2.4434
2.44371
2.44406
2.44463
2.44483
2.44509
2.44538
2.44597
2.44625
2.44651
2.44663
2.44716
2.44742
2.4477
2.44821
2.4484
2.44863
2.44891
2.44924
2.44935
2.44955
2.44967
2.44998
2.45013
2.45029
2.4505
2.45093
2.45097
2.45113
2.45135
2.45144
2.45158
2.45174
2.45191
2.45206
2.45214
2.45234
2.45251
2.45259
2.45267
2.45273
2.45285
2.45287
2.45294
2.45295
2.45307
2.45303
2.45303
2.45309
2.45315
2.45311
2.4531
2.45306
2.4531
2.4531
2.45313
2.45312
2.45311
2.45301
2.45297
2.45295
2.45305
2.45292
2.45282
2.45279
2.45276
2.45264
2.45246
2.45236
2.45232
2.45206
2.45189
2.45179
2.45168
2.45148
2.45134
2.45121
2.45104
2.45073
2.45052
2.4504
2.45021
2.44985
2.44959
2.44942
2.44901
2.44881
2.44846
2.44828
2.44782
2.44755
2.44729
2.44706
2.44644
2.44623
2.44596
2.44573
2.44512
2.44481
2.44449
2.44388
2.44377
2.44368
2.44346
2.44329
2.44337
2.44334
2.44342
2.44341
2.44341
2.4434
2.4434
2.4434
2.44338
2.44336
2.44336
2.44341
2.4434
2.4434
2.44342
2.44338
2.44338
2.44338
2.4434
2.44338
2.4434
2.4434
2.44342
2.44338
2.4434
2.44337
2.44338
2.44338
2.4434
2.44338
2.44337
2.44337
2.4434
2.44336
2.4434
2.4434
2.44336
2.44338
2.44338
2.44337
2.44342
2.44341
2.44341
2.44337
2.44338
2.44338
2.44338
2.44342
2.44337
2.4434
2.4434
2.44342
2.44337
2.4434
2.44337
2.44338
2.44341
2.4434
2.44337
2.44336
2.44337
2.44337
2.44343
2.44337
2.44338
2.44338
2.44338
2.44337
2.4434
2.44338
2.44341
2.44335
2.44341
2.44337
2.44338
2.44342
2.44341
2.44337
2.44341
2.44338
2.4434
2.44338
2.4434
2.44338
2.44341
2.4434
2.44337
2.44341
2.44341
2.4434
2.44342
2.44341
2.44342
2.4434
2.44338
2.44341
2.44341
2.44337
2.44337
2.4434
2.44338
2.44335
2.44342
2.44338
2.44341
2.44338
2.44338
2.44338
2.44338
2.44342
2.44338
2.44336
2.44337
2.44341
2.4434
2.44337
2.44342
2.44337
2.44343
2.44337
2.44335
2.4434
2.44338
2.44336
2.44336
2.44341
2.44337
2.44341
2.44341
2.44338
2.44342
2.44336
2.44337
2.44337
2.44341
2.44338
2.44337
2.44336
2.44336
2.4434
2.44338
2.44336
2.44336
2.44338
2.44342
2.44336
2.4434
2.44338
2.44338
2.4434
2.44335
2.44343
2.44336
2.4434
2.44337
2.44337
2.44337
2.44338
2.44341
2.44337
2.4434
2.44337
2.44336
2.44338
2.44341
2.4434
2.44337
2.44343
2.44338
2.44337
2.44338
2.44336
2.4434
2.44336
2.44336
2.44337
2.44338
2.44337
2.44337
2.44334
2.4434
2.44335
2.44338
2.4434
2.44337
2.44341
2.44337
2.4434
2.44337
2.44338
2.44337
2.4434
2.44338
2.44337
2.44341
2.4434
2.44338
2.4434
2.44337
2.44338
2.44342
2.44336
2.4434
2.4434
2.44337
2.44337
2.44336
2.44338
2.4434
2.44338
2.44336
2.44342
2.44338
2.44335
2.4434
2.44338
2.4434
2.44336
2.44341
2.44335
2.44338
2.44336
2.44335
2.44341
2.4434
2.44342
2.44338
2.4434
2.4434
2.4434
2.44338
2.44338
2.44341
2.4434
2.44342
2.44338
2.44335
2.44338
2.44336
2.44336
2.4434
2.44338
2.44336
2.44338
2.44338
2.44341
2.44337
2.44334
2.44337
2.44337
2.44342
2.44341
2.44338
2.4434
2.44338
2.44337
2.44338
2.44337
2.44338
2.44334
2.44342
2.44338
2.44338
2.44341
2.4434
2.44337
2.4434
2.44338
2.44337
2.4434
2.4434
2.44337
2.44342
2.44338
2.4434
2.4434
2.4434
2.4434
2.44341
2.44338
2.44341
2.4434
2.44338
2.4434
2.44338
2.4434
2.4434
2.44341
2.44335
2.44337
2.44341
2.44335
2.44342
2.44338
2.44338
2.44337
2.44337
2.44338
2.44338
2.44338
2.4434
2.44337
2.4434
2.4434
2.4434
2.4434
2.44341
2.44337
2.4434
2.44337
2.44337
2.44338
2.44341
2.4434
2.44338
2.44338
2.44336
2.44337
2.4434
2.44342
2.44337
2.44336
2.44341
2.4434
2.44341
2.4434
2.44342
2.4434
2.4434
2.44338
2.44337
2.4434
2.44338
2.44343
2.44341
2.4434
2.44338
2.44338
2.44338
2.44338
2.44338
2.44335
2.44336
2.44338
2.44336
2.44337
2.44343
2.44341
2.44338
2.4434
2.44337
2.44338
2.4434
2.4434
2.44337
2.44335
2.4434
2.4434
2.44341
2.44338
2.44338
2.4434
2.44341
2.44341
2.44341
2.4434
2.44338
2.44338
2.4434
2.44336
2.44338
2.44342
2.44336
2.4434
2.4434
2.44338
2.44341
2.44337
2.4434
2.44341
2.44338
2.44338
2.44336
2.44337
2.44336
2.44336
2.44338
2.44337
2.44336
2.44338
2.44338
2.44338
2.44341
2.44336
2.44342
2.44336
2.44342
2.44337
2.44338
2.4434
2.44335
2.44341
2.44336
2.44341
2.4434
2.44338
2.44337
2.44336
2.44336
2.44341
2.44338
2.4434
