2.199889999999982138e+00
2.199889999999982138e+00
2.199471035466330715e+00
2.198235558580333926e+00
2.195807703126983146e+00
2.191833854909126078e+00
2.185983706452593545e+00
2.177951920664282781e+00
2.167460446457703860e+00
2.154261374615881852e+00
2.138139921109597719e+00
2.118916612403379585e+00
2.096447108340277143e+00
2.070617835867957890e+00
2.041336683971930466e+00
2.008520841217516839e+00
1.972086581710088327e+00
1.931945210541939906e+00
1.888005399286825092e+00
1.840178708396754903e+00
1.788384864248105277e+00
1.732555149901232383e+00
1.672633885910030926e+00
1.608578598685851846e+00
1.540359431087835906e+00
1.467958165220343725e+00
1.391367142530540724e+00
1.310588366377697378e+00
1.225633062652413230e+00
1.136521899246833112e+00
1.043285936351998622e+00
9.459682457855989046e-01
8.446260431338735719e-01
7.393331373084416347e-01
6.301825099868223479e-01
5.172888768061766340e-01
4.007911403162607300e-01
2.808547090882606567e-01
1.576737085046761855e-01
3.147311906235231160e-02
-9.748917769165327263e-02
-2.289205936639992223e-01
-3.624925941452969980e-01
-4.978405197395028292e-01
-6.345650590222137177e-01
-7.722358973108823799e-01
-9.103977972400619789e-01
-1.048578900542494363e+00
-1.186300476208266286e+00
-1.323086857795466420e+00
-1.458474109508153926e+00
-1.592016154251807869e+00
-1.723287655026783716e+00
-1.851883692890488486e+00
-1.977417004841768744e+00
-2.099514047349952062e+00
-2.217811336069992922e+00
-2.331953360267470021e+00
-2.441592921059128507e+00
-2.546394088039113601e+00
-2.646037259854468804e+00
-2.740225243502310892e+00
-2.828689008811759553e+00
-2.911191903693200800e+00
-2.987531565421011948e+00
-3.057539359315127214e+00
-3.121077725714127116e+00
-3.178036186506901117e+00
-3.228326907344667429e+00
-3.271880648657487178e+00
-3.308643715098327664e+00
-3.338576188372861520e+00
-3.361651374654521796e+00
-3.377856099623570252e+00
-3.387191320157080021e+00
-3.389672531321285209e+00
-3.385329609578898946e+00
-3.374205977744379581e+00
-3.356357221783331291e+00
-3.331849474627742058e+00
-3.300757982913535837e+00
-3.263166288242718149e+00
-3.219166393283380945e+00
-3.168860156151914964e+00
-3.112361985150850163e+00
-3.049802727407075142e+00
-2.981334505340743402e+00
-2.907136185071367507e+00
-2.827419152708551486e+00
-2.742433079409153152e+00
-2.652471312287726146e+00
-2.557875401337966093e+00
-2.459038088317795356e+00
-2.356403939376123802e+00
-2.250466848112238960e+00
-2.141764010343818025e+00
-2.030866711990328533e+00
-1.918369222179533207e+00
-1.804877906006105315e+00
-1.691002989432676351e+00
-1.577355023765226072e+00
-1.464547103710735820e+00
-1.353202602376774699e+00
-1.243966935088687498e+00
-1.137520878731382856e+00
-1.034592382910057839e+00
-9.359637401911231613e-01
-8.424716097145725779e-01
-7.549988399866081057e-01
-6.744591813235759625e-01
-6.017782671503464353e-01
-5.378758276851149933e-01
-4.836542566497801787e-01
-4.399972240734596474e-01
-4.077794974867685607e-01
-3.878862698147507171e-01
-3.812377164438237043e-01
-3.888125303421784973e-01
-4.116629905007637702e-01
-4.509140028650942544e-01
-5.077399673492868359e-01
-5.833165474520553007e-01
-6.787490260967015132e-01
-7.949835612626539039e-01
-9.327105260498932404e-01
-1.092269141220011397e+00
-1.273560232214321353e+00
-1.475970949137628496e+00
-1.698313693759368137e+00
-1.938782417234381494e+00
-2.194932559897840196e+00
-2.463694499537347760e+00
-2.741431868218747070e+00
-3.024052972329126732e+00
-3.307174845491542392e+00
-3.586327164300230574e+00
-3.857172196579735424e+00
-4.115712395723958750e+00
-4.358461470792127201e+00
-4.582565436290243710e+00
-4.785872071345882439e+00
-4.966955649002494866e+00
-5.125106727301593779e+00
-5.260295074074456956e+00
-5.373109926399393999e+00
-5.464678580222868121e+00
-5.536563867638268910e+00
-5.590643985863314569e+00
-5.628983029202324850e+00
-5.653704669283685647e+00
-5.666882152205446666e+00
-5.670454436977804491e+00
-5.666172426129773676e+00
-5.655573379847314008e+00
-5.639977683534127095e+00
-5.620500703342525384e+00
-5.598072979754284084e+00
-5.573463561379735864e+00
-5.547303094529413059e+00
-5.520104890365252537e+00
-5.492283377620339024e+00
-5.464170061413078372e+00
-5.436027397348530243e+00
-5.408060980813900187e+00
-5.380430305139686453e+00
-5.353258194673372827e+00
-5.326638936603965924e+00
-5.300645118689437219e+00
-5.275333197371434579e+00
-5.250747844699253264e+00
-5.226925145831502029e+00
-5.203894750460547947e+00
-5.181681130414072634e+00
-5.160304155617011723e+00
-5.139779246405169921e+00
-5.120117362537659034e+00
-5.101325037195154621e+00
-5.083404575058053432e+00
-5.066354440506171564e+00
-5.050169792480262210e+00
-5.034843085793345274e+00
-5.020364648695836429e+00
-5.006723152591626480e+00
-4.993905904672925722e+00
-4.981898915590361909e+00
-4.970686721172585365e+00
-4.960251965464875568e+00
-4.950574773808435580e+00
-4.941631952375982628e+00
-4.933396045831715426e+00
-4.925834279260142168e+00
-4.918907420837578037e+00
-4.912568640583688584e+00
-4.906762508832263947e+00
-4.901424359188577995e+00
-4.896480297679505433e+00
-4.891848121105074831e+00
-4.887439271086934767e+00
-4.883161701793731879e+00
-4.878923258214721947e+00
-4.874634975087356992e+00
-4.870213710580638455e+00
-4.865583720835104486e+00
-4.860677065702478039e+00
-4.855432996415526503e+00
-4.849796644560166570e+00
-4.843717402783460635e+00
-4.837147386474311972e+00
-4.830040312393308888e+00
-4.822351026418418840e+00
-4.814035755182024978e+00
-4.805052965080883531e+00
-4.795364542202034563e+00
-4.784936926058744433e+00
-4.773741872694744259e+00
-4.761756661708360205e+00
-4.748963729424720448e+00
-4.735349845230171439e+00
-4.720905024619942658e+00
-4.705621397712248744e+00
-4.689492242426648971e+00
-4.672511355122177967e+00
-4.654672865240318202e+00
-4.635971503188822673e+00
-4.616403219132260816e+00
-4.595965961930438048e+00
-4.574660400351098666e+00
-4.552490413605968733e+00
-4.529463269329695230e+00
-4.505589501162281074e+00
-4.480882562846609574e+00
-4.455358362903444558e+00
-4.429034782960083128e+00
-4.401931267625481148e+00
-4.374068553833864392e+00
-4.345468586191064908e+00
-4.316154642900595029e+00
-4.286151676784607290e+00
-4.255486862499264333e+00
-4.224190337358269431e+00
-4.192296125583042432e+00
-4.159843232958587045e+00
-4.126876876250997306e+00
-4.093449758642712766e+00
-4.059623219199663957e+00
-4.025467989663729540e+00
-3.991064227936323316e+00
-3.956500524332335456e+00
-3.921871742265437000e+00
-3.887275848174374104e+00
-3.852810206243404867e+00
-3.818568010633988319e+00
-3.784635497390759884e+00
-3.751090339524505879e+00
-3.718001304939050122e+00
-3.685428980436059820e+00
-3.653427202453523037e+00
-3.622044780978052714e+00
-3.591327121492244423e+00
-3.561317415924066587e+00
-3.532057185411958233e+00
-3.503586118625769075e+00
-3.475941338433911287e+00
-3.449156389969258552e+00
-3.423260308501502980e+00
-3.398277068822554092e+00
-3.374225573713552695e+00
-3.351120177107134612e+00
-3.328971614250663791e+00
-3.307788144350296555e+00
-3.287576689487430759e+00
-3.268343761236968792e+00
-3.250096000128339213e+00
-3.232840221262982983e+00
-3.216582965461228572e+00
-3.201329678783018551e+00
-3.187083738736580241e+00
-3.173845568742913681e+00
-3.161612024272789867e+00
-3.150376128382019747e+00
-3.140127132133778254e+00
-3.130850811543797185e+00
-3.122529893283600089e+00
-3.115144512689925094e+00
-3.108672631348632365e+00
-3.103090364235466136e+00
-3.098372181709381668e+00
-3.094490958572843287e+00
-3.091417843138745791e+00
-3.089121917567645870e+00
-3.087569621177941315e+00
-3.086723916121615563e+00
-3.086543195994261524e+00
-3.086979980010382540e+00
-3.087979504684069454e+00
-3.089478420524071733e+00
-3.091403904458789764e+00
-3.093673564434257450e+00
-3.096196474938369469e+00
-3.098875488655780774e+00
-3.101610637166081208e+00
-3.104303080750614452e+00
-3.106858864851479662e+00
-3.109191796747191372e+00
-3.111225034660740185e+00
-3.112891337212311260e+00
-3.114132209502055382e+00
-3.114896339713419060e+00
-3.115137762166979130e+00
-3.114814152513202039e+00
-3.113885585460939964e+00
-3.112313965894235146e+00
-3.110063176232404469e+00
-3.107099789365173059e+00
-3.103394038077733175e+00
-3.098920675806169811e+00
-3.093659432646789220e+00
-3.087594923259724400e+00
-3.080716026439473954e+00
-3.073014875262665591e+00
-3.064485658838992599e+00
-3.055123456468367582e+00
-3.044923318124410194e+00
-3.033879771886748955e+00
-3.021986867256168274e+00
-3.009238748728027435e+00
-2.995630620614119000e+00
-2.981159863843099611e+00
-2.965827046667830924e+00
-2.949636640610132421e+00
-2.932597369536216192e+00
-2.914722226294732099e+00
-2.896028251306518531e+00
-2.876536177032903652e+00
-2.856270019010392236e+00
-2.835256661039538884e+00
-2.813525457754226355e+00
-2.791107872921893662e+00
-2.768037187409452926e+00
-2.744348337160787299e+00
-2.720077962240925018e+00
-2.695264748476333683e+00
-2.669950118402539818e+00
-2.644179281324976927e+00
-2.618002586888636074e+00
-2.591477041920317692e+00
-2.564667747134048437e+00
-2.537648905022039436e+00
-2.510503988095474259e+00
-2.483324706446117247e+00
-2.456208629424104561e+00
-2.429255675316770002e+00
-2.402564053588248427e+00
-2.376226443569292801e+00
-2.350327114463632405e+00
-2.324940384931919901e+00
-2.300130447800023070e+00
-2.275952296346479553e+00
-2.252453341471828629e+00
-2.229675280478175647e+00
-2.207655819471883163e+00
-2.186429933421940586e+00
-2.166030469589941276e+00
-2.146488065212116769e+00
-2.127830535596896055e+00
-2.110082034879519508e+00
-2.093262335789312978e+00
-2.077386500049646312e+00
-2.062465061986485715e+00
-2.048504695342646453e+00
-2.035509225812801581e+00
-2.023480797640751394e+00
-2.012420985595353873e+00
-2.002331649423265691e+00
-1.993215358575255669e+00
-1.985075284346928592e+00
-1.977914569216784102e+00
-1.971735313755923258e+00
-1.966537416892550905e+00
-1.962317518203874123e+00
-1.959068217780569165e+00
-1.956777634160403068e+00
-1.955429261664602736e+00
-1.955002040204288249e+00
-1.955470554907703384e+00
-1.956805319584536740e+00
-1.958973140041316174e+00
-1.961937575602968220e+00
-1.965659503164803201e+00
-1.970097737304473684e+00
-1.975209593847324419e+00
-1.980951238332828268e+00
-1.987277663048003129e+00
-1.994142189204104465e+00
-2.001495475487237830e+00
-2.009284110645309429e+00
-2.017448969318304197e+00
-2.025923617916755681e+00
-2.034633159195521124e+00
-2.043493957435574604e+00
-2.052414621328702449e+00
-2.061298384820218210e+00
-2.070046645763921500e+00
-2.078563040826927111e+00
-2.086757243246163185e+00
-2.094547770669237252e+00
-2.101863418919943438e+00
-2.108643320900692064e+00
-2.114835916573156283e+00
-2.120397257835529015e+00
-2.125289091294550126e+00
-2.129477114259878512e+00
-2.132929713455520293e+00
-2.135617371377465101e+00
-2.137512757659499218e+00
-2.138591337218334498e+00
-2.138832184730242947e+00
-2.138218658492494040e+00
-2.136738669125120005e+00
-2.134384431284620298e+00
-2.131151737977115879e+00
-2.127038901138507132e+00
-2.122045554000275835e+00
-2.116171528033029769e+00
-2.109416013246625976e+00
-2.101777180437647274e+00
-2.093252371197776629e+00
-2.083838841255684304e+00
-2.073534903952626518e+00
-2.062341221970740879e+00
-2.050261986956730897e+00
-2.037305809098765241e+00
-2.023486261711902046e+00
-2.008822126736302227e+00
-1.993337429534207228e+00
-1.977061335636776329e+00
-1.960027931899321674e+00
-1.942275862224576155e+00
-1.923847765452916692e+00
-1.904789492610103441e+00
-1.885149161852708977e+00
-1.864976209335889035e+00
-1.844320660051490091e+00
-1.823232835459875245e+00
-1.801763635899091831e+00
-1.779965419361038581e+00
-1.757893378693681230e+00
-1.735607209059718103e+00
-1.713172753324344377e+00
-1.690663221397248783e+00
-1.668159538548405374e+00
-1.645749453423325459e+00
-1.623525279330930493e+00
-1.601580519952388704e+00
-1.580005998772824327e+00
-1.558886284476538542e+00
-1.538297089944317575e+00
-1.518303993683254971e+00
-1.498962462750560221e+00
-1.480318889194502052e+00
-1.462412231513297911e+00
-1.445275844426575640e+00
-1.428939132559871705e+00
-1.413428748832578963e+00
-1.398769176894615773e+00
-1.384982692331132359e+00
-1.372088865522912871e+00
-1.360103893469475800e+00
-1.349040073672495232e+00
-1.338905652287406101e+00
-1.329705138306461976e+00
-1.321440040124435278e+00
-1.314109889099626560e+00
-1.307713367982962005e+00
-1.302249343348086841e+00
-1.297717600090918744e+00
-1.294119101103766933e+00
-1.291455665953973764e+00
-1.289729085514379037e+00
-1.288939835243251730e+00
-1.289085655899131488e+00
-1.290160282644143397e+00
-1.292152519710566105e+00
-1.295045730321067179e+00
-1.298817705299250225e+00
-1.303440824552794419e+00
-1.308882430475996950e+00
-1.315105366127211406e+00
-1.322068665808228349e+00
-1.329728401527802140e+00
-1.338038677833981005e+00
-1.346952734537748109e+00
-1.356424077757672819e+00
-1.366407534623004461e+00
-1.376860130020359119e+00
-1.387741715267381659e+00
-1.399015325640607488e+00
-1.410647288633548602e+00
-1.422607134827843955e+00
-1.434867374578082222e+00
-1.447403199977114419e+00
-1.460192159423680414e+00
-1.473213837574282481e+00
-1.486449560338306775e+00
-1.499882134507614095e+00
-1.513495624780487603e+00
-1.527275166813130136e+00
-1.541206812774533974e+00
-1.555277405017092995e+00
-1.569474473385235713e+00
-1.583786152007639281e+00
-1.598201111926152995e+00
-1.612708506471447700e+00
-1.627297926828952024e+00
-1.641959365714735553e+00
-1.656683187488021458e+00
-1.671460103365381311e+00
-1.686281150677689133e+00
-1.701137675333124655e+00
-1.716021316826754184e+00
-1.730923995277663163e+00
-1.745837900085404293e+00
-1.760755479884642316e+00
-1.775669433545248088e+00
-1.790572702018669249e+00
-1.805458460873356152e+00
-1.820320113394832795e+00
-1.835151284151633977e+00
-1.849945812948299295e+00
-1.864697749102074864e+00
-1.879401345991819960e+00
-1.894051055836456721e+00
-1.908641524666574218e+00
-1.923167587456697580e+00
-1.937624263387269341e+00
-1.952006751204297785e+00
-1.966310424640322907e+00
-1.980530827851830766e+00
-1.994663670813837220e+00
-2.008704824589528037e+00
-2.022650316357641476e+00
-2.036496324026820126e+00
-2.050239170185515825e+00
-2.063875315014880307e+00
-2.077401347610530635e+00
-2.090813974887584248e+00
-2.104110006838466163e+00
-2.117286336311353434e+00
-2.130339910588240571e+00
-2.143267690740034759e+00
-2.156066592856920039e+00
-2.168733402600153237e+00
-2.181264650917690950e+00
-2.193656434186398663e+00
-2.205904156953763628e+00
-2.218002171518809629e+00
-2.229943289982050825e+00
-2.241718159605641691e+00
-2.253314535244677952e+00
-2.264716568258647200e+00
-2.275904357499588304e+00
-2.286854119139583030e+00
-2.297539297838480099e+00
-2.307932636720674058e+00
-2.318008729768149756e+00
-2.327746258876500551e+00
-2.337129275469420175e+00
-2.346147388913600196e+00
-2.354795157535917394e+00
-2.363071111533557644e+00
-2.370976741286183742e+00
-2.378515626211979761e+00
-2.385692757815977671e+00
-2.392514045675105283e+00
-2.398985971104393489e+00
-2.405115350671712005e+00
-2.410909177581907148e+00
-2.416374516648086779e+00
-2.421518435455938256e+00
-2.426347959682327193e+00
-2.430870044410181396e+00
-2.435091555984144396e+00
-2.439019260789039301e+00
-2.442659818564282048e+00
-2.446019778684614732e+00
-2.449105578376860048e+00
-2.451923542197098627e+00
-2.454479882325431905e+00
-2.456780699388080969e+00
-2.458831983616553085e+00
-2.460639616219110426e+00
-2.462209370882718851e+00
-2.463546915351804589e+00
-2.464657813048630963e+00
-2.465547524712237148e+00
-2.466221410040864814e+00
-2.466684729328041836e+00
-2.466942645085953068e+00
-2.467000223652005442e+00
-2.466862436776000589e+00
-2.466534163186316242e+00
-2.466020190134157186e+00
-2.465325214915372154e+00
-2.464453846369607959e+00
-2.463410606356777333e+00
-2.462199931210923509e+00
-2.460826173171658748e+00
-2.459293601793400175e+00
-2.457606405332660948e+00
-2.455768692113674767e+00
-2.453784491872648577e+00
-2.451657757080938360e+00
-2.449392364247452214e+00
-2.446992115200581352e+00
-2.444460738349961471e+00
-2.441801889928362446e+00
-2.439019155214006140e+00
-2.436116049733599187e+00
-2.433096020446377405e+00
-2.429962446909442519e+00
-2.426718642424675831e+00
-2.423367855167505525e+00
-2.419913269297803371e+00
-2.416358006053179519e+00
-2.412705124824940928e+00
-2.408957624216979898e+00
-2.405118443087847613e+00
-2.401190461576267587e+00
-2.397176502110343499e+00
-2.393079330400705196e+00
-2.388901656417839803e+00
-2.384646135353844620e+00
-2.380315368568842516e+00
-2.375911904522290730e+00
-2.371438239689413585e+00
-2.366896819462984247e+00
-2.362290039040681577e+00
-2.357620244298238354e+00
-2.352889732648601573e+00
-2.348100753887312209e+00
-2.343255511024322502e+00
-2.338356161102449704e+00
-2.333404816002678128e+00
-2.328403543236503559e+00
-2.323354366725523423e+00
-2.318259267568464121e+00
-2.313120184795841805e+00
-2.307939016112440900e+00
-2.302717618627802221e+00
-2.297457809574900534e+00
-2.292161367017194529e+00
-2.286830030544227732e+00
-2.281465501955955322e+00
-2.276069445935972269e+00
-2.270643490713808443e+00
-2.265189228716465664e+00
-2.259708217209355219e+00
-2.254201978926805960e+00
-2.248672002692297056e+00
-2.243119744028579277e+00
-2.237546625757836249e+00
-2.231954038592043332e+00
-2.226343341713673318e+00
-2.220715863346896857e+00
-2.215072901319428134e+00
-2.209415723615157034e+00
-2.203745568917712561e+00
-2.198063647145095612e+00
-2.192371139975522798e+00
-2.186669201364615844e+00
-2.180958958054068475e+00
-2.175241510071926676e+00
-2.169517931224612006e+00
-2.163789269580814079e+00
-2.158056547947379666e+00
-2.152320764337325443e+00
-2.146582892430091594e+00
-2.140843882024163314e+00
-2.135104659482173872e+00
-2.129366128168610484e+00
-2.123629168880235341e+00
-2.117894640269338158e+00
-2.112163379259929030e+00
-2.106436201456987067e+00
-2.100713901548867391e+00
-2.094997253702977957e+00
-2.089287011954829687e+00
-2.083583910590565136e+00
-2.077888664523065643e+00
-2.072201969661740417e+00
-2.066524503276095270e+00
-2.060856924353179576e+00
-2.055199873949006051e+00
-2.049553975534039729e+00
-2.043919835332851154e+00
-2.038298042658020837e+00
-2.032689170238389575e+00
-2.027093774541743887e+00
-2.021512396092023156e+00
-2.015945559781133323e+00
-2.010393775175456810e+00
-2.004857536817139518e+00
-1.999337324520236159e+00
-1.993833603661800957e+00
-1.988346825467997681e+00
-1.982877427295311801e+00
-1.977425832906941405e+00
-1.971992452744443458e+00
-1.966577684194710685e+00
-1.961181911852354354e+00
-1.955805507777565122e+00
-1.950448831749524103e+00
-1.945112231515435441e+00
-1.939796043035250328e+00
-1.934500590722151303e+00
-1.929226187678864335e+00
-1.923973135929865519e+00
-1.918741726649548118e+00
-1.913532240386414784e+00
-1.908344947283358906e+00
-1.903180107294097256e+00
-1.898037970395816565e+00
-1.892918776798093283e+00
-1.887822757148149400e+00
-1.882750132732500026e+00
-1.877701115675052934e+00
-1.872675909131716221e+00
-1.867674707481572494e+00
-1.862697696514671319e+00
-1.857745053616498332e+00
-1.852816947949172510e+00
-1.847913540629426032e+00
-1.843034984903417106e+00
-1.838181426318428846e+00
-1.833353002891504380e+00
-1.828549845275067032e+00
-1.823772076919575102e+00
-1.819019814233260979e+00
-1.814293166738999208e+00
-1.809592237228353273e+00
-1.804917121912844369e+00
-1.800267910572490582e+00
-1.795644686701657999e+00
-1.791047527652270599e+00
-1.786476504774419327e+00
-1.781931683554416113e+00
-1.777413123750331891e+00
-1.772920879525061943e+00
-1.768454999576958286e+00
-1.764015527268069317e+00
-1.759602500750025778e+00
-1.755215953087613689e+00
-1.750855912380069102e+00
-1.746522401880135966e+00
-1.742215440110920666e+00
-1.737935040980583157e+00
-1.733681213894897155e+00
-1.729453963867718214e+00
-1.725253291629390340e+00
-1.721079193733129786e+00
-1.716931662659416213e+00
-1.712810686918426528e+00
-1.708716251150542931e+00
-1.704648336224967808e+00
-1.700606919336476563e+00
-1.696591974100340572e+00
-1.692603470645450026e+00
-1.688641375705667080e+00
-1.684705652709439061e+00
-1.680796261867700814e+00
-1.676913160260095292e+00
-1.673056301919540356e+00
-1.669225637915169980e+00
-1.665421116433676962e+00
-1.661642682859084452e+00
-1.657890279850972926e+00
-1.654163847421188160e+00
-1.650463323009056849e+00
-1.646788641555134269e+00
-1.643139735573510007e+00
-1.639516535222695248e+00
-1.635918968375116966e+00
-1.632346960685240989e+00
-1.628800435656349022e+00
-1.625279314705992517e+00
-1.621783517230144689e+00
-1.618312960666074884e+00
-1.614867560553965520e+00
-1.611447230597294000e+00
-1.608051882722001613e+00
-1.604681427134468263e+00
-1.601335772378315925e+00
-1.598014825390059901e+00
-1.594718491553627437e+00
-1.591446674753764112e+00
-1.588199277428347322e+00
-1.584976200619625297e+00
-1.581777344024400289e+00
-1.578602606043175260e+00
-1.575451883828281385e+00
-1.572325073331003464e+00
-1.569222069347722792e+00
-1.566142765565093464e+00
-1.563087054604267889e+00
-1.560054828064191268e+00
-1.557045976563978140e+00
-1.554060389784389429e+00
-1.551097956508425302e+00
-1.548158564661048286e+00
-1.545242101348054620e+00
-1.542348452894105826e+00
-1.539477504879937619e+00
-1.536629142178760787e+00
-1.533803248991866486e+00
-1.530999708883452159e+00
-1.528218404814681852e+00
-1.525459219176992676e+00
-1.522722033824663646e+00
-1.520006730106658210e+00
-1.517313188897754461e+00
-1.514641290628975234e+00
-1.511990915317331652e+00
-1.509361942594891426e+00
-1.506754251737184580e+00
-1.504167721690959691e+00
-1.501602231101300200e+00
-1.499057658338114996e+00
-1.496533881522012388e+00
-1.494030778549570782e+00
-1.491548227118015157e+00
-1.489086104749312023e+00
-1.486644288813692372e+00
-1.484222656552613762e+00
-1.481821085101170832e+00
-1.479439451509966919e+00
-1.477077632766453652e+00
-1.474735505815750303e+00
-1.472412947580952647e+00
-1.470109834982939567e+00
-1.467826044959688048e+00
-1.465561454485105441e+00
-1.463315940587387454e+00
-1.461089380366911161e+00
-1.458881651013672620e+00
-1.456692629824275942e+00
-1.454522194218484277e+00
-1.452370221755338919e+00
-1.450236590148856974e+00
-1.448121177283314021e+00
-1.446023861228119545e+00
-1.443944520252294916e+00
-1.441883032838559009e+00
-1.439839277697030795e+00
-1.437813133778555130e+00
-1.435804480287660390e+00
-1.433813196695153724e+00
-1.431839162750361050e+00
-1.429882258493020419e+00
-1.427942364264833008e+00
-1.426019360720680140e+00
-1.424113128839512576e+00
-1.422223549934918285e+00
-1.420350505665374907e+00
-1.418493878044193579e+00
-1.416653549449159666e+00
-1.414829402631877731e+00
-1.413021320726823848e+00
-1.411229187260115259e+00
-1.409452886157998686e+00
-1.407692301755066211e+00
-1.405947318802202473e+00
-1.404217822474269184e+00
-1.402503698377532526e+00
-1.400804832556837853e+00
-1.399121111502538373e+00
-1.397452422157180463e+00
-1.395798651921953404e+00
-1.394159688662905516e+00
-1.392535420716934702e+00
-1.390925736897554943e+00
-1.389330526500445417e+00
-1.387749679308786677e+00
-1.386183085598386766e+00
-1.384630636142603732e+00
-1.383092222217067624e+00
-1.381567735604206204e+00
-1.380057068597579484e+00
-1.378560114006025294e+00
-1.377076765157623228e+00
-1.375606915903476501e+00
-1.374150460621319070e+00
-1.372707294218951324e+00
-1.371277312137505477e+00
-1.369860410354548641e+00
-1.368456485387022914e+00
-1.367065434294028714e+00
-1.365687154679454451e+00
-1.364321544694454991e+00
-1.362968503039782897e+00
-1.361627928967976242e+00
-1.360299722285404966e+00
-1.358983783354180241e+00
-1.357680013093928828e+00
-1.356388312983436872e+00
-1.355108585062164916e+00
-1.353840731931637231e+00
-1.352584656756708803e+00
-1.351340263266713082e+00
-1.350107455756492714e+00
-1.348886139087315472e+00
-1.347676218687679839e+00
-1.346477600554010889e+00
-1.345290191251250489e+00
-1.344113897913343791e+00
-1.342948628243624709e+00
-1.341794290515102128e+00
-1.340650793570651089e+00
-1.339518046823108044e+00
-1.338395960255276851e+00
-1.337284444419843732e+00
-1.336183410439206076e+00
-1.335092770005215757e+00
-1.334012435378840289e+00
-1.332942319389742503e+00
-1.331882335435783160e+00
-1.330832397482445417e+00
-1.329792420062185343e+00
-1.328762318273710719e+00
-1.327742007781187450e+00
-1.326731404813379367e+00
-1.325730426162718745e+00
-1.324738989184313542e+00
-1.323757011794890248e+00
-1.322784412471675886e+00
-1.321821110251219622e+00
-1.320867024728155759e+00
-1.319922076053910986e+00
-1.318986184935356354e+00
-1.318059272633405499e+00
-1.317141260961561811e+00
-1.316232072284413857e+00
-1.315331629516083733e+00
-1.314439856118626571e+00
-1.313556676100384957e+00
-1.312682014014298071e+00
-1.311815794956168624e+00
-1.310957944562886501e+00
-1.310108389010613772e+00
-1.309267055012928616e+00
-1.308433869818932394e+00
-1.307608761211319859e+00
-1.306791657504412951e+00
-1.305982487542161952e+00
-1.305181180696111776e+00
-1.304387666863337403e+00
-1.303601876464347997e+00
-1.302823740440960609e+00
-1.302053190254146786e+00
-1.301290157881849874e+00
-1.300534575816776117e+00
-1.299786377064160892e+00
-1.299045495139508954e+00
-1.298311864066312271e+00
-1.297585418373744526e+00
-1.296866093094333872e+00
-1.296153823761614587e+00
-1.295448546407758750e+00
-1.294750197561189475e+00
-1.294058714244174846e+00
-1.293374033970404957e+00
-1.292696094742552093e+00
-1.292024835049815357e+00
-1.291360193865449313e+00
-1.290702110644279976e+00
-1.290050525320205255e+00
-1.289405378303684291e+00
-1.288766610479213259e+00
-1.288134163202790727e+00
-1.287507978299371914e+00
-1.286887998060312732e+00
-1.286274165240804290e+00
-1.285666423057299168e+00
-1.285064715184929041e+00
-1.284468985754914527e+00
-1.283879179351968602e+00
-1.283295241011693566e+00
-1.282717116217971576e+00
-1.282144750900350294e+00
-1.281578091431424316e+00
-1.281017084624211266e+00
-1.280461677729525238e+00
-1.279911818433346227e+00
-1.279367454854187347e+00
-1.278828535540459832e+00
-1.278295009467836252e+00
-1.277766826036611958e+00
-1.277243935069066305e+00
-1.276726286806822985e+00
-1.276213831908211027e+00
-1.275706521445625130e+00
