-3.199820000000386799e-01
-3.199820000000386799e-01
-3.199820302200953037e-01
-3.199821216647159017e-01
-3.199823055158227403e-01
-3.199826123666529298e-01
-3.199830711947465600e-01
-3.199837080014710788e-01
-3.199845440898261284e-01
-3.199855940371750251e-01
-3.199868635865880662e-01
-3.199883479677975151e-01
-3.199900315215757907e-01
-3.199918896609780239e-01
-3.199938936168839065e-01
-3.199960168358239043e-01
-3.199982403506607120e-01
-3.200005547415862850e-01
-3.200029585235481533e-01
-3.200054547484853518e-01
-3.200080477782957233e-01
-3.200107412000690044e-01
-3.200135369445373246e-01
-3.200164353024077535e-01
-3.200194355314049388e-01
-3.200225368188318598e-01
-3.200257393810274076e-01
-3.200290454640942195e-01
-3.200324600254383367e-01
-3.200359909541586889e-01
-3.200396488082404289e-01
-3.200434461586194046e-01
-3.200473966955283966e-01
-3.200515142617777475e-01
-3.200558119451642480e-01
-3.200603013095325022e-01
-3.200649917884610951e-01
-3.200698902185269423e-01
-3.200750004587850084e-01
-3.200803230355357964e-01
-3.200858547686476485e-01
-3.200915883731635936e-01
-3.200975120768053683e-01
-3.201036093359631018e-01
-3.201098587555637476e-01
-3.201162343104310137e-01
-3.201227059216216753e-01
-3.201292403646594509e-01
-3.201358023948234766e-01
-3.201423558970349914e-01
-3.201488648363204348e-01
-3.201552938186885133e-01
-3.201616081672511438e-01
-3.201677735476726738e-01
-3.201737553035038375e-01
-3.201795177525597613e-01
-3.201850237285393530e-01
-3.201902346176669356e-01
-3.201951110397975864e-01
-3.201996141732476597e-01
-3.202037075568614499e-01
-3.202073590696201122e-01
-3.202105427324630771e-01
-3.202132400186217254e-01
-3.202154404804098964e-01
-3.202171416569000173e-01
-3.202183483684197807e-01
-3.202190715966178325e-01
-3.202193271819896436e-01
-3.202191345500065012e-01
-3.202185156157442147e-01
-3.202174939313646163e-01
-3.202160940500560771e-01
-3.202143410061211171e-01
-3.202122597743389254e-01
-3.202098745835734173e-01
-3.202072080160902612e-01
-3.202042799089035996e-01
-3.202011061657222268e-01
-3.201976976685974030e-01
-3.201940595306429493e-01
-3.201901909383424449e-01
-3.201860857773429214e-01
-3.201817341118937676e-01
-3.201771244117281867e-01
-3.201722462391060620e-01
-3.201670929890245709e-01
-3.201616642685136127e-01
-3.201559676120191988e-01
-3.201500194156635115e-01
-3.201438451684651687e-01
-3.201374792115763146e-01
-3.201309643464775867e-01
-3.201243516447598303e-01
-3.201177007998191049e-01
-3.201110813157477253e-01
-3.201045747576428679e-01
-3.200982781984503256e-01
-3.200923089031548763e-01
-3.200868102031517726e-01
-3.200819584282100227e-01
-3.200779706519124579e-01
-3.200751128225706732e-01
-3.200737075576903790e-01
-3.200741404842198934e-01
-3.200768635988560096e-01
-3.200823938898558207e-01
-3.200913056532301293e-01
-3.201042157468937388e-01
-3.201217624228926972e-01
-3.201445799818526394e-01
-3.201732726789691119e-01
-3.202083915361050304e-01
-3.202504168739710999e-01
-3.202997478715174373e-01
-3.203566989210875904e-01
-3.204215014763964198e-01
-3.204943096544845549e-01
-3.205752079353971218e-01
-3.206642196624278629e-01
-3.207613154545676526e-01
-3.208664209585281868e-01
-3.209794235441492671e-01
-3.211001776164290611e-01
-3.212285082545385806e-01
-3.213642129662110380e-01
-3.215070615044401947e-01
-3.216567939345972293e-01
-3.218131174458897514e-01
-3.219757027456159326e-01
-3.221441812116959125e-01
-3.223181442134422925e-01
-3.224971459886483149e-01
-3.226807110249820809e-01
-3.228683459873798456e-01
-3.230595550528412296e-01
-3.232538564897045608e-01
-3.234507979093458330e-01
-3.236499680161002979e-01
-3.238510036773238343e-01
-3.240535922738013164e-01
-3.242574701598286979e-01
-3.244624184840484427e-01
-3.246682576432590173e-01
-3.248748414135265161e-01
-3.250820514721387555e-01
-3.252897926858657196e-01
-3.254979892483727544e-01
-3.257065815352573335e-01
-3.259155234312224314e-01
-3.261247798737029191e-01
-3.263343244269734100e-01
-3.265441368078729756e-01
-3.267542003894697289e-01
-3.269644997922682705e-01
-3.271750187315178859e-01
-3.273857383241958185e-01
-3.275966360598308036e-01
-3.278076855835355685e-01
-3.280188573108342442e-01
-3.282301197069421028e-01
-3.284414408772907135e-01
-3.286527900127680923e-01
-3.288641382660112966e-01
-3.290754587931062347e-01
-3.292867259138408387e-01
-3.294979135525401559e-01
-3.297089932812973245e-01
-3.299199323913440396e-01
-3.301306924662336106e-01
-3.303412289051653739e-01
-3.305514917134591557e-01
-3.307614276244355001e-01
-3.309709832872957391e-01
-3.311801089629665129e-01
-3.313887620436362647e-01
-3.315969098092915734e-01
-3.318045310983112617e-01
-3.320116168693557634e-01
-3.322181698526796567e-01
-3.324242035836928455e-01
-3.326297410983897196e-01
-3.328348134974548067e-01
-3.330394585004526897e-01
-3.332437190449760167e-01
-3.334476419514655343e-01
-3.336512766699978871e-01
-3.338546741362393155e-01
-3.340578857721636652e-01
-3.342609626618867624e-01
-3.344639549147300772e-01
-3.346669112053777817e-01
-3.348698784640920523e-01
-3.350729016826300422e-01
-3.352760238023916872e-01
-3.354792856560543934e-01
-3.356827259379391304e-01
-3.358863811786934050e-01
-3.360902856963711161e-01
-3.362944714912150523e-01
-3.364989680495023561e-01
-3.367038020261761133e-01
-3.369089967882137882e-01
-3.371145718210283304e-01
-3.373205420292003653e-01
-3.375269170012643594e-01
-3.377337003539560567e-01
-3.379408893138625136e-01
-3.381484747116534906e-01
-3.383564415268557890e-01
-3.385647700108790348e-01
-3.387734372489361045e-01
-3.389824188577963415e-01
-3.391916904336074734e-01
-3.394012284067252638e-01
-3.396110101090712985e-01
-3.398210130498558468e-01
-3.400312135668839830e-01
-3.402415851467188168e-01
-3.404520967888878813e-01
-3.406627118277955613e-01
-3.408733876002960628e-01
-3.410840762209354504e-01
-3.412947264854759299e-01
-3.415052866149178024e-01
-3.417157072929358219e-01
-3.419259443618105077e-01
-3.421359606672381704e-01
-3.423457268109759699e-01
-3.425552208563172885e-01
-3.427644272377867174e-01
-3.429733352249556000e-01
-3.431819373031618214e-01
-3.433902277930275249e-01
-3.435982019510923080e-01
-3.438058556751801276e-01
-3.440131857857020581e-01
-3.442201906997363059e-01
-3.444268712124342602e-01
-3.446332310933012399e-01
-3.448392772918147386e-01
-3.450450196818382054e-01
-3.452504704011093439e-01
-3.454556429280083441e-01
-3.456605510808011816e-01
-3.458652081372023956e-01
-3.460696262622252606e-01
-3.462738163951841752e-01
-3.464777886732922640e-01
-3.466815533640618674e-01
-3.468851221718284861e-01
-3.470885097203375014e-01
-3.472917350222909372e-01
-3.474948228156948815e-01
-3.476978047288429297e-01
-3.479007202803592880e-01
-3.481036177013379640e-01
-3.483065544888988008e-01
-3.485095974981831657e-01
-3.487128223076567668e-01
-3.489163116124597841e-01
-3.491201525507214853e-01
-3.493244331222853938e-01
-3.495292381147757643e-01
-3.497346450779735827e-01
-3.499407208179424189e-01
-3.501475186665899408e-01
-3.503550765460513583e-01
-3.505634157049344890e-01
-3.507725400000771265e-01
-3.509824357062017453e-01
-3.511930719839099768e-01
-3.514044022310331417e-01
-3.516163664986086124e-01
-3.518288949369829943e-01
-3.520419119111775630e-01
-3.522553401392171102e-01
-3.524691041196364449e-01
-3.526831322774132138e-01
-3.528973575868993851e-01
-3.531117167802540480e-01
-3.533261485158394888e-01
-3.535405910391287154e-01
-3.537549799421051411e-01
-3.539692466300095597e-01
-3.541833180125753544e-01
-3.543971177090137203e-01
-3.546105686932163881e-01
-3.548235969037622506e-01
-3.550361350703165608e-01
-3.552481259967156246e-01
-3.554595247855087958e-01
-3.556702998488444623e-01
-3.558804328578783482e-01
-3.560899179420965455e-01
-3.562987604612884440e-01
-3.565069755921761452e-01
-3.567145868634626904e-01
-3.569216246860720254e-01
-3.571281248861124524e-01
-3.573341272592169271e-01
-3.575396742056043964e-01
-3.577448095409580531e-01
-3.579495775809317659e-01
-3.581540225618689011e-01
-3.583581884039166443e-01
-3.585621187669147392e-01
-3.587658573065086176e-01
-3.589694480094084983e-01
-3.591729354719487288e-01
-3.593763649906548951e-01
-3.595797823692258866e-01
-3.597832334204845717e-01
-3.599867632418882191e-01
-3.601904154324408469e-01
-3.603942314549574144e-01
-3.605982503127498906e-01
-3.608025086235401302e-01
-3.610070410752425629e-01
-3.612118811686271802e-01
-3.614170620988685356e-01
-3.616226175958996980e-01
-3.618285825299087932e-01
-3.620349931043790326e-01
-3.622418865240971120e-01
-3.624493001462537611e-01
-3.626572702712176355e-01
-3.628658308448404202e-01
-3.630750123685026476e-01
-3.632848412356315948e-01
-3.634953395777238971e-01
-3.637065255714864720e-01
-3.639184140713851989e-01
-3.641310173930822347e-01
-3.643443460673002066e-01
-3.645584093963477601e-01
-3.647732156749166066e-01
-3.649887719889525761e-01
-3.652050835812943874e-01
-3.654221528517894169e-01
-3.656399781103447655e-01
-3.658585522007302693e-01
-3.660778610688534829e-01
-3.662978822989161887e-01
-3.665185836276990683e-01
-3.667399214971939769e-01
-3.669618398165252482e-01
-3.671842692414596931e-01
-3.674071273770309620e-01
-3.676303202783862134e-01
-3.678537454016589381e-01
-3.680772957648305588e-01
-3.683008646665987262e-01
-3.685243500865626465e-01
-3.687476579757829054e-01
-3.689707039893181384e-01
-3.691934136329694804e-01
-3.694157211284280207e-01
-3.696375674790473020e-01
-3.698588982674545500e-01
-3.700796616867438327e-01
-3.702998072237492222e-01
-3.705192852668167114e-01
-3.707380476912034428e-01
-3.709560492156550038e-01
-3.711732491119489330e-01
-3.713896127804314218e-01
-3.716051128071842236e-01
-3.718197293285662730e-01
-3.720334497404475527e-01
-3.722462679264025853e-01
-3.724581832257452541e-01
-3.726691993446593076e-01
-3.728793233661633066e-01
-3.730885649594675724e-01
-3.732969358346048816e-01
-3.735044494367710799e-01
-3.737111208326079348e-01
-3.739169667178323109e-01
-3.741220054786824623e-01
-3.743262572636193442e-01
-3.745297440513427611e-01
-3.747324897204385441e-01
-3.749345201265258387e-01
-3.751358631758265894e-01
-3.753365488580465148e-01
-3.755366091798154060e-01
-3.757360779390730432e-01
-3.759349903139981297e-01
-3.761333823065711734e-01
-3.763312901578002578e-01
-3.765287499018546979e-01
-3.767257972221151330e-01
-3.769224677146020830e-01
-3.771187975785451618e-01
-3.773148246660937843e-01
-3.775105897436397129e-01
-3.777061377442023637e-01
-3.779015187279704535e-01
-3.780967882423844628e-01
-3.782920068299005512e-01
-3.784872386065677996e-01
-3.786825491064920168e-01
-3.788780028559838864e-01
-3.790736612739355471e-01
-3.792695814202104443e-01
-3.794658158748051013e-01
-3.796624137428445955e-01
-3.798594225418435166e-01
-3.800568905680974385e-01
-3.802548692401025998e-01
-3.804534148636248836e-01
-3.806525892809269895e-01
-3.808524590142724486e-01
-3.810530928265658535e-01
-3.812545580406171419e-01
-3.814569163161367626e-01
-3.816602196998618024e-01
-3.818645075837370229e-01
-3.820698048442267014e-01
-3.822761210858465764e-01
-3.824834507131522621e-01
-3.826917735366716644e-01
-3.829010557266114279e-01
-3.831112510804875471e-01
-3.833223026867565442e-01
-3.835341450857395196e-01
-3.837467069323419744e-01
-3.839599139951669904e-01
-3.841736921789710157e-01
-3.843879702224424211e-01
-3.846026818207581299e-01
-3.848177670906845482e-01
-3.850331734448140808e-01
-3.852488560121241634e-01
-3.854647777274930465e-01
-3.856809091425145719e-01
-3.858972279276279838e-01
-3.861137179852784929e-01
-3.863303681080681451e-01
-3.865471701983518305e-01
-3.867641171787775667e-01
-3.869812008020651062e-01
-3.871984095647060253e-01
-3.874157268495627693e-01
-3.876331293219300034e-01
-3.878505855459782881e-01
-3.880680548085871928e-01
-3.882854862313453448e-01
-3.885028183812519464e-01
-3.887199796916956385e-01
-3.889368899993134177e-01
-3.891534633344769789e-01
-3.893696117976347959e-01
-3.895852500381393191e-01
-3.898002996951977495e-01
-3.900146932493282481e-01
-3.902283770027256682e-01
-3.904413131959941219e-01
-3.906534814335060890e-01
-3.908648795778368323e-01
-3.910755241205004507e-01
-3.912854498300117889e-01
-3.914947083335339473e-01
-3.917033653171478336e-01
-3.919114962869891250e-01
-3.921191812502031748e-01
-3.923264990534995889e-01
-3.925335222444478189e-01
-3.927403131249810331e-01
-3.929469212695063662e-01
-3.931533823905845049e-01
-3.933597182028223949e-01
-3.935659368901075483e-01
-3.937720338672508480e-01
-3.939779926642079100e-01
-3.941837858800937289e-01
-3.943893762088355182e-01
-3.945947175125981699e-01
-3.947997558368964155e-01
-3.950044301813595005e-01
-3.952086728241691604e-01
-3.954124090706473971e-01
-3.956155564331333419e-01
-3.958180234035824641e-01
-3.960197081156203169e-01
-3.962204972908753842e-01
-3.964202659118369887e-01
-3.966188780374362843e-01
-3.968161890491429533e-01
-3.970120493730137090e-01
-3.972063094020776841e-01
-3.973988250351881413e-01
-3.975894630689223441e-01
-3.977781057056886116e-01
-3.979646536632234777e-01
-3.981490276946585971e-01
-3.983311686342402291e-01
-3.985110362867458900e-01
-3.986886075555925446e-01
-3.988638741813446686e-01
-3.990368403837074585e-01
-3.992075206061740933e-01
-3.993759374783178995e-01
-3.995421200468186607e-01
-3.997061022836346789e-01
-3.998679218546150049e-01
-4.000276191193781750e-01
-4.001852363290050452e-01
-4.003408169886112922e-01
-4.004944053548499250e-01
-4.006460460423901249e-01
-4.007957837175760152e-01
-4.009436628613528564e-01
-4.010897275869568235e-01
-4.012340215007509925e-01
-4.013765875969708130e-01
-4.015174681790742994e-01
-4.016567048019406561e-01
-4.017943382303925115e-01
-4.019304084104887154e-01
-4.020649544508022588e-01
-4.021980146114975674e-01
-4.023296262994932038e-01
-4.024598260683659445e-01
-4.025886496219401312e-01
-4.027161318207340690e-01
-4.028423066906124950e-01
-4.029672074331351328e-01
-4.030908664372020445e-01
-4.032133152916850261e-01
-4.033345847988069055e-01
-4.034547049880897185e-01
-4.035737051307449197e-01
-4.036916137544266925e-01
-4.038084586583174374e-01
-4.039242669285678100e-01
-4.040390649541789059e-01
-4.041528784434993971e-01
-4.042657324416288889e-01
-4.043776513491885716e-01
-4.044886589431670454e-01
-4.045987784009155708e-01
-4.047080323289100612e-01
-4.048164427987053782e-01
-4.049240313937135238e-01
-4.050308192722323897e-01
-4.051368272548159233e-01
-4.052420759480114820e-01
-4.053465859222497580e-01
-4.054503779699878407e-01
-4.055534734819390974e-01
-4.056558949951673543e-01
-4.057576669870829877e-01
-4.058588170118961336e-01
-4.059593772934824152e-01
-4.060593868824678987e-01
-4.061588944180486993e-01
-4.062579613451926530e-01
-4.063566650589794937e-01
-4.064551008896069018e-01
-4.065533813498101168e-01
-4.066516312180065151e-01
-4.067499783798781410e-01
-4.068485425358555063e-01
-4.069474253036089451e-01
-4.070467045472530021e-01
-4.071464335426863146e-01
-4.072466436705012294e-01
-4.073473487373645563e-01
-4.074485494504867522e-01
-4.075502372703832532e-01
-4.076523974045948573e-01
-4.077550109921577737e-01
-4.078580566347858039e-01
-4.079615114421282773e-01
-4.080653517325720236e-01
-4.081695534970075645e-01
-4.082740927025066968e-01
-4.083789454891684767e-01
-4.084840882962226805e-01
-4.085894979415239936e-01
-4.086951516704424026e-01
-4.088010271847077326e-01
-4.089071026581522772e-01
-4.090133567439083739e-01
-4.091197685760498692e-01
-4.092263177676356833e-01
-4.093329844064393930e-01
-4.094397490492058256e-01
-4.095465927149867791e-01
-4.096534968779171337e-01
-4.097604434596682776e-01
-4.098674148217347213e-01
-4.099743937576549313e-01
-4.100813634852333300e-01
-4.101883076388062044e-01
-4.102952102615795571e-01
-4.104020557980567196e-01
-4.105088290865668288e-01
-4.106155153519008283e-01
-4.107221001980592145e-01
-4.108285696011128030e-01
-4.109349099021779583e-01
-4.110411078005059005e-01
-4.111471503466848643e-01
-4.112530249359550027e-01
-4.113587193016341459e-01
-4.114642215086531385e-01
-4.115695199471993693e-01
-4.116746033264668259e-01
-4.117794606685111769e-01
-4.118840813022084379e-01
-4.119884548573152783e-01
-4.120925712586296363e-01
-4.121964207202502561e-01
-4.122999937399332571e-01
-4.124032810935444049e-01
-4.125062738296056963e-01
-4.126089632639343141e-01
-4.127113409743731198e-01
-4.128133987956109086e-01
-4.129151288140909259e-01
-4.130165233630062604e-01
-4.131175750173812222e-01
-4.132182765892365439e-01
-4.133186211228377926e-01
-4.134186018900252169e-01
-4.135182123856240288e-01
-4.136174463229335685e-01
-4.137162976292942940e-01
-4.138147604417313774e-01
-4.139128291026734630e-01
-4.140104981557457542e-01
-4.141077623416358211e-01
-4.142046165940312941e-01
-4.143010560356281125e-01
-4.143970759742083287e-01
-4.144926718987862468e-01
-4.145878394758220065e-01
-4.146825745455009482e-01
-4.147768731180787039e-01
-4.148707313702899580e-01
-4.149641456418203811e-01
-4.150571124318406802e-01
-4.151496283956018218e-01
-4.152416903410899307e-01
-4.153332952257408062e-01
-4.154244401532121711e-01
-4.155151223702133745e-01
-4.156053392633912713e-01
-4.156950883562716692e-01
-4.157843673062548984e-01
-4.158731739016652829e-01
-4.159615060588532920e-01
-4.160493618193495946e-01
-4.161367393470698506e-01
-4.162236369255701840e-01
-4.163100529553516727e-01
-4.163959859512135764e-01
-4.164814345396542494e-01
-4.165663974563192928e-01
-4.166508735434956701e-01
-4.167348617476513972e-01
-4.168183611170200864e-01
-4.169013707992294537e-01
-4.169838900389729597e-01
-4.170659181757242484e-01
-4.171474546414932760e-01
-4.172284989586238502e-01
-4.173090507376313596e-01
-4.173891096750806384e-01
-4.174686755515029657e-01
-4.175477482293514786e-01
-4.176263276509944999e-01
-4.177044138367463355e-01
-4.177820068829344868e-01
-4.178591069600030572e-01
-4.179357143106516292e-01
-4.180118292480088371e-01
-4.180874521538405220e-01
-4.181625834767911942e-01
-4.182372237306590801e-01
-4.183113734927033645e-01
-4.183850334019838524e-01
-4.184582041577318834e-01
-4.185308865177523319e-01
-4.186030812968561388e-01
-4.186747893653226527e-01
-4.187460116473916139e-01
-4.188167491197838932e-01
-4.188870028102509302e-01
-4.189567737961519822e-01
-4.190260632030590182e-01
-4.190948722033885354e-01
-4.191632020150601323e-01
-4.192310539001811720e-01
-4.192984291637570360e-01
-4.193653291524268023e-01
-4.194317552532237925e-01
-4.194977088923602659e-01
-4.195631915340365947e-01
-4.196282046792733644e-01
-4.196927498647674004e-01
-4.197568286617699984e-01
-4.198204426749878593e-01
-4.198835935415060061e-01
-4.199462829297322397e-01
-4.200085125383629658e-01
-4.200702840953699502e-01
-4.201315993570073903e-01
-4.201924601068395271e-01
-4.202528681547877398e-01
-4.203128253361975153e-01
-4.203723335109241233e-01
-4.204313945624375548e-01
-4.204900103969456682e-01
-4.205481829425355977e-01
-4.206059141483331487e-01
-4.206632059836794557e-01
-4.207200604373251829e-01
-4.207764795166414329e-01
-4.208324652468474758e-01
-4.208880196702547427e-01
-4.209431448455268066e-01
-4.209978428469554057e-01
-4.210521157637515111e-01
-4.211059656993522138e-01
-4.211593947707419905e-01
-4.212124051077891229e-01
-4.212649988525962175e-01
-4.213171781588651021e-01
-4.213689451912756567e-01
-4.214203021248780767e-01
-4.214712511444989040e-01
-4.215217944441599918e-01
-4.215719342265105141e-01
-4.216216727022717992e-01
-4.216710120896944303e-01
-4.217199546140278366e-01
-4.217685025070017080e-01
-4.218166580063195670e-01
-4.218644233551635536e-01
-4.219118008017109234e-01
-4.219587925986615917e-01
-4.220054010027767810e-01
-4.220516282744282699e-01
-4.220974766771585229e-01
-4.221429484772508678e-01
-4.221880459433102750e-01
-4.222327713458537413e-01
-4.222771269569109420e-01
-4.223211150496342103e-01
-4.223647378979180633e-01
-4.224079977760281657e-01
-4.224508969582393414e-01
-4.224934377184825229e-01
-4.225356223300003600e-01
-4.225774530650118765e-01
-4.226189321943850663e-01
-4.226600619873182585e-01
-4.227008447110293110e-01
-4.227412826304528526e-01
-4.227813780079456851e-01
-4.228211331029993469e-01
-4.228605501719607251e-01
-4.228996314677598289e-01
-4.229383792396448349e-01
-4.229767957329242933e-01
-4.230148831887163841e-01
-4.230526438437049452e-01
-4.230900799299022741e-01
-4.231271936744185891e-01
-4.231639872992377094e-01
-4.232004630209994511e-01
-4.232366230507879634e-01
-4.232724695939261705e-01
-4.233080048497764869e-01
-4.233432310115469166e-01
-4.233781502661033147e-01
-4.234127647937871997e-01
-4.234470767682388948e-01
-4.234810883562262762e-01
-4.235148017174787394e-01
-4.235482190045263828e-01
-4.235813423625443552e-01
-4.236141739292021424e-01
-4.236467158345176842e-01
-4.236789702007163760e-01
-4.237109391420947890e-01
-4.237426247648888866e-01
-4.237740291671469040e-01
-4.238051544386065017e-01
-4.238360026605763609e-01
-4.238665759058218296e-01
-4.238968762384550115e-01
-4.239269057138287389e-01
-4.239566663784344880e-01
-4.239861602698043463e-01
-4.240153894164165882e-01
-4.240443558376053579e-01
-4.240730615434734618e-01
-4.241015085348093239e-01
-4.241296988030070492e-01
-4.241576343299900409e-01
-4.241853170881380031e-01
-4.242127490402172740e-01
-4.242399321393142686e-01
-4.242668683287720288e-01
-4.242935595421301609e-01
-4.243200077030673811e-01
-4.243462147253472261e-01
-4.243721825127667047e-01
-4.243979129591076149e-01
-4.244234079480906363e-01
-4.244486693533321975e-01
-4.244736990383041197e-01
-4.244984988562953143e-01
-4.245230706503766993e-01
-4.245474162533680040e-01
-4.245715374878073489e-01
-4.245954361659228793e-01
-4.246191140896069527e-01
-4.246425730503924911e-01
-4.246658148294314983e-01
-4.246888411974755750e-01
-4.247116539148589331e-01
-4.247342547314829631e-01
-4.247566453868031333e-01
-4.247788276098177773e-01
-4.248008031190586009e-01
-4.248225736225833549e-01
-4.248441408179700063e-01
-4.248655063923128528e-01
-4.248866720222203575e-01
-4.249076393738145940e-01
-4.249284101027323013e-01
-4.249489858541278253e-01
-4.249693682626771163e-01
-4.249895589525837236e-01
-4.250095595375860125e-01
-4.250293716209658790e-01
-4.250489967955588533e-01
-4.250684366437655903e-01
-4.250876927375648040e-01
-4.251067666385273669e-01
-4.251256598978315759e-01
-4.251443740562799167e-01
-4.251629106443168271e-01
-4.251812711820477375e-01
-4.251994571792591660e-01
-4.252174701354399233e-01
-4.252353115398034289e-01
-4.252529828713110804e-01
-4.252704855986965682e-01
-4.252878211804912434e-01
-4.253049910650503196e-01
-4.253219966905802951e-01
-4.253388394851668752e-01
-4.253555208668040044e-01
-4.253720422434238424e-01
-4.253884050129272398e-01
-4.254046105632153241e-01
-4.254206602722216957e-01
-4.254365555079454575e-01
-4.254522976284848546e-01
-4.254678879820717463e-01
-4.254833279071065788e-01
-4.254986187321942448e-01
-4.255137617761804436e-01
-4.255287583481887070e-01
-4.255436097476578139e-01
-4.255583172643801482e-01
-4.255728821785403349e-01
-4.255873057607544308e-01
-4.256015892721097260e-01
-4.256157339642050452e-01
-4.256297410791913816e-01
-4.256436118498130861e-01
-4.256573474994495565e-01
-4.256709492421572039e-01
-4.256844182827119183e-01
-4.256977558166519793e-01
-4.257109630303211878e-01
-4.257240411009124426e-01
-4.257369911965117049e-01
-4.257498144761421854e-01
-4.257625120898088089e-01
-4.257750851785432888e-01
-4.257875348744489807e-01
-4.257998623007464567e-01
-4.258120685718190801e-01
-4.258241547932588578e-01
-4.258361220619127363e-01
-4.258479714659286208e-01
-4.258597040848022264e-01
-4.258713209894235963e-01
-4.258828232421240645e-01
-4.258942118967233847e-01
-4.259054879985767483e-01
-4.259166525846224682e-01
-4.259277066834291636e-01
-4.259386513152436660e-01
-4.259494874920384810e-01
-4.259602162175598061e-01
-4.259708384873754916e-01
-4.259813552889228361e-01
-4.259917676015569366e-01
-4.260020763965985946e-01
-4.260122826373827221e-01
-4.260223872793064137e-01
-4.260323912698773530e-01
-4.260422955487621066e-01
-4.260521010478344195e-01
-4.260618086912236202e-01
-4.260714193953628603e-01
-4.260809340690375757e-01
-4.260903536134337255e-01
-4.260996789221862535e-01
-4.261089108814272719e-01
-4.261180503698343003e-01
-4.261270982586786160e-01
-4.261360554118732713e-01
-4.261449226860213879e-01
-4.261537009304640633e-01
-4.261623909873285543e-01
-4.261709936915760721e-01
-4.261795098710497443e-01
-4.261879403465223537e-01
-4.261962859317439678e-01
-4.262045474334896222e-01
-4.262127256516068941e-01
-4.262208213790631972e-01
-4.262288354019931336e-01
-4.262367684997456219e-01
-4.262446214449310822e-01
-4.262523950034682874e-01
-4.262600899346312699e-01
-4.262677069910960070e-01
-4.262752469189869942e-01
-4.262827104579235971e-01
-4.262900983410664035e-01
-4.262974112951634642e-01
-4.263046500405961448e-01
-4.263118152914250336e-01
-4.263189077554356832e-01
-4.263259281341840734e-01
-4.263328771230420755e-01
-4.263397554112425270e-01
-4.263465636819244731e-01
-4.263533026121778535e-01
-4.263599728730883553e-01
-4.263665751297818218e-01
-4.263731100414686614e-01
-4.263795782614880348e-01
-4.263859804373518192e-01
-4.263923172107884629e-01
-4.263985892177864501e-01
-4.264047970886378769e-01
-4.264109414479816951e-01
-4.264170229148466773e-01
-4.264230421026942164e-01
-4.264289996194611798e-01
-4.264348960676020983e-01
-4.264407320441316318e-01
-4.264465081406664804e-01
-4.264522249434673506e-01
-4.264578830334804782e-01
-4.264634829863791499e-01
-4.264690253726048375e-01
-4.264745107574083316e-01
-4.264799397008904314e-01
-4.264853127580426340e-01
-4.264906304787875468e-01
-4.264958934080188557e-01
-4.265011020856415147e-01
-4.265062570466113812e-01
-4.265113588209746842e-01
-4.265164079339074932e-01
-4.265214049057546863e-01
-4.265263502520688088e-01
-4.265312444836488193e-01
-4.265360881065785037e-01
-4.265408816222645561e-01
-4.265456255274747144e-01
-4.265503203143755639e-01
-4.265549664705699517e-01
-4.265595644791344010e-01
-4.265641148186561926e-01
-4.265686179632702801e-01
-4.265730743826959270e-01
-4.265774845422731221e-01
-4.265818489029989391e-01
-4.265861679215632862e-01
-4.265904420503849326e-01
-4.265946717376468689e-01
-4.265988574273317235e-01
-4.266029995592568458e-01
-4.266070985691092221e-01
-4.266111548884800597e-01
