2.200020000000108666e+00
2.200020000000108666e+00
2.199601781895358599e+00
2.198368503401224139e+00
2.195944958167480809e+00
2.191978139475893705e+00
2.186138285118173652e+00
2.178120527316539601e+00
2.167647190457234974e+00
2.154470625705919407e+00
2.138376172531920805e+00
2.119184327875909712e+00
2.096750568934291792e+00
2.070961014814138856e+00
2.041723182116307100e+00
2.008953901753415927e+00
1.972569170928868187e+00
1.932480123795099258e+00
1.888595350276867757e+00
1.840826381277862023e+00
1.789092930501582357e+00
1.733326262385051164e+00
1.673470662248187413e+00
1.609483601973150879e+00
1.541335152192497171e+00
1.469007008775183420e+00
1.392491417401439779e+00
1.311790280371380568e+00
1.226914720348933230e+00
1.137885301290264106e+00
1.044732978469466556e+00
9.475007162155613116e-01
8.462456178494355274e-01
7.410413731806092530e-01
6.319808366410107903e-01
5.191785882522877982e-01
4.027733874249015411e-01
2.829304936664092107e-01
1.598438791939243153e-01
3.373836870357624362e-02
-9.512831403529362073e-02
-2.264637410295353981e-01
-3.599395412430309027e-01
-4.951912243434417604e-01
-6.318196552823169831e-01
-7.693947046416879099e-01
-9.074613301274363497e-01
-1.045547878523460872e+00
-1.183175833448879777e+00
-1.319869752072339697e+00
-1.455165930866636259e+00
-1.588618533996425608e+00
-1.719802475832907351e+00
-1.848313100608052650e+00
-1.973763421983415700e+00
-2.095780187404265860e+00
-2.214000216823797107e+00
-2.328068313486391094e+00
-2.437637595411562330e+00
-2.542372442261823462e+00
-2.641953543926679249e+00
-2.736083966903400722e+00
-2.824494896485458817e+00
-2.906949841752474395e+00
-2.983246539607628645e+00
-3.053216389675571740e+00
-3.116721800967709566e+00
-3.173652201367353598e+00
-3.223919605797350041e+00
-3.267454575962275065e+00
-3.304203181022633107e+00
-3.334125243721504539e+00
-3.357193802438787511e+00
-3.373395421206512257e+00
-3.382730815581196371e+00
-3.385215272007096043e+00
-3.380878500876860038e+00
-3.369763808484211420e+00
-3.351926717894334828e+00
-3.327433353918572312e+00
-3.296359008046221728e+00
-3.258787314778948563e+00
-3.214810409538595426e+00
-3.164530311689712772e+00
-3.108061605304970332e+00
-3.045535312301493658e+00
-2.977103713330046197e+00
-2.902945801998231712e+00
-2.823273049507808885e+00
-2.738335161174078713e+00
-2.648425461988804130e+00
-2.553885421162919389e+00
-2.455107641340577906e+00
-2.352536494123903310e+00
-2.246665628575629459e+00
-2.138031953896458948e+00
-2.027206437304512221e+00
-1.914783008370786410e+00
-1.801367682942407900e+00
-1.687570337673704124e+00
-1.574001181355391132e+00
-1.461272976382882005e+00
-1.350008773781083526e+00
-1.240853674382108585e+00
-1.134488144054602632e+00
-1.031639820707640931e+00
-9.330906817555283395e-01
-8.396770674995490680e-01
-7.522815068695090091e-01
-6.718174358820306891e-01
-5.992101871144546177e-01
-5.353792122546651155e-01
-4.812266567693788133e-01
-4.376359785100381039e-01
-4.054817719432970979e-01
-3.856490963510079140e-01
-3.790580309522872393e-01
-3.866872064640226592e-01
-4.095888689343725186e-01
-4.488879153957103241e-01
-5.057587550962232559e-01
-5.813770728432856583e-01
-6.768481780223678523e-01
-7.931182528018143607e-01
-9.308776841490824516e-01
-1.090465687741503320e+00
-1.271783055884460722e+00
-1.474216868169772710e+00
-1.696579409413789374e+00
-1.937064459445585918e+00
-2.193227227435861071e+00
-2.461997798905218193e+00
-2.739739457299339875e+00
-3.022360116090219595e+00
-3.305476391152466942e+00
-3.584617541829870913e+00
-3.855445447416466553e+00
-4.113962229023470307e+00
-4.356681343430662601e+00
-4.580748651075421840e+00
-4.784011887528260232e+00
-4.965045399733919673e+00
-5.123139939398261511e+00
-5.258265585714782198e+00
-5.371011998038749624e+00
-5.462506993357664875e+00
-5.534314005804814585e+00
-5.588311893176421741e+00
-5.626565444191465204e+00
-5.651199035405395144e+00
-5.664286610178868031e+00
-5.667767806829833610e+00
-5.663394187785582901e+00
-5.652703660148049813e+00
-5.637017255070080779e+00
-5.617450996981853351e+00
-5.594936108741286773e+00
-5.570242350939314413e+00
-5.544001107798422368e+00
-5.516726440085131244e+00
-5.488833514083088616e+00
-5.460654530649549088e+00
-5.432452568491919820e+00
-5.404433746335709721e+00
-5.376757960806771486e+00
-5.349548307074257991e+00
-5.322899205394858946e+00
-5.296883239321274139e+00
-5.271556728956396043e+00
-5.246964087405998178e+00
-5.223141032727508737e+00
-5.200116759484288309e+00
-5.177915222322573285e+00
-5.156555742640036577e+00
-5.136053193874135836e+00
-5.116418022611906480e+00
-5.097656311028355702e+00
-5.079769998134663567e+00
-5.062757285551470865e+00
-5.046613184772636096e+00
-5.031330126065955533e+00
-5.016898538439226840e+00
-5.003307315259990062e+00
-4.990544094476046411e+00
-4.978595304194087134e+00
-4.967445952878394522e+00
-4.957079173962942065e+00
-4.947475558032929932e+00
-4.938612313965116130e+00
-4.930462294567807824e+00
-4.922992914656562746e+00
-4.916164997864152397e+00
-4.909931626324664400e+00
-4.904237135802066661e+00
-4.899016480889379466e+00
-4.894195252902959759e+00
-4.889690614852387540e+00
-4.885413280660316104e+00
-4.881270415434329379e+00
-4.877169050164120279e+00
-4.873019415833515389e+00
-4.868737605933615598e+00
-4.864247170014047938e+00
-4.859479527631588525e+00
-4.854373354714791589e+00
-4.848873264442599584e+00
-4.842928176334324597e+00
-4.836489765928124740e+00
-4.829511333609536550e+00
-4.821947326440835013e+00
-4.813753588231294067e+00
-4.804888220411295485e+00
-4.795312765159430057e+00
-4.784993341056502203e+00
-4.773901404540169757e+00
-4.762013950448559463e+00
-4.749313133906413853e+00
-4.735785431789875766e+00
-4.721420539512743986e+00
-4.706210224830864597e+00
-4.690147351282896615e+00
-4.673225247423750339e+00
-4.655437530775004440e+00
-4.636778396029680671e+00
-4.617243262730940323e+00
-4.596829586865354145e+00
-4.575537612867984549e+00
-4.553370888544541195e+00
-4.530336458828297275e+00
-4.506444750729421855e+00
-4.481709228094605812e+00
-4.456145922286689931e+00
-4.429772943367824567e+00
-4.402610060305119255e+00
-4.374678418066964447e+00
-4.346000438002280752e+00
-4.316599926544546051e+00
-4.286502398241524681e+00
-4.255735606555899331e+00
-4.224330272357319060e+00
-4.192321001748215537e+00
-4.159747380800186356e+00
-4.126655210849958344e+00
-4.093097793828540887e+00
-4.059137093078605929e+00
-4.024844499903108108e+00
-3.990300872059901582e+00
-3.955595537698796349e+00
-3.920824125317117215e+00
-3.886085375767474925e+00
-3.851477415492324585e+00
-3.817094168743933036e+00
-3.783022555722323155e+00
-3.749340883103582822e+00
-3.716118507142688987e+00
-3.683416570911048016e+00
-3.651289453157396281e+00
-3.619786511234356574e+00
-3.588953718632033496e+00
-3.558834864003302734e+00
-3.529472091498724318e+00
-3.500905725309349403e+00
-3.473173513274286250e+00
-3.446309587326013002e+00
-3.420343505079603386e+00
-3.395299679308126706e+00
-3.371197355543255725e+00
-3.348051133429292392e+00
-3.325871902240881806e+00
-3.304667993348814115e+00
-3.284446330825093074e+00
-3.265213369581560165e+00
-3.246975644833451913e+00
-3.229739825469971848e+00
-3.213512270452837161e+00
-3.198298211151906045e+00
-3.184100778139726362e+00
-3.170920114210373342e+00
-3.158752757148834078e+00
-3.147591370042671421e+00
-3.137424794816897400e+00
-3.128238341198769756e+00
-3.120014204553006820e+00
-3.112731918110357210e+00
-3.106368769443008659e+00
-3.100900133749679988e+00
-3.096299690772400748e+00
-3.092539496939176402e+00
-3.089589882468887883e+00
-3.087419139660011691e+00
-3.085992968898521482e+00
-3.085273658237531080e+00
-3.085218996074877484e+00
-3.085780960787206428e+00
-3.086904301902427594e+00
-3.088525223498341798e+00
-3.090570483661252865e+00
-3.092957289132376886e+00
-3.095594325800375746e+00
-3.098384070965040316e+00
-3.101226199518823279e+00
-3.104021541969169462e+00
-3.106675848998107892e+00
-3.109102673558085339e+00
-3.111224961228264085e+00
-3.112975296568846417e+00
-3.114295042638861588e+00
-3.115132769043391647e+00
-3.115442406126568198e+00
-3.115181532659182295e+00
-3.114310128873919226e+00
-3.112790006719900582e+00
-3.110584960484528594e+00
-3.107661486494396552e+00
-3.103989761403038727e+00
-3.099544512197280000e+00
-3.094305480451064128e+00
-3.088257336779799189e+00
-3.081389065265394134e+00
-3.073692957085858879e+00
-3.065163414563113253e+00
-3.055795786138366665e+00
-3.045585445334978214e+00
-3.034527293156228378e+00
-3.022615791930771678e+00
-3.009845524998755462e+00
-2.996212144598623173e+00
-2.981713471190226006e+00
-2.966350488946180697e+00
-2.950128050847240502e+00
-2.933055222091089043e+00
-2.915145295810771753e+00
-2.896415574266920867e+00
-2.876887017958663861e+00
-2.856583841973913795e+00
-2.835533106091755240e+00
-2.813764321138426894e+00
-2.791309089589404380e+00
-2.768200814353491079e+00
-2.744474536381913854e+00
-2.720166982607425066e+00
-2.695316906161362880e+00
-2.669965775831344867e+00
-2.644158824633265681e+00
-2.617946401878301188e+00
-2.591385488561256167e+00
-2.564541132947950608e+00
-2.537487458267312590e+00
-2.510307832492518543e+00
-2.483093840014547915e+00
-2.455942910497510123e+00
-2.428954818637708790e+00
-2.402227638504589091e+00
-2.375853935058941602e+00
-2.349917896532016215e+00
-2.324493805264122415e+00
-2.299645872448415673e+00
-2.275429173367847557e+00
-2.251891272295297508e+00
-2.229074096956919160e+00
-2.207015662904133979e+00
-2.185751329637859897e+00
-2.165314392327538862e+00
-2.145735979574621144e+00
-2.127044415216717610e+00
-2.109264350355992690e+00
-2.092416016742749019e+00
-2.076514877014215887e+00
-2.061571796174672233e+00
-2.047593703964202039e+00
-2.034584608873722278e+00
-2.022546769960244628e+00
-2.011481815886599911e+00
-2.001391607008626394e+00
-1.992278667633317291e+00
-1.984146085299780760e+00
-1.976996886675540965e+00
-1.970833030124094609e+00
-1.965654250211507303e+00
-1.961457002219099799e+00
-1.958233681715495722e+00
-1.955972179497653674e+00
-1.954655733480139324e+00
-1.954262991366007451e+00
-1.954768202813988554e+00
-1.956141497101640869e+00
-1.958349244723502913e+00
-1.961354523609157186e+00
-1.965117695631954264e+00
-1.969597046412951746e+00
-1.974749373141515996e+00
-1.980530357789412443e+00
-1.986894565410007196e+00
-1.993794961599394400e+00
-2.001181929831033823e+00
-2.009001867335367564e+00
-2.017195540334916881e+00
-2.025696486774917204e+00
-2.034429855784910757e+00
-2.043312125607370078e+00
-2.052252076535180159e+00
-2.061153158818250120e+00
-2.069917015936783233e+00
-2.078447543223573835e+00
-2.086654670561261860e+00
-2.094457158310444100e+00
-2.101784023374106525e+00
-2.108574594626682064e+00
-2.114777482865320746e+00
-2.120348887941903904e+00
-2.125250684891386133e+00
-2.129448683374858931e+00
-2.132911369174123717e+00
-2.135609312192121134e+00
-2.137515258149479180e+00
-2.138604735865950346e+00
-2.138856869998678523e+00
-2.138255052656842015e+00
-2.136787209608380866e+00
-2.134445549342744108e+00
-2.131225834564788535e+00
-2.127126319822565392e+00
-2.122146551040749340e+00
-2.116286240335534696e+00
-2.109544425781738841e+00
-2.101919095696604511e+00
-2.093407383877788686e+00
-2.084006321156784303e+00
-2.073713988781093143e+00
-2.062530819640246538e+00
-2.050460784760518962e+00
-2.037512285557947944e+00
-2.023698696408571251e+00
-2.009038603997680639e+00
-1.993555833188725757e+00
-1.977279333964527375e+00
-1.960242954177374264e+00
-1.942485070708165340e+00
-1.924048028793266418e+00
-1.904977367882804140e+00
-1.885320891873328852e+00
-1.865127739623992476e+00
-1.844447676381419043e+00
-1.823330819698739447e+00
-1.801827935896135546e+00
-1.779991328340341905e+00
-1.757876220413793433e+00
-1.735542426051370546e+00
-1.713055996011727755e+00
-1.690490435462494112e+00
-1.667927046662391888e+00
-1.645454026132332714e+00
-1.623164189493416343e+00
-1.601151576536997245e+00
-1.579507559145910900e+00
-1.558317248581543080e+00
-1.537656883500975402e+00
-1.517592549508889999e+00
-1.498180209160103304e+00
-1.479466752495060433e+00
-1.461491656394731553e+00
-1.444288831950254259e+00
-1.427888290792948434e+00
-1.412317346584144317e+00
-1.397601187652384391e+00
-1.383762814848437328e+00
-1.370822510483259649e+00
-1.358797131676610093e+00
-1.347699548126419344e+00
-1.337538461742739493e+00
-1.328318701985078620e+00
-1.320041952400764496e+00
-1.312707770619191194e+00
-1.306314717451699359e+00
-1.300861393273796685e+00
-1.296347180393550902e+00
-1.292772516210389799e+00
-1.290138592522350969e+00
-1.288446497817365755e+00
-1.287695962614213485e+00
-1.287883971917346715e+00
-1.289003520603961395e+00
-1.291042705304565885e+00
-1.293984221450461325e+00
-1.297805230348162864e+00
-1.302477513398168529e+00
-1.307967835932760448e+00
-1.314238476720319682e+00
-1.321247913290707121e+00
-1.328951668151440613e+00
-1.337303308817195502e+00
-1.346255560373883053e+00
-1.355761449130263641e+00
-1.365775370222922946e+00
-1.376253975174486222e+00
-1.387156807608370235e+00
-1.398446663385423561e+00
-1.410089697331224468e+00
-1.422055329360216946e+00
-1.434316014359945379e+00
-1.446846936395629557e+00
-1.459625675412347778e+00
-1.472631879788748099e+00
-1.485846964720674901e+00
-1.499253846155166991e+00
-1.512836713038551162e+00
-1.526580836443445444e+00
-1.540472411947859444e+00
-1.554498430766206196e+00
-1.568646575046010572e+00
-1.582905133078434501e+00
-1.597262930691984550e+00
-1.611709275669482411e+00
-1.626233912574610585e+00
-1.640826985861502330e+00
-1.655479009557144110e+00
-1.670180842152355849e+00
-1.684923665619301625e+00
-1.699698967700626895e+00
-1.714498526796456979e+00
-1.729314398919030715e+00
-1.744138906297945102e+00
-1.758964627308015061e+00
-1.773784387461601497e+00
-1.788591251262007020e+00
-1.803378514757397522e+00
-1.818139698668234105e+00
-1.832868541987391797e+00
-1.847558995972548024e+00
-1.862205218466237433e+00
-1.876801568491086369e+00
-1.891342601076810848e+00
-1.905823062282011593e+00
-1.920237884377860693e+00
-1.934582181162448400e+00
-1.948851243373599607e+00
-1.963040534163818629e+00
-1.977145684592659380e+00
-1.991162489077639819e+00
-2.005086900722271359e+00
-2.018915026405001534e+00
-2.032643121460016467e+00
-2.046267583701105508e+00
-2.059784946419977558e+00
-2.073191869810850463e+00
-2.086485130004601896e+00
-2.099661604495278500e+00
-2.112718252146641440e+00
-2.125652085087195164e+00
-2.138460128514677372e+00
-2.151139362572187075e+00
-2.163686637834798088e+00
-2.176098552380793638e+00
-2.188371273891654756e+00
-2.200500285190247762e+00
-2.212480027736071886e+00
-2.224303418971508961e+00
-2.235961234459473701e+00
-2.247441388207561452e+00
-2.258728229293655687e+00
-2.269802097728014445e+00
-2.280639492448220285e+00
-2.291214170452921639e+00
-2.301499194353863853e+00
-2.311469457116078097e+00
-2.321103894878206564e+00
-2.330386754685309203e+00
-2.339307780868993270e+00
-2.347861612671156006e+00
-2.356046817749767541e+00
-2.363864891461542772e+00
-2.371319395165325083e+00
-2.378415286613188684e+00
-2.385158431295672177e+00
-2.391555259867650829e+00
-2.397612534232203441e+00
-2.403337190649911914e+00
-2.408736235854482821e+00
-2.413816678969082918e+00
-2.418585487315099591e+00
-2.423049558043738116e+00
-2.427215700194069292e+00
-2.431090623598771039e+00
-2.434680932276574783e+00
-2.437993120758797261e+00
-2.441033572330828072e+00
-2.443808558520291552e+00
-2.446324239393853350e+00
-2.448586664375563604e+00
-2.450601773398533023e+00
-2.452375398266532169e+00
-2.453913264144574224e+00
-2.455220991125399266e+00
-2.456304095837047452e+00
-2.457167993068719358e+00
-2.457817997400011834e+00
-2.458259324823803826e+00
-2.458497094356499435e+00
-2.458536329631571871e+00
-2.458381960473857486e+00
-2.458038824453016247e+00
-2.457511668415232720e+00
-2.456805149992655757e+00
-2.455923839090360161e+00
-2.454872219350799245e+00
-2.453654689595836658e+00
-2.452275565246532008e+00
-2.450739079720902769e+00
-2.449049385809916490e+00
-2.447210557031995748e+00
-2.445226588966317838e+00
-2.443101400565212078e+00
-2.440838835445949595e+00
-2.438442663162228463e+00
-2.435916580455649960e+00
-2.433264212487487033e+00
-2.430489114051034516e+00
-2.427594770764834209e+00
-2.424584600247063015e+00
-2.421461953271366152e+00
-2.418230114904413863e+00
-2.414892305625461422e+00
-2.411451682428180643e+00
-2.407911339905032921e+00
-2.404274311314447576e+00
-2.400543569631064855e+00
-2.396722028579303387e+00
-2.392812543650500334e+00
-2.388817913103876922e+00
-2.384740878951573606e+00
-2.380584127927997340e+00
-2.376350292443717649e+00
-2.372041951524148207e+00
-2.367661631733245731e+00
-2.363211808082451348e+00
-2.358694904925100921e+00
-2.354113296836527258e+00
-2.349469309480068713e+00
-2.344765220459200883e+00
-2.340003260156004572e+00
-2.335185612556175627e+00
-2.330314416060783600e+00
-2.325391764284982177e+00
-2.320419706843869001e+00
-2.315400250125694726e+00
-2.310335358052609589e+00
-2.305226952829144693e+00
-2.300076915678610057e+00
-2.294887087567598183e+00
-2.289659269918773887e+00
-2.284395225312131128e+00
-2.279096678174893142e+00
-2.273765315460230418e+00
-2.268402787314967028e+00
-2.263010707736448524e+00
-2.257590655218733477e+00
-2.252144173388275217e+00
-2.246672771629255827e+00
-2.241177925698730533e+00
-2.235661078331741880e+00
-2.230123639836555149e+00
-2.224566988680169999e+00
-2.218992472064257093e+00
-2.213401406491669388e+00
-2.207795078323671500e+00
-2.202174744328031064e+00
-2.196541632218116380e+00
-2.190896941183135826e+00
-2.185241842409658464e+00
-2.179577479594549949e+00
-2.173904969449458324e+00
-2.168225402196979346e+00
-2.162539842058630590e+00
-2.156849327734763122e+00
-2.151154872876535062e+00
-2.145457466550070524e+00
-2.139758073692924700e+00
-2.134057635562977673e+00
-2.128357070179871968e+00
-2.122657272759111979e+00
-2.116959116138938057e+00
-2.111263451200092067e+00
-2.105571107278578769e+00
-2.099882892571539372e+00
-2.094199594536341635e+00
-2.088521980282991297e+00
-2.082850796959973660e+00
-2.077186772133623904e+00
-2.071530614161132267e+00
-2.065883012557278686e+00
-2.060244638354999491e+00
-2.054616144459881610e+00
-2.048998165998680232e+00
-2.043391320661952282e+00
-2.037796209040901196e+00
-2.032213414958523146e+00
-2.026643505795142186e+00
-2.021087032808425832e+00
-2.015544531447968524e+00
-2.010016521664526046e+00
-2.004503508213987040e+00
-1.999005980956165551e+00
-1.993524415148495654e+00
-1.988059271734709421e+00
-1.982610997628576843e+00
-1.977180025992787860e+00
-1.971766776513051767e+00
-1.966371655667491281e+00
-1.960995056991404972e+00
-1.955637361337473568e+00
-1.950298937131480725e+00
-1.944980140623620679e+00
-1.939681316135463796e+00
-1.934402796302647776e+00
-1.929144902313363774e+00
-1.923907944142705606e+00
-1.918692220782945546e+00
-1.913498020469805327e+00
-1.908325620904782971e+00
-1.903175289473602261e+00
-1.898047283460843948e+00
-1.892941850260822179e+00
-1.887859227584765653e+00
-1.882799643664362588e+00
-1.877763317451729197e+00
-1.872750458815857888e+00
-1.867761268735603331e+00
-1.862795939489260810e+00
-1.857854654840794151e+00
-1.852937590222764053e+00
-1.848044912916013693e+00
-1.843176782226162214e+00
-1.838333349656957605e+00
-1.833514759080540735e+00
-1.828721146904671357e+00
-1.823952642236962740e+00
-1.819209367046177750e+00
-1.814491436320629481e+00
-1.809798958223738152e+00
-1.805132034246786477e+00
-1.800490759358923221e+00
-1.795875222154456274e+00
-1.791285504997482736e+00
-1.786721684163896873e+00
-1.782183829980820589e+00
-1.777672006963498585e+00
-1.773186273949699077e+00
-1.768726684231661350e+00
-1.764293285685630819e+00
-1.759886120899021522e+00
-1.755505227295243387e+00
-1.751150637256235321e+00
-1.746822378242740337e+00
-1.742520472912360230e+00
-1.738244939235427555e+00
-1.733995790608729326e+00
-1.729773035967118844e+00
-1.725576679893052301e+00
-1.721406722724081462e+00
-1.717263160658339061e+00
-1.713145985858049114e+00
-1.709055186551095229e+00
-1.704990747130679107e+00
-1.700952648253102328e+00
-1.696940866933700276e+00
-1.692955376640962406e+00
-1.688996147388866165e+00
-1.685063145827456310e+00
-1.681156335331699170e+00
-1.677275676088639367e+00
-1.673421125182888769e+00
-1.669592636680476083e+00
-1.665790161711083295e+00
-1.662013648548697597e+00
-1.658263042690704792e+00
-1.654538286935450131e+00
-1.650839321458294817e+00
-1.647166083886189902e+00
-1.643518509370796910e+00
-1.639896530660176266e+00
-1.636300078169070416e+00
-1.632729080047804704e+00
-1.629183462249828684e+00
-1.625663148597923380e+00
-1.622168060849094484e+00
-1.618698118758176152e+00
-1.615253240140166913e+00
-1.611833340931318803e+00
-1.608438335249002371e+00
-1.605068135450367306e+00
-1.601722652189820018e+00
-1.598401794475339255e+00
-1.595105469723649083e+00
-1.591833583814268316e+00
-1.588586041142457717e+00
-1.585362744671082957e+00
-1.582163595981411763e+00
-1.578988495322864560e+00
-1.575837341661736835e+00
-1.572710032728910745e+00
-1.569606465066573531e+00
-1.566526534073961363e+00
-1.563470134052143523e+00
-1.560437158247865774e+00
-1.557427498896468920e+00
-1.554441047263897646e+00
-1.551477693687817183e+00
-1.548537327617852899e+00
-1.545619837654969020e+00
-1.542725111589999809e+00
-1.539853036441350520e+00
-1.537003498491881670e+00
-1.534176383324991511e+00
-1.531371575859910239e+00
-1.528588960386221496e+00
-1.525828420597623580e+00
-1.523089839624944819e+00
-1.520373100068425964e+00
-1.517678084029282948e+00
-1.515004673140563307e+00
-1.512352748597308505e+00
-1.509722191186034568e+00
-1.507112881313544817e+00
-1.504524699035084234e+00
-1.501957524081849904e+00
-1.499411235887867511e+00
-1.496885713616246560e+00
-1.494380836184825201e+00
-1.491896482291215742e+00
-1.489432530437261759e+00
-1.486988858952918102e+00
-1.484565346019564025e+00
-1.482161869692759648e+00
-1.479778307924456637e+00
-1.477414538584673087e+00
-1.475070439482641715e+00
-1.472745888387442026e+00
-1.470440763048126209e+00
-1.468154941213347442e+00
-1.465888300650500131e+00
-1.463640719164381654e+00
-1.461412074615383805e+00
-1.459202244937224169e+00
-1.457011108154223855e+00
-1.454838542398142920e+00
-1.452684425924579026e+00
-1.450548637128940666e+00
-1.448431054561999387e+00
-1.446331556945032570e+00
-1.444250023184562526e+00
-1.442186332386700132e+00
-1.440140363871100559e+00
-1.438111997184539081e+00
-1.436101112114112954e+00
-1.434107588700078262e+00
-1.432131307248327712e+00
-1.430172148342516047e+00
-1.428229992855842179e+00
-1.426304721962490918e+00
-1.424396217148744981e+00
-1.422504360223770581e+00
-1.420629033330085056e+00
-1.418770118953712078e+00
-1.416927499934030221e+00
-1.415101059473321765e+00
-1.413290681146027072e+00
-1.411496248907710971e+00
-1.409717647103745808e+00
-1.407954760477718503e+00
-1.406207474179565819e+00
-1.404475673773443845e+00
-1.402759245245337238e+00
-1.401058075010412685e+00
-1.399372049920123207e+00
-1.397701057269066682e+00
-1.396044984801605215e+00
-1.394403720718249140e+00
-1.392777153681811209e+00
-1.391165172823334961e+00
-1.389567667747803270e+00
-1.387984528539629947e+00
-1.386415645767939742e+00
-1.384860910491642505e+00
-1.383320214264302850e+00
-1.381793449138812635e+00
-1.380280507671868051e+00
-1.378781282928257967e+00
-1.377295668484964430e+00
-1.375823558435082639e+00
-1.374364847391561728e+00
-1.372919430490771475e+00
-1.371487203395898691e+00
-1.370068062300175971e+00
-1.368661903929948354e+00
-1.367268625547579219e+00
-1.365888124954200755e+00
-1.364520300492311655e+00
-1.363165051048224718e+00
-1.361822276054369674e+00
-1.360491875491453007e+00
-1.359173749890477678e+00
-1.357867800334626729e+00
-1.356573928461014100e+00
-1.355292036462304894e+00
-1.354022027088208624e+00
-1.352763803646847451e+00
-1.351517270006004301e+00
-1.350282330594251290e+00
-1.349058890401962474e+00
-1.347846854982214460e+00
-1.346646130451575107e+00
-1.345456623490785431e+00
-1.344278241345336244e+00
-1.343110891825941566e+00
-1.341954483308912316e+00
-1.340808924736431873e+00
-1.339674125616736378e+00
-1.338549996024202215e+00
-1.337436446599341799e+00
-1.336333388548712531e+00
-1.335240733644737388e+00
-1.334158394225443578e+00
-1.333086283194117039e+00
-1.332024314018878997e+00
-1.330972400732183480e+00
-1.329930457930238896e+00
-1.328898400772356991e+00
-1.327876144980228768e+00
-1.326863606837130449e+00
-1.325860703187062173e+00
-1.324867351433818952e+00
-1.323883469539998803e+00
-1.322908976025946926e+00
-1.321943789968638816e+00
-1.320987831000504986e+00
-1.320041019308196839e+00
-1.319103275631297478e+00
-1.318174521260977450e+00
-1.317254678038597637e+00
-1.316343668354261087e+00
-1.315441415145315096e+00
-1.314547841894803781e+00
-1.313662872629875356e+00
-1.312786431920142771e+00
-1.311918444876000400e+00
-1.311058837146898082e+00
-1.310207534919573868e+00
-1.309364464916246584e+00
-1.308529554392769079e+00
-1.307702731136744401e+00
-1.306883923465605335e+00
-1.306073060224659077e+00
-1.305270070785097491e+00
-1.304474885041974730e+00
-1.303687433412153540e+00
-1.302907646832220045e+00
-1.302135456756370324e+00
-1.301370795154267013e+00
-1.300613594508869930e+00
-1.299863787814239613e+00
-1.299121308573315536e+00
-1.298386090795670134e+00
-1.297658068995239056e+00
-1.296937178188029227e+00
-1.296223353889805141e+00
-1.295516532113754726e+00
-1.294816649368135231e+00
-1.294123642653899786e+00
-1.293437449462306876e+00
-1.292758007772511375e+00
-1.292085256049139819e+00
-1.291419133239849915e+00
-1.290759578772874949e+00
-1.290106532554554208e+00
-1.289459934966850074e+00
-1.288819726864852022e+00
-1.288185849574268849e+00
-1.287558244888909798e+00
-1.286936855068154806e+00
-1.286321622834415201e+00
-1.285712491370584187e+00
-1.285109404317479775e+00
-1.284512305771278839e+00
-1.283921140280943840e+00
-1.283335852845643110e+00
-1.282756388912164258e+00
-1.282182694372322240e+00
-1.281614715560361661e+00
-1.281052399250355522e+00
-1.280495692653598638e+00
-1.279944543415998393e+00
-1.279398899615461049e+00
-1.278858709759277401e+00
-1.278323922781504196e+00
-1.277794488040345344e+00
-1.277270355315531125e+00
-1.276751474805696729e+00
-1.276237797125760798e+00
-1.275729273304303524e+00
-1.275225854780945189e+00
