5.509030029329786693e-05
5.509030029329786693e-05
6.368798623702118331e-05
8.906926803410062179e-05
1.390005749592448914e-04
2.208146963483079042e-04
3.413863378543891057e-04
5.070947035967798312e-04
7.237721357107901755e-04
9.966411165060183076e-04
1.330248330519592835e-03
1.728415404741260979e-03
2.194239613249353380e-03
2.730183570102348752e-03
3.338270188713103690e-03
4.020338931250924501e-03
4.778261039496693036e-03
5.614023631611324977e-03
6.529677189115567180e-03
7.527214451460003883e-03
8.608454100249946991e-03
9.774964711358967093e-03
1.102803000061223539e-02
1.236864303352841997e-02
1.379751780386255337e-02
1.531511026285970085e-02
1.692164235280014042e-02
1.861712228966606528e-02
2.040135444495835143e-02
2.227393399393126638e-02
2.423422474132302246e-02
2.628132196954095431e-02
2.841400461499121038e-02
3.063068207707258725e-02
3.292934061857891864e-02
3.530749297676452625e-02
3.776213283994608177e-02
4.028969370667814104e-02
4.288601000153280385e-02
4.554627798669181465e-02
4.826501559469201924e-02
5.103602381926062442e-02
5.385235695376957427e-02
5.670631332581098361e-02
5.958946048819808994e-02
6.249270743043492532e-02
6.540643024522647953e-02
6.832064714429181285e-02
7.122522602270141279e-02
7.411009693230038997e-02
7.696543721942622485e-02
7.978180131149675836e-02
8.255017949014675782e-02
8.526198668328263675e-02
8.790899834065642182e-02
9.048326167557857458e-02
9.297701469464594859e-02
9.538264200751005173e-02
9.769268623888698044e-02
9.989991900892106202e-02
1.019974593292093251e-01
1.039789142973533559e-01
1.058385111730705125e-01
1.075711930165559049e-01
1.091726605367984992e-01
1.106393566344571616e-01
1.119684028883356774e-01
1.131575058558696445e-01
1.142048544253765063e-01
1.151090279152991586e-01
1.158689291983922148e-01
1.164837491998699515e-01
1.169529604253162769e-01
1.172763298421326122e-01
1.174539374712494644e-01
1.174861874654399702e-01
1.173738027379184895e-01
1.171178005808072853e-01
1.167194530794516544e-01
1.161802409538199993e-01
1.155018120609459936e-01
1.146859560746406603e-01
1.137346049389884595e-01
1.126498648264000341e-01
1.114340801446274398e-01
1.100899248217752091e-01
1.086205121544222413e-01
1.070295129853756633e-01
1.053212727548862165e-01
1.035009196752851163e-01
1.015744570860105528e-01
9.954883177098088065e-02
9.743196692250435942e-02
9.523274539298842711e-02
9.296092888049813097e-02
9.062700462300132820e-02
8.824196395778957647e-02
8.581703411592513098e-02
8.336339981955465106e-02
8.089195788329280046e-02
7.841314263107199145e-02
7.593684457321776826e-02
7.347242556491173637e-02
7.102881705988971228e-02
6.861467798529469198e-02
6.623858612287938930e-02
6.390924102010046848e-02
6.163566644179703513e-02
5.942741510126584720e-02
5.729479558280149709e-02
5.524915666474928405e-02
5.330327200815721672e-02
5.147186358907145792e-02
4.977228335945445975e-02
4.822534024344426323e-02
4.685621565020062218e-02
4.569535755658381965e-02
4.477918599226820423e-02
4.415039397917451536e-02
4.385761039643005371e-02
4.395423280676168803e-02
4.449635579085696457e-02
4.553989799376435832e-02
4.713721222442145142e-02
4.933357239333892308e-02
5.216392120413519684e-02
5.565014770347133377e-02
5.979901214080035610e-02
6.460072520665541274e-02
7.002816453389493212e-02
7.603676828030757340e-02
8.256523647353289364e-02
8.953722608209857547e-02
9.686418042562039421e-02
1.044492610941787913e-01
1.121920928484051172e-01
1.199937957782057502e-01
1.277616818456650816e-01
1.354130870501270845e-01
1.428780472086887132e-01
1.501007919169961569e-01
1.570402240359808632e-01
1.636696265273150652e-01
1.699758112260702225e-01
1.759578459062428879e-01
1.816254227333504723e-01
1.869969039872629024e-01
1.920971126344438451e-01
1.969550048380495355e-01
2.016014232967712760e-01
2.060671411074377068e-01
2.103813524943254354e-01
2.145706726431854672e-01
2.186586144842653789e-01
2.226654467416884220e-01
2.266083141049082816e-01
2.305015085760499793e-01
2.343568061329236729e-01
2.381838121195337943e-01
2.419902844844696310e-01
2.457824226820564950e-01
2.495651210961798983e-01
2.533421903999184543e-01
2.571165505908339366e-01
2.608903980812340984e-01
2.646653480715234208e-01
2.684425532667744640e-01
2.722228006590796667e-01
2.760065890608316419e-01
2.797941908654010823e-01
2.835857018628651360e-01
2.873810827470545948e-01
2.911801952395411952e-01
2.949828346936390622e-01
2.987887599428278307e-01
3.025977203771546553e-01
3.064094799593816698e-01
3.102238380308670607e-01
3.140406469867867978e-01
3.178598268901830504e-01
3.216813766819665577e-01
3.255053809075602600e-01
3.293320101272420031e-01
3.331615128700232686e-01
3.369941975770095466e-01
3.408304045935022786e-01
3.446704704627858162e-01
3.485146885920303306e-01
3.523632708817652781e-01
3.562163139134331136e-01
3.600737714319308114e-01
3.639354332090317112e-01
3.678009097367664904e-01
3.716696227609240788e-01
3.755408030036622713e-01
3.794134977109577811e-01
3.832865909094776424e-01
3.871588377195819275e-01
3.910289107758946336e-01
3.948954529004574665e-01
3.987571275223555367e-01
4.026126583876417642e-01
4.064608528716186497e-01
4.103006073534494202e-01
4.141308969873123691e-01
4.179507548259582816e-01
4.217592465128423562e-01
4.255554469588773148e-01
4.293384247343183802e-01
4.331072382122789222e-01
4.368609446656977480e-01
4.405986199139754200e-01
4.443193828396178047e-01
4.480224175180477775e-01
4.517069865402639217e-01
4.553724318791567138e-01
4.590181630743611629e-01
4.626436354133308115e-01
4.662483226787978441e-01
4.698316900030566901e-01
4.733931725973825055e-01
4.769321655074649224e-01
4.804480277316565684e-01
4.839401008820811700e-01
4.874077386756190955e-01
4.908503403320695901e-01
4.942673799124983613e-01
4.976584252365211514e-01
5.010231433960596892e-01
5.043612934920295165e-01
5.076727098881163025e-01
5.109572806795549260e-01
5.142149264895584659e-01
5.174455844784661140e-01
5.206492016671522283e-01
5.238257402095001236e-01
5.269751951012383584e-01
5.300976224541468218e-01
5.331931747749465433e-01
5.362621393945510295e-01
5.393049772504362460e-01
5.423223607453472317e-01
5.453152102157504677e-01
5.482847278558177218e-01
5.512324257129312954e-01
5.541601413617162075e-01
5.570700325849492485e-01
5.599645427942286924e-01
5.628463335239982657e-01
5.657181888161672001e-01
5.685829057101772221e-01
5.714431908628545553e-01
5.743015824147311710e-01
5.771604091070396958e-01
5.800217888916299191e-01
5.828876607069359839e-01
5.857598376337180834e-01
5.886400671693005071e-01
5.915300840149635420e-01
5.944316422429817282e-01
5.973465174946621659e-01
6.002764764163117661e-01
6.032232189573654146e-01
6.061883066581208457e-01
6.091730933231250811e-01
6.121786720357181855e-01
6.152058458997733403e-01
6.182551226138155442e-01
6.213267278874696764e-01
6.244206308054860433e-01
6.275365748966232893e-01
6.306741105989434049e-01
6.338326268879050929e-01
6.370113813249020929e-01
6.402095283987832008e-01
6.434261458731387329e-01
6.466602583335622212e-01
6.499108567680297321e-01
6.531769131333063916e-01
6.564573894372046636e-01
6.597512416407774749e-01
6.630574193980682818e-01
6.663748631839727654e-01
6.697025006903740696e-01
6.730392444474639912e-01
6.763839923065471105e-01
6.797356315404625704e-01
6.830930459056151482e-01
6.864551234546476532e-01
6.898207618443389366e-01
6.931888678713659102e-01
6.965583490172713166e-01
6.999280964691809714e-01
7.032969609194067440e-01
7.066637242117812523e-01
7.100270715939577260e-01
7.133855708439121868e-01
7.167376653240989937e-01
7.200816871130499841e-01
7.234158929515405179e-01
7.267385201071957512e-01
7.300478533559318084e-01
7.333422909145839164e-01
7.366203980933372364e-01
7.398809420087326671e-01
7.431229064049162947e-01
7.463454899851078572e-01
7.495480935470825168e-01
7.527303009459899164e-01
7.558918574437152316e-01
7.590326473104949123e-01
7.621526712899160394e-01
7.652520240402959084e-01
7.683308718823571581e-01
7.713894317498715125e-01
7.744279526517737766e-01
7.774467008709907700e-01
7.804459495654904044e-01
7.834259726910273169e-01
7.863870425379200224e-01
7.893294298080112403e-01
7.922534050373331027e-01
7.951592402306405516e-01
7.980472097915506380e-01
8.009175902271230552e-01
8.037706586716469870e-01
8.066066908948797964e-01
8.094259599138164951e-01
8.122287364144322730e-01
8.150152918765934951e-01
8.177859047246679447e-01
8.205408691856730385e-01
8.232805059245651425e-01
8.260051729459142456e-01
8.287152747237105377e-01
8.314112672151592331e-01
8.340936566728831547e-01
8.367629913356302573e-01
8.394198471402273265e-01
8.420648109244899260e-01
8.446984661184958609e-01
8.473213858349690764e-01
8.499341365937572723e-01
8.525372934146122628e-01
8.551314645239984635e-01
8.577173218238961505e-01
8.602956315234878693e-01
8.628672779369889190e-01
8.654332728769464911e-01
8.679947442845475924e-01
8.705529015520945268e-01
8.731089810226940751e-01
8.756641812606799080e-01
8.782196009186081787e-01
8.807761906870277269e-01
8.833347257922647966e-01
8.858957994987524120e-01
8.884598335629354526e-01
8.910270995463550614e-01
8.935977449171275122e-01
8.961718190395676631e-01
8.987492957581498798e-01
9.013300909998358534e-01
9.039140755261625415e-01
9.065010844766931974e-01
9.090909263246610417e-01
9.116833940204083220e-01
9.142782804301299304e-01
9.168753989990140463e-01
9.194746092399102011e-01
9.220758453198341087e-01
9.246791446249978952e-01
9.272846717152181117e-01
9.298927318785562557e-01
9.325037684020477391e-01
9.351183396823788962e-01
9.377370767392155804e-01
9.403606273829929751e-01
9.429895976917398448e-01
9.456245022293758851e-01
9.482657312290276863e-01
9.509135376115388505e-01
9.535680417395369091e-01
9.562292487677808150e-01
9.588970724510141874e-01
9.615713596128128149e-01
9.642519104697566679e-01
9.669384913516023694e-01
9.696308380666480708e-01
9.723286501627590450e-01
9.750315781902171297e-01
9.777392070981022476e-01
9.804510386752877116e-01
9.831664747503956470e-01
9.858848015190889713e-01
9.886051747182612592e-01
9.913266058404267556e-01
9.940479510768287508e-01
9.967679066342587380e-01
9.994850155342216436e-01
1.002197690801221786e+00
1.004904257238631082e+00
1.007603009121673221e+00
1.010292276048561311e+00
1.012970486520179403e+00
1.015636220030974091e+00
1.018288242701956170e+00
1.020925526361566638e+00
1.023547254295552822e+00
1.026152817813796414e+00
1.028741806754744470e+00
1.031313995096712288e+00
1.033869321067486080e+00
1.036407860434545691e+00
1.038929792457841117e+00
1.041435359976916608e+00
1.043924827186459181e+00
1.046398439550638271e+00
1.048856389470464778e+00
1.051298789325644911e+00
1.053725651555639908e+00
1.056136874489769673e+00
1.058532232972465570e+00
1.060911374131374041e+00
1.063273820197969455e+00
1.065618981222152151e+00
1.067946180005896695e+00
1.070254689344283916e+00
1.072543778447488272e+00
1.074812762841549141e+00
1.077061051586769347e+00
1.079288187506302732e+00
1.081493879051100615e+00
1.083678024742114943e+00
1.085840731738408005e+00
1.087982328887492800e+00
1.090103372329563669e+00
1.092204639569704705e+00
1.094287107366027856e+00
1.096351910984117328e+00
1.098400287321013913e+00
1.100433510255677483e+00
1.102452830339359480e+00
1.104459430452944035e+00
1.106454404638391731e+00
1.108438761287880547e+00
1.110413446670150961e+00
1.112379381452989202e+00
1.114337501201878355e+00
1.116288791241595524e+00
1.118234306773858489e+00
1.120175171465830344e+00
1.122112552522786633e+00
1.124047616944161998e+00
1.125981479877623981e+00
1.127915158753352021e+00
1.129849544797584260e+00
1.131785397876371668e+00
1.133723364235175168e+00
1.135664011826362341e+00
1.137607875155714376e+00
1.139555500379728414e+00
1.141507481180038530e+00
1.143464476896262738e+00
1.145427207300162564e+00
1.147396423696633860e+00
1.149372862717285670e+00
1.151357194587497190e+00
1.153349979082516796e+00
1.155351639158086030e+00
1.157362456222083003e+00
1.159382585055086956e+00
1.161412082330964379e+00
1.163450940731641570e+00
1.165499120080910167e+00
1.167556567174018234e+00
1.169623217177160113e+00
1.171698972195982291e+00
1.173783657057647423e+00
1.175876957496166719e+00
1.177978349687335502e+00
1.180087030697664963e+00
1.182201856976906607e+00
1.184321294472786334e+00
1.186443381575484457e+00
1.188565706064380390e+00
1.190685399149544077e+00
1.192799152151451603e+00
1.194903262568236535e+00
1.196993714725303137e+00
1.199066295267990689e+00
1.201116736314137290e+00
1.203140871570456127e+00
1.205134786236951472e+00
1.207094942184623099e+00
1.209018265513842172e+00
1.210902191843524101e+00
1.212744672486116171e+00
1.214544149850790067e+00
1.216299512382787107e+00
1.218010038740855672e+00
1.219675338884047999e+00
1.221295297310976080e+00
1.222870021513647876e+00
1.224399797047194927e+00
1.225885049502444257e+00
1.227326313007384595e+00
1.228724204550285526e+00
1.230079403297017260e+00
1.231392634080378690e+00
1.232664654309845620e+00
1.233896243648181512e+00
1.235088195904775699e+00
1.236241312692759831e+00
1.237356398482686970e+00
1.238434256758293994e+00
1.239475687040008101e+00
1.240481482590727991e+00
1.241452428657621621e+00
1.242389301134890545e+00
1.243292865557124705e+00
1.244163876352312625e+00
1.245003076298833111e+00
1.245811196142727395e+00
1.246588954340926758e+00
1.247337056903452313e+00
1.248056197313357707e+00
1.248747056507695907e+00
1.249410302906327708e+00
1.250046592478170959e+00
1.250656568836686411e+00
1.251240863358119793e+00
1.251800095317404438e+00
1.252334872037729196e+00
1.252845789050671677e+00
1.253333430264550241e+00
1.253798368139292796e+00
1.254241163866718134e+00
1.254662367555728686e+00
1.255062518422569218e+00
1.255442144987110931e+00
1.255801765277168247e+00
1.256141887044311067e+00
1.256463007996707182e+00
1.256765616057562207e+00
1.257050189662188178e+00
1.257317198113333090e+00
1.257567102024175210e+00
1.257800353892786660e+00
1.258017398872933512e+00
1.258218675836460854e+00
1.258404618865385238e+00
1.258575659370051669e+00
1.258732229103715961e+00
1.258874764426157311e+00
1.259003712232481309e+00
1.259119537940826650e+00
1.259222735686953198e+00
1.259313840180299016e+00
1.259393438292398804e+00
1.259462176409898548e+00
1.259520757788405110e+00
1.259569924696876120e+00
1.259610425070216699e+00
1.259642971366450537e+00
1.259668204516728895e+00
1.259686673309633465e+00
1.259698831435504207e+00
1.259705047412023049e+00
1.259705620455611186e+00
1.259700796910564247e+00
1.259690784406368946e+00
1.259675762876460992e+00
1.259655892620259898e+00
1.259631319978062436e+00
1.259602181230018880e+00
1.259568605235851235e+00
1.259530715207627383e+00
1.259488629896621248e+00
1.259442464388771610e+00
1.259392330640556334e+00
1.259338337843435740e+00
1.259280592675334098e+00
1.259219199477736861e+00
1.259154260383779977e+00
1.259085875413990863e+00
1.259014142550614723e+00
1.258939157797694275e+00
1.258861015231608649e+00
1.258779807045160792e+00
1.258695623587245072e+00
1.258608553399429564e+00
1.258518683250337888e+00
1.258426098168411889e+00
1.258330881473442187e+00
1.258233114807124409e+00
1.258132878162814494e+00
1.258030249914598331e+00
1.257925306845756985e+00
1.257818124176680596e+00
1.257708775592272676e+00
1.257597333268869910e+00
1.257483867900700547e+00
1.257368448725896259e+00
1.257251143552071238e+00
1.257132018781478511e+00
1.257011139435753488e+00
1.256888569180251602e+00
1.256764370347989379e+00
1.256638603963193823e+00
1.256511329764468776e+00
1.256382606227583132e+00
1.256252490587886905e+00
1.256121038862362482e+00
1.255988305871315935e+00
1.255854345259713067e+00
1.255719209518167956e+00
1.255582950003587328e+00
1.255445616959477872e+00
1.255307259535919817e+00
1.255167925809214324e+00
1.255027662801207589e+00
1.254886516498297855e+00
1.254744531870130242e+00
1.254601752887984034e+00
1.254458222542856438e+00
1.254313982863249688e+00
1.254169074932663719e+00
1.254023538906800628e+00
1.253877414030484028e+00
1.253730738654299737e+00
1.253583550250960688e+00
1.253435885431399610e+00
1.253287779960596149e+00
1.253139268773140858e+00
1.252990385988540067e+00
1.252841164926266737e+00
1.252691638120561057e+00
1.252541837334983033e+00
1.252391793576724366e+00
1.252241537110679204e+00
1.252091097473281289e+00
1.251940503486109524e+00
1.251789783269264378e+00
1.251638964254521591e+00
1.251488073198264273e+00
1.251337136194198285e+00
1.251186178685853134e+00
1.251035225478873469e+00
1.250884300753102085e+00
1.250733428074460418e+00
1.250582630406627871e+00
1.250431930122523516e+00
1.250281349015593957e+00
1.250130908310909561e+00
1.249980628676072625e+00
1.249830530231940573e+00
1.249680632563166860e+00
1.249530954728562238e+00
1.249381515271279275e+00
1.249232332228824349e+00
1.249083423142897109e+00
1.248934805069063403e+00
1.248786494586261009e+00
1.248638507806143716e+00
1.248490860382264644e+00
1.248343567519102359e+00
1.248196643980930443e+00
1.248050104100535851e+00
1.247903961787786509e+00
1.247758230538050572e+00
1.247612923440470700e+00
1.247468053186095549e+00
1.247323632075868938e+00
1.247179672028482234e+00
1.247036184588089291e+00
1.246893180931887279e+00
1.246750671877566052e+00
1.246608667890627187e+00
1.246467179091575339e+00
1.246326215262983927e+00
1.246185785856436912e+00
1.246045899999349338e+00
1.245906566501667978e+00
1.245767793862453843e+00
1.245629590276349230e+00
1.245491963639930644e+00
1.245354921557949801e+00
1.245218471349463840e+00
1.245082620053857392e+00
1.244947374436757848e+00
1.244812740995845157e+00
1.244678725966559485e+00
1.244545335327705837e+00
1.244412574806959437e+00
1.244280449886272732e+00
1.244148965807185814e+00
1.244018127576041577e+00
1.243887939969106515e+00
1.243758407537601141e+00
1.243629534612638476e+00
1.243501325310073735e+00
1.243373783535267396e+00
1.243246912987760355e+00
1.243120717165866029e+00
1.242995199371178527e+00
1.242870362712998444e+00
1.242746210112678273e+00
1.242622744307889660e+00
1.242499967856810272e+00
1.242377883142236961e+00
1.242256492375620747e+00
1.242135797601029878e+00
1.242015800699038275e+00
1.241896503390543804e+00
1.241777907240514622e+00
1.241660013661667117e+00
1.241542823918075467e+00
1.241426339128713918e+00
1.241310560270933117e+00
1.241195488183872042e+00
1.241081123571806000e+00
1.240967467007431546e+00
1.240854518935090578e+00
1.240742279673933357e+00
1.240630749421021584e+00
1.240519928254373516e+00
1.240409816135951804e+00
1.240300412914593364e+00
1.240191718328885528e+00
1.240083732009985340e+00
1.239976453484386676e+00
1.239869882176634297e+00
1.239764017411985053e+00
1.239658858419018461e+00
1.239554404332197546e+00
1.239450654194379720e+00
1.239347606959278814e+00
1.239245261493880257e+00
1.239143616580808960e+00
1.239042670920651013e+00
1.238942423134230086e+00
1.238842871764839426e+00
1.238744015280429656e+00
1.238645852075754616e+00
1.238548380474473687e+00
1.238451598731213243e+00
1.238355505033586823e+00
1.238260097504175983e+00
1.238165374202470970e+00
1.238071333126772755e+00
1.237977972216057099e+00
1.237885289351800866e+00
1.237793282359772817e+00
1.237701949011785985e+00
1.237611287027416962e+00
1.237521294075688560e+00
1.237431967776719155e+00
1.237343305703337393e+00
1.237255305382665371e+00
1.237167964297667400e+00
1.237081279888668561e+00
1.236995249554840193e+00
1.236909870655656052e+00
1.236825140512317622e+00
1.236741056409148998e+00
1.236657615594963788e+00
1.236574815284402051e+00
1.236492652659239910e+00
1.236411124869671418e+00
1.236330229035562445e+00
1.236249962247678580e+00
1.236170321568886843e+00
1.236091304035330518e+00
1.236012906657580235e+00
1.235935126421759067e+00
1.235857960290643653e+00
1.235781405204740890e+00
1.235705458083341757e+00
1.235630115825551378e+00
1.235555375311296888e+00
1.235481233402312418e+00
1.235407686943102767e+00
1.235334732761884879e+00
1.235262367671509320e+00
1.235190588470359563e+00
1.235119391943231948e+00
1.235048774862195664e+00
1.234978733987432520e+00
1.234909266068057843e+00
1.234840367842922504e+00
1.234772036041396071e+00
1.234704267384132192e+00
1.234637058583816005e+00
1.234570406345893101e+00
1.234504307369283183e+00
1.234438758347074616e+00
1.234373755967204112e+00
1.234309296913118859e+00
1.234245377864424009e+00
1.234181995497513062e+00
1.234119146486183816e+00
1.234056827502239218e+00
1.233995035216072678e+00
1.233933766297239609e+00
1.233873017415013873e+00
1.233812785238931786e+00
1.233753066439320367e+00
1.233693857687813589e+00
1.233635155657854865e+00
1.233576957025186882e+00
1.233519258468328106e+00
1.233462056669037743e+00
1.233405348312767602e+00
1.233349130089102186e+00
1.233293398692187903e+00
1.233238150821149182e+00
1.233183383180494364e+00
1.233129092480510725e+00
1.233075275437647500e+00
1.233021928774889142e+00
1.232969049222118141e+00
1.232916633516467186e+00
1.232864678402661118e+00
1.232813180633349770e+00
1.232762136969430822e+00
1.232711544180362440e+00
1.232661399044467920e+00
1.232611698349230789e+00
1.232562438891580348e+00
1.232513617478169232e+00
1.232465230925642086e+00
1.232417276060896016e+00
1.232369749721333063e+00
1.232322648755103556e+00
1.232275970021343259e+00
1.232229710390401412e+00
1.232183866744061440e+00
1.232138435975755231e+00
1.232093414990768965e+00
1.232048800706442071e+00
1.232004590052360182e+00
1.231960779970540099e+00
1.231917367415608311e+00
1.231874349354973530e+00
1.231831722768992776e+00
1.231789484651130584e+00
1.231747632008112214e+00
1.231706161860071314e+00
1.231665071240692022e+00
1.231624357197343755e+00
1.231584016791211988e+00
1.231544047097422823e+00
1.231504445205162668e+00
1.231465208217791485e+00
1.231426333252952032e+00
1.231387817442674004e+00
1.231349657933472619e+00
1.231311851886442765e+00
1.231274396477348043e+00
1.231237288896706250e+00
1.231200526349868873e+00
1.231164106057097252e+00
1.231128025253634073e+00
1.231092281189770876e+00
1.231056871130910890e+00
1.231021792357628319e+00
1.230987042165723633e+00
1.230952617866274856e+00
1.230918516785685535e+00
1.230884736265728252e+00
1.230851273663585266e+00
1.230818126351885589e+00
1.230785291718738073e+00
1.230752767167761608e+00
1.230720550118112433e+00
1.230688638004507229e+00
1.230657028277244436e+00
1.230625718402221125e+00
1.230594705860948102e+00
1.230563988150561672e+00
1.230533562783832302e+00
1.230503427289170837e+00
1.230473579210632273e+00
1.230444016107916649e+00
1.230414735556367267e+00
1.230385735146966697e+00
1.230357012486329893e+00
1.230328565196696200e+00
1.230300390915917585e+00
1.230272487297445094e+00
1.230244852010313750e+00
1.230217482739124568e+00
1.230190377184025241e+00
1.230163533060687708e+00
1.230136948100285288e+00
1.230110620049466474e+00
1.230084546670327850e+00
1.230058725740384773e+00
1.230033155052540295e+00
1.230007832415052516e+00
1.229982755651500614e+00
1.229957922600748654e+00
1.229933331116908279e+00
1.229908979069299191e+00
1.229884864342409623e+00
1.229860984835853710e+00
1.229837338464328633e+00
1.229813923157570210e+00
1.229790736860306488e+00
1.229767777532210893e+00
1.229745043147854267e+00
1.229722531696654464e+00
1.229700241182826836e+00
1.229678169625331385e+00
1.229656315057820581e+00
1.229634675528585186e+00
1.229613249100499628e+00
1.229592033850966049e+00
1.229571027871857680e+00
1.229550229269460671e+00
1.229529636164416129e+00
1.229509246691660840e+00
1.229489059000366646e+00
1.229469071253879608e+00
1.229449281629658719e+00
1.229429688319212843e+00
1.229410289528038325e+00
1.229391083475554813e+00
1.229372068395041095e+00
1.229353242533569812e+00
1.229334604151942401e+00
1.229316151524622258e+00
1.229297882939668574e+00
1.229279796698669491e+00
1.229261891116673500e+00
1.229244164522122151e+00
1.229226615256781008e+00
1.229209241675671249e+00
1.229192042146999730e+00
1.229175015052089259e+00
1.229158158785309096e+00
1.229141471754004122e+00
1.229124952378424007e+00
1.229108599091652376e+00
1.229092410339535313e+00
1.229076384580610304e+00
1.229060520286033631e+00
1.229044815939509094e+00
1.229029270037215626e+00
1.229013881087734239e+00
1.228998647611976525e+00
1.228983568143111160e+00
1.228968641226491076e+00
1.228953865419580627e+00
1.228939239291882757e+00
1.228924761424865286e+00
1.228910430411888077e+00
1.228896244858129094e+00
1.228882203380511573e+00
1.228868304607630524e+00
1.228854547179678791e+00
1.228840929748374222e+00
1.228827450976885727e+00
1.228814109539759780e+00
1.228800904122847371e+00
1.228787833423230280e+00
1.228774896149147589e+00
1.228762091019922398e+00
1.228749416765889224e+00
1.228736872128319613e+00
1.228724455859350195e+00
1.228712166721908750e+00
1.228700003489642034e+00
1.228687964946842515e+00
1.228676049888375976e+00
1.228664257119608916e+00
1.228652585456335711e+00
1.228641033724707121e+00
1.228629600761157903e+00
1.228618285412334421e+00
1.228607086535023152e+00
1.228596002996079628e+00
1.228585033672356497e+00
1.228574177450632021e+00
1.228563433227539692e+00
1.228552799909497173e+00
1.228542276412635470e+00
1.228531861662728764e+00
1.228521554595124465e+00
1.228511354154673052e+00
1.228501259295657899e+00
1.228491268981726670e+00
1.228481382185821591e+00
1.228471597890110401e+00
1.228461915085917955e+00
1.228452332773657618e+00
1.228442849962763095e+00
1.228433465671620262e+00
1.228424178927499888e+00
