-7.257740000000012515e-01
-7.257740000000012515e-01
-7.257736143899720105e-01
-7.257724769196443049e-01
-7.257702429569052871e-01
-7.257665926743627205e-01
-7.257612357150003968e-01
-7.257539177057050761e-01
-7.257444287133543170e-01
-7.257326132287335030e-01
-7.257183802923206084e-01
-7.257017107522910626e-01
-7.256826566712989424e-01
-7.256613271985848934e-01
-7.256378588130675267e-01
-7.256123768676229213e-01
-7.255849637551110565e-01
-7.255556467351422789e-01
-7.255244057233065647e-01
-7.254911907636297785e-01
-7.254559385868015742e-01
-7.254185835308806229e-01
-7.253790631849408310e-01
-7.253373209159599266e-01
-7.252933070696583329e-01
-7.252469797524212503e-01
-7.251983055022364066e-01
-7.251472599104070715e-01
-7.250938282014937064e-01
-7.250380057875899231e-01
-7.249797988227025813e-01
-7.249192247724407512e-01
-7.248563129853761167e-01
-7.247911052206538196e-01
-7.247236560713030684e-01
-7.246540332392870098e-01
-7.245823176695137535e-01
-7.245086036211622060e-01
-7.244329988147933941e-01
-7.243556248069644710e-01
-7.242766176880167661e-01
-7.241961290784671990e-01
-7.241143272477187365e-01
-7.240313980435822971e-01
-7.239475452505731434e-01
-7.238629900267620210e-01
-7.237779692210104532e-01
-7.236927326304933850e-01
-7.236075395647124653e-01
-7.235226553392922755e-01
-7.234383484247874918e-01
-7.233548888574942159e-01
-7.232725481939136225e-01
-7.231916008465546497e-01
-7.231123262006208252e-01
-7.230350105935401395e-01
-7.229599481228698998e-01
-7.228874393759044947e-01
-7.228177875486396786e-01
-7.227512919877295827e-01
-7.226882398186237344e-01
-7.226288968320352391e-01
-7.225734990161605253e-01
-7.225222459691047483e-01
-7.224752969738514885e-01
-7.224327699430117544e-01
-7.223947429326585956e-01
-7.223612576045898015e-01
-7.223323239087271475e-01
-7.223079253159413460e-01
-7.222880240845723776e-01
-7.222725662272959646e-01
-7.222614860153326877e-01
-7.222547099896533540e-01
-7.222521605319639493e-01
-7.222537590787774242e-01
-7.222594290437992504e-01
-7.222690984568931327e-01
-7.222827022459434865e-01
-7.223001839988182349e-01
-7.223214969700235688e-01
-7.223466040712429592e-01
-7.223754766392158633e-01
-7.224080919266241407e-01
-7.224444294945341349e-01
-7.224844669357165516e-01
-7.225281755383671234e-01
-7.225755165428858762e-01
-7.226264385504181931e-01
-7.226808764821767150e-01
-7.227387523658165280e-01
-7.227999782188071487e-01
-7.228644614308151750e-01
-7.229321132782557946e-01
-7.230028614504934170e-01
-7.230766676280766525e-01
-7.231535511478472955e-01
-7.232336195918485089e-01
-7.233171067836192680e-01
-7.234044182194450112e-01
-7.234961833830871880e-01
-7.235933135325197663e-01
-7.236970621451377372e-01
-7.238090830561058064e-01
-7.239314785113861728e-01
-7.240668265177276908e-01
-7.242181753087735263e-01
-7.243889941883420169e-01
-7.245830758041299502e-01
-7.248043947863799241e-01
-7.250569389734022874e-01
-7.253445377187247578e-01
-7.256707132132503846e-01
-7.260385745884536668e-01
-7.264507635533876684e-01
-7.269094488591569814e-01
-7.274163584588839715e-01
-7.279728341089616306e-01
-7.285798928004622033e-01
-7.292382816289728620e-01
-7.299485165189959490e-01
-7.307108999583715736e-01
-7.315255178860731178e-01
-7.323922201183815650e-01
-7.333105911112629549e-01
-7.342799179183494562e-01
-7.352991604251987168e-01
-7.363669266543901859e-01
-7.374814545386522147e-01
-7.386406017912513500e-01
-7.398418471667567164e-01
-7.410823084775566283e-01
-7.423587836990598321e-01
-7.436678199144823864e-01
-7.450058101587966330e-01
-7.463691114995272269e-01
-7.477541715971495195e-01
-7.491576484231953215e-01
-7.505765100391735833e-01
-7.520081070881372565e-01
-7.534502170545992472e-01
-7.549010637852694439e-01
-7.563593171307543273e-01
-7.578240763757634335e-01
-7.592948388502496204e-01
-7.607714534573681853e-01
-7.622540591019149048e-01
-7.637430104601123926e-01
-7.652387972062553168e-01
-7.667419657663916421e-01
-7.682530531308682242e-01
-7.697725397745506237e-01
-7.713008243977818035e-01
-7.728382187762917743e-01
-7.743849578145757251e-01
-7.759412183358330717e-01
-7.775071399644387649e-01
-7.790828422955506927e-01
-7.806684342166285706e-01
-7.822640136647923681e-01
-7.838696589737357279e-01
-7.854854155695523144e-01
-7.871112832047957308e-01
-7.887472086260685078e-01
-7.903930867725050824e-01
-7.920487711299126765e-01
-7.937140915898392990e-01
-7.953888765522193482e-01
-7.970729751138715402e-01
-7.987662749245687532e-01
-8.004687117334876589e-01
-8.021802680145991848e-01
-8.039009604441578194e-01
-8.056308189912503304e-01
-8.073698629642214186e-01
-8.091180804007792604e-01
-8.108754161971448715e-01
-8.126417718268258428e-01
-8.144170164837993831e-01
-8.162010069414652458e-01
-8.179936117344281943e-01
-8.197947344008723602e-01
-8.216043303899654981e-01
-8.234224129953975346e-01
-8.252490456157750565e-01
-8.270843207695882660e-01
-8.289283298957780266e-01
-8.307811306971890630e-01
-8.326427193885677092e-01
-8.345130134412096501e-01
-8.363918471947100475e-01
-8.382789794329370547e-01
-8.401741096940223974e-01
-8.420768989523497172e-01
-8.439869901327308188e-01
-8.459040244065477721e-01
-8.478276502916929358e-01
-8.497575242687104291e-01
-8.516933037964893316e-01
-8.536346357276334285e-01
-8.555811443979799424e-01
-8.575324235475066947e-01
-8.594880348273449266e-01
-8.614475136403020317e-01
-8.634103812114864995e-01
-8.653761605060297235e-01
-8.673443929260641339e-01
-8.693146525088079057e-01
-8.712865546045235332e-01
-8.732597568976189217e-01
-8.752339522759736701e-01
-8.772088552343079160e-01
-8.791841855157610519e-01
-8.811596536686958636e-01
-8.831349526490581692e-01
-8.851097578155437962e-01
-8.870837354413924070e-01
-8.890565579366672688e-01
-8.910279226469683955e-01
-8.929975703293092648e-01
-8.949652991368807209e-01
-8.969309703197250183e-01
-8.988945031830332111e-01
-9.008558592669978493e-01
-9.028150187433294782e-01
-9.047719545386881945e-01
-9.067266105163844792e-01
-9.086788887772193624e-01
-9.106286484474309662e-01
-9.125757153978760750e-01
-9.145199000900667841e-01
-9.164610194342095451e-01
-9.183989180141746145e-01
-9.203334841418494561e-01
-9.222646570691183099e-01
-9.241924235678268262e-01
-9.261168049546442127e-01
-9.280378387847076915e-01
-9.299555616199091101e-01
-9.318699994488873761e-01
-9.337811704050715811e-01
-9.356891012762555970e-01
-9.375938560496562824e-01
-9.394955720446337422e-01
-9.413944971375453052e-01
-9.432910201511566228e-01
-9.451856860371320446e-01
-9.470791888964473770e-01
-9.489723399603123832e-01
-9.508660140896048052e-01
-9.527610850952213939e-01
-9.546583641919360597e-01
-9.565585551259072616e-01
-9.584622344302632380e-01
-9.603698583856060678e-01
-9.622817922444817373e-01
-9.641983534046569826e-01
-9.661198583729534439e-01
-9.680466629908064391e-01
-9.699791863774154255e-01
-9.719179118649767801e-01
-9.738633632476959567e-01
-9.758160612244944909e-01
-9.777764707810123745e-01
-9.797449527909972700e-01
-9.817217311244385014e-01
-9.837068812158176190e-01
-9.857003399750973172e-01
-9.877019323019735619e-01
-9.897114070329821045e-01
-9.917284745097239007e-01
-9.937528384618080635e-01
-9.957842163099343002e-01
-9.978223444848401957e-01
-9.998669689789511095e-01
-1.001917825420279851e+00
-1.003974616037039302e+00
-1.006036991579899009e+00
-1.008104544308525696e+00
-1.010176814580208582e+00
-1.012253309942795720e+00
-1.014333532944351690e+00
-1.016417012288970856e+00
-1.018503331212279983e+00
-1.020592146897578489e+00
-1.022683195716047599e+00
-1.024776281544299339e+00
-1.026871248387035251e+00
-1.028967942946430902e+00
-1.031066175763042381e+00
-1.033165689623174455e+00
-1.035266141132017426e+00
-1.037367097207714028e+00
-1.039468044573097716e+00
-1.041568408116416489e+00
-1.043667573261792603e+00
-1.045764907741991934e+00
-1.047859778987617618e+00
-1.049951564633493595e+00
-1.052039655438127053e+00
-1.054123452054851251e+00
-1.056202359012352820e+00
-1.058275780196735516e+00
-1.060343119661145250e+00
-1.062403789983619173e+00
-1.064457228357213348e+00
-1.066502918741635497e+00
-1.068540416936430315e+00
-1.070569374279179975e+00
-1.072589554852028115e+00
-1.074600840993820361e+00
-1.076603223249649632e+00
-1.078596774077145160e+00
-1.080581609123130837e+00
-1.082557843962731248e+00
-1.084525555840565980e+00
-1.086484758311768939e+00
-1.088435392689716785e+00
-1.090377335790995383e+00
-1.092310420146450411e+00
-1.094234461054903740e+00
-1.096149284257451395e+00
-1.098054748209619458e+00
-1.099950755926894175e+00
-1.101837253494062585e+00
-1.103714215655038355e+00
-1.105581622732533909e+00
-1.107439435989318710e+00
-1.109287579067628871e+00
-1.111125931115898968e+00
-1.112954333716806188e+00
-1.114772610258168761e+00
-1.116580593843784053e+00
-1.118378158303337422e+00
-1.120165246048391516e+00
-1.121941886397658239e+00
-1.123708199006249631e+00
-1.125464379776963897e+00
-1.127210671073782366e+00
-1.128947322924319430e+00
-1.130674555043288398e+00
-1.132392529323149377e+00
-1.134101339086192484e+00
-1.135801016614101933e+00
-1.137491556188878983e+00
-1.139172947033657568e+00
-1.140845209033478858e+00
-1.142508423525200323e+00
-1.144162751744370876e+00
-1.145808435229294098e+00
-1.147445776152464125e+00
-1.149075100818832018e+00
-1.150696714692844624e+00
-1.152310859918575403e+00
-1.153917685064529630e+00
-1.155517232544426065e+00
-1.157109444042855539e+00
-1.158694180286134134e+00
-1.160271249367250457e+00
-1.161840437222869227e+00
-1.163401534176592644e+00
-1.164954352472755472e+00
-1.166498731618129892e+00
-1.168034531288262068e+00
-1.169561615081846417e+00
-1.171079831293602602e+00
-1.172588997795762422e+00
-1.174088896648110447e+00
-1.175579281013075406e+00
-1.177059893697482540e+00
-1.178530494114373939e+00
-1.179990888816346395e+00
-1.181440959744650909e+00
-1.182880683897500340e+00
-1.184310138677862501e+00
-1.185729489433899220e+00
-1.187138959868912602e+00
-1.188538791047523135e+00
-1.189929198515338848e+00
-1.191310337636355632e+00
-1.192682284384369407e+00
-1.194045034094685098e+00
-1.195398516210259166e+00
-1.196742620091145737e+00
-1.198077225552731662e+00
-1.199402231438923216e+00
-1.200717575896085965e+00
-1.202023243280014198e+00
-1.203319255212440320e+00
-1.204605647136427482e+00
-1.205882435723067303e+00
-1.207149584910421458e+00
-1.208406978002454224e+00
-1.209654400442402800e+00
-1.210891534194160624e+00
-1.212117961775864172e+00
-1.213333176666845148e+00
-1.214536596886571118e+00
-1.215727579412925419e+00
-1.216905434175549860e+00
-1.218069437239237329e+00
-1.219218843295919452e+00
-1.220352897691597827e+00
-1.221470848051321445e+00
-1.222571955344797345e+00
-1.223655504141903938e+00
-1.224720811885366745e+00
-1.225767237154144595e+00
-1.226794186950372900e+00
-1.227801122913245946e+00
-1.228787566051067426e+00
-1.229753099213461098e+00
-1.230697366330446352e+00
-1.231620067690611053e+00
-1.232520951355376759e+00
-1.233399802025178182e+00
-1.234256429754722495e+00
-1.235090661275235702e+00
-1.235902336109050204e+00
-1.236691308451494997e+00
-1.237457454465930917e+00
-1.238200683541981206e+00
-1.238920951257260539e+00
-1.239618271179133036e+00
-1.240292722290714078e+00
-1.240944449023763996e+00
-1.241573652040225850e+00
-1.242180570133381012e+00
-1.242765456327878049e+00
-1.243328553250801605e+00
-1.243870073080407535e+00
-1.244390185772005442e+00
-1.244889016725280850e+00
-1.245366652751587866e+00
-1.245823153774590741e+00
-1.246258567152761731e+00
-1.246672941541490998e+00
-1.247066337599018748e+00
-1.247438833611021147e+00
-1.247790525397207473e+00
-1.248121521600735528e+00
-1.248431937165231043e+00
-1.248721888749480424e+00
-1.248991495551464048e+00
-1.249240887665918009e+00
-1.249470222282229592e+00
-1.249679706276470403e+00
-1.249869622218524379e+00
-1.250040353407381177e+00
-1.250192402309721729e+00
-1.250326396215733604e+00
-1.250443074956106182e+00
-1.250543258854710960e+00
-1.250627800286601143e+00
-1.250697527282683463e+00
-1.250753190001596682e+00
-1.250795419306040213e+00
-1.250824702177031789e+00
-1.250841373724606020e+00
-1.250845622161041337e+00
-1.250837501945355923e+00
-1.250816950882619683e+00
-1.250783808369544392e+00
-1.250737833459606652e+00
-1.250678722512290619e+00
-1.250606126695694043e+00
-1.250519669572371040e+00
-1.250418964666156318e+00
-1.250303632619186311e+00
-1.250173317516022786e+00
-1.250027702129542728e+00
-1.249866521985124823e+00
-1.249689577981554223e+00
-1.249496746721474594e+00
-1.249287986778409465e+00
-1.249063338201954476e+00
-1.248822912214250014e+00
-1.248566868895370163e+00
-1.248295382900775463e+00
-1.248008600253640132e+00
-1.247706591617236072e+00
-1.247389307935419911e+00
-1.247056542829561243e+00
-1.246707903772733772e+00
-1.246342792255950238e+00
-1.245960392702764041e+00
-1.245559670644356798e+00
-1.245139381888543673e+00
-1.244698095170194918e+00
-1.244234230283382425e+00
-1.243746111646214292e+00
-1.243232034019301935e+00
-1.242690333790291923e+00
-1.242119457254131643e+00
-1.241518017620041769e+00
-1.240884834992314500e+00
-1.240218957261335797e+00
-1.239519663336129840e+00
-1.238786452473590982e+00
-1.238019024340474505e+00
-1.237217254172469083e+00
-1.236381166483735861e+00
-1.235510909690507031e+00
-1.234606733032892922e+00
-1.233668966432605485e+00
-1.232698003422897370e+00
-1.231694286989084119e+00
-1.230658298007220930e+00
-1.229590545913492816e+00
-1.228491561238367336e+00
-1.227361889670530282e+00
-1.226202087359070658e+00
-1.225012717208361135e+00
-1.223794345963364449e+00
-1.222547541921320979e+00
-1.221272873138220971e+00
-1.219970906025316326e+00
-1.218642204252738281e+00
-1.217287327894811977e+00
-1.215906832765593970e+00
-1.214501269904186831e+00
-1.213071185178070888e+00
-1.211617118979514185e+00
-1.210139605995468770e+00
-1.208639175035551627e+00
-1.207116348905982628e+00
-1.205571644319914926e+00
-1.204005571836597843e+00
-1.202418635823370829e+00
-1.200811334435702760e+00
-1.199184159611421663e+00
-1.197537597075991833e+00
-1.195872126356207765e+00
-1.194188220800019851e+00
-1.192486347600389518e+00
-1.190766967821081268e+00
-1.189030536422097883e+00
-1.187277502282017227e+00
-1.185508308213672368e+00
-1.183723390968308031e+00
-1.181923181221300689e+00
-1.180108103529407426e+00
-1.178278576244788933e+00
-1.176435011363949235e+00
-1.174577814279081700e+00
-1.172707383383380320e+00
-1.170824109458102447e+00
-1.168928374733850806e+00
-1.167020551466350309e+00
-1.165100999790577241e+00
-1.163170064506757084e+00
-1.161228070296032922e+00
-1.159275314652002953e+00
-1.157312057545425432e+00
-1.155338506540533716e+00
-1.153354795850459080e+00
-1.151360957900882553e+00
-1.149356886864192573e+00
-1.147342296146535157e+00
-1.145316676839094994e+00
-1.143279271554253018e+00
-1.141229084594548526e+00
-1.139164947390639560e+00
-1.137085640234007045e+00
-1.134990042332289395e+00
-1.132877263345950958e+00
-1.130746718821597829e+00
-1.128598141433321045e+00
-1.126431545400596868e+00
-1.124247169289273263e+00
-1.122045416778198579e+00
-1.119826805675263826e+00
-1.117591928332950513e+00
-1.115341422802537785e+00
-1.113075952656924716e+00
-1.110796193260706666e+00
-1.108502822609844118e+00
-1.106196515315192253e+00
-1.103877938708610840e+00
-1.101547750364819223e+00
-1.099206596560027505e+00
-1.096855111347053491e+00
-1.094493916034529057e+00
-1.092123618930085582e+00
-1.089744815255394128e+00
-1.087358087172599408e+00
-1.084964003882515238e+00
-1.082563121768617354e+00
-1.080155984569823424e+00
-1.077743123570924277e+00
-1.075325057803375062e+00
-1.072902294251674382e+00
-1.070475328062213460e+00
-1.068044642752562723e+00
-1.065610710419872209e+00
-1.063173991947533148e+00
-1.060734937209554918e+00
-1.058293985272313442e+00
-1.055851564593460523e+00
-1.053408093217872210e+00
-1.050963978970572255e+00
-1.048519619646603118e+00
-1.046075403197843423e+00
-1.043631707916787610e+00
-1.041188902617312007e+00
-1.038747346812460615e+00
-1.036307390889287250e+00
-1.033869376280792896e+00
-1.031433635635000012e+00
-1.029000492981205550e+00
-1.026570263893453738e+00
-1.024143255651272399e+00
-1.021719767397713419e+00
-1.019300090294740668e+00
-1.016884507676004246e+00
-1.014473295197044100e+00
-1.012066720982961687e+00
-1.009665045773600500e+00
-1.007268523066273680e+00
-1.004877399256077553e+00
-1.002491913773829513e+00
-1.000112299221666889e+00
-9.977387815063446519e-01
-9.953715799702673728e-01
-9.930109075202921964e-01
-9.906569707543367853e-01
-9.883099700858284375e-01
-9.859700998660274607e-01
-9.836375485042588851e-01
-9.813124985860860461e-01
-9.789951269894580088e-01
-9.766856049988634769e-01
-9.743840984175226039e-01
-9.720907676776483486e-01
-9.698057679488079064e-01
-9.675292492444139691e-01
-9.652613565263763462e-01
-9.630022298079432552e-01
-9.607520042547605943e-01
-9.585108102841781719e-01
-9.562787736628306501e-01
-9.540560156025216232e-01
-9.518426528544364773e-01
-9.496387978017120091e-01
-9.474445585503893374e-01
-9.452600390187748669e-01
-9.430853390252360580e-01
-9.409205543744564304e-01
-9.387657769421752230e-01
-9.366210947584353574e-01
-9.344865920893644651e-01
-9.323623495175124010e-01
-9.302484440207682281e-01
-9.281449490498802080e-01
-9.260519346046007794e-01
-9.239694673084793974e-01
-9.218976104823246587e-01
-9.198364242163573623e-01
-9.177859654410763790e-01
-9.157462879968569780e-01
-9.137174427023037060e-01
-9.116994774213765806e-01
-9.096924371293120259e-01
-9.076963639773573123e-01
-9.057112973563377079e-01
-9.037372739590763260e-01
-9.017743278416842090e-01
-8.998224904837405225e-01
-8.978817908473796239e-01
-8.959522554353039903e-01
-8.940339083477402138e-01
-8.921267713383550513e-01
-8.902308638691495135e-01
-8.883462031643473145e-01
-8.864728042632934457e-01
-8.846106800723811947e-01
-8.827598414160214846e-01
-8.809202970866715221e-01
-8.790920538939385187e-01
-8.772751167127729177e-01
-8.754694885307665597e-01
-8.736751704945712182e-01
-8.718921619554514946e-01
-8.701204605139859494e-01
-8.683600620639323475e-01
-8.666109608352690064e-01
-8.648731494364271244e-01
-8.631466188957275243e-01
-8.614313587020345775e-01
-8.597273568446408554e-01
-8.580345998523952744e-01
-8.563530728320872809e-01
-8.546827595060999538e-01
-8.530236422493435722e-01
-8.513757021254825252e-01
-8.497389189224670014e-01
-8.481132711873815566e-01
-8.464987362606213317e-01
-8.448952903094082423e-01
-8.433029083606579102e-01
-8.417215643332076613e-01
-8.401512310694176922e-01
-8.385918803661550625e-01
-8.370434830051715069e-01
-8.355060087828848348e-01
-8.339794265395750195e-01
-8.324637041880036392e-01
-8.309588087414681024e-01
-8.294647063412987631e-01
-8.279813622838095855e-01
-8.265087410467112372e-01
-8.250468063149957176e-01
-8.235955210063022891e-01
-8.221548472957725950e-01
-8.207247466404047342e-01
-8.193051798029143962e-01
-8.178961068751116059e-01
-8.164974873008017386e-01
-8.151092798982187970e-01
-8.137314428819991674e-01
-8.123639338847036262e-01
-8.110067099778959232e-01
-8.096597276927852693e-01
-8.083229430404403892e-01
-8.069963115315825775e-01
-8.056797881959656404e-01
-8.043733276013490530e-01
-8.030768838720723224e-01
-8.017904107072368891e-01
-8.005138613985033347e-01
-7.992471888475093378e-01
-7.979903455829165937e-01
-7.967432837770921372e-01
-7.955059552624311747e-01
-7.942783115473271982e-01
-7.930603038317962650e-01
-7.918518830227613270e-01
-7.906529997490027162e-01
-7.894636043757801147e-01
-7.882836470191334488e-01
-7.871130775598664808e-01
-7.859518456572204270e-01
-7.847999007622424861e-01
-7.836571921308540523e-01
-7.825236688366260518e-01
-7.813992797832639559e-01
-7.802839737168105749e-01
-7.791776992375691879e-01
-7.780804048117541116e-01
-7.769920387828722630e-01
-7.759125493828411546e-01
-7.748418847428487632e-01
-7.737799929039584912e-01
-7.727268218274653266e-01
-7.716823194050071999e-01
-7.706464334684355322e-01
-7.696191117994506392e-01
-7.686003021390050982e-01
-7.675899521964799632e-01
-7.665880096586382697e-01
-7.655944221983591591e-01
-7.646091374831576193e-01
-7.636321031834932826e-01
-7.626632669808722786e-01
-7.617025765757462485e-01
-7.607499796952118531e-01
-7.598054241005154363e-01
-7.588688575943652870e-01
-7.579402280280561621e-01
-7.570194833084092911e-01
-7.561065714045308583e-01
-7.552014403543935162e-01
-7.543040382712428160e-01
-7.534143133498336642e-01
-7.525322138724984677e-01
-7.516576882150508565e-01
-7.507906848525287558e-01
-7.499311523647785860e-01
-7.490790394418845866e-01
-7.482342948894463719e-01
-7.473968676337068295e-01
-7.465667067265341350e-01
-7.457437613502603257e-01
-7.449279808223793209e-01
-7.441193146001067182e-01
-7.433177122848051432e-01
-7.425231236262767043e-01
-7.417354985269257739e-01
-7.409547870457944274e-01
-7.401809394024733146e-01
-7.394139059808901848e-01
-7.386536373329786187e-01
-7.379000841822292989e-01
-7.371531974271265941e-01
-7.364129281444722341e-01
-7.356792275925982949e-01
-7.349520472144723815e-01
-7.342313386406966735e-01
-7.335170536924033868e-01
-7.328091443840479835e-01
-7.321075629261033502e-01
-7.314122617276562766e-01
-7.307231933989083439e-01
-7.300403107535831104e-01
-7.293635668112419257e-01
-7.286929147995102607e-01
-7.280283081562155534e-01
-7.273697005314400110e-01
-7.267170457894882585e-01
-7.260702980107734961e-01
-7.254294114936227222e-01
-7.247943407560029083e-01
-7.241650405371700128e-01
-7.235414657992429444e-01
-7.229235717287029184e-01
-7.223113137378207593e-01
-7.217046474660139266e-01
-7.211035287811337069e-01
-7.205079137806850165e-01
-7.199177587929799227e-01
-7.193330203782267729e-01
-7.187536553295555963e-01
-7.181796206739818889e-01
-7.176108736733101123e-01
-7.170473718249775752e-01
-7.164890728628408034e-01
-7.159359347579056232e-01
-7.153879157190017324e-01
-7.148449741934036483e-01
-7.143070688673985869e-01
-7.137741586668034932e-01
-7.132462027574312247e-01
-7.127231605455078833e-01
-7.122049916780424095e-01
-7.116916560431491012e-01
-7.111831137703246153e-01
-7.106793252306801145e-01
-7.101802510371304500e-01
-7.096858520445403773e-01
-7.091960893498293617e-01
-7.087109242920363039e-01
-7.082303184523445205e-01
-7.077542336540683099e-01
-7.072826319626024372e-01
-7.068154756853343157e-01
-7.063527273715212162e-01
-7.058943498121323934e-01
-7.054403060396573499e-01
-7.049905593278815719e-01
-7.045450731916296228e-01
-7.041038113864770409e-01
-7.036667379084322604e-01
-7.032338169935881123e-01
-7.028050131177452364e-01
-7.023802909960067398e-01
-7.019596155823462080e-01
-7.015429520691482956e-01
-7.011302658867243354e-01
-7.007215227028023019e-01
-7.003166884219925725e-01
-6.999157291852297069e-01
-6.995186113691913565e-01
-6.991253015856948583e-01
-6.987357666810720680e-01
-6.983499737355227666e-01
-6.979678900624478599e-01
-6.975894832077629282e-01
-6.972147209491921238e-01
-6.968435712955433070e-01
-6.964760024859655285e-01
-6.961119829891888600e-01
-6.957514815027469046e-01
-6.953944669521833211e-01
-6.950409084902419155e-01
-6.946907754960420789e-01
-6.943440375742386816e-01
-6.940006645541677566e-01
-6.936606264889787488e-01
-6.933238936547527764e-01
-6.929904365496081242e-01
-6.926602258927935241e-01
-6.923332326237692236e-01
-6.920094279012765082e-01
-6.916887831023960098e-01
-6.913712698215952468e-01
-6.910568598697662823e-01
-6.907455252732529472e-01
-6.904372382728687363e-01
-6.901319713229059349e-01
-6.898296970901354186e-01
-6.895303884527987925e-01
-6.892340184995916497e-01
-6.889405605286401668e-01
-6.886499880464697076e-01
-6.883622747669669861e-01
-6.880773946103350136e-01
-6.877953217020422727e-01
-6.875160303717660071e-01
-6.872394951523294049e-01
-6.869656907786337863e-01
-6.866945921865854618e-01
-6.864261745120182612e-01
-6.861604130896111764e-01
-6.858972834518022310e-01
-6.856367613276979078e-01
-6.853788226419796903e-01
-6.851234435138063850e-01
-6.848706002557138905e-01
-6.846202693725118582e-01
-6.843724275601779095e-01
-6.841270517047493005e-01
-6.838841188812123661e-01
-6.836436063523901874e-01
-6.834054915678284825e-01
-6.831697521626800551e-01
-6.829363659565879097e-01
-6.827053109525671459e-01
-6.824765653358865203e-01
-6.822501074729484527e-01
-6.820259159101693669e-01
-6.818039693728592532e-01
-6.815842467641013425e-01
-6.813667271636315581e-01
-6.811513898267186340e-01
-6.809382141830444546e-01
-6.807271798355845061e-01
-6.805182665594898817e-01
-6.803114543009696202e-01
-6.801067231761740439e-01
-6.799040534700796501e-01
-6.797034256353751136e-01
-6.795048202913487323e-01
-6.793082182227774268e-01
-6.791136003788179609e-01
-6.789209478718991608e-01
-6.787302419766171324e-01
-6.785414641286316995e-01
-6.783545959235657286e-01
-6.781696191159064524e-01
-6.779865156179095687e-01
-6.778052674985054482e-01
-6.776258569822086741e-01
-6.774482664480296901e-01
-6.772724784283898902e-01
-6.770984756080393741e-01
-6.769262408229780315e-01
-6.767557570593795147e-01
-6.765870074525186517e-01
-6.764199752857021908e-01
-6.762546439892030969e-01
-6.760909971391980688e-01
-6.759290184567090520e-01
-6.757686918065478610e-01
-6.756100011962652419e-01
-6.754529307751032663e-01
-6.752974648329516105e-01
-6.751435877993080537e-01
-6.749912842422429726e-01
-6.748405388673675009e-01
-6.746913365168064614e-01
-6.745436621681747402e-01
-6.743975009335587689e-01
-6.742528380585016690e-01
-6.741096589209928380e-01
-6.739679490304623100e-01
-6.738276940267791115e-01
-6.736888796792545042e-01
-6.735514918856493338e-01
-6.734155166711865981e-01
-6.732809401875680111e-01
-6.731477487119953418e-01
-6.730159286461969703e-01
-6.728854665154586634e-01
-6.727563489676592345e-01
-6.726285627723108673e-01
-6.725020948196048787e-01
-6.723769321194614790e-01
-6.722530618005850833e-01
-6.721304711095243967e-01
-6.720091474097370510e-01
-6.718890781806597934e-01
-6.717702510167832264e-01
-6.716526536267318770e-01
-6.715362738323489289e-01
-6.714210995677861726e-01
-6.713071188785992849e-01
-6.711943199208476596e-01
-6.710826909601999013e-01
-6.709722203710438704e-01
-6.708628966356021683e-01
-6.707547083430527302e-01
-6.706476441886546347e-01
-6.705416929728786890e-01
-6.704368436005435639e-01
-6.703330850799569252e-01
-6.702304065220618945e-01
-6.701287971395881726e-01
-6.700282462462090471e-01
-6.699287432557031741e-01
-6.698302776811214665e-01
