-0.725774 -1.36147 1.156 -1.33553 -1.57641 0.0590564 
-0.725774 -1.36147 1.156 -1.33553 -1.57641 0.0590564 
-0.725774 -1.36147 1.156 -1.33553 -1.57641 0.0590571 
-0.725772 -1.36147 1.156 -1.33553 -1.57641 0.0590591 
-0.72577 -1.36147 1.156 -1.33553 -1.57642 0.0590632 
-0.725767 -1.36147 1.15599 -1.33554 -1.57642 0.0590698 
-0.725761 -1.36146 1.15599 -1.33555 -1.57643 0.0590797 
-0.725754 -1.36146 1.15599 -1.33556 -1.57644 0.0590934 
-0.725744 -1.36146 1.15598 -1.33557 -1.57645 0.0591114 
-0.725733 -1.36145 1.15597 -1.33559 -1.57647 0.0591342 
-0.725718 -1.36144 1.15596 -1.33562 -1.57649 0.0591621 
-0.725702 -1.36144 1.15595 -1.33565 -1.57652 0.0591957 
-0.725683 -1.36142 1.15594 -1.33568 -1.57655 0.059235 
-0.725661 -1.36141 1.15592 -1.33572 -1.57658 0.0592804 
-0.725638 -1.3614 1.15591 -1.33577 -1.57662 0.059332 
-0.725612 -1.36138 1.15589 -1.33582 -1.57667 0.05939 
-0.725585 -1.36136 1.15587 -1.33588 -1.57672 0.0594546 
-0.725556 -1.36134 1.15585 -1.33595 -1.57677 0.059526 
-0.725524 -1.36132 1.15582 -1.33603 -1.57683 0.0596046 
-0.725491 -1.3613 1.1558 -1.33611 -1.5769 0.0596905 
-0.725456 -1.36127 1.15577 -1.3362 -1.57697 0.059784 
-0.725419 -1.36124 1.15574 -1.3363 -1.57705 0.0598853 
-0.725379 -1.36121 1.15571 -1.33641 -1.57713 0.0599947 
-0.725337 -1.36117 1.15568 -1.33652 -1.57722 0.0601123 
-0.725293 -1.36113 1.15565 -1.33665 -1.57731 0.0602383 
-0.725247 -1.36109 1.15562 -1.33678 -1.57742 0.0603728 
-0.725198 -1.36105 1.15558 -1.33693 -1.57752 0.0605158 
-0.725147 -1.36101 1.15554 -1.33708 -1.57764 0.0606676 
-0.725094 -1.36096 1.1555 -1.33724 -1.57775 0.060828 
-0.725038 -1.36091 1.15546 -1.33741 -1.57788 0.0609973 
-0.72498 -1.36086 1.15542 -1.3376 -1.57801 0.0611753 
-0.724919 -1.36081 1.15538 -1.33779 -1.57815 0.0613621 
-0.724856 -1.36075 1.15533 -1.33799 -1.57829 0.0615576 
-0.724791 -1.36069 1.15528 -1.3382 -1.57844 0.0617617 
-0.724724 -1.36063 1.15523 -1.33841 -1.57859 0.0619743 
-0.724654 -1.36057 1.15519 -1.33864 -1.57875 0.0621952 
-0.724582 -1.36051 1.15513 -1.33888 -1.57891 0.0624241 
-0.724509 -1.36044 1.15508 -1.33912 -1.57908 0.0626607 
-0.724433 -1.36037 1.15503 -1.33938 -1.57925 0.0629046 
-0.724356 -1.3603 1.15497 -1.33964 -1.57942 0.0631554 
-0.724277 -1.36023 1.15491 -1.3399 -1.5796 0.0634125 
-0.724196 -1.36016 1.15486 -1.34018 -1.57978 0.0636754 
-0.724114 -1.36009 1.1548 -1.34046 -1.57996 0.0639434 
-0.724031 -1.36001 1.15474 -1.34074 -1.58015 0.0642158 
-0.723948 -1.35994 1.15468 -1.34103 -1.58034 0.0644917 
-0.723863 -1.35986 1.15462 -1.34132 -1.58052 0.0647702 
-0.723778 -1.35979 1.15455 -1.34161 -1.58071 0.0650504 
-0.723693 -1.35971 1.15449 -1.3419 -1.5809 0.0653312 
-0.723608 -1.35964 1.15443 -1.34219 -1.58109 0.0656117 
-0.723523 -1.35956 1.15436 -1.34247 -1.58127 0.0658907 
-0.723438 -1.35949 1.1543 -1.34276 -1.58146 0.0661674 
-0.723355 -1.35942 1.15424 -1.34304 -1.58164 0.0664407 
-0.723273 -1.35934 1.15418 -1.34331 -1.58182 0.0667098 
-0.723192 -1.35928 1.15411 -1.34357 -1.582 0.0669736 
-0.723112 -1.35921 1.15405 -1.34383 -1.58217 0.0672315 
-0.723035 -1.35914 1.15399 -1.34408 -1.58234 0.0674826 
-0.72296 -1.35908 1.15393 -1.34432 -1.5825 0.0677261 
-0.722887 -1.35902 1.15388 -1.34455 -1.58266 0.0679611 
-0.722818 -1.35897 1.15382 -1.34477 -1.58281 0.0681869 
-0.722751 -1.35891 1.15376 -1.34498 -1.58295 0.0684026 
-0.722688 -1.35886 1.15371 -1.34517 -1.58309 0.0686076 
-0.722629 -1.35882 1.15366 -1.34535 -1.58322 0.068801 
-0.722573 -1.35877 1.15361 -1.34551 -1.58334 0.0689823 
-0.722522 -1.35874 1.15356 -1.34566 -1.58346 0.069151 
-0.722475 -1.3587 1.15352 -1.3458 -1.58357 0.0693064 
-0.722433 -1.35867 1.15348 -1.34591 -1.58366 0.0694484 
-0.722395 -1.35865 1.15344 -1.34602 -1.58375 0.0695764 
-0.722361 -1.35863 1.1534 -1.3461 -1.58384 0.0696903 
-0.722332 -1.35861 1.15337 -1.34617 -1.58391 0.0697897 
-0.722308 -1.3586 1.15333 -1.34622 -1.58397 0.0698746 
-0.722288 -1.35859 1.1533 -1.34626 -1.58403 0.0699447 
-0.722273 -1.35858 1.15328 -1.34628 -1.58407 0.0699999 
-0.722261 -1.35858 1.15325 -1.34628 -1.58411 0.07004 
-0.722255 -1.35859 1.15323 -1.34627 -1.58414 0.070065 
-0.722252 -1.35859 1.15321 -1.34624 -1.58416 0.0700747 
-0.722254 -1.35861 1.15319 -1.34619 -1.58417 0.0700693 
-0.722259 -1.35862 1.15318 -1.34613 -1.58417 0.0700488 
-0.722269 -1.35864 1.15316 -1.34605 -1.58417 0.0700133 
-0.722283 -1.35866 1.15315 -1.34596 -1.58415 0.069963 
-0.7223 -1.35868 1.15314 -1.34585 -1.58413 0.069898 
-0.722321 -1.35871 1.15314 -1.34572 -1.5841 0.0698187 
-0.722347 -1.35874 1.15313 -1.34558 -1.58406 0.0697252 
-0.722375 -1.35878 1.15313 -1.34542 -1.58402 0.0696178 
-0.722408 -1.35881 1.15313 -1.34526 -1.58396 0.0694967 
-0.722444 -1.35885 1.15313 -1.34507 -1.5839 0.0693623 
-0.722484 -1.3589 1.15314 -1.34487 -1.58383 0.0692148 
-0.722528 -1.35894 1.15314 -1.34466 -1.58375 0.0690546 
-0.722576 -1.35899 1.15315 -1.34443 -1.58367 0.0688821 
-0.722626 -1.35904 1.15317 -1.34419 -1.58357 0.0686978 
-0.722681 -1.35909 1.15318 -1.34394 -1.58347 0.0685023 
-0.722739 -1.35914 1.1532 -1.34368 -1.58337 0.0682962 
-0.7228 -1.3592 1.15322 -1.34341 -1.58326 0.0680802 
-0.722864 -1.35926 1.15324 -1.34313 -1.58314 0.0678551 
-0.722932 -1.35932 1.15326 -1.34284 -1.58301 0.0676217 
-0.723003 -1.35939 1.15329 -1.34255 -1.58288 0.0673808 
-0.723077 -1.35946 1.15333 -1.34226 -1.58274 0.0671332 
-0.723154 -1.35953 1.15337 -1.34196 -1.58259 0.0668798 
-0.723234 -1.35961 1.15341 -1.34166 -1.58244 0.0666212 
-0.723317 -1.35969 1.15346 -1.34137 -1.58228 0.0663581 
-0.723404 -1.35978 1.15352 -1.34108 -1.58212 0.0660908 
-0.723496 -1.35988 1.15359 -1.34081 -1.58194 0.0658195 
-0.723593 -1.35999 1.15367 -1.34054 -1.58175 0.065544 
-0.723697 -1.36012 1.15376 -1.3403 -1.58155 0.0652637 
-0.723809 -1.36026 1.15387 -1.34007 -1.58134 0.0649775 
-0.723931 -1.36042 1.15401 -1.33987 -1.5811 0.0646841 
-0.724067 -1.36061 1.15417 -1.33971 -1.58084 0.0643813 
-0.724218 -1.36084 1.15437 -1.33959 -1.58055 0.0640666 
-0.724389 -1.36111 1.15461 -1.33953 -1.58022 0.063737 
-0.724583 -1.36143 1.1549 -1.33952 -1.57984 0.0633891 
-0.724804 -1.36181 1.15525 -1.33958 -1.57942 0.0630194 
-0.725057 -1.36225 1.15566 -1.33972 -1.57893 0.0626242 
-0.725345 -1.36277 1.15615 -1.33994 -1.57837 0.0622002 
-0.725671 -1.36337 1.15671 -1.34026 -1.57775 0.0617441 
-0.726039 -1.36406 1.15736 -1.34068 -1.57704 0.0612533 
-0.726451 -1.36485 1.15811 -1.34121 -1.57625 0.0607255 
-0.726909 -1.36573 1.15895 -1.34185 -1.57537 0.0601589 
-0.727416 -1.36671 1.15988 -1.3426 -1.5744 0.0595523 
-0.727973 -1.3678 1.16092 -1.34347 -1.57334 0.0589047 
-0.72858 -1.36899 1.16206 -1.34447 -1.57219 0.0582157 
-0.729238 -1.37028 1.16331 -1.34558 -1.57093 0.0574849 
-0.729949 -1.37169 1.16466 -1.34682 -1.56958 0.0567123 
-0.730711 -1.3732 1.16611 -1.34817 -1.56814 0.0558981 
-0.731526 -1.37481 1.16766 -1.34965 -1.5666 0.0550427 
-0.732392 -1.37653 1.16932 -1.35124 -1.56497 0.0541467 
-0.733311 -1.37835 1.17107 -1.35296 -1.56324 0.0532111 
-0.73428 -1.38027 1.17292 -1.35478 -1.56142 0.0522369 
-0.735299 -1.38229 1.17487 -1.35672 -1.55952 0.0512255 
-0.736367 -1.38441 1.17691 -1.35876 -1.55753 0.0501787 
-0.737481 -1.38661 1.17903 -1.36091 -1.55545 0.0490986 
-0.738641 -1.3889 1.18124 -1.36316 -1.5533 0.0479874 
-0.739842 -1.39126 1.18353 -1.36551 -1.55107 0.0468479 
-0.741082 -1.3937 1.18589 -1.36794 -1.54877 0.0456831 
-0.742359 -1.3962 1.18831 -1.37045 -1.54641 0.0444963 
-0.743668 -1.39876 1.1908 -1.37304 -1.544 0.0432909 
-0.745006 -1.40137 1.19333 -1.37569 -1.54153 0.0420705 
-0.746369 -1.40403 1.19591 -1.3784 -1.53902 0.0408388 
-0.747754 -1.40671 1.19853 -1.38115 -1.53647 0.0395991 
-0.749158 -1.40942 1.20117 -1.38395 -1.53389 0.0383547 
-0.750577 -1.41215 1.20384 -1.38679 -1.53128 0.0371086 
-0.752008 -1.4149 1.20653 -1.38965 -1.52865 0.0358632 
-0.75345 -1.41765 1.20924 -1.39254 -1.526 0.0346205 
-0.754901 -1.42041 1.21195 -1.39544 -1.52334 0.0333821 
-0.756359 -1.42318 1.21468 -1.39836 -1.52066 0.0321489 
-0.757824 -1.42594 1.21741 -1.4013 -1.51798 0.0309216 
-0.759295 -1.42869 1.22014 -1.40424 -1.51528 0.0297 
-0.760771 -1.43145 1.22288 -1.4072 -1.51257 0.0284838 
-0.762254 -1.4342 1.22562 -1.41016 -1.50985 0.0272723 
-0.763743 -1.43695 1.22837 -1.41312 -1.50712 0.0260644 
-0.765239 -1.4397 1.23112 -1.41608 -1.50437 0.0248589 
-0.766742 -1.44245 1.23387 -1.41904 -1.50162 0.0236547 
-0.768253 -1.4452 1.23662 -1.422 -1.49885 0.0224505 
-0.769773 -1.44794 1.23939 -1.42496 -1.49606 0.0212454 
-0.771301 -1.45069 1.24215 -1.42792 -1.49326 0.0200383 
-0.772838 -1.45344 1.24493 -1.43087 -1.49045 0.0188284 
-0.774385 -1.45619 1.24771 -1.43381 -1.48761 0.017615 
-0.775941 -1.45894 1.25049 -1.43676 -1.48476 0.0163974 
-0.777507 -1.46169 1.25328 -1.4397 -1.48189 0.0151749 
-0.779083 -1.46444 1.25608 -1.44263 -1.479 0.0139467 
-0.780668 -1.4672 1.25889 -1.44555 -1.4761 0.0127122 
-0.782264 -1.46996 1.2617 -1.44847 -1.47317 0.0114705 
-0.78387 -1.47272 1.26452 -1.45137 -1.47023 0.0102208 
-0.785485 -1.47549 1.26735 -1.45427 -1.46726 0.00896257 
-0.787111 -1.47825 1.27019 -1.45716 -1.46428 0.00769514 
-0.788747 -1.48102 1.27303 -1.46003 -1.46128 0.00641808 
-0.790393 -1.4838 1.27588 -1.46289 -1.45826 0.0051311 
-0.792049 -1.48657 1.27874 -1.46574 -1.45522 0.00383408 
-0.793714 -1.48935 1.2816 -1.46857 -1.45216 0.00252701 
-0.795389 -1.49213 1.28447 -1.47139 -1.44908 0.00120996 
-0.797073 -1.4949 1.28735 -1.47419 -1.44599 -0.000116957 
-0.798766 -1.49768 1.29023 -1.47698 -1.44288 -0.0014536 
-0.800469 -1.50046 1.29312 -1.47976 -1.43974 -0.00279987 
-0.80218 -1.50324 1.29601 -1.48252 -1.4366 -0.00415566 
-0.803901 -1.50602 1.2989 -1.48526 -1.43343 -0.00552092 
-0.805631 -1.50879 1.3018 -1.48798 -1.43025 -0.00689557 
-0.80737 -1.51157 1.30471 -1.49069 -1.42705 -0.00827949 
-0.809118 -1.51434 1.30761 -1.49337 -1.42384 -0.00967254 
-0.810875 -1.51711 1.31052 -1.49604 -1.42061 -0.0110745 
-0.812642 -1.51988 1.31343 -1.49868 -1.41736 -0.0124851 
-0.814417 -1.52265 1.31634 -1.50131 -1.4141 -0.013904 
-0.816201 -1.52541 1.31926 -1.50391 -1.41083 -0.0153309 
-0.817994 -1.52817 1.32217 -1.5065 -1.40754 -0.0167656 
-0.819795 -1.53092 1.32509 -1.50907 -1.40423 -0.0182078 
-0.821604 -1.53367 1.32801 -1.51162 -1.40091 -0.0196575 
-0.823422 -1.53642 1.33093 -1.51416 -1.39758 -0.0211148 
-0.825249 -1.53917 1.33386 -1.51668 -1.39423 -0.0225797 
-0.827084 -1.54192 1.33679 -1.51918 -1.39086 -0.0240524 
-0.828928 -1.54466 1.33972 -1.52167 -1.38748 -0.0255331 
-0.830781 -1.54741 1.34266 -1.52414 -1.38408 -0.0270218 
-0.832643 -1.55015 1.3456 -1.5266 -1.38067 -0.0285186 
-0.834513 -1.5529 1.34855 -1.52905 -1.37724 -0.0300233 
-0.836392 -1.55564 1.3515 -1.53148 -1.37379 -0.0315354 
-0.838279 -1.55839 1.35446 -1.5339 -1.37032 -0.0330545 
-0.840174 -1.56114 1.35742 -1.53632 -1.36684 -0.0345798 
-0.842077 -1.56389 1.36039 -1.53872 -1.36335 -0.0361104 
-0.843987 -1.56664 1.36337 -1.54112 -1.35983 -0.0376453 
-0.845904 -1.56939 1.36635 -1.54352 -1.35631 -0.0391834 
-0.847828 -1.57214 1.36934 -1.54591 -1.35277 -0.0407235 
-0.849758 -1.57488 1.37233 -1.54829 -1.34922 -0.0422643 
-0.851693 -1.57763 1.37532 -1.55068 -1.34565 -0.0438046 
-0.853635 -1.58037 1.37832 -1.55306 -1.34207 -0.0453431 
-0.855581 -1.58312 1.38133 -1.55544 -1.33848 -0.0468784 
-0.857532 -1.58586 1.38433 -1.55783 -1.33489 -0.0484092 
-0.859488 -1.5886 1.38734 -1.56022 -1.33128 -0.0499344 
-0.861448 -1.59133 1.39035 -1.56261 -1.32766 -0.0514526 
-0.86341 -1.59406 1.39336 -1.565 -1.32404 -0.0529627 
-0.865376 -1.59678 1.39638 -1.56741 -1.32041 -0.0544637 
-0.867344 -1.5995 1.39939 -1.56981 -1.31677 -0.0559545 
-0.869315 -1.60221 1.40241 -1.57223 -1.31313 -0.0574341 
-0.871287 -1.60492 1.40542 -1.57466 -1.30948 -0.0589019 
-0.87326 -1.60762 1.40844 -1.57709 -1.30583 -0.0603569 
-0.875234 -1.61031 1.41145 -1.57953 -1.30218 -0.0617986 
-0.877209 -1.61299 1.41446 -1.58198 -1.29852 -0.0632263 
-0.879184 -1.61567 1.41748 -1.58444 -1.29486 -0.0646395 
-0.88116 -1.61833 1.42049 -1.5869 -1.2912 -0.0660375 
-0.883135 -1.62099 1.4235 -1.58938 -1.28754 -0.0674198 
-0.88511 -1.62363 1.4265 -1.59186 -1.28388 -0.0687859 
-0.887084 -1.62627 1.42951 -1.59436 -1.28021 -0.0701352 
-0.889057 -1.62889 1.43251 -1.59686 -1.27655 -0.0714672 
-0.891028 -1.63151 1.43551 -1.59937 -1.27289 -0.0727814 
-0.892998 -1.63411 1.4385 -1.60189 -1.26923 -0.0740775 
-0.894965 -1.63669 1.44149 -1.60443 -1.26558 -0.075355 
-0.896931 -1.63927 1.44448 -1.60697 -1.26192 -0.0766137 
-0.898895 -1.64183 1.44746 -1.60952 -1.25827 -0.0778532 
-0.900856 -1.64438 1.45044 -1.61208 -1.25462 -0.0790736 
-0.902815 -1.64691 1.45341 -1.61465 -1.25098 -0.0802745 
-0.904772 -1.64943 1.45637 -1.61723 -1.24734 -0.0814558 
-0.906727 -1.65194 1.45933 -1.61981 -1.24371 -0.0826175 
-0.908679 -1.65443 1.46228 -1.62241 -1.24008 -0.0837594 
-0.910629 -1.65691 1.46523 -1.62501 -1.23646 -0.0848813 
-0.912576 -1.65937 1.46816 -1.62761 -1.23284 -0.0859831 
-0.91452 -1.66182 1.47109 -1.63023 -1.22923 -0.0870647 
-0.916461 -1.66425 1.47401 -1.63285 -1.22563 -0.0881262 
-0.918399 -1.66666 1.47692 -1.63548 -1.22204 -0.0891675 
-0.920333 -1.66906 1.47983 -1.63811 -1.21845 -0.0901889 
-0.922265 -1.67144 1.48272 -1.64076 -1.21486 -0.0911906 
-0.924192 -1.67381 1.48561 -1.6434 -1.21129 -0.0921729 
-0.926117 -1.67616 1.48849 -1.64606 -1.20772 -0.0931365 
-0.928038 -1.6785 1.49136 -1.64872 -1.20416 -0.0940816 
-0.929956 -1.68082 1.49423 -1.65139 -1.2006 -0.0950089 
-0.93187 -1.68313 1.49708 -1.65406 -1.19705 -0.0959188 
-0.933781 -1.68542 1.49993 -1.65673 -1.1935 -0.0968117 
-0.935689 -1.6877 1.50277 -1.65941 -1.18996 -0.0976882 
-0.937594 -1.68997 1.5056 -1.66209 -1.18642 -0.0985489 
-0.939496 -1.69223 1.50843 -1.66477 -1.18289 -0.0993943 
-0.941394 -1.69447 1.51125 -1.66746 -1.17936 -0.100225 
-0.943291 -1.6967 1.51407 -1.67015 -1.17583 -0.101043 
-0.945186 -1.69892 1.51688 -1.67285 -1.1723 -0.101849 
-0.947079 -1.70112 1.51969 -1.67555 -1.16877 -0.102644 
-0.948972 -1.70332 1.52249 -1.67824 -1.16524 -0.10343 
-0.950866 -1.70552 1.5253 -1.68094 -1.1617 -0.104209 
-0.952761 -1.7077 1.52811 -1.68363 -1.15815 -0.104983 
-0.954658 -1.70989 1.53092 -1.68632 -1.1546 -0.105753 
-0.956559 -1.71206 1.53374 -1.68901 -1.15104 -0.106521 
-0.958462 -1.71424 1.53656 -1.69169 -1.14747 -0.107287 
-0.96037 -1.71642 1.53938 -1.69437 -1.14388 -0.108054 
-0.962282 -1.71859 1.54221 -1.69705 -1.14028 -0.108821 
-0.964198 -1.72076 1.54505 -1.69972 -1.13667 -0.10959 
-0.96612 -1.72293 1.5479 -1.70238 -1.13304 -0.110361 
-0.968047 -1.7251 1.55076 -1.70504 -1.12939 -0.111135 
-0.969979 -1.72728 1.55362 -1.7077 -1.12573 -0.111913 
-0.971918 -1.72945 1.5565 -1.71035 -1.12205 -0.112695 
-0.973863 -1.73163 1.55939 -1.713 -1.11835 -0.113483 
-0.975816 -1.73381 1.56228 -1.71564 -1.11462 -0.114277 
-0.977776 -1.73599 1.56519 -1.71827 -1.11088 -0.115078 
-0.979745 -1.73818 1.56811 -1.7209 -1.10711 -0.115887 
-0.981722 -1.74037 1.57104 -1.72353 -1.10332 -0.116704 
-0.983707 -1.74257 1.57399 -1.72615 -1.0995 -0.117529 
-0.9857 -1.74477 1.57695 -1.72876 -1.09566 -0.118363 
-0.987702 -1.74697 1.57992 -1.73137 -1.0918 -0.119205 
-0.989711 -1.74918 1.5829 -1.73397 -1.08791 -0.120055 
-0.991728 -1.7514 1.58589 -1.73657 -1.08399 -0.120913 
-0.993753 -1.75361 1.58889 -1.73917 -1.08006 -0.121779 
-0.995784 -1.75583 1.59191 -1.74175 -1.0761 -0.122652 
-0.997822 -1.75805 1.59493 -1.74434 -1.07213 -0.123533 
-0.999867 -1.76028 1.59796 -1.74692 -1.06813 -0.124422 
-1.00192 -1.7625 1.601 -1.74949 -1.06411 -0.125318 
-1.00397 -1.76473 1.60405 -1.75205 -1.06008 -0.126221 
-1.00604 -1.76696 1.60711 -1.75461 -1.05602 -0.127131 
-1.0081 -1.76918 1.61017 -1.75715 -1.05195 -0.128047 
-1.01018 -1.77141 1.61324 -1.75969 -1.04787 -0.12897 
-1.01225 -1.77364 1.61632 -1.76222 -1.04377 -0.129898 
-1.01433 -1.77586 1.61939 -1.76475 -1.03966 -0.130831 
-1.01642 -1.77808 1.62248 -1.76726 -1.03554 -0.131768 
-1.0185 -1.7803 1.62556 -1.76977 -1.0314 -0.132709 
-1.02059 -1.78251 1.62865 -1.77228 -1.02726 -0.133652 
-1.02268 -1.78472 1.63174 -1.77477 -1.02311 -0.134598 
-1.02478 -1.78693 1.63484 -1.77726 -1.01895 -0.135545 
-1.02687 -1.78912 1.63793 -1.77975 -1.01478 -0.136494 
-1.02897 -1.79132 1.64103 -1.78222 -1.01061 -0.137442 
-1.03107 -1.7935 1.64413 -1.78469 -1.00643 -0.138391 
-1.03317 -1.79568 1.64722 -1.78716 -1.00224 -0.139338 
-1.03527 -1.79785 1.65032 -1.78961 -0.998053 -0.140284 
-1.03737 -1.80001 1.65342 -1.79207 -0.993862 -0.141227 
-1.03947 -1.80217 1.65651 -1.79452 -0.989668 -0.142167 
-1.04157 -1.80431 1.65961 -1.79696 -0.985472 -0.143101 
-1.04367 -1.80645 1.6627 -1.79941 -0.981277 -0.14403 
-1.04576 -1.80857 1.6658 -1.80185 -0.977081 -0.144951 
-1.04786 -1.81068 1.66889 -1.8043 -0.972887 -0.145863 
-1.04995 -1.81278 1.67197 -1.80675 -0.968694 -0.146765 
-1.05204 -1.81487 1.67506 -1.8092 -0.964503 -0.147655 
-1.05412 -1.81694 1.67815 -1.81167 -0.960316 -0.148532 
-1.0562 -1.819 1.68123 -1.81413 -0.956132 -0.149395 
-1.05828 -1.82105 1.68431 -1.81661 -0.951952 -0.150241 
-1.06034 -1.82308 1.68738 -1.8191 -0.947777 -0.151069 
-1.0624 -1.8251 1.69045 -1.8216 -0.943607 -0.151879 
-1.06446 -1.8271 1.69352 -1.82411 -0.939443 -0.152669 
-1.0665 -1.82909 1.69659 -1.82664 -0.935284 -0.153438 
-1.06854 -1.83107 1.69965 -1.82919 -0.931132 -0.154185 
-1.07057 -1.83302 1.70271 -1.83175 -0.926987 -0.154909 
-1.07259 -1.83496 1.70577 -1.83434 -0.922847 -0.15561 
-1.0746 -1.83689 1.70883 -1.83694 -0.918714 -0.156286 
-1.0766 -1.83879 1.71188 -1.83957 -0.914586 -0.156938 
-1.0786 -1.84068 1.71493 -1.84222 -0.910464 -0.157564 
-1.08058 -1.84256 1.71799 -1.84489 -0.906346 -0.158166 
-1.08256 -1.84442 1.72104 -1.84759 -0.902232 -0.158741 
-1.08453 -1.84626 1.72409 -1.85031 -0.898121 -0.15929 
-1.08648 -1.84809 1.72715 -1.85305 -0.894013 -0.159813 
-1.08844 -1.8499 1.7302 -1.85583 -0.889908 -0.160308 
-1.09038 -1.8517 1.73326 -1.85863 -0.885806 -0.160777 
-1.09231 -1.85348 1.73632 -1.86146 -0.881706 -0.161218 
-1.09423 -1.85524 1.73938 -1.86432 -0.877608 -0.161632 
-1.09615 -1.85699 1.74244 -1.86721 -0.873512 -0.162017 
-1.09805 -1.85872 1.7455 -1.87013 -0.869418 -0.162374 
-1.09995 -1.86044 1.74857 -1.87308 -0.865325 -0.162703 
-1.10184 -1.86214 1.75164 -1.87607 -0.861234 -0.163003 
-1.10371 -1.86382 1.75472 -1.87908 -0.857143 -0.163274 
-1.10558 -1.86549 1.7578 -1.88213 -0.853052 -0.163515 
-1.10744 -1.86714 1.76088 -1.88521 -0.848962 -0.163728 
-1.10929 -1.86878 1.76396 -1.88833 -0.84487 -0.163911 
-1.11113 -1.87041 1.76705 -1.89148 -0.840778 -0.164064 
-1.11295 -1.87202 1.77014 -1.89466 -0.836686 -0.164188 
-1.11477 -1.87361 1.77324 -1.89788 -0.832592 -0.164282 
-1.11658 -1.87519 1.77634 -1.90113 -0.828498 -0.164346 
-1.11838 -1.87675 1.77944 -1.90442 -0.824403 -0.164379 
-1.12017 -1.8783 1.78255 -1.90775 -0.820307 -0.164383 
-1.12194 -1.87983 1.78566 -1.91111 -0.816211 -0.164356 
-1.12371 -1.88134 1.78878 -1.91451 -0.812114 -0.164299 
-1.12546 -1.88284 1.7919 -1.91795 -0.808015 -0.164212 
-1.12721 -1.88432 1.79502 -1.92143 -0.803915 -0.164096 
-1.12895 -1.88579 1.79815 -1.92495 -0.799813 -0.163949 
-1.13067 -1.88724 1.80129 -1.9285 -0.795708 -0.163773 
-1.13239 -1.88867 1.80443 -1.93209 -0.791601 -0.163567 
-1.1341 -1.89009 1.80757 -1.93572 -0.787491 -0.163332 
-1.1358 -1.89149 1.81072 -1.93939 -0.783379 -0.163068 
-1.13749 -1.89288 1.81387 -1.9431 -0.779264 -0.162775 
-1.13917 -1.89425 1.81703 -1.94684 -0.775148 -0.162453 
-1.14085 -1.8956 1.82019 -1.95063 -0.771031 -0.162103 
-1.14251 -1.89693 1.82336 -1.95445 -0.766912 -0.161725 
-1.14416 -1.89825 1.82653 -1.95831 -0.762792 -0.161319 
-1.14581 -1.89955 1.82971 -1.9622 -0.758672 -0.160887 
-1.14745 -1.90084 1.83289 -1.96613 -0.75455 -0.160428 
-1.14908 -1.90211 1.83607 -1.97009 -0.750429 -0.159944 
-1.1507 -1.90336 1.83926 -1.97409 -0.746306 -0.159436 
-1.15231 -1.9046 1.84245 -1.97812 -0.742184 -0.158903 
-1.15392 -1.90582 1.84564 -1.98217 -0.738061 -0.158347 
-1.15552 -1.90703 1.84884 -1.98626 -0.733939 -0.157767 
-1.15711 -1.90822 1.85204 -1.99037 -0.729818 -0.157165 
-1.15869 -1.90939 1.85525 -1.99451 -0.725699 -0.156541 
-1.16027 -1.91055 1.85845 -1.99868 -0.721582 -0.155894 
-1.16184 -1.91169 1.86166 -2.00288 -0.717468 -0.155226 
-1.1634 -1.91282 1.86487 -2.00711 -0.713357 -0.154535 
-1.16495 -1.91392 1.86808 -2.01136 -0.709252 -0.153823 
-1.1665 -1.91502 1.87129 -2.01564 -0.705151 -0.15309 
-1.16803 -1.91609 1.8745 -2.01995 -0.701055 -0.152334 
-1.16956 -1.91714 1.87771 -2.02428 -0.696966 -0.151558 
-1.17108 -1.91818 1.88092 -2.02864 -0.692883 -0.150759 
-1.17259 -1.9192 1.88413 -2.03303 -0.688807 -0.149939 
-1.17409 -1.9202 1.88734 -2.03745 -0.684739 -0.149098 
-1.17558 -1.92118 1.89054 -2.04189 -0.680679 -0.148235 
-1.17706 -1.92214 1.89374 -2.04636 -0.676628 -0.147349 
-1.17853 -1.92308 1.89694 -2.05086 -0.672586 -0.146442 
-1.17999 -1.924 1.90014 -2.05539 -0.668553 -0.145511 
-1.18144 -1.9249 1.90333 -2.05995 -0.66453 -0.144557 
-1.18288 -1.92578 1.90653 -2.06455 -0.660516 -0.143578 
-1.18431 -1.92664 1.90972 -2.06918 -0.65651 -0.142574 
-1.18573 -1.92748 1.91292 -2.07385 -0.652514 -0.141544 
-1.18714 -1.92829 1.91611 -2.07856 -0.648525 -0.140487 
-1.18854 -1.92909 1.91931 -2.08331 -0.644543 -0.139402 
-1.18993 -1.92986 1.92251 -2.0881 -0.640567 -0.138288 
-1.19131 -1.93061 1.92572 -2.09294 -0.636598 -0.137144 
-1.19268 -1.93134 1.92893 -2.09783 -0.632634 -0.135969 
-1.19405 -1.93205 1.93214 -2.10277 -0.628675 -0.134762 
-1.1954 -1.93274 1.93536 -2.10776 -0.624722 -0.133521 
-1.19674 -1.9334 1.93859 -2.1128 -0.620774 -0.132246 
-1.19808 -1.93404 1.94183 -2.1179 -0.616832 -0.130936 
-1.1994 -1.93465 1.94507 -2.12306 -0.612895 -0.129589 
-1.20072 -1.93524 1.94832 -2.12828 -0.608963 -0.128204 
-1.20202 -1.9358 1.95157 -2.13357 -0.605037 -0.126778 
-1.20332 -1.93634 1.95483 -2.13892 -0.601115 -0.12531 
-1.20461 -1.93684 1.9581 -2.14434 -0.597199 -0.123798 
-1.20588 -1.93732 1.96138 -2.14983 -0.593287 -0.122239 
-1.20715 -1.93776 1.96466 -2.1554 -0.58938 -0.120632 
-1.20841 -1.93818 1.96795 -2.16105 -0.585477 -0.118974 
-1.20965 -1.93856 1.97124 -2.16678 -0.58158 -0.117265 
-1.21089 -1.93891 1.97454 -2.17259 -0.577688 -0.115503 
-1.21212 -1.93922 1.97784 -2.17848 -0.573803 -0.113686 
-1.21333 -1.9395 1.98115 -2.18447 -0.569924 -0.111813 
-1.21454 -1.93974 1.98447 -2.19054 -0.566053 -0.109882 
-1.21573 -1.93994 1.98778 -2.1967 -0.56219 -0.107892 
-1.21691 -1.94011 1.9911 -2.20295 -0.558337 -0.105841 
-1.21807 -1.94023 1.99442 -2.2093 -0.554495 -0.103727 
-1.21922 -1.94032 1.99775 -2.21575 -0.550664 -0.101547 
-1.22035 -1.94036 2.00107 -2.2223 -0.546845 -0.0992992 
-1.22147 -1.94036 2.00439 -2.22896 -0.54304 -0.096981 
-1.22257 -1.94031 2.00771 -2.23572 -0.539249 -0.0945906 
-1.22366 -1.94022 2.01102 -2.24259 -0.535474 -0.0921259 
-1.22472 -1.94007 2.01434 -2.24957 -0.531714 -0.0895855 
-1.22577 -1.93989 2.01765 -2.25666 -0.527972 -0.0869679 
-1.22679 -1.93965 2.02096 -2.26387 -0.524248 -0.0842717 
-1.2278 -1.93936 2.02426 -2.2712 -0.520542 -0.0814956 
-1.22879 -1.93902 2.02755 -2.27865 -0.516855 -0.0786379 
-1.22975 -1.93863 2.03084 -2.28621 -0.513187 -0.0756968 
-1.2307 -1.93818 2.03412 -2.29391 -0.509539 -0.0726699 
-1.23162 -1.93768 2.0374 -2.30173 -0.50591 -0.0695547 
-1.23252 -1.93711 2.04067 -2.30969 -0.5023 -0.0663484 
-1.2334 -1.93649 2.04393 -2.31778 -0.498708 -0.0630481 
-1.23426 -1.93581 2.04719 -2.32601 -0.495135 -0.0596512 
-1.23509 -1.93507 2.05044 -2.33439 -0.491581 -0.0561553 
-1.2359 -1.93426 2.05367 -2.34292 -0.488045 -0.0525585 
-1.23669 -1.93338 2.0569 -2.3516 -0.484527 -0.0488591 
-1.23746 -1.93244 2.06013 -2.36043 -0.481027 -0.0450559 
-1.2382 -1.93143 2.06334 -2.36941 -0.477547 -0.0411476 
-1.23892 -1.93036 2.06654 -2.37856 -0.474085 -0.037133 
-1.23962 -1.92921 2.06973 -2.38785 -0.470643 -0.0330106 
-1.24029 -1.92799 2.07291 -2.39731 -0.467221 -0.0287786 
-1.24094 -1.9267 2.07608 -2.40694 -0.463819 -0.0244347 
-1.24157 -1.92533 2.07923 -2.41673 -0.460438 -0.0199765 
-1.24218 -1.92389 2.08237 -2.42669 -0.457078 -0.0154012 
-1.24277 -1.92237 2.08549 -2.43683 -0.453739 -0.0107061 
-1.24333 -1.92077 2.0886 -2.44715 -0.450421 -0.00588877 
-1.24387 -1.91909 2.09169 -2.45765 -0.447126 -0.000947288 
-1.24439 -1.91733 2.09476 -2.46833 -0.443854 0.00411979 
-1.24489 -1.91549 2.09781 -2.47919 -0.440605 0.00931341 
-1.24537 -1.91356 2.10084 -2.49024 -0.43738 0.0146341 
-1.24582 -1.91155 2.10384 -2.50148 -0.43418 0.0200823 
-1.24626 -1.90945 2.10683 -2.5129 -0.431005 0.0256582 
-1.24667 -1.90726 2.10979 -2.5245 -0.427856 0.0313624 
-1.24707 -1.90499 2.11272 -2.53629 -0.424734 0.0371958 
-1.24744 -1.90263 2.11563 -2.54827 -0.421641 0.0431595 
-1.24779 -1.90017 2.1185 -2.56043 -0.418575 0.0492549 
-1.24812 -1.89762 2.12134 -2.57278 -0.41554 0.0554837 
-1.24843 -1.89498 2.12415 -2.58531 -0.412534 0.0618473 
-1.24872 -1.89224 2.12692 -2.59804 -0.40956 0.0683468 
-1.24899 -1.8894 2.12965 -2.61095 -0.406617 0.0749828 
-1.24924 -1.88646 2.13234 -2.62405 -0.403706 0.0817555 
-1.24947 -1.88342 2.13499 -2.63733 -0.400829 0.0886648 
-1.24968 -1.88028 2.13759 -2.6508 -0.397986 0.09571 
-1.24987 -1.87704 2.14015 -2.66445 -0.395177 0.10289 
-1.25004 -1.8737 2.14266 -2.67828 -0.392404 0.110206 
-1.25019 -1.87026 2.14512 -2.69229 -0.389666 0.117656 
-1.25033 -1.86671 2.14753 -2.70648 -0.386965 0.125241 
-1.25044 -1.86306 2.14988 -2.72085 -0.384301 0.132961 
-1.25054 -1.8593 2.15218 -2.73539 -0.381674 0.140818 
-1.25063 -1.85544 2.15441 -2.75012 -0.379086 0.148813 
-1.2507 -1.85146 2.15657 -2.76502 -0.376536 0.156946 
-1.25075 -1.84738 2.15867 -2.7801 -0.374025 0.165218 
-1.2508 -1.84319 2.1607 -2.79535 -0.371554 0.17363 
-1.25082 -1.83889 2.16265 -2.81079 -0.369124 0.18218 
-1.25084 -1.83447 2.16453 -2.82639 -0.366734 0.190869 
-1.25085 -1.82995 2.16633 -2.84216 -0.364385 0.199695 
-1.25084 -1.82532 2.16805 -2.8581 -0.362079 0.208657 
-1.25082 -1.82058 2.1697 -2.87421 -0.359815 0.217756 
-1.25078 -1.81574 2.17125 -2.89047 -0.357595 0.226989 
-1.25074 -1.81078 2.17272 -2.9069 -0.355419 0.236359 
-1.25068 -1.80572 2.17411 -2.92348 -0.353289 0.245865 
-1.25061 -1.80055 2.17539 -2.94021 -0.351206 0.255509 
-1.25052 -1.79528 2.17658 -2.9571 -0.34917 0.265292 
-1.25042 -1.78989 2.17768 -2.97414 -0.347183 0.275215 
-1.2503 -1.7844 2.17866 -2.99133 -0.345246 0.285278 
-1.25017 -1.77881 2.17955 -3.00866 -0.343359 0.29548 
-1.25003 -1.77311 2.18032 -3.02612 -0.341523 0.305819 
-1.24987 -1.76731 2.18099 -3.04372 -0.33974 0.316294 
-1.24969 -1.76141 2.18154 -3.06144 -0.338009 0.326901 
-1.2495 -1.75542 2.18199 -3.07928 -0.336332 0.337635 
-1.24929 -1.74933 2.18232 -3.09722 -0.334709 0.348493 
-1.24906 -1.74316 2.18254 -3.11526 -0.333142 0.359469 
-1.24882 -1.73691 2.18265 -3.13338 -0.331631 0.370557 
-1.24857 -1.73058 2.18264 -3.15157 -0.330178 0.381752 
-1.2483 -1.72418 2.18251 -3.16981 -0.328784 0.393046 
-1.24801 -1.71771 2.18226 -3.18808 -0.32745 0.404432 
-1.24771 -1.71119 2.18189 -3.20638 -0.326178 0.415901 
-1.24739 -1.70462 2.1814 -3.22468 -0.324968 0.427443 
-1.24706 -1.69801 2.18079 -3.24295 -0.323823 0.439047 
-1.24671 -1.69138 2.18006 -3.26119 -0.322743 0.450698 
-1.24634 -1.68472 2.17923 -3.27937 -0.321729 0.462383 
-1.24596 -1.67806 2.17829 -3.29745 -0.320784 0.474083 
-1.24556 -1.67141 2.17725 -3.31542 -0.319907 0.485778 
-1.24514 -1.66478 2.17612 -3.33324 -0.319103 0.497445 
-1.2447 -1.6582 2.17492 -3.35088 -0.318371 0.509062 
-1.24423 -1.65167 2.17364 -3.3683 -0.317713 0.5206 
-1.24375 -1.64523 2.17231 -3.38547 -0.317133 0.532034 
-1.24323 -1.63888 2.17092 -3.40235 -0.316631 0.543335 
-1.24269 -1.63265 2.16951 -3.41891 -0.31621 0.554478 
-1.24212 -1.62656 2.16807 -3.43511 -0.315871 0.565438 
-1.24152 -1.62061 2.16661 -3.45092 -0.315616 0.576193 
-1.24088 -1.61483 2.16515 -3.46632 -0.315444 0.586723 
-1.24022 -1.60922 2.16369 -3.48129 -0.315358 0.597012 
-1.23952 -1.60379 2.16224 -3.49582 -0.315356 0.607048 
-1.23879 -1.59855 2.1608 -3.50989 -0.315439 0.616821 
-1.23802 -1.5935 2.15938 -3.5235 -0.315606 0.626325 
-1.23722 -1.58864 2.15799 -3.53665 -0.315856 0.635555 
-1.23638 -1.58398 2.15662 -3.54934 -0.316188 0.644509 
-1.23551 -1.57951 2.15527 -3.56157 -0.316602 0.653188 
-1.23461 -1.57523 2.15396 -3.57334 -0.317094 0.661591 
-1.23367 -1.57113 2.15268 -3.58467 -0.317664 0.669722 
-1.2327 -1.56722 2.15143 -3.59555 -0.318311 0.677583 
-1.23169 -1.56349 2.15021 -3.60601 -0.319032 0.685178 
-1.23066 -1.55993 2.14903 -3.61605 -0.319826 0.692512 
-1.22959 -1.55654 2.14788 -3.62567 -0.320691 0.699588 
-1.22849 -1.55332 2.14677 -3.63489 -0.321625 0.706412 
-1.22736 -1.55026 2.14569 -3.64372 -0.322626 0.712989 
-1.2262 -1.54736 2.14464 -3.65217 -0.323693 0.719324 
-1.22501 -1.54461 2.14363 -3.66026 -0.324825 0.725423 
-1.22379 -1.54201 2.14265 -3.66798 -0.326018 0.731291 
-1.22255 -1.53954 2.1417 -3.67535 -0.327272 0.736933 
-1.22127 -1.53722 2.14079 -3.68239 -0.328585 0.742354 
-1.21997 -1.53503 2.13991 -3.6891 -0.329955 0.74756 
-1.21864 -1.53296 2.13907 -3.69549 -0.33138 0.752556 
-1.21729 -1.53102 2.13826 -3.70157 -0.33286 0.757348 
-1.21591 -1.52919 2.13748 -3.70736 -0.334391 0.76194 
-1.2145 -1.52748 2.13673 -3.71285 -0.335974 0.766337 
-1.21307 -1.52588 2.13602 -3.71807 -0.337606 0.770545 
-1.21162 -1.52439 2.13534 -3.72301 -0.339285 0.774568 
-1.21014 -1.52299 2.13469 -3.7277 -0.341011 0.778411 
-1.20864 -1.5217 2.13407 -3.73213 -0.342781 0.782078 
-1.20712 -1.5205 2.13348 -3.73631 -0.344595 0.785575 
-1.20557 -1.51938 2.13292 -3.74027 -0.346451 0.788906 
-1.20401 -1.51836 2.13239 -3.74399 -0.348347 0.792075 
-1.20242 -1.51741 2.1319 -3.7475 -0.350283 0.795087 
-1.20081 -1.51655 2.13143 -3.75079 -0.352257 0.797945 
-1.19918 -1.51576 2.13099 -3.75388 -0.354267 0.800655 
-1.19754 -1.51504 2.13058 -3.75677 -0.356313 0.80322 
-1.19587 -1.51439 2.1302 -3.75947 -0.358393 0.805643 
-1.19419 -1.5138 2.12985 -3.76199 -0.360506 0.80793 
-1.19249 -1.51328 2.12952 -3.76434 -0.362651 0.810084 
-1.19077 -1.51282 2.12923 -3.76651 -0.364827 0.812108 
-1.18903 -1.51241 2.12896 -3.76853 -0.367032 0.814006 
-1.18728 -1.51206 2.12871 -3.77038 -0.369266 0.815783 
-1.18551 -1.51176 2.1285 -3.77209 -0.371527 0.81744 
-1.18372 -1.5115 2.12831 -3.77366 -0.373814 0.818983 
-1.18192 -1.5113 2.12815 -3.77508 -0.376127 0.820414 
-1.18011 -1.51113 2.12801 -3.77638 -0.378464 0.821736 
-1.17828 -1.511 2.1279 -3.77755 -0.380824 0.822952 
-1.17644 -1.51092 2.12781 -3.7786 -0.383207 0.824067 
-1.17458 -1.51086 2.12775 -3.77953 -0.38561 0.825082 
-1.17271 -1.51085 2.12771 -3.78035 -0.388034 0.826002 
-1.17082 -1.51086 2.12769 -3.78107 -0.390478 0.826828 
-1.16893 -1.5109 2.12771 -3.78169 -0.39294 0.827564 
-1.16702 -1.51096 2.12774 -3.78221 -0.39542 0.828213 
-1.1651 -1.51106 2.1278 -3.78264 -0.397917 0.828777 
-1.16317 -1.51117 2.12788 -3.78299 -0.40043 0.82926 
-1.16123 -1.5113 2.12798 -3.78326 -0.402958 0.829663 
-1.15928 -1.51145 2.1281 -3.78345 -0.4055 0.82999 
-1.15731 -1.51162 2.12825 -3.78357 -0.408056 0.830244 
-1.15534 -1.5118 2.12842 -3.78363 -0.410625 0.830427 
-1.15335 -1.51199 2.12861 -3.78363 -0.413206 0.830543 
-1.15136 -1.51218 2.12883 -3.78357 -0.415798 0.830595 
-1.14936 -1.51238 2.12906 -3.78348 -0.418401 0.830586 
-1.14734 -1.51257 2.12932 -3.78335 -0.421014 0.830521 
-1.14532 -1.51275 2.12961 -3.78321 -0.423635 0.830404 
-1.14328 -1.51292 2.12992 -3.78306 -0.426265 0.830242 
-1.14123 -1.51305 2.13025 -3.78292 -0.428902 0.830039 
-1.13916 -1.51315 2.13061 -3.78282 -0.431546 0.829803 
-1.13709 -1.51319 2.131 -3.78276 -0.434196 0.829541 
-1.13499 -1.51318 2.13143 -3.78278 -0.43685 0.829259 
-1.13288 -1.5131 2.13188 -3.78289 -0.439509 0.828962 
-1.13075 -1.51294 2.13237 -3.7831 -0.442172 0.828656 
-1.1286 -1.5127 2.13289 -3.78341 -0.444838 0.828343 
-1.12643 -1.51238 2.13344 -3.78384 -0.447506 0.828026 
-1.12425 -1.51198 2.13403 -3.78439 -0.450176 0.827707 
-1.12205 -1.51149 2.13465 -3.78505 -0.452848 0.827388 
-1.11983 -1.51092 2.1353 -3.78583 -0.455521 0.827069 
-1.11759 -1.51027 2.13598 -3.78673 -0.458194 0.82675 
-1.11534 -1.50953 2.13669 -3.78774 -0.460867 0.826433 
-1.11308 -1.50872 2.13744 -3.78887 -0.46354 0.826117 
-1.1108 -1.50782 2.13821 -3.79011 -0.466212 0.825803 
-1.1085 -1.50686 2.13901 -3.79145 -0.468882 0.825491 
-1.1062 -1.50582 2.13984 -3.7929 -0.471552 0.825181 
-1.10388 -1.5047 2.14069 -3.79446 -0.474219 0.824872 
-1.10155 -1.50352 2.14157 -3.79611 -0.476884 0.824565 
-1.09921 -1.50226 2.14248 -3.79786 -0.479546 0.82426 
-1.09686 -1.50095 2.14341 -3.7997 -0.482205 0.823957 
-1.09449 -1.49956 2.14436 -3.80164 -0.48486 0.823656 
-1.09212 -1.49812 2.14534 -3.80366 -0.487512 0.823357 
-1.08974 -1.49661 2.14634 -3.80578 -0.49016 0.82306 
-1.08736 -1.49504 2.14736 -3.80797 -0.492804 0.822765 
-1.08496 -1.49342 2.1484 -3.81025 -0.495443 0.822472 
-1.08256 -1.49174 2.14946 -3.81261 -0.498077 0.822181 
-1.08016 -1.49001 2.15054 -3.81505 -0.500705 0.821891 
-1.07774 -1.48822 2.15164 -3.81756 -0.503328 0.821604 
-1.07533 -1.48639 2.15276 -3.82014 -0.505946 0.821319 
-1.0729 -1.4845 2.15389 -3.82279 -0.508557 0.821035 
-1.07048 -1.48257 2.15505 -3.82552 -0.511162 0.820754 
-1.06804 -1.48059 2.15621 -3.8283 -0.51376 0.820474 
-1.06561 -1.47856 2.1574 -3.83116 -0.516352 0.820196 
-1.06317 -1.47649 2.1586 -3.83407 -0.518936 0.819921 
-1.06073 -1.47438 2.15981 -3.83704 -0.521513 0.819647 
-1.05829 -1.47223 2.16104 -3.84008 -0.524083 0.819375 
-1.05585 -1.47004 2.16228 -3.84317 -0.526645 0.819105 
-1.05341 -1.46781 2.16353 -3.84631 -0.529199 0.818837 
-1.05096 -1.46554 2.1648 -3.8495 -0.531745 0.818571 
-1.04852 -1.46324 2.16608 -3.85275 -0.534282 0.818306 
-1.04608 -1.46091 2.16737 -3.85605 -0.536811 0.818044 
-1.04363 -1.45854 2.16867 -3.85939 -0.539331 0.817784 
-1.04119 -1.45614 2.16998 -3.86278 -0.541843 0.817525 
-1.03875 -1.45371 2.1713 -3.86621 -0.544345 0.817268 
-1.03631 -1.45124 2.17264 -3.86968 -0.546838 0.817013 
-1.03387 -1.44876 2.17398 -3.8732 -0.549322 0.81676 
-1.03143 -1.44624 2.17533 -3.87675 -0.551796 0.816509 
-1.029 -1.4437 2.17668 -3.88034 -0.55426 0.81626 
-1.02657 -1.44113 2.17805 -3.88397 -0.556715 0.816013 
-1.02414 -1.43854 2.17942 -3.88763 -0.55916 0.815767 
-1.02172 -1.43592 2.1808 -3.89133 -0.561594 0.815523 
-1.0193 -1.43328 2.18219 -3.89506 -0.564018 0.815281 
-1.01688 -1.43063 2.18358 -3.89881 -0.566432 0.815041 
-1.01447 -1.42795 2.18498 -3.9026 -0.568836 0.814803 
-1.01207 -1.42525 2.18638 -3.90642 -0.571229 0.814566 
-1.00967 -1.42253 2.18779 -3.91026 -0.573611 0.814332 
-1.00727 -1.4198 2.18921 -3.91412 -0.575982 0.814099 
-1.00488 -1.41705 2.19062 -3.91801 -0.578342 0.813868 
-1.00249 -1.41428 2.19205 -3.92193 -0.580692 0.813638 
-1.00011 -1.4115 2.19347 -3.92586 -0.58303 0.813411 
-0.997739 -1.4087 2.1949 -3.92982 -0.585357 0.813185 
-0.995372 -1.40589 2.19634 -3.93379 -0.587673 0.812961 
-0.993011 -1.40307 2.19777 -3.93778 -0.589977 0.812739 
-0.990657 -1.40024 2.19921 -3.94179 -0.59227 0.812518 
-0.98831 -1.39739 2.20065 -3.94582 -0.594551 0.812299 
-0.98597 -1.39453 2.2021 -3.94986 -0.596821 0.812082 
-0.983638 -1.39167 2.20354 -3.95392 -0.599079 0.811867 
-0.981312 -1.38879 2.20499 -3.95799 -0.601325 0.811653 
-0.978995 -1.38591 2.20644 -3.96207 -0.60356 0.811441 
-0.976686 -1.38302 2.20789 -3.96616 -0.605783 0.811231 
-0.974384 -1.38012 2.20934 -3.97026 -0.607994 0.811022 
-0.972091 -1.37722 2.21079 -3.97437 -0.610193 0.810815 
-0.969806 -1.37431 2.21224 -3.97849 -0.61238 0.81061 
-0.967529 -1.37139 2.21369 -3.98262 -0.614554 0.810406 
-0.965261 -1.36847 2.21514 -3.98675 -0.616717 0.810204 
-0.963002 -1.36555 2.21659 -3.9909 -0.618868 0.810004 
-0.960752 -1.36262 2.21803 -3.99504 -0.621006 0.809805 
-0.958511 -1.35969 2.21948 -3.99919 -0.623133 0.809608 
-0.956279 -1.35676 2.22093 -4.00335 -0.625247 0.809412 
-0.954056 -1.35382 2.22238 -4.0075 -0.627349 0.809218 
-0.951843 -1.35089 2.22382 -4.01166 -0.629438 0.809026 
-0.949639 -1.34795 2.22526 -4.01582 -0.631516 0.808835 
-0.947445 -1.34501 2.2267 -4.01999 -0.633581 0.808646 
-0.94526 -1.34207 2.22814 -4.02415 -0.635633 0.808459 
-0.943085 -1.33914 2.22958 -4.02831 -0.637674 0.808273 
-0.940921 -1.3362 2.23101 -4.03247 -0.639702 0.808088 
-0.938766 -1.33326 2.23245 -4.03663 -0.641717 0.807905 
-0.936621 -1.33033 2.23388 -4.04078 -0.64372 0.807724 
-0.934487 -1.3274 2.2353 -4.04494 -0.645711 0.807544 
-0.932362 -1.32447 2.23673 -4.04909 -0.64769 0.807365 
-0.930248 -1.32155 2.23815 -4.05323 -0.649656 0.807188 
-0.928145 -1.31862 2.23956 -4.05738 -0.65161 0.807013 
-0.926052 -1.31571 2.24098 -4.06151 -0.653551 0.806839 
-0.923969 -1.31279 2.24239 -4.06564 -0.65548 0.806666 
-0.921898 -1.30988 2.24379 -4.06977 -0.657396 0.806495 
-0.919836 -1.30698 2.2452 -4.07388 -0.659301 0.806326 
-0.917786 -1.30408 2.24659 -4.078 -0.661193 0.806158 
-0.915746 -1.30118 2.24799 -4.0821 -0.663072 0.805991 
-0.913717 -1.2983 2.24938 -4.08619 -0.664939 0.805826 
-0.911699 -1.29541 2.25077 -4.09028 -0.666794 0.805662 
-0.909692 -1.29254 2.25215 -4.09436 -0.668637 0.805499 
-0.907696 -1.28967 2.25352 -4.09843 -0.670467 0.805338 
-0.905711 -1.28681 2.2549 -4.10249 -0.672285 0.805179 
-0.903737 -1.28395 2.25627 -4.10653 -0.674091 0.80502 
-0.901774 -1.2811 2.25763 -4.11057 -0.675884 0.804863 
-0.899822 -1.27826 2.25899 -4.1146 -0.677665 0.804708 
-0.897882 -1.27543 2.26034 -4.11862 -0.679435 0.804554 
-0.895952 -1.27261 2.26169 -4.12262 -0.681192 0.804401 
-0.894034 -1.26979 2.26303 -4.12661 -0.682936 0.804249 
-0.892127 -1.26699 2.26437 -4.13059 -0.684669 0.804099 
-0.890231 -1.26419 2.2657 -4.13456 -0.68639 0.80395 
-0.888346 -1.2614 2.26703 -4.13852 -0.688099 0.803803 
-0.886473 -1.25862 2.26835 -4.14246 -0.689795 0.803656 
-0.884611 -1.25585 2.26967 -4.14639 -0.69148 0.803511 
-0.88276 -1.25309 2.27098 -4.1503 -0.693153 0.803368 
-0.88092 -1.25034 2.27228 -4.1542 -0.694814 0.803225 
-0.879092 -1.2476 2.27358 -4.15809 -0.696463 0.803084 
-0.877275 -1.24487 2.27488 -4.16196 -0.6981 0.802944 
-0.875469 -1.24216 2.27616 -4.16582 -0.699725 0.802805 
-0.873675 -1.23945 2.27745 -4.16966 -0.701339 0.802668 
-0.871892 -1.23675 2.27872 -4.17349 -0.702941 0.802532 
-0.87012 -1.23406 2.27999 -4.1773 -0.704531 0.802397 
-0.86836 -1.23139 2.28125 -4.18109 -0.70611 0.802263 
-0.866611 -1.22872 2.28251 -4.18487 -0.707677 0.80213 
-0.864873 -1.22607 2.28376 -4.18864 -0.709232 0.801999 
-0.863147 -1.22343 2.28501 -4.19239 -0.710776 0.801869 
-0.861431 -1.2208 2.28625 -4.19612 -0.712309 0.80174 
-0.859727 -1.21818 2.28748 -4.19983 -0.71383 0.801612 
-0.858035 -1.21558 2.28871 -4.20353 -0.715339 0.801485 
-0.856353 -1.21298 2.28993 -4.20721 -0.716838 0.801359 
-0.854683 -1.2104 2.29114 -4.21088 -0.718325 0.801235 
-0.853024 -1.20783 2.29235 -4.21452 -0.719801 0.801112 
-0.851376 -1.20528 2.29355 -4.21815 -0.721266 0.800989 
-0.849739 -1.20273 2.29474 -4.22177 -0.722719 0.800868 
-0.848113 -1.2002 2.29593 -4.22536 -0.724162 0.800748 
-0.846499 -1.19768 2.29711 -4.22894 -0.725593 0.800629 
-0.844895 -1.19517 2.29829 -4.2325 -0.727014 0.800512 
-0.843303 -1.19268 2.29946 -4.23604 -0.728423 0.800395 
-0.841722 -1.19019 2.30062 -4.23956 -0.729822 0.800279 
-0.840151 -1.18773 2.30177 -4.24307 -0.73121 0.800165 
-0.838592 -1.18527 2.30292 -4.24655 -0.732587 0.800051 
-0.837043 -1.18283 2.30407 -4.25002 -0.733953 0.799939 
-0.835506 -1.1804 2.3052 -4.25347 -0.735309 0.799827 
-0.833979 -1.17798 2.30633 -4.2569 -0.736654 0.799717 
-0.832464 -1.17558 2.30745 -4.26031 -0.737989 0.799607 
-0.830959 -1.17319 2.30857 -4.26371 -0.739313 0.799499 
-0.829465 -1.17081 2.30968 -4.26708 -0.740626 0.799391 
-0.827981 -1.16845 2.31078 -4.27044 -0.741929 0.799285 
-0.826509 -1.1661 2.31187 -4.27378 -0.743222 0.79918 
-0.825047 -1.16376 2.31296 -4.2771 -0.744505 0.799075 
-0.823596 -1.16144 2.31404 -4.2804 -0.745777 0.798972 
-0.822155 -1.15912 2.31512 -4.28368 -0.747039 0.798869 
-0.820725 -1.15683 2.31619 -4.28694 -0.748291 0.798768 
-0.819305 -1.15454 2.31725 -4.29018 -0.749533 0.798667 
-0.817896 -1.15228 2.31831 -4.29341 -0.750765 0.798567 
-0.816497 -1.15002 2.31935 -4.29661 -0.751987 0.798469 
-0.815109 -1.14778 2.3204 -4.2998 -0.753199 0.798371 
-0.813731 -1.14555 2.32143 -4.30296 -0.754401 0.798274 
-0.812364 -1.14333 2.32246 -4.30611 -0.755593 0.798178 
-0.811007 -1.14113 2.32348 -4.30924 -0.756776 0.798083 
-0.80966 -1.13894 2.3245 -4.31234 -0.757949 0.797989 
-0.808323 -1.13677 2.32551 -4.31543 -0.759112 0.797896 
-0.806996 -1.13461 2.32651 -4.3185 -0.760266 0.797803 
-0.80568 -1.13246 2.3275 -4.32156 -0.76141 0.797712 
-0.804373 -1.13032 2.32849 -4.32459 -0.762545 0.797621 
-0.803077 -1.1282 2.32947 -4.3276 -0.76367 0.797531 
-0.80179 -1.1261 2.33045 -4.33059 -0.764787 0.797442 
-0.800514 -1.124 2.33142 -4.33357 -0.765893 0.797354 
-0.799247 -1.12192 2.33238 -4.33652 -0.766991 0.797267 
-0.79799 -1.11986 2.33333 -4.33946 -0.768079 0.797181 
-0.796743 -1.1178 2.33428 -4.34237 -0.769159 0.797095 
-0.795506 -1.11577 2.33523 -4.34527 -0.770229 0.79701 
-0.794278 -1.11374 2.33616 -4.34815 -0.77129 0.796926 
-0.79306 -1.11173 2.33709 -4.35101 -0.772343 0.796843 
-0.791852 -1.10973 2.33801 -4.35385 -0.773386 0.796761 
-0.790653 -1.10774 2.33893 -4.35667 -0.774421 0.796679 
-0.789464 -1.10577 2.33984 -4.35947 -0.775447 0.796599 
-0.788284 -1.10381 2.34074 -4.36225 -0.776464 0.796519 
-0.787113 -1.10187 2.34164 -4.36502 -0.777473 0.796439 
-0.785952 -1.09994 2.34253 -4.36776 -0.778473 0.796361 
-0.7848 -1.09802 2.34342 -4.37049 -0.779464 0.796283 
-0.783657 -1.09611 2.34429 -4.3732 -0.780447 0.796206 
-0.782524 -1.09422 2.34517 -4.37589 -0.781422 0.79613 
-0.781399 -1.09234 2.34603 -4.37856 -0.782388 0.796054 
-0.780284 -1.09048 2.34689 -4.38121 -0.783346 0.79598 
-0.779178 -1.08862 2.34774 -4.38384 -0.784295 0.795906 
-0.77808 -1.08678 2.34859 -4.38646 -0.785237 0.795832 
-0.776992 -1.08496 2.34943 -4.38905 -0.78617 0.79576 
-0.775913 -1.08314 2.35026 -4.39163 -0.787096 0.795688 
-0.774842 -1.08134 2.35109 -4.39419 -0.788013 0.795617 
-0.77378 -1.07956 2.35191 -4.39673 -0.788922 0.795546 
-0.772727 -1.07778 2.35273 -4.39925 -0.789823 0.795476 
-0.771682 -1.07602 2.35354 -4.40175 -0.790717 0.795407 
-0.770646 -1.07427 2.35434 -4.40424 -0.791603 0.795339 
-0.769619 -1.07254 2.35514 -4.40671 -0.792481 0.795271 
-0.7686 -1.07081 2.35593 -4.40916 -0.793351 0.795204 
-0.76759 -1.0691 2.35671 -4.41159 -0.794213 0.795137 
-0.766588 -1.0674 2.35749 -4.414 -0.795068 0.795072 
-0.765594 -1.06572 2.35827 -4.4164 -0.795916 0.795006 
-0.764609 -1.06405 2.35903 -4.41878 -0.796756 0.794942 
-0.763632 -1.06239 2.3598 -4.42114 -0.797589 0.794878 
-0.762663 -1.06074 2.36055 -4.42348 -0.798414 0.794815 
-0.761703 -1.0591 2.3613 -4.42581 -0.799232 0.794752 
-0.76075 -1.05748 2.36205 -4.42812 -0.800043 0.79469 
-0.759805 -1.05587 2.36278 -4.43041 -0.800846 0.794629 
-0.758869 -1.05427 2.36352 -4.43268 -0.801643 0.794568 
-0.75794 -1.05268 2.36424 -4.43494 -0.802432 0.794508 
-0.757019 -1.05111 2.36496 -4.43717 -0.803214 0.794448 
-0.756107 -1.04955 2.36568 -4.4394 -0.803989 0.794389 
-0.755201 -1.048 2.36639 -4.4416 -0.804758 0.794331 
-0.754304 -1.04646 2.36709 -4.44379 -0.805519 0.794273 
-0.753414 -1.04493 2.36779 -4.44596 -0.806274 0.794215 
-0.752532 -1.04342 2.36848 -4.44811 -0.807021 0.794159 
-0.751658 -1.04191 2.36917 -4.45025 -0.807762 0.794103 
-0.750791 -1.04042 2.36985 -4.45237 -0.808497 0.794047 
-0.749931 -1.03894 2.37053 -4.45448 -0.809225 0.793992 
-0.749079 -1.03747 2.3712 -4.45657 -0.809946 0.793937 
-0.748234 -1.03602 2.37187 -4.45864 -0.81066 0.793884 
-0.747397 -1.03457 2.37253 -4.46069 -0.811369 0.79383 
-0.746567 -1.03314 2.37318 -4.46273 -0.81207 0.793777 
-0.745744 -1.03172 2.37383 -4.46475 -0.812766 0.793725 
-0.744928 -1.03031 2.37448 -4.46676 -0.813455 0.793673 
-0.744119 -1.02891 2.37512 -4.46875 -0.814138 0.793622 
-0.743318 -1.02752 2.37575 -4.47073 -0.814814 0.793571 
-0.742523 -1.02614 2.37638 -4.47269 -0.815484 0.793521 
-0.741735 -1.02477 2.377 -4.47463 -0.816149 0.793471 
-0.740955 -1.02342 2.37762 -4.47656 -0.816807 0.793422 
-0.740181 -1.02207 2.37823 -4.47847 -0.817459 0.793373 
-0.739414 -1.02074 2.37884 -4.48037 -0.818105 0.793325 
-0.738654 -1.01942 2.37944 -4.48225 -0.818745 0.793277 
-0.7379 -1.01811 2.38004 -4.48412 -0.81938 0.79323 
-0.737153 -1.0168 2.38064 -4.48597 -0.820008 0.793183 
-0.736413 -1.01551 2.38122 -4.4878 -0.820631 0.793136 
-0.735679 -1.01423 2.38181 -4.48962 -0.821248 0.79309 
-0.734952 -1.01296 2.38239 -4.49143 -0.821859 0.793045 
-0.734231 -1.01171 2.38296 -4.49322 -0.822465 0.793 
-0.733517 -1.01046 2.38353 -4.495 -0.823065 0.792955 
-0.732809 -1.00922 2.38409 -4.49676 -0.823659 0.792911 
-0.732108 -1.00799 2.38465 -4.49851 -0.824248 0.792868 
-0.731412 -1.00677 2.38521 -4.50024 -0.824831 0.792825 
-0.730723 -1.00556 2.38576 -4.50196 -0.825409 0.792782 
-0.73004 -1.00437 2.3863 -4.50366 -0.825982 0.79274 
-0.729364 -1.00318 2.38684 -4.50535 -0.826549 0.792698 
-0.728693 -1.002 2.38738 -4.50703 -0.827111 0.792656 
-0.728028 -1.00083 2.38791 -4.50869 -0.827668 0.792615 
-0.72737 -0.999675 2.38844 -4.51034 -0.828219 0.792575 
-0.726717 -0.998526 2.38896 -4.51197 -0.828765 0.792534 
-0.72607 -0.997388 2.38948 -4.5136 -0.829307 0.792495 
-0.725429 -0.996258 2.38999 -4.5152 -0.829843 0.792455 
-0.724794 -0.995139 2.3905 -4.5168 -0.830374 0.792416 
-0.724165 -0.994029 2.391 -4.51838 -0.8309 0.792378 
-0.723541 -0.992928 2.3915 -4.51994 -0.831421 0.792339 
-0.722924 -0.991837 2.392 -4.5215 -0.831937 0.792302 
-0.722311 -0.990755 2.39249 -4.52304 -0.832449 0.792264 
-0.721705 -0.989682 2.39298 -4.52456 -0.832955 0.792227 
-0.721104 -0.988619 2.39346 -4.52608 -0.833457 0.79219 
-0.720508 -0.987564 2.39394 -4.52758 -0.833954 0.792154 
-0.719918 -0.986519 2.39442 -4.52906 -0.834446 0.792118 
-0.719333 -0.985483 2.39489 -4.53054 -0.834934 0.792083 
-0.718754 -0.984455 2.39535 -4.532 -0.835417 0.792048 
-0.71818 -0.983437 2.39582 -4.53345 -0.835895 0.792013 
-0.717611 -0.982427 2.39627 -4.53489 -0.836369 0.791978 
-0.717047 -0.981426 2.39673 -4.53631 -0.836838 0.791944 
-0.716489 -0.980434 2.39718 -4.53773 -0.837303 0.79191 
-0.715936 -0.97945 2.39762 -4.53913 -0.837763 0.791877 
-0.715388 -0.978475 2.39807 -4.54051 -0.838219 0.791844 
-0.714845 -0.977509 2.39851 -4.54189 -0.838671 0.791811 
-0.714307 -0.976551 2.39894 -4.54325 -0.839118 0.791779 
-0.713774 -0.975601 2.39937 -4.54461 -0.839561 0.791747 
-0.713246 -0.97466 2.3998 -4.54595 -0.84 0.791715 
-0.712723 -0.973726 2.40022 -4.54728 -0.840435 0.791684 
-0.712205 -0.972802 2.40064 -4.54859 -0.840865 0.791653 
-0.711692 -0.971885 2.40106 -4.5499 -0.841291 0.791622 
-0.711183 -0.970976 2.40147 -4.55119 -0.841714 0.791592 
-0.710679 -0.970076 2.40188 -4.55247 -0.842132 0.791562 
-0.71018 -0.969183 2.40228 -4.55374 -0.842546 0.791532 
-0.709686 -0.968298 2.40268 -4.555 -0.842956 0.791502 
-0.709196 -0.967421 2.40308 -4.55625 -0.843362 0.791473 
-0.708711 -0.966552 2.40347 -4.55749 -0.843764 0.791444 
-0.70823 -0.965691 2.40386 -4.55872 -0.844163 0.791416 
-0.707754 -0.964837 2.40425 -4.55993 -0.844557 0.791387 
-0.707283 -0.963991 2.40463 -4.56114 -0.844948 0.791359 
-0.706815 -0.963153 2.40501 -4.56233 -0.845335 0.791332 
-0.706353 -0.962322 2.40539 -4.56351 -0.845718 0.791304 
-0.705894 -0.961498 2.40576 -4.56469 -0.846097 0.791277 
-0.70544 -0.960682 2.40613 -4.56585 -0.846473 0.79125 
-0.704991 -0.959873 2.4065 -4.567 -0.846845 0.791224 
-0.704545 -0.959072 2.40686 -4.56814 -0.847213 0.791198 
-0.704104 -0.958278 2.40722 -4.56927 -0.847578 0.791172 
-0.703667 -0.957491 2.40758 -4.5704 -0.847939 0.791146 
-0.703234 -0.956711 2.40793 -4.57151 -0.848297 0.79112 
-0.702805 -0.955938 2.40828 -4.57261 -0.848651 0.791095 
-0.70238 -0.955172 2.40862 -4.5737 -0.849002 0.79107 
-0.70196 -0.954413 2.40897 -4.57478 -0.849349 0.791046 
-0.701543 -0.953661 2.40931 -4.57585 -0.849693 0.791021 
-0.70113 -0.952916 2.40964 -4.57691 -0.850034 0.790997 
-0.700722 -0.952177 2.40998 -4.57796 -0.850371 0.790973 
-0.700317 -0.951446 2.41031 -4.57901 -0.850705 0.790949 
-0.699916 -0.950721 2.41064 -4.58004 -0.851036 0.790926 
-0.699519 -0.950002 2.41096 -4.58106 -0.851363 0.790903 
-0.699125 -0.949291 2.41128 -4.58208 -0.851688 0.79088 
-0.698736 -0.948585 2.4116 -4.58308 -0.852009 0.790857 
-0.69835 -0.947887 2.41192 -4.58408 -0.852327 0.790835 
-0.697968 -0.947194 2.41223 -4.58506 -0.852641 0.790813 
-0.697589 -0.946508 2.41254 -4.58604 -0.852953 0.790791 
-0.697215 -0.945829 2.41285 -4.58701 -0.853261 0.790769 
-0.696844 -0.945155 2.41315 -4.58797 -0.853567 0.790747 
-0.696476 -0.944488 2.41345 -4.58892 -0.853869 0.790726 
-0.696112 -0.943827 2.41375 -4.58986 -0.854169 0.790705 
-0.695751 -0.943172 2.41405 -4.59079 -0.854465 0.790684 
-0.695394 -0.942524 2.41434 -4.59172 -0.854759 0.790664 
-0.695041 -0.941881 2.41463 -4.59263 -0.85505 0.790643 
-0.694691 -0.941244 2.41492 -4.59354 -0.855338 0.790623 
-0.694344 -0.940613 2.4152 -4.59444 -0.855622 0.790603 
-0.694001 -0.939988 2.41549 -4.59533 -0.855905 0.790583 
-0.693661 -0.939369 2.41577 -4.59621 -0.856184 0.790564 
-0.693324 -0.938756 2.41604 -4.59708 -0.85646 0.790545 
-0.69299 -0.938148 2.41632 -4.59795 -0.856734 0.790525 
-0.69266 -0.937546 2.41659 -4.59881 -0.857005 0.790506 
-0.692333 -0.93695 2.41686 -4.59966 -0.857274 0.790488 
-0.692009 -0.936359 2.41712 -4.6005 -0.857539 0.790469 
-0.691689 -0.935774 2.41739 -4.60133 -0.857802 0.790451 
-0.691371 -0.935194 2.41765 -4.60216 -0.858063 0.790433 
-0.691057 -0.93462 2.41791 -4.60298 -0.858321 0.790415 
-0.690746 -0.934051 2.41817 -4.60379 -0.858576 0.790397 
-0.690437 -0.933488 2.41842 -4.60459 -0.858828 0.790379 
-0.690132 -0.932929 2.41867 -4.60539 -0.859079 0.790362 
-0.68983 -0.932376 2.41892 -4.60618 -0.859326 0.790345 
-0.68953 -0.931829 2.41917 -4.60696 -0.859571 0.790328 
-0.689234 -0.931286 2.41941 -4.60773 -0.859814 0.790311 
-0.688941 -0.930749 2.41966 -4.6085 -0.860054 0.790294 
-0.68865 -0.930217 2.4199 -4.60925 -0.860292 0.790278 
-0.688362 -0.929689 2.42013 -4.61001 -0.860528 0.790262 
-0.688077 -0.929167 2.42037 -4.61075 -0.860761 0.790246 
-0.687795 -0.92865 2.4206 -4.61149 -0.860992 0.79023 
-0.687516 -0.928138 2.42083 -4.61222 -0.86122 0.790214 
-0.687239 -0.92763 2.42106 -4.61294 -0.861446 0.790198 
-0.686966 -0.927128 2.42129 -4.61366 -0.86167 0.790183 
-0.686695 -0.92663 2.42151 -4.61437 -0.861892 0.790167 
-0.686426 -0.926137 2.42174 -4.61507 -0.862111 0.790152 
-0.68616 -0.925648 2.42196 -4.61577 -0.862328 0.790137 
-0.685897 -0.925165 2.42217 -4.61646 -0.862543 0.790123 
-0.685637 -0.924685 2.42239 -4.61714 -0.862756 0.790108 
-0.685379 -0.924211 2.4226 -4.61781 -0.862967 0.790093 
-0.685123 -0.923741 2.42281 -4.61848 -0.863175 0.790079 
-0.684871 -0.923276 2.42302 -4.61915 -0.863381 0.790065 
-0.68462 -0.922815 2.42323 -4.61981 -0.863586 0.790051 
-0.684372 -0.922358 2.42344 -4.62046 -0.863788 0.790037 
-0.684127 -0.921906 2.42364 -4.6211 -0.863988 0.790023 
-0.683884 -0.921458 2.42384 -4.62174 -0.864186 0.79001 
-0.683644 -0.921015 2.42404 -4.62237 -0.864382 0.789996 
-0.683405 -0.920576 2.42424 -4.623 -0.864577 0.789983 
-0.68317 -0.920141 2.42444 -4.62362 -0.864769 0.78997 
-0.682936 -0.91971 2.42463 -4.62423 -0.864959 0.789957 
-0.682705 -0.919284 2.42482 -4.62484 -0.865147 0.789944 
-0.682477 -0.918861 2.42501 -4.62544 -0.865334 0.789931 
-0.68225 -0.918443 2.4252 -4.62604 -0.865518 0.789919 
-0.682026 -0.918029 2.42539 -4.62663 -0.865701 0.789906 
-0.681804 -0.917618 2.42557 -4.62721 -0.865881 0.789894 
-0.681584 -0.917212 2.42576 -4.62779 -0.86606 0.789882 
-0.681367 -0.91681 2.42594 -4.62837 -0.866237 0.78987 
-0.681151 -0.916412 2.42612 -4.62894 -0.866413 0.789858 
-0.680938 -0.916017 2.42629 -4.6295 -0.866586 0.789846 
-0.680727 -0.915626 2.42647 -4.63006 -0.866758 0.789834 
-0.680518 -0.915239 2.42664 -4.63061 -0.866928 0.789823 
-0.680311 -0.914856 2.42682 -4.63115 -0.867096 0.789812 
-0.680107 -0.914477 2.42699 -4.63169 -0.867262 0.7898 
-0.679904 -0.914101 2.42716 -4.63223 -0.867427 0.789789 
-0.679703 -0.91373 2.42732 -4.63276 -0.86759 0.789778 
-0.679505 -0.913361 2.42749 -4.63329 -0.867751 0.789767 
-0.679308 -0.912996 2.42765 -4.63381 -0.867911 0.789756 
-0.679114 -0.912635 2.42781 -4.63432 -0.868069 0.789746 
-0.678921 -0.912278 2.42798 -4.63483 -0.868226 0.789735 
-0.67873 -0.911924 2.42813 -4.63534 -0.868381 0.789725 
-0.678541 -0.911573 2.42829 -4.63584 -0.868534 0.789714 
-0.678355 -0.911226 2.42845 -4.63633 -0.868686 0.789704 
-0.67817 -0.910882 2.4286 -4.63682 -0.868836 0.789694 
-0.677987 -0.910542 2.42876 -4.63731 -0.868984 0.789684 
-0.677805 -0.910205 2.42891 -4.63779 -0.869131 0.789674 
-0.677626 -0.909871 2.42906 -4.63826 -0.869277 0.789664 
-0.677448 -0.909541 2.42921 -4.63873 -0.869421 0.789654 
-0.677272 -0.909214 2.42935 -4.6392 -0.869564 0.789645 
-0.677098 -0.90889 2.4295 -4.63966 -0.869705 0.789635 
-0.676926 -0.908569 2.42964 -4.64012 -0.869844 0.789626 
-0.676756 -0.908252 2.42979 -4.64057 -0.869983 0.789617 
-0.676587 -0.907937 2.42993 -4.64102 -0.870119 0.789608 
-0.67642 -0.907626 2.43007 -4.64147 -0.870255 0.789598 
-0.676255 -0.907318 2.43021 -4.64191 -0.870389 0.78959 
-0.676091 -0.907013 2.43034 -4.64234 -0.870521 0.789581 
-0.675929 -0.906711 2.43048 -4.64277 -0.870652 0.789572 
-0.675769 -0.906412 2.43061 -4.6432 -0.870782 0.789563 
-0.67561 -0.906116 2.43075 -4.64362 -0.870911 0.789555 
-0.675453 -0.905823 2.43088 -4.64404 -0.871038 0.789546 
-0.675297 -0.905532 2.43101 -4.64445 -0.871164 0.789538 
-0.675144 -0.905245 2.43114 -4.64486 -0.871288 0.789529 
-0.674991 -0.904961 2.43127 -4.64527 -0.871411 0.789521 
-0.674841 -0.904679 2.43139 -4.64567 -0.871533 0.789513 
-0.674691 -0.9044 2.43152 -4.64607 -0.871654 0.789505 
-0.674544 -0.904124 2.43164 -4.64646 -0.871773 0.789497 
-0.674398 -0.903851 2.43176 -4.64685 -0.871892 0.789489 
-0.674253 -0.90358 2.43189 -4.64724 -0.872009 0.789481 
-0.67411 -0.903313 2.43201 -4.64762 -0.872124 0.789474 
-0.673968 -0.903047 2.43213 -4.648 -0.872239 0.789466 
-0.673828 -0.902785 2.43224 -4.64837 -0.872352 0.789459 
-0.673689 -0.902525 2.43236 -4.64874 -0.872464 0.789451 
-0.673551 -0.902268 2.43248 -4.64911 -0.872575 0.789444 
-0.673416 -0.902013 2.43259 -4.64948 -0.872685 0.789436 
-0.673281 -0.901761 2.4327 -4.64984 -0.872794 0.789429 
-0.673148 -0.901512 2.43281 -4.65019 -0.872902 0.789422 
-0.673016 -0.901264 2.43293 -4.65054 -0.873008 0.789415 
-0.672885 -0.90102 2.43304 -4.65089 -0.873113 0.789408 
-0.672756 -0.900778 2.43314 -4.65124 -0.873218 0.789401 
-0.672629 -0.900538 2.43325 -4.65158 -0.873321 0.789394 
-0.672502 -0.900301 2.43336 -4.65192 -0.873423 0.789388 
-0.672377 -0.900066 2.43346 -4.65225 -0.873524 0.789381 
-0.672253 -0.899833 2.43357 -4.65259 -0.873624 0.789374 
-0.67213 -0.899603 2.43367 -4.65291 -0.873722 0.789368 
-0.672009 -0.899376 2.43377 -4.65324 -0.87382 0.789361 
-0.671889 -0.89915 2.43388 -4.65356 -0.873917 0.789355 
-0.67177 -0.898927 2.43398 -4.65388 -0.874013 0.789349 
-0.671653 -0.898706 2.43407 -4.6542 -0.874108 0.789342 
-0.671536 -0.898487 2.43417 -4.65451 -0.874202 0.789336 
-0.671421 -0.898271 2.43427 -4.65482 -0.874294 0.78933 
-0.671307 -0.898056 2.43437 -4.65512 -0.874386 0.789324 
-0.671194 -0.897844 2.43446 -4.65543 -0.874477 0.789318 
-0.671083 -0.897634 2.43456 -4.65573 -0.874567 0.789312 
-0.670972 -0.897426 2.43465 -4.65602 -0.874656 0.789306 
-0.670863 -0.89722 2.43474 -4.65632 -0.874744 0.789301 
-0.670755 -0.897017 2.43483 -4.65661 -0.874831 0.789295 
-0.670648 -0.896815 2.43492 -4.6569 -0.874917 0.789289 
-0.670542 -0.896616 2.43501 -4.65718 -0.875003 0.789284 
-0.670437 -0.896418 2.4351 -4.65746 -0.875087 0.789278 
-0.670333 -0.896223 2.43519 -4.65774 -0.875171 0.789273 
-0.67023 -0.896029 2.43528 -4.65802 -0.875253 0.789267 
-0.670129 -0.895838 2.43536 -4.65829 -0.875335 0.789262 
-0.670028 -0.895648 2.43545 -4.65856 -0.875416 0.789257 
-0.669929 -0.895461 2.43553 -4.65883 -0.875496 0.789251 
-0.66983 -0.895275 2.43561 -4.65909 -0.875575 0.789246 
-0.66983 -0.895275 2.43561 -4.65909 -0.875575 0.789246 
