1.999889999999880097e-01
1.999889999999880097e-01
1.999890620252595952e-01
1.999892448053176841e-01
1.999896035431987518e-01
1.999901895692491605e-01
1.999910498135804571e-01
1.999922260553583520e-01
1.999937539431255462e-01
1.999956618460254076e-01
1.999979697183539018e-01
2.000006883606513519e-01
2.000038196977662330e-01
2.000073587628892202e-01
2.000112976083703586e-01
2.000156302404730857e-01
2.000203566709740366e-01
2.000254845157916628e-01
2.000310281637109611e-01
2.000370068055347395e-01
2.000434425961498675e-01
2.000503594663203821e-01
2.000577824751756661e-01
2.000657373913608261e-01
2.000742502644547172e-01
2.000833468944016313e-01
2.000930522231026687e-01
2.001033897349160096e-01
2.001143809614981117e-01
2.001260451488170722e-01
2.001383990803230761e-01
2.001514569886770067e-01
2.001652304523527937e-01
2.001797281715572419e-01
2.001949555460472152e-01
2.002109140250614427e-01
2.002276002543297295e-01
2.002450050939857673e-01
2.002631126123071426e-01
2.002818991670242132e-01
2.003013326714966347e-01
2.003213721192212970e-01
2.003419674206331214e-01
2.003630595975766648e-01
2.003845813778460938e-01
2.004064582201863787e-01
2.004286097638033337e-01
2.004509516304212868e-01
2.004733974235130833e-01
2.004958606974475144e-01
2.005182566427609892e-01
2.005405032732900106e-01
2.005625220013827481e-01
2.005842376196046717e-01
2.006055778325147587e-01
2.006264725683097050e-01
2.006468533304006652e-01
2.006666528201396515e-01
2.006858049809133182e-01
2.007042454969043821e-01
2.007219126536261278e-01
2.007387483660768857e-01
2.007546991350690480e-01
2.007697167163931540e-01
2.007837583691767791e-01
2.007967866581057415e-01
2.008087688845003327e-01
2.008196762893303400e-01
2.008294831976901451e-01
2.008381662606962270e-01
2.008457039044571624e-01
2.008520760274056516e-01
2.008572639120678183e-01
2.008612502548452472e-01
2.008640191866456204e-01
2.008655561685276925e-01
2.008658476961510952e-01
2.008648808191845769e-01
2.008626425576760521e-01
2.008591193609408354e-01
2.008542967949704106e-01
2.008481596531186686e-01
2.008406926539656745e-01
2.008318818165409358e-01
2.008217164962119161e-01
2.008101919519803269e-01
2.007973122354943241e-01
2.007830931723240397e-01
2.007675652474873451e-01
2.007507762805729179e-01
2.007327938401931022e-01
2.007137073756297962e-01
2.006936300382053673e-01
2.006727001599371285e-01
2.006510824039651475e-01
2.006289687443119918e-01
2.006065796766472176e-01
2.005841663479028814e-01
2.005620145035620638e-01
2.005404511574797599e-01
2.005198546089687617e-01
2.005006678627086203e-01
2.004834147036878012e-01
2.004687167186400276e-01
2.004573085404428856e-01
2.004500477128577929e-01
2.004479151708363771e-01
2.004520028636899986e-01
2.004634868710789553e-01
2.004835873745818009e-01
2.005135202487485502e-01
2.005544475188829334e-01
2.006074343751004796e-01
2.006734186137656417e-01
2.007531951223896771e-01
2.008474146390962500e-01
2.009565935337738196e-01
2.010811301491792213e-01
2.012213231428985338e-01
2.013773879266037015e-01
2.015494684079122967e-01
2.017376426046094684e-01
2.019419221248181795e-01
2.021622467122302369e-01
2.023984757436918247e-01
2.026503785968452875e-01
2.029176253282165276e-01
2.031997784977472021e-01
2.034962866410728044e-01
2.038064800332267112e-01
2.041295699391169061e-01
2.044646531892322927e-01
2.048107241807803625e-01
2.051666958308802080e-01
2.055314294294516286e-01
2.059037711155556616e-01
2.062825907042597773e-01
2.066668177708939624e-01
2.070554706683682133e-01
2.074476761037445105e-01
2.078426791084449499e-01
2.082398448590197515e-01
2.086386544794862630e-01
2.090386968063958628e-01
2.094396575088022239e-01
2.098413063398391343e-01
2.102434829506405756e-01
2.106460817254671714e-01
2.110490363913756773e-01
2.114523054583241080e-01
2.118558596008841832e-01
2.122596718085816014e-01
2.126637106216521245e-01
2.130679362482207351e-01
2.134722989993974029e-01
2.138767393355898161e-01
2.142811888499853157e-01
2.146855716486441301e-01
2.150898057572266930e-01
2.154938043528470404e-01
2.158974767633406733e-01
2.163007292791621350e-01
2.167034658742675868e-01
2.171055889324755850e-01
2.175070000405251447e-01
2.179076008617156224e-01
2.183072940637085235e-01
2.187059842489532113e-01
2.191035788261232464e-01
2.194999887647963721e-01
2.198951291963344712e-01
2.202889198671146020e-01
2.206812855164803633e-01
2.210721563280177160e-01
2.214614686619753581e-01
2.218491662897600358e-01
2.222352023036170132e-01
2.226195417704782686e-01
2.230021650518372589e-01
2.233830715300471614e-01
2.237622832713659360e-01
2.241398479412075317e-01
2.245158401358368083e-01
2.248903603248740835e-01
2.252635309307117750e-01
2.256354897265215598e-01
2.260063815458399350e-01
2.263763499305955496e-01
2.267455304868861987e-01
2.271140472894263296e-01
2.274820128788161699e-01
2.278495315516041453e-01
2.282167049828036087e-01
2.285836388086970872e-01
2.289504486046921861e-01
2.293172637116598633e-01
2.296842276629959545e-01
2.300514946266231930e-01
2.304192222570470849e-01
2.307875623795607734e-01
2.311566515813721079e-01
2.315266037560399781e-01
2.318975059716325282e-01
2.322694180532099695e-01
2.326423753884600543e-01
2.330163939101640991e-01
2.333914759936261407e-01
2.337676160366110867e-01
2.341448046849079756e-01
2.345230310121473594e-01
2.349022824611937954e-01
2.352825429445867811e-01
2.356637900164962884e-01
2.360459922656960308e-01
2.364291079383792904e-01
2.368130853636395416e-01
2.371978652242707208e-01
2.375833842711566335e-01
2.379695797933895629e-01
2.383563940126346425e-01
2.387437775408087215e-01
2.391316911409761270e-01
2.395201053166016725e-01
2.399089977455322598e-01
2.402983491773431624e-01
2.406881389059876419e-01
2.410783410849930974e-01
2.414689228938753374e-01
2.418598450233899189e-01
2.422510643544768250e-01
2.426425382342173032e-01
2.430342294502395584e-01
2.434261108456730327e-01
2.438181684877676614e-01
2.442104024563745979e-01
2.446028247340594208e-01
2.449954543600523227e-01
2.453883107835949373e-01
2.457814069044557403e-01
2.461747433526839113e-01
2.465683051149554772e-01
2.469620608982456555e-01
2.473559649456650855e-01
2.477499605781514902e-01
2.481439845527916022e-01
2.485379713339883057e-01
2.489318565050551713e-01
2.493255787948665536e-01
2.497190805699940341e-01
2.501123071134340181e-01
2.505052054510946147e-01
2.508977237222720369e-01
2.512898120111793365e-01
2.516814251990611706e-01
2.520725279030009980e-01
2.524631010728369818e-01
2.528531493748647496e-01
2.532427080989138601e-01
2.536318480181489199e-01
2.540206765494538721e-01
2.544093339287464284e-01
2.547979840753340497e-01
2.551868012211992998e-01
2.555759547038067292e-01
2.559655949249565743e-01
2.563558430518169673e-01
2.567467858302082129e-01
2.571384754944098794e-01
2.575309337114505825e-01
2.579241579778751015e-01
2.583181288018732147e-01
2.587128161829365114e-01
2.591081842446188443e-01
2.595041933724742678e-01
2.599007998506503991e-01
2.602979536679363992e-01
2.606955956571638811e-01
2.610936552357828733e-01
2.614920497006892330e-01
2.618906854723227484e-01
2.622894611281955668e-01
2.626882716732524270e-01
2.630870132866801603e-01
2.634855877124586132e-01
2.638839054923625693e-01
2.642818874037426990e-01
2.646794638160084867e-01
2.650765722138004321e-01
2.654731537116045148e-01
2.658691497640728874e-01
2.662645002701425900e-01
2.666591438814694959e-01
2.670530207402954104e-01
2.674460773008772718e-01
2.678382724406584425e-01
2.682295837415241690e-01
2.686200125996679455e-01
2.690095867644073380e-01
2.693983591629713348e-01
2.697864025762767848e-01
2.701738008273145142e-01
2.705606382627454565e-01
2.709469899283691308e-01
2.713329146385122237e-01
2.717184522402139035e-01
2.721036252261804789e-01
2.724884438912080764e-01
2.728729136379138276e-01
2.732570427733710394e-01
2.736408490990851483e-01
2.740243637749585903e-01
2.744076314297145824e-01
2.747907063659132954e-01
2.751736458302844190e-01
2.755565022930030472e-01
2.759393170492406844e-01
2.763221170422482942e-01
2.767049158387269170e-01
2.770877186053399832e-01
2.774705300742415504e-01
2.778533639303353842e-01
2.782362517345967623e-01
2.786192493796786351e-01
2.790024392631656469e-01
2.793859270550463347e-01
2.797698331958139439e-01
2.801542808003082974e-01
2.805393828311074644e-01
2.809252316495589041e-01
2.813118932405498374e-01
2.816994069854054650e-01
2.820877904623825816e-01
2.824770477878587038e-01
2.828671795189535154e-01
2.832581919807005133e-01
2.836501039671820434e-01
2.840429491599331668e-01
2.844367734423308147e-01
2.848316275490802019e-01
2.852275568328959121e-01
2.856245907837970943e-01
2.860227348784038504e-01
2.864219664306529856e-01
2.868222348528651766e-01
2.872234656564707223e-01
2.876255668923984876e-01
2.880284365209939135e-01
2.884319692567821058e-01
2.888360616532549274e-01
2.892406145838036235e-01
2.896455328789177552e-01
2.900507226404544503e-01
2.904560874456335595e-01
2.908615249793692348e-01
2.912669254402235897e-01
2.916721724681382577e-01
2.920771466263188398e-01
2.924817308760732648e-01
2.928858170881504797e-01
2.932893123938656310e-01
2.936921440571900743e-01
2.940942616052276692e-01
2.944956353304661323e-01
2.948962510618807764e-01
2.952961021537222619e-01
2.956951805547115009e-01
2.960934691433579902e-01
2.964909370823972101e-01
2.968875390047189256e-01
2.972832178409651749e-01
2.976779103608131472e-01
2.980715540970677035e-01
2.984640941663173619e-01
2.988554885169351638e-01
2.992457103607614743e-01
2.996347470885762920e-01
3.000225958605886589e-01
3.004092570953699193e-01
3.007947278342829045e-01
3.011789970595523114e-01
3.015620444514978127e-01
3.019438430960929010e-01
3.023243656999513029e-01
3.027035931605732699e-01
3.030815238770504516e-01
3.034581818976497258e-01
3.038336219119706083e-01
3.042079293896485237e-01
3.045812150597503321e-01
3.049536043963232412e-01
3.053252243768445062e-01
3.056961907794940037e-01
3.060665991592968482e-01
3.064365214840001905e-01
3.068060088229628279e-01
3.071750990984232765e-01
3.075438280118941159e-01
3.079122407916038417e-01
3.082804022263959109e-01
3.086484025615485183e-01
3.090163574247102307e-01
3.093844012110076314e-01
3.097526751460054073e-01
3.101213129477615738e-01
3.104904278181604971e-01
3.108601039955179446e-01
3.112303946016647949e-01
3.116013257702829331e-01
3.119729056813613233e-01
3.123451363461471342e-01
3.127180256568350414e-01
3.130915971749708149e-01
3.134658954026212641e-01
3.138409850475313845e-01
3.142169441748975389e-01
3.145938528854579919e-01
3.149717806056044900e-01
3.153507755118568623e-01
3.157308588292803142e-01
3.161120251911294088e-01
3.164942486509819131e-01
3.168774927884024373e-01
3.172617227176119936e-01
3.176469165364966263e-01
3.180330737347710213e-01
3.184202184126083690e-01
3.188083960617109081e-01
3.191976641855919783e-01
3.195880788082034463e-01
3.199796801882092145e-01
3.203724811748390744e-01
3.207664605821881065e-01
3.211615623243184725e-01
3.215576995893175694e-01
3.219547624488055537e-01
3.223526269913088438e-01
3.227511641251092356e-01
3.231502464603064895e-01
3.235497521416750843e-01
3.239495652280388605e-01
3.243495731643471491e-01
3.247496628131201768e-01
3.251497170161032346e-01
3.255496135018539627e-01
3.259492272379687083e-01
3.263484363921191345e-01
3.267471312279012219e-01
3.271452246250798335e-01
3.275426624263027553e-01
3.279394314445077674e-01
3.283355628601081211e-01
3.287311291999190921e-01
3.291262343627416875e-01
3.295209980742836442e-01
3.299155379976527191e-01
3.303099535733192704e-01
3.307043150616920113e-01
3.310986595809534139e-01
3.314929940268878661e-01
3.318873033257059291e-01
3.322815617044403980e-01
3.326757444014517007e-01
3.330698372814691055e-01
3.334638421515736528e-01
3.338577763543879584e-01
3.342516665393906461e-01
3.346455381372671622e-01
3.350394033603267818e-01
3.354332508871353258e-01
3.358270396118883117e-01
3.362206974080030331e-01
3.366141244579282654e-01
3.370071997795496821e-01
3.373997891802357207e-01
3.377917528143648540e-01
3.381829506510755090e-01
3.385732444649039441e-01
3.389624955367206427e-01
3.393505581274991467e-01
3.397372697704111322e-01
3.401224401256184859e-01
3.405058402294278697e-01
3.408871934624380651e-01
3.412661688230472223e-01
3.416423765526288570e-01
3.420153660364380621e-01
3.423846261441615413e-01
3.427495885456522395e-01
3.431096347647647482e-01
3.434641075928953624e-01
3.438123268831863588e-01
3.441536088000032301e-01
3.444872866287854718e-01
3.448127306683934634e-01
3.451293648110216883e-01
3.454366781435709854e-01
3.457342309757585053e-01
3.460216557158954376e-01
3.462986536906313972e-01
3.465649892606571525e-01
3.468204825047287443e-01
3.470650014787956539e-01
3.472984547394469268e-01
3.475207845355006153e-01
3.477319608540516693e-01
3.479319763611553595e-01
3.481208421904602446e-01
3.482985844891018923e-01
3.484652416140794351e-01
3.486208618727115183e-01
3.487655017097437971e-01
3.488992242562966029e-01
3.490220981692039315e-01
3.491341967018807280e-01
3.492355969589696629e-01
3.493263792964580450e-01
3.494066268367639894e-01
3.494764250746384415e-01
3.495358615548264103e-01
3.495850256064853001e-01
3.496240081225677754e-01
3.496529013749026249e-01
3.496717988576921732e-01
3.496807951537000969e-01
3.496799858186223631e-01
3.496694672800846337e-01
3.496493367484550530e-01
3.496196921372404232e-01
3.495806319912834748e-01
3.495322554213273203e-01
3.494746620437733098e-01
3.494079519246525711e-01
3.493322255269593057e-01
3.492475836605638539e-01
3.491541274339309830e-01
3.490519582068015714e-01
3.489411775428387097e-01
3.488218871609533589e-01
3.486941888835637382e-01
3.485581845793225830e-01
3.484139760967459032e-01
3.482616651835155341e-01
3.481013533837236107e-01
3.479331419015746496e-01
3.477571314144366488e-01
3.475734218097293327e-01
3.473821118076043102e-01
3.471832984127530275e-01
3.469770761111696245e-01
3.467635356874187447e-01
3.465427624798060324e-01
3.463148338087822520e-01
3.460798152023942809e-01
3.458377549008810337e-01
3.455886759650110274e-01
3.453325651910452154e-01
3.450693580782266401e-01
3.447989195653996530e-01
3.445210215814856203e-01
3.442353211048617134e-01
3.439413463314758279e-01
3.436385019914914296e-01
3.433261037940512628e-01
3.430034425407425536e-01
3.426698631661346806e-01
3.423248340194761097e-01
3.419679865799647445e-01
3.415991213427719275e-01
3.412181890292166897e-01
3.408252604052094958e-01
3.404204950281906616e-01
3.400041143422237733e-01
3.395763807813722557e-01
3.391375825330779636e-01
3.386880228705961837e-01
3.382280128837960032e-01
3.377578666187662781e-01
3.372778978748429135e-01
3.367884181208200545e-01
3.362897351578273408e-01
3.357821522764410926e-01
3.352659677392244575e-01
3.347414744767527317e-01
3.342089599232758723e-01
3.336687059434580993e-01
3.331209888183240819e-01
3.325660792695168677e-01
3.320042425081748405e-01
3.314357382994571055e-01
3.308608210368400027e-01
3.302797398223342173e-01
3.296927385501010055e-01
3.291000559918164092e-01
3.285019258827049926e-01
3.278985770075387718e-01
3.272902332861449826e-01
3.266771138581276990e-01
3.260594331666154533e-01
3.254374010409176732e-01
3.248112227780184935e-01
3.241810992228678634e-01
3.235472268474494095e-01
3.229097978286180060e-01
3.222690001247086600e-01
3.216250175509244302e-01
3.209780298535138687e-01
3.203282127827519199e-01
3.196757381647391538e-01
3.190207739720350988e-01
3.183634843931418823e-01
3.177040299008553892e-01
3.170425673195002014e-01
3.163792498910653062e-01
3.157142273402572252e-01
3.150476459384868311e-01
3.143796485668067242e-01
3.137103747778146046e-01
3.130399608565392344e-01
3.123685398803243696e-01
3.116962417777260352e-01
3.110231933864389120e-01
3.103495185102664311e-01
3.096753379751495117e-01
3.090007696842688723e-01
3.083259286722347947e-01
3.076509271583792171e-01
3.069758745991633120e-01
3.063008777397150939e-01
3.056260406645101568e-01
3.049514648472089751e-01
3.042772491996642015e-01
3.036034901201105085e-01
3.029302815405501281e-01
3.022577149733463031e-01
3.015858795570376394e-01
3.009148621013846281e-01
3.002447471316613825e-01
2.995756169322038032e-01
2.989075515892257728e-01
2.982406290329154275e-01
2.975749250788223277e-01
2.969105134685467440e-01
2.962474659097423246e-01
2.955858521154425267e-01
2.949257398427218568e-01
2.942671949307022472e-01
2.936102813379146692e-01
2.929550611790266990e-01
2.923015947609454712e-01
2.916499406183063470e-01
2.910001555483567315e-01
2.903522946452447573e-01
2.897064113337221580e-01
2.890625574022707145e-01
2.884207830356614322e-01
2.877811368469553877e-01
2.871436659089549592e-01
2.865084157851146562e-01
2.858754305599195966e-01
2.852447528687405698e-01
2.846164239271735674e-01
2.839904835598724420e-01
2.833669702288825198e-01
2.827459210614832186e-01
2.821273718775474393e-01
2.815113572164256728e-01
2.808979103633621466e-01
2.802870633754507845e-01
2.796788471071380289e-01
2.790732912352802408e-01
2.784704242837622856e-01
2.778702736476850732e-01
2.772728656171279393e-01
2.766782254004940267e-01
2.760863771474442174e-01
2.754973439714268335e-01
2.749111479718097106e-01
2.743278102556205855e-01
2.737473509589026244e-01
2.731697892676911432e-01
2.725951434386174599e-01
2.720234308191462058e-01
2.714546678674518154e-01
2.708888701719404657e-01
2.703260524704224066e-01
2.697662286689413436e-01
2.692094118602658126e-01
2.686556143420482101e-01
2.681048476346569176e-01
2.675571224986869612e-01
2.670124489521542577e-01
2.664708362873787206e-01
2.659322930875613888e-01
2.653968272430604070e-01
2.648644459673711316e-01
2.643351558128146928e-01
2.638089626859402292e-01
2.632858718626454597e-01
2.627658880030200317e-01
2.622490151659163660e-01
2.617352568232525489e-01
2.612246158740513247e-01
2.607170946582200721e-01
2.602126949700758196e-01
2.597114180716191267e-01
2.592132647055619965e-01
2.587182351081125375e-01
2.582263290215217610e-01
2.577375457063955655e-01
2.572518839537760171e-01
2.567693420969960338e-01
2.562899180233111363e-01
2.558136091853117078e-01
2.553404126121195938e-01
2.548703249203730925e-01
2.544033423250031123e-01
2.539394606498045492e-01
2.534786753378060475e-01
2.530209814614417518e-01
2.525663737325281599e-01
2.521148465120495730e-01
2.516663938197550299e-01
2.512210093435703895e-01
2.507786864488283363e-01
2.503394181873194735e-01
2.499031973061674183e-01
2.494700162565312851e-01
2.490398672021379989e-01
2.486127420276476041e-01
2.481886323468543709e-01
2.477675295107264197e-01
2.473494246152868059e-01
2.469343085093384516e-01
2.465221718020359776e-01
2.461130048703067674e-01
2.457067978661239271e-01
2.453035407236337784e-01
2.449032231661402992e-01
2.445058347129489551e-01
2.441113646860723907e-01
2.437198022168003686e-01
2.433311362521362597e-01
2.429453555611024718e-01
2.425624487409169527e-01
2.421824042230432128e-01
2.418052102791158064e-01
2.414308550267436904e-01
2.410593264351933718e-01
2.406906123309541234e-01
2.403247004031872358e-01
2.399615782090613048e-01
2.396012331789755812e-01
2.392436526216734360e-01
2.388888237292478012e-01
2.385367335820403611e-01
2.381873691534365789e-01
2.378407173145583864e-01
2.374967648388560670e-01
2.371554984066014948e-01
2.368169046092842289e-01
2.364809699539122956e-01
2.361476808672192673e-01
2.358170236997794711e-01
2.354889847300327410e-01
2.351635501682204921e-01
2.348407061602346968e-01
2.345204387913812916e-01
2.342027340900595389e-01
2.338875780313587616e-01
2.335749565405743078e-01
2.332648554966436916e-01
2.329572607355047120e-01
2.326521580533769118e-01
2.323495332099676514e-01
2.320493719316042147e-01
2.317516599142934175e-01
2.314563828267098555e-01
2.311635263131141815e-01
2.308730759962027423e-01
2.305850174798897978e-01
2.302993363520235148e-01
2.300160181870369858e-01
2.297350485485355198e-01
2.294564129918213180e-01
2.291800970663567527e-01
2.289060863181673622e-01
2.286343662921856423e-01
2.283649225345368017e-01
2.280977405947675618e-01
2.278328060280190581e-01
2.275701043971448401e-01
2.273096212747750533e-01
2.270513422453278307e-01
2.267952529069689471e-01
2.265413388735204592e-01
2.262895857763196072e-01
2.260399792660288398e-01
2.257925050143977375e-01
2.255471487159779187e-01
2.253038960897917886e-01
2.250627328809559624e-01
2.248236448622603911e-01
2.245866178357037724e-01
2.243516376339863561e-01
2.241186901219608951e-01
2.238877611980424065e-01
2.236588367955777701e-01
2.234319028841757759e-01
2.232069454709985079e-01
2.229839506020147577e-01
2.227629043632162742e-01
2.225437928817974309e-01
2.223266023272993108e-01
2.221113189127185694e-01
2.218979288955821305e-01
2.216864185789881037e-01
2.214767743126138388e-01
2.212689824936914795e-01
2.210630295679520407e-01
2.208589020305383177e-01
2.206565864268874855e-01
2.204560693535838334e-01
2.202573374591824118e-01
2.200603774450040073e-01
2.198651760659021681e-01
2.196717201310028345e-01
2.194799965044170464e-01
2.192899921059273949e-01
2.191016939116487150e-01
2.189150889546636058e-01
2.187301643256331640e-01
2.185469071733836255e-01
2.183653047054693319e-01
2.181853441887124934e-01
2.180070129497203579e-01
2.178302983753800937e-01
2.176551879133320488e-01
2.174816690724216683e-01
2.173097294231307597e-01
2.171393565979882478e-01
2.169705382919611403e-01
2.168032622628259798e-01
2.166375163315212848e-01
2.164732883824813658e-01
2.163105663639518506e-01
2.161493382882875014e-01
2.159895922322325468e-01
2.158313163371840537e-01
2.156744988094386195e-01
2.155191279204226873e-01
2.153651920069072079e-01
2.152126794712065083e-01
2.150615787813621727e-01
2.149118784713119346e-01
2.147635671410441371e-01
2.146166334567381206e-01
2.144710661508905936e-01
2.143268540224286811e-01
2.141839859368097065e-01
2.140424508261080661e-01
2.139022376890896138e-01
2.137633355912737232e-01
2.136257336649833583e-01
2.134894211093835703e-01
2.133543871905084488e-01
2.132206212412770807e-01
2.130881126614985466e-01
2.129568509178664804e-01
2.128268255439431655e-01
2.126980261401336669e-01
2.125704423736501925e-01
2.124440639784667961e-01
2.123188807552648105e-01
2.121948825713692866e-01
2.120720593606765236e-01
2.119504011235730512e-01
2.118298979268461169e-01
2.117105399035861535e-01
2.115923172530813356e-01
2.114752202407041981e-01
2.113592391977910379e-01
2.112443645215137111e-01
2.111305866747446025e-01
2.110178961859144886e-01
2.109062836488637405e-01
2.107957397226870311e-01
2.106862551315717147e-01
2.105778206646300166e-01
2.104704271757252276e-01
2.103640655832921813e-01
2.102587268701520129e-01
2.101544020833214510e-01
2.100510823338169741e-01
2.099487587964536384e-01
2.098474227096390476e-01
2.097470653751624392e-01
2.096476781579791893e-01
2.095492524859907113e-01
2.094517798498200800e-01
2.093552518025833531e-01
2.092596599596568130e-01
2.091649959984403229e-01
2.090712516581168523e-01
2.089784187394082282e-01
2.088864891043274996e-01
2.087954546759277219e-01
2.087053074380476048e-01
2.086160394350538017e-01
2.085276427715802849e-01
2.084401096122647512e-01
2.083534321814821122e-01
2.082676027630754045e-01
2.081826137000840071e-01
2.080984573944693605e-01
2.080151263068383549e-01
2.079326129561643310e-01
2.078509099195060272e-01
2.077700098317242783e-01
2.076899053851968546e-01
2.076105893295313032e-01
2.075320544712760118e-01
2.074542936736296361e-01
2.073772998561487224e-01
2.073010659944539424e-01
2.072255851199348298e-01
2.071508503194530448e-01
2.070768547350444744e-01
2.070035915636200263e-01
2.069310540566653422e-01
2.068592355199393718e-01
2.067881293131720311e-01
2.067177288497608900e-01
2.066480275964669988e-01
2.065790190731100207e-01
2.065106968522625042e-01
2.064430545589436283e-01
2.063760858703123646e-01
2.063097845153599730e-01
2.062441442746022480e-01
2.061791589797711821e-01
2.061148225135063794e-01
2.060511288090461357e-01
2.059880718499183527e-01
2.059256456696311743e-01
2.058638443513635952e-01
2.058026620276559027e-01
2.057420928801002302e-01
2.056821311390309992e-01
2.056227710832154998e-01
2.055640070395445274e-01
2.055058333827233519e-01
2.054482445349626596e-01
2.053912349656699388e-01
2.053347991911410875e-01
2.052789317742523545e-01
2.052236273241525855e-01
2.051688804959561074e-01
2.051146859904357522e-01
2.050610385537166569e-01
2.050079329769703973e-01
2.049553640961097323e-01
2.049033267914840140e-01
2.048518159875751254e-01
2.048008266526940846e-01
2.047503537986784250e-01
2.047003924805901875e-01
2.046509377964147447e-01
2.046019848867603186e-01
2.045535289345583874e-01
2.045055651647648964e-01
2.044580888440622468e-01
2.044110952805622827e-01
2.043645798235101674e-01
2.043185378629890914e-01
2.042729648296260636e-01
2.042278561942985349e-01
2.041832074678421594e-01
2.041390142007595554e-01
2.040952719829299544e-01
2.040519764433200989e-01
2.040091232496961393e-01
2.039667081083365863e-01
2.039247267637464001e-01
2.038831749983722741e-01
2.038420486323189729e-01
2.038013435230669190e-01
2.037610555651908351e-01
2.037211806900797451e-01
2.036817148656580034e-01
2.036426540961077114e-01
2.036039944215922159e-01
2.035657319179809688e-01
2.035278626965756066e-01
2.034903829038372247e-01
2.034532887211150665e-01
2.034165763643764058e-01
2.033802420839377900e-01
2.033442821641975318e-01
2.033086929233695606e-01
2.032734707132185792e-01
