-1.335529999999835571e+00
-1.335529999999835571e+00
-1.335530441112847466e+00
-1.335531820746304499e+00
-1.335534683658614163e+00
-1.335539611548771877e+00
-1.335547210123693818e+00
-1.335558092830091859e+00
-1.335572860806687467e+00
-1.335592079360155671e+00
-1.335616252818289995e+00
-1.335645802399940241e+00
-1.335681055453121102e+00
-1.335722256467175573e+00
-1.335769605262796755e+00
-1.335823312647526517e+00
-1.335883647854351874e+00
-1.335950953384182904e+00
-1.336025623878982049e+00
-1.336108065746633988e+00
-1.336198657496278086e+00
-1.336297722022855350e+00
-1.336405513180840554e+00
-1.336522214913182127e+00
-1.336647950441596677e+00
-1.336782798721845467e+00
-1.336926814331519164e+00
-1.337080045809620810e+00
-1.337242547417844651e+00
-1.337414380933863223e+00
-1.337595606931935910e+00
-1.337786267902828952e+00
-1.337986367478468219e+00
-1.338195850525480513e+00
-1.338414588075850675e+00
-1.338642369345791172e+00
-1.338878900899647562e+00
-1.339123810862268948e+00
-1.339376654574487180e+00
-1.339636917763332935e+00
-1.339904014371605223e+00
-1.340177278369554026e+00
-1.340455951456990036e+00
-1.340739170743880271e+00
-1.341025961614323192e+00
-1.341315240652790175e+00
-1.341605831667096904e+00
-1.341896494759259317e+00
-1.342185964781250629e+00
-1.342472992448025870e+00
-1.342756379991182580e+00
-1.343035004182549619e+00
-1.343307822655580797e+00
-1.343573863738109608e+00
-1.343832204190714252e+00
-1.344081942218392944e+00
-1.344322174241037393e+00
-1.344551982964521164e+00
-1.344770441445210185e+00
-1.344976633624022755e+00
-1.345169687206804410e+00
-1.345348811104384756e+00
-1.345513328138536746e+00
-1.345662694916277324e+00
-1.345796504241201230e+00
-1.345914469976075001e+00
-1.346016398535939240e+00
-1.346102154166152864e+00
-1.346171626347085537e+00
-1.346224706950335914e+00
-1.346261282273774063e+00
-1.346281241204060564e+00
-1.346284496317622148e+00
-1.346271010963589587e+00
-1.346240823532855346e+00
-1.346194060890071320e+00
-1.346130936053291594e+00
-1.346051729572943945e+00
-1.345956758390797425e+00
-1.345846339263964131e+00
-1.345720755591587992e+00
-1.345580236442482480e+00
-1.345424954623422265e+00
-1.345255046821776768e+00
-1.345070653784607106e+00
-1.344871973446676972e+00
-1.344659316578843189e+00
-1.344433154174427436e+00
-1.344194148530805766e+00
-1.343943164677727786e+00
-1.343681263763979006e+00
-1.343409683886631623e+00
-1.343129816056687353e+00
-1.342843183604218060e+00
-1.342551432636426068e+00
-1.342256339439851232e+00
-1.341959838208987454e+00
-1.341664069593453856e+00
-1.341371447918362936e+00
-1.341084743167507254e+00
-1.340807173090930782e+00
-1.340542500553566052e+00
-1.340295130417771929e+00
-1.340070197887243797e+00
-1.339873636148905200e+00
-1.339712206398543382e+00
-1.339593470324382807e+00
-1.339525687027750545e+00
-1.339517625669364387e+00
-1.339578301533641547e+00
-1.339716662208662257e+00
-1.339941264687606326e+00
-1.340259986911627399e+00
-1.340679807306356830e+00
-1.341206667991836410e+00
-1.341845419172931875e+00
-1.342599829717302740e+00
-1.343472644075393019e+00
-1.344465666964966610e+00
-1.345579861518753972e+00
-1.346815450920718193e+00
-1.348172016111581772e+00
-1.349648582573633071e+00
-1.351243688461607251e+00
-1.352955426047282694e+00
-1.354781449951230954e+00
-1.356718949400837815e+00
-1.358764587376729116e+00
-1.360914416269790594e+00
-1.363163786887407358e+00
-1.365507274412180561e+00
-1.367938649427530517e+00
-1.370450921407057709e+00
-1.373036472955754261e+00
-1.375687284689790513e+00
-1.378395226851555577e+00
-1.381152373236820941e+00
-1.383951284991107977e+00
-1.386785220176694144e+00
-1.389648245579591546e+00
-1.392535250958393700e+00
-1.395441884674642585e+00
-1.398364439788932545e+00
-1.401299721889281757e+00
-1.404244926459226495e+00
-1.407197546373028629e+00
-1.410155320133565704e+00
-1.413116219848959521e+00
-1.416078466941266933e+00
-1.419040556413354803e+00
-1.422001269632850784e+00
-1.424959660965635644e+00
-1.427915012577333664e+00
-1.430866760899375700e+00
-1.433814405333616371e+00
-1.436757414119143483e+00
-1.439695144112029368e+00
-1.442626790446044804e+00
-1.445551377902650314e+00
-1.448467797700466297e+00
-1.451374882269605981e+00
-1.454271499703794657e+00
-1.457156643453415112e+00
-1.460029494319260657e+00
-1.462889440186546652e+00
-1.465736050470819674e+00
-1.468569012856312916e+00
-1.471388047342969241e+00
-1.474192816628402847e+00
-1.476982852889752840e+00
-1.479757518989486043e+00
-1.482516016196397279e+00
-1.485257440346891000e+00
-1.487980875714859375e+00
-1.490685504916376303e+00
-1.493370708653916745e+00
-1.496036133050835604e+00
-1.498681712620403284e+00
-1.501307648895719327e+00
-1.503914354334993098e+00
-1.506502376657812281e+00
-1.509072320662155686e+00
-1.511624783759824897e+00
-1.514160318297234520e+00
-1.516679427967378535e+00
-1.519182597464542095e+00
-1.521670345681463310e+00
-1.524143286279783682e+00
-1.526602178141678978e+00
-1.529047952479563488e+00
-1.531481711011579039e+00
-1.533904697339862899e+00
-1.536318249220766985e+00
-1.538723742246799420e+00
-1.541122536101841245e+00
-1.543515933551510955e+00
-1.545905159702900766e+00
-1.548291364577799811e+00
-1.550675646043895295e+00
-1.553059084188084915e+00
-1.555442774605228395e+00
-1.557827848453388286e+00
-1.560215471252656361e+00
-1.562606818386849339e+00
-1.565003030973827425e+00
-1.567405160039446299e+00
-1.569814109652963197e+00
-1.572230591020312485e+00
-1.574655099136731851e+00
-1.577087920531216936e+00
-1.579529174209437059e+00
-1.581978878994385385e+00
-1.584437032045906690e+00
-1.586903679190311500e+00
-1.589378959879490294e+00
-1.591863116979755022e+00
-1.594356470805106785e+00
-1.596859364718624663e+00
-1.599372094884232931e+00
-1.601894839542060467e+00
-1.604427603914341471e+00
-1.606970195154879377e+00
-1.609522236598583955e+00
-1.612083221536311672e+00
-1.614652595589362916e+00
-1.617229847567704271e+00
-1.619814585722563871e+00
-1.622406580961517353e+00
-1.625005768429920172e+00
-1.627612209546266397e+00
-1.630226024835186749e+00
-1.632847312797233830e+00
-1.635476072169504302e+00
-1.638112144757984501e+00
-1.640755193058728745e+00
-1.643404720106844019e+00
-1.646060128459995386e+00
-1.648720803529460044e+00
-1.651386198268106620e+00
-1.654055895429026313e+00
-1.656729630518241958e+00
-1.659407269736125512e+00
-1.662088748171842933e+00
-1.664773981597588381e+00
-1.667462770086157509e+00
-1.670154714006224062e+00
-1.672849162683367918e+00
-1.675545211842201621e+00
-1.678241756447534705e+00
-1.680937591464622960e+00
-1.683631538645932180e+00
-1.686322569029203411e+00
-1.689009892567224114e+00
-1.691692997078252825e+00
-1.694371633112636388e+00
-1.697045753765069165e+00
-1.699715426232076831e+00
-1.702380735302639891e+00
-1.705041699258162735e+00
-1.707698216292765858e+00
-1.710350053803133097e+00
-1.712996883087955391e+00
-1.715638349525741457e+00
-1.718274157290595516e+00
-1.720904143020548949e+00
-1.723528316776679503e+00
-1.726146858934215267e+00
-1.728760073582457535e+00
-1.731368308673150391e+00
-1.733971859275094562e+00
-1.736570873477191412e+00
-1.739165281330492085e+00
-1.741754765053099563e+00
-1.744338781935167670e+00
-1.746916639368149227e+00
-1.749487606721047417e+00
-1.752051037106040265e+00
-1.754606469059928786e+00
-1.757153685226405804e+00
-1.759692718410787782e+00
-1.762223808923881752e+00
-1.764747326849499309e+00
-1.767263677988843762e+00
-1.769773213919855870e+00
-1.772276165804482773e+00
-1.774772617894710747e+00
-1.777262529031935712e+00
-1.779745798911956056e+00
-1.782222363441828161e+00
-1.784692295241460558e+00
-1.787155885225258034e+00
-1.789613688995991936e+00
-1.792066533237644865e+00
-1.794515487387101871e+00
-1.796961811842791912e+00
-1.799406895866437539e+00
-1.801852197556998769e+00
-1.804299196020981988e+00
-1.806749362485386978e+00
-1.809204152514988007e+00
-1.811665016094177183e+00
-1.814133417522618030e+00
-1.816610854735764446e+00
-1.819098868800969715e+00
-1.821599038231419998e+00
-1.824112957513690070e+00
-1.826642203184239532e+00
-1.829188293306276192e+00
-1.831752647540212608e+00
-1.834336555504385569e+00
-1.836941160615064961e+00
-1.839567464414931575e+00
-1.842216352092386655e+00
-1.844888634152954676e+00
-1.847585094134770234e+00
-1.850306530298245766e+00
-1.853053781360144203e+00
-1.855827731379589451e+00
-1.858629294466018322e+00
-1.861459384230442105e+00
-1.864318875346275606e+00
-1.867208565634544071e+00
-1.870129147139457215e+00
-1.873081193530993449e+00
-1.876065168258506111e+00
-1.879081452982775069e+00
-1.882130390008873722e+00
-1.885212328030879902e+00
-1.888327659636007017e+00
-1.891476842062786767e+00
-1.894660397975357125e+00
-1.897878898133169789e+00
-1.901132931316538155e+00
-1.904423068551372555e+00
-1.907749829088111859e+00
-1.911113655095134867e+00
-1.914514900445654977e+00
-1.917953835881459179e+00
-1.921430668320385893e+00
-1.924945567350276221e+00
-1.928498689008748324e+00
-1.932090187244426494e+00
-1.935720206806691657e+00
-1.939388856131820660e+00
-1.943096163408276400e+00
-1.946842022672328198e+00
-1.950626139621175259e+00
-1.954447988949519432e+00
-1.958306795732946970e+00
-1.962201551169177716e+00
-1.966131066533289173e+00
-1.970094059158993938e+00
-1.974089254156795370e+00
-1.978115480285623784e+00
-1.982171740691785367e+00
-1.986257247662322589e+00
-1.990371420730290053e+00
-1.994513855420773751e+00
-1.998684274132043859e+00
-2.002882471767045036e+00
-2.007108268024012876e+00
-2.011361476338696441e+00
-2.015641896135282440e+00
-2.019949330021995504e+00
-2.024283621595794891e+00
-2.028644704630530704e+00
-2.033032652821336939e+00
-2.037447721578586002e+00
-2.041890378038362375e+00
-2.046361319865699802e+00
-2.050861485625905090e+00
-2.055392059030921814e+00
-2.059954467013272783e+00
-2.064550368787748891e+00
-2.069181631522856613e+00
-2.073850289434484573e+00
-2.078558487483699313e+00
-2.083308417033534088e+00
-2.088102255830194931e+00
-2.092942125718626922e+00
-2.097830077937472115e+00
-2.102768109455432466e+00
-2.107758207162877540e+00
-2.112802411325941598e+00
-2.117902885655950307e+00
-2.123061978369931158e+00
-2.128282257301988167e+00
-2.133566504303149536e+00
-2.138917661825333827e+00
-2.144338737557471841e+00
-2.149832687239758844e+00
-2.155402304758833321e+00
-2.161050147598546189e+00
-2.166778515422507212e+00
-2.172589485296060552e+00
-2.178484994367487104e+00
-2.184466952199669354e+00
-2.190537359902362091e+00
-2.196698410708829208e+00
-2.202952547197346789e+00
-2.209302456362528311e+00
-2.215750997314045456e+00
-2.222301075960117611e+00
-2.228955499777941274e+00
-2.235716854726316427e+00
-2.242587440846916191e+00
-2.249569286303793714e+00
-2.256664239515836723e+00
-2.263874122256604782e+00
-2.271200915064621295e+00
-2.278646938780290565e+00
-2.286214991800200824e+00
-2.293908404115490463e+00
-2.301730981149463062e+00
-2.309686835545836647e+00
-2.317780138512818056e+00
-2.326014850753604257e+00
-2.334394502057688392e+00
-2.342922073671625416e+00
-2.351600007088958666e+00
-2.360430331007087545e+00
-2.369414874517301595e+00
-2.378555520647215538e+00
-2.387854447279147418e+00
-2.397314300724561864e+00
-2.406938253750381840e+00
-2.416729919953241268e+00
-2.426693131405456505e+00
-2.436831627626752539e+00
-2.447148733562802825e+00
-2.457647107193411617e+00
-2.468328612764270957e+00
-2.479194337161924722e+00
-2.490244731663143529e+00
-2.501479838497244312e+00
-2.512899551099712525e+00
-2.524503854286260118e+00
-2.536292993645314020e+00
-2.548267534430076697e+00
-2.560428292861561594e+00
-2.572776156122622115e+00
-2.585311841564447821e+00
-2.598035665448900744e+00
-2.610947386854145513e+00
-2.624046166465321850e+00
-2.637330646400909195e+00
-2.650799129113082131e+00
-2.664449815969502033e+00
-2.678281057525370823e+00
-2.692291564467457654e+00
-2.706480530870366330e+00
-2.720847633816193767e+00
-2.735392899358767060e+00
-2.750116461123633727e+00
-2.765018271633872260e+00
-2.780097841417041860e+00
-2.795354069397222307e+00
-2.810785197110822864e+00
-2.826388884520793621e+00
-2.842162379104163250e+00
-2.858102735816766771e+00
-2.874207040337663610e+00
-2.890472588029504575e+00
-2.906896976257362208e+00
-2.923478081269357709e+00
-2.940213914798880168e+00
-2.957102385448931781e+00
-2.974141014035990960e+00
-2.991326658345008660e+00
-3.008655288397227956e+00
-3.026121827426383248e+00
-3.043720050135993116e+00
-3.061442517942277508e+00
-3.079280532384305769e+00
-3.097224098517050273e+00
-3.115261903195670534e+00
-3.133381321439149492e+00
-3.151568461325754633e+00
-3.169808242080649929e+00
-3.188084476687500057e+00
-3.206379911895947732e+00
-3.224676177078133588e+00
-3.242953612459139379e+00
-3.261190979959479819e+00
-3.279365095494240379e+00
-3.297450452343137162e+00
-3.315418927571602836e+00
-3.333239674450085843e+00
-3.350879297753667441e+00
-3.368302378513350792e+00
-3.385472357220268513e+00
-3.402352707980600410e+00
-3.418908262579855695e+00
-3.435106500645066063e+00
-3.450918628682716260e+00
-3.466320324181033197e+00
-3.481292098793111744e+00
-3.495819308073166543e+00
-3.509891883976452132e+00
-3.523503884826267640e+00
-3.536652951886314344e+00
-3.549339742828886202e+00
-3.561567389867011268e+00
-3.573341010129544859e+00
-3.584667280531022460e+00
-3.595554079151360050e+00
-3.606010189115997910e+00
-3.616045057976214228e+00
-3.625668604563556219e+00
-3.634891065416482103e+00
-3.643722873593749689e+00
-3.652174563647506034e+00
-3.660256697526841574e+00
-3.667979807113892488e+00
-3.675354349912769436e+00
-3.682390675103825561e+00
-3.689098997747039643e+00
-3.695489379381738715e+00
-3.701571713641404582e+00
-3.707355715797653328e+00
-3.712850915380882633e+00
-3.718066651208812079e+00
-3.723012068298372057e+00
-3.727696116249455294e+00
-3.732127548777584902e+00
-3.736314924141906246e+00
-3.740266606269243344e+00
-3.743990766417603311e+00
-3.747495385256029099e+00
-3.750788255264162263e+00
-3.753876983375864729e+00
-3.756768993808075940e+00
-3.759471531029796143e+00
-3.761991662837578243e+00
-3.764336283513984860e+00
-3.766512117054930719e+00
-3.768525720461521011e+00
-3.770383487102974218e+00
-3.772091650170819044e+00
-3.773656286262669912e+00
-3.775083319159188822e+00
-3.776378523894281525e+00
-3.777547531271945314e+00
-3.778595833062120324e+00
-3.779528788225181568e+00
-3.780351630689294584e+00
-3.781069479464612026e+00
-3.781687352263730428e+00
-3.782210184366908035e+00
-3.782642855303499196e+00
-3.782990227123432359e+00
-3.783257199729249898e+00
-3.783448791044638160e+00
-3.783570252724999250e+00
-3.783627235371547659e+00
-3.783626019726504364e+00
-3.783573829437884228e+00
-3.783479231252409036e+00
-3.783352601040999463e+00
-3.783206579275482540e+00
-3.783056358857534551e+00
-3.782919577091647945e+00
-3.782815605509238566e+00
-3.782764226368237725e+00
-3.782784000557846582e+00
-3.782890837201761336e+00
-3.783097174412396235e+00
-3.783411859316617054e+00
-3.783840538140666787e+00
-3.784386281753300718e+00
-3.785050233333504544e+00
-3.785832166130671084e+00
-3.786730917000036722e+00
-3.787744702912962502e+00
-3.788871342993672897e+00
-3.790108410282603923e+00
-3.791453333682281990e+00
-3.792903465618282954e+00
-3.794456126541737362e+00
-3.796108633974229374e+00
-3.797858321313560825e+00
-3.799702549890174197e+00
-3.801638716588609856e+00
-3.803664258560882860e+00
-3.805776656035910754e+00
-3.807973433884131786e+00
-3.810252162369563766e+00
-3.812610457372660022e+00
-3.815045980269718306e+00
-3.817556437590635898e+00
-3.820139580534911872e+00
-3.822793204398315936e+00
-3.825515147944646976e+00
-3.828303292745169895e+00
-3.831155562500565548e+00
-3.834069922355116233e+00
-3.837044378209496731e+00
-3.840076976036325362e+00
-3.843165801201171128e+00
-3.846308977790746209e+00
-3.849504667949388281e+00
-3.852751071224502333e+00
-3.856046423921363431e+00
-3.859388998467492282e+00
-3.862777102786702166e+00
-3.866209079682821681e+00
-3.869683306233058229e+00
-3.873198193190927618e+00
-3.876752184398648104e+00
-3.880343756208890937e+00
-3.883971416915767527e+00
-3.887633706194920880e+00
-3.891329194552601844e+00
-3.895056482783591179e+00
-3.898814201437841298e+00
-3.902601010295708051e+00
-3.906415597851640609e+00
-3.910256680806203367e+00
-3.914123003566302383e+00
-3.918013337753492475e+00
-3.921926481720241497e+00
-3.925861260074027470e+00
-3.929816523209151757e+00
-3.933791146846150166e+00
-3.937784031578681176e+00
-3.941794102427781610e+00
-3.945820308403373389e+00
-3.949861622072911249e+00
-3.953917039137059053e+00
-3.957985578012291228e+00
-3.962066279420306980e+00
-3.966158205984156027e+00
-3.970260441830971487e+00
-3.974372092201207352e+00
-3.978492283064279711e+00
-3.982620160740514947e+00
-3.986754891529303180e+00
-3.990895661343366818e+00
-3.995041675349042976e+00
-3.999192157612492249e+00
-4.003346350751737504e+00
-4.007503515594447840e+00
-4.011662930841369601e+00
-4.015823892735327583e+00
-4.019985714735700988e+00
-4.024147727198293722e+00
-4.028309277060512450e+00
-4.032469727531774240e+00
-4.036628457789055879e+00
-4.040784862677510247e+00
-4.044938352416068028e+00
-4.049088352307945726e+00
-4.053234302455987148e+00
-4.057375657482761966e+00
-4.061511886255340542e+00
-4.065642471614683728e+00
-4.069766910109563263e+00
-4.073884711734950592e+00
-4.077995399674798627e+00
-4.082098510049149809e+00
-4.086193591665505664e+00
-4.090280205774380562e+00
-4.094357925828989941e+00
-4.098426337248989526e+00
-4.102485037188218442e+00
-4.106533634306372527e+00
-4.110571748544549209e+00
-4.114599010904604448e+00
-4.118615063232257789e+00
-4.122619558003890461e+00
-4.126612158116974349e+00
-4.130592536684080329e+00
-4.134560376830398454e+00
-4.138515371494727368e+00
-4.142457223233869001e+00
-4.146385644030376127e+00
-4.150300355103603955e+00
-4.154201086724007119e+00
-4.158087578030633225e+00
-4.161959576851764986e+00
-4.165816839528654114e+00
-4.169659130742305209e+00
-4.173486223343255475e+00
-4.177297898184304081e+00
-4.181093943956144088e+00
-4.184874157025853414e+00
-4.188638341278192456e+00
-4.192386307959671043e+00
-4.196117875525333218e+00
-4.199832869488224318e+00
-4.203531122271487064e+00
-4.207212473063056457e+00
-4.210876767672898424e+00
-4.214523858392765554e+00
-4.218153603858415757e+00
-4.221765868914263642e+00
-4.225360524480422875e+00
-4.228937447422097762e+00
-4.232496520421291208e+00
-4.236037631850787299e+00
-4.239560675650372090e+00
-4.243065551205262409e+00
-4.246552163226697374e+00
-4.250020421634664203e+00
-4.253470241442721900e+00
-4.256901542644888181e+00
-4.260314250104556777e+00
-4.263708293445411357e+00
-4.267083606944304108e+00
-4.270440129426066100e+00
-4.273777804160221017e+00
-4.277096578759564061e+00
-4.280396405080585609e+00
-4.283677239125698755e+00
-4.286939040947250312e+00
-4.290181774553280647e+00
-4.293405407815003905e+00
-4.296609912375983775e+00
-4.299795263562971037e+00
-4.302961440298385121e+00
-4.306108425014398833e+00
-4.309236203568614698e+00
-4.312344765161295612e+00
-4.315434102254127602e+00
-4.318504210490492490e+00
-4.321555088617219376e+00
-4.324586738407797171e+00
-4.327599164587017100e+00
-4.330592374757026519e+00
-4.333566379324770068e+00
-4.336521191430790623e+00
-4.339456826879374063e+00
-4.342373304070008544e+00
-4.345270643930142285e+00
-4.348148869849214115e+00
-4.351008007613939021e+00
-4.353848085344822927e+00
-4.356669133433889840e+00
-4.359471184483600936e+00
-4.362254273246941594e+00
-4.365018436568663951e+00
-4.367763713327657449e+00
-4.370490144380434039e+00
-4.373197772505705849e+00
-4.375886642350039324e+00
-4.378556800374566293e+00
-4.381208294802734216e+00
-4.383841175569077819e+00
-4.386455494268996169e+00
-4.389051304109512941e+00
-4.391628659861013695e+00
-4.394187617809929947e+00
-4.396728235712365596e+00
-4.399250572748642618e+00
-4.401754689478752702e+00
-4.404240647798699726e+00
-4.406708510897716202e+00
-4.409158343216340370e+00
-4.411590210405338830e+00
-4.414004179285455187e+00
-4.416400317807983811e+00
-4.418778695016134961e+00
-4.421139381007195723e+00
-4.423482446895464548e+00
-4.425807964775943404e+00
-4.428116007688778666e+00
-4.430406649584440082e+00
-4.432679965289619162e+00
-4.434936030473836333e+00
-4.437174921616747980e+00
-4.439396715976133834e+00
-4.441601491556562031e+00
-4.443789327078712326e+00
-4.445960301949350324e+00
-4.448114496231936776e+00
-4.450251990617867470e+00
-4.452372866398325968e+00
-4.454477205436742970e+00
-4.456565090141846319e+00
-4.458636603441300750e+00
-4.460691828755915189e+00
-4.462730849974413161e+00
-4.464753751428760964e+00
-4.466760617870033201e+00
-4.468751534444815654e+00
-4.470726586672131297e+00
-4.472685860420877013e+00
-4.474629441887771009e+00
-4.476557417575792286e+00
-4.478469874273108609e+00
-4.480366899032482308e+00
-4.482248579151146828e+00
-4.484115002151143337e+00
-4.485966255760111210e+00
-4.487802427892519042e+00
-4.489623606631339747e+00
-4.491429880210145775e+00
-4.493221336995631532e+00
-4.494998065470542592e+00
-4.496760154217016137e+00
-4.498507691900316630e+00
-4.500240767252959628e+00
-4.501959469059223728e+00
-4.503663886140034656e+00
-4.505354107338220615e+00
-4.507030221504128242e+00
-4.508692317481598266e+00
-4.510340484094284008e+00
-4.511974810132318936e+00
-4.513595384339312844e+00
-4.515202295399685539e+00
-4.516795631926318499e+00
-4.518375482448526270e+00
-4.519941935400338728e+00
-4.521495079109087989e+00
-4.523035001784297293e+00
-4.524561791506862996e+00
-4.526075536218521655e+00
-4.527576323711605788e+00
-4.529064241619074060e+00
-4.530539377404810608e+00
-4.532001818354197908e+00
-4.533451651564947227e+00
-4.534888963938183970e+00
-4.536313842169789723e+00
-4.537726372741987646e+00
-4.539126641915170346e+00
-4.540514735719965778e+00
-4.541890739949535849e+00
-4.543254740152101512e+00
-4.544606821623693449e+00
-4.545947069401120366e+00
-4.547275568255153111e+00
-4.548592402683919289e+00
-4.549897656906501275e+00
-4.551191414856742945e+00
-4.552473760177246476e+00
-4.553744776213571654e+00
-4.555004546008617261e+00
-4.556253152297195186e+00
-4.557490677500783960e+00
-4.558717203722462585e+00
-4.559932812742019337e+00
-4.561137586011231981e+00
-4.562331604649315864e+00
-4.563514949438537194e+00
-4.564687700819987093e+00
-4.565849938889516402e+00
-4.567001743393819702e+00
-4.568143193726675655e+00
-4.569274368925334784e+00
-4.570395347667048469e+00
-4.571506208265747162e+00
-4.572607028668850937e+00
-4.573697886454218597e+00
-4.574778858827232675e+00
-4.575850022618009660e+00
-4.576911454278743463e+00
-4.577963229881168772e+00
-4.579005425114149652e+00
-4.580038115281386268e+00
-4.581061375299238847e+00
-4.582075279694666214e+00
-4.583079902603275357e+00
-4.584075317767482005e+00
-4.585061598534776017e+00
-4.586038817856092464e+00
-4.587007048284283961e+00
-4.587966361972696028e+00
-4.588916830673833935e+00
-4.589858525738131689e+00
-4.590791518112810721e+00
-4.591715878340829171e+00
-4.592631676559920884e+00
-4.593538982501724988e+00
-4.594437865490992756e+00
-4.595328394444884168e+00
-4.596210637872343518e+00
-4.597084663873552302e+00
-4.597950540139462028e+00
-4.598808333951399874e+00
-4.599658112180749825e+00
-4.600499941288704875e+00
-4.601333887326088501e+00
-4.602160015933246306e+00
-4.602978392340002500e+00
-4.603789081365682989e+00
-4.604592147419199755e+00
-4.605387654499199179e+00
-4.606175666194269880e+00
-4.606956245683209161e+00
-4.607729455735345425e+00
-4.608495358710919199e+00
-4.609254016561516565e+00
-4.610005490830554109e+00
-4.610749842653819819e+00
-4.611487132760058394e+00
-4.612217421471611623e+00
-4.612940768705099615e+00
-4.613657233972153549e+00
-4.614366876380191940e+00
-4.615069754633238652e+00
-4.615765927032786209e+00
-4.616455451478697292e+00
-4.617138385470150652e+00
-4.617814786106621661e+00
-4.618484710088904599e+00
-4.619148213720166929e+00
-4.619805352907045304e+00
-4.620456183160770891e+00
-4.621100759598331997e+00
-4.621739136943667781e+00
-4.622371369528892160e+00
-4.622997511295551476e+00
-4.623617615795908797e+00
-4.624231736194261089e+00
-4.624839925268277696e+00
-4.625442235410372582e+00
-4.626038718629098767e+00
-4.626629426550567636e+00
-4.627214410419895785e+00
-4.627793721102671398e+00
-4.628367409086446393e+00
-4.628935524482248987e+00
-4.629498117026118464e+00
-4.630055236080658609e+00
-4.630606930636610663e+00
-4.631153249314450271e+00
-4.631694240365993309e+00
-4.632229951676028357e+00
-4.632760430763959825e+00
-4.633285724785471515e+00
-4.633805880534199950e+00
-4.634320944443429902e+00
-4.634830962587797920e+00
-4.635335980685012736e+00
-4.635836044097585429e+00
-4.636331197834577367e+00
-4.636821486553355243e+00
-4.637306954561357664e+00
-4.637787645817874171e+00
-4.638263603935835810e+00
-4.638734872183609248e+00
-4.639201493486805994e+00
-4.639663510430099613e+00
-4.640120965259047381e+00
-4.640573899881921704e+00
-4.641022355871549543e+00
-4.641466374467156264e+00
-4.641905996576217497e+00
-4.642341262776318089e+00
-4.642772213317011065e+00
-4.643198888121686352e+00
-4.643621326789444836e+00
-4.644039568596969758e+00
-4.644453652500410534e+00
-4.644863617137262146e+00
-4.645269500828254294e+00
-4.645671341579236113e+00
-4.646069177083069768e+00
-4.646463044721520497e+00
-4.646852981567152874e+00
-4.647239024385225292e+00
-4.647621209635583561e+00
-4.647999573474559831e+00
-4.648374151756869743e+00
-4.648744980037506913e+00
-4.649112093573640969e+00
-4.649475527326512925e+00
-4.649835315963329663e+00
-4.650191493859158420e+00
-4.650544095098815944e+00
-4.650893153478762976e+00
-4.651238702508989853e+00
-4.651580775414903002e+00
-4.651919405139210539e+00
-4.652254624343799883e+00
-4.652586465411619798e+00
-4.652914960448551795e+00
-4.653240141285285070e+00
-4.653562039479181678e+00
-4.653880686316141713e+00
-4.654196112812465813e+00
-4.654508349716707905e+00
-4.654817427511528827e+00
-4.655123376415544634e+00
-4.655426226385166899e+00
-4.655726007116443022e+00
-4.656022748046885873e+00
-4.656316478357304334e+00
-4.656607226973624947e+00
-4.656895022568707354e+00
-4.657179893564155293e+00
-4.657461868132124039e+00
-4.657740974197118078e+00
-4.658017239437783452e+00
-4.658290691288697438e+00
-4.658561356942147569e+00
-4.658829263349907102e+00
-4.659094437225001606e+00
