1.155999999999608230e+00
1.155999999999608230e+00
1.155999678210444026e+00
1.155998759652901553e+00
1.155997012940989110e+00
1.155994246834873396e+00
1.155990306351216912e+00
1.155985068252337378e+00
1.155978435787794023e+00
1.155970332679991497e+00
1.155960696612722050e+00
1.155949472994638461e+00
1.155936610503688566e+00
1.155922060429098952e+00
1.155905781084487716e+00
1.155887745835922020e+00
1.155867950098996566e+00
1.155846412490431740e+00
1.155823169056413136e+00
1.155798263503934553e+00
1.155771737378990638e+00
1.155743622746067789e+00
1.155713938267065366e+00
1.155682688690141902e+00
1.155649867422840815e+00
1.155615461545286493e+00
1.155579458119014635e+00
1.155541850189740760e+00
1.155502640840327500e+00
1.155461844202067656e+00
1.155419483309004347e+00
1.155375585685146644e+00
1.155330178222603310e+00
1.155283283072650491e+00
1.155234915954164387e+00
1.155185087606052985e+00
1.155133808238031801e+00
1.155081093977967654e+00
1.155026973719875505e+00
1.154971494651325425e+00
1.154914725141132470e+00
1.154856754455737544e+00
1.154797689665364224e+00
1.154737650815052863e+00
1.154676765792318482e+00
1.154615166274705063e+00
1.154552985737311133e+00
1.154490359855094406e+00
1.154427428908259001e+00
1.154364341186919107e+00
1.154301256079306670e+00
1.154238345619391204e+00
1.154175793731531119e+00
1.154113793082429895e+00
1.154052540121861758e+00
1.153992229380498946e+00
1.153933048285619156e+00
1.153875173615714900e+00
1.153818770265959026e+00
1.153763992325496313e+00
1.153710985737444794e+00
1.153659891243046243e+00
1.153610846108752641e+00
1.153563983397507098e+00
1.153519428211004616e+00
1.153477291207124278e+00
1.153437660553311428e+00
1.153400594113481503e+00
1.153366113938667503e+00
1.153334204937979557e+00
1.153304818895496631e+00
1.153277883829783468e+00
1.153253317306295322e+00
1.153231041122967149e+00
1.153210994237823694e+00
1.153193141140059552e+00
1.153177473988947987e+00
1.153164008381231120e+00
1.153152774103869627e+00
1.153143803345670459e+00
1.153137119407102507e+00
1.153132728898172976e+00
1.153130619726724371e+00
1.153130765893929155e+00
1.153133138431812421e+00
1.153137720166608204e+00
1.153144520927188665e+00
1.153153589763962206e+00
1.153165021748328689e+00
1.153178958634033080e+00
1.153195584548375896e+00
1.153215119506696640e+00
1.153237814688166107e+00
1.153263954005254055e+00
1.153293866491687414e+00
1.153327953342704992e+00
1.153366732051960719e+00
1.153410898211453484e+00
1.153461403642764393e+00
1.153519548109583237e+00
1.153587081063530473e+00
1.153666309237491472e+00
1.153760204526642852e+00
1.153872503682588979e+00
1.154007786810065328e+00
1.154171516627749083e+00
1.154370017403860915e+00
1.154610374674223339e+00
1.154900246849254630e+00
1.155247597241076729e+00
1.155660375127281814e+00
1.156146189298137505e+00
1.156712020255699080e+00
1.157364006472486162e+00
1.158107320867766354e+00
1.158946133879215967e+00
1.159883645468092972e+00
1.160922162268135382e+00
1.162063196554291356e+00
1.163307568003260517e+00
1.164655494829872184e+00
1.166106666219176802e+00
1.167660292269368849e+00
1.169315130656331858e+00
1.171069490982751482e+00
1.172921218643319108e+00
1.174867660686922388e+00
1.176905617410644034e+00
1.179031285968606957e+00
1.181240206324045250e+00
1.183527224779637788e+00
1.185886494348663334e+00
1.188311531638362339e+00
1.190795343915350912e+00
1.193330626692017393e+00
1.195910014397928656e+00
1.198526351104063581e+00
1.201172941967372898e+00
1.203843752060809624e+00
1.206533534347007386e+00
1.209237885679777413e+00
1.211953242485102722e+00
1.214676833437836612e+00
1.217406605882564774e+00
1.220141138649268209e+00
1.222879549078126571e+00
1.225621398436280041e+00
1.228366598282003563e+00
1.231115320407281555e+00
1.233867913708752262e+00
1.236624831539314462e+00
1.239386572205920745e+00
1.242153633565196369e+00
1.244926480879959829e+00
1.247705525905666413e+00
1.250491114817536831e+00
1.253283522893117397e+00
1.256082954444525113e+00
1.258889546953802840e+00
1.261703378446509038e+00
1.264524476822405097e+00
1.267352829381849011e+00
1.270188390511528986e+00
1.273031085703425269e+00
1.275880810798815546e+00
1.278737426370204044e+00
1.281600748227994524e+00
1.284470536014843844e+00
1.287346482664995628e+00
1.290228208051064751e+00
1.293115260159273250e+00
1.296007126276484067e+00
1.298903254768212001e+00
1.301803085424278361e+00
1.304706083982865694e+00
1.307611775388274555e+00
1.310519771081112950e+00
1.313429787698523254e+00
1.316341656904755908e+00
1.319255327709533798e+00
1.322170863165501364e+00
1.325088432940530581e+00
1.328008302419983133e+00
1.330930818246501612e+00
1.333856389968432143e+00
1.336785467898999435e+00
1.339718518182169138e+00
1.342655996912457184e+00
1.345598325449422816e+00
1.348545868631549904e+00
1.351498916716073584e+00
1.354457671075373959e+00
1.357422233384684374e+00
1.360392598348528548e+00
1.363368650725678366e+00
1.366350168088104056e+00
1.369336830857418974e+00
1.372328240295149104e+00
1.375323943298312424e+00
1.378323460700668246e+00
1.381326314329312410e+00
1.384332048109744528e+00
1.387340240057206353e+00
1.390350504300877699e+00
1.393362484453197103e+00
1.396375841123785877e+00
1.399390237124684466e+00
1.402405324072616644e+00
1.405420733731704175e+00
1.408436076450976238e+00
1.411450947339806694e+00
1.414464938618043455e+00
1.417477654562055100e+00
1.420488724498592648e+00
1.423497809827976690e+00
1.426504602802614707e+00
1.429508816967735241e+00
1.432510171076477379e+00
1.435508369625063008e+00
1.438503083953581951e+00
1.441493938176306555e+00
1.444480503871267363e+00
1.447462306131453103e+00
1.450438841115898603e+00
1.453409602126249700e+00
1.456374108635540177e+00
1.459331931832429818e+00
1.462282711528013479e+00
1.465226162001510568e+00
1.468162067281050254e+00
1.471090268505411247e+00
1.474010647119475825e+00
1.476923107939041913e+00
1.479827565866553840e+00
1.482723939335392815e+00
1.485612152327587143e+00
1.488492145069205463e+00
1.491363891638921579e+00
1.494227421416705504e+00
1.497082841116718299e+00
1.499930355068175736e+00
1.502770282783025158e+00
1.505603073839560713e+00
1.508429320173447330e+00
1.511249764965669096e+00
1.514065305878300460e+00
1.516876989185530489e+00
1.519685991312732076e+00
1.522493586135246879e+00
1.525301099983529918e+00
1.528109860359427419e+00
1.530921146913973407e+00
1.533736152886351345e+00
1.536555962169018130e+00
1.539381543006729691e+00
1.542213755763951921e+00
1.545053370071598264e+00
1.547901085927824605e+00
1.550757553520229148e+00
1.553623387334763573e+00
1.556499171495634881e+00
1.559385455291990130e+00
1.562282740236613732e+00
1.565191462051281457e+00
1.568111971840975727e+00
1.571044520066216865e+00
1.573989245225441591e+00
1.576946167376515495e+00
1.579915185566626468e+00
1.582896078181733612e+00
1.585888505950567628e+00
1.588892018339397527e+00
1.591906064749718075e+00
1.594930011750278931e+00
1.597963166326716866e+00
1.601004803184221448e+00
1.604054192406447310e+00
1.607110623210819211e+00
1.610173420470098815e+00
1.613241952581080163e+00
1.616315631255584861e+00
1.619393905227923147e+00
1.622476250558036126e+00
1.625562160332627570e+00
1.628651136322358361e+00
1.631742684582530023e+00
1.634836316021565317e+00
1.637931551639585370e+00
1.641027930771792986e+00
1.644125019784837605e+00
1.647222418670698962e+00
1.650319763821351371e+00
1.653416726497226152e+00
1.656513007605341370e+00
1.659608330105150742e+00
1.662702430673549614e+00
1.665795052318452152e+00
1.668885939510910577e+00
1.671974837069795550e+00
1.675061493403648738e+00
1.678145667835963195e+00
1.681227140876500048e+00
1.684305725829716938e+00
1.687381280269124595e+00
1.690453716514932259e+00
1.693523010921023753e+00
1.696589212096065502e+00
1.699652447959176804e+00
1.702712930837940286e+00
1.705770958959936578e+00
1.708826912148468047e+00
1.711881239843610070e+00
1.714934441037230473e+00
1.717987038046412840e+00
1.721039548280107079e+00
1.724092459117308129e+00
1.727146210180790176e+00
1.730201185140323172e+00
1.733257712773294212e+00
1.736316075212326782e+00
1.739376520384606106e+00
1.742439275413978805e+00
1.745504557962409553e+00
1.748572583062903085e+00
1.751643564038715795e+00
1.754717707637324375e+00
1.757795205222392410e+00
1.760876223126616402e+00
1.763960895491035075e+00
1.767049322024340396e+00
1.770141571592760421e+00
1.773237691050581377e+00
1.776337717636052416e+00
1.779441692616780424e+00
1.782549673542839885e+00
1.785661742425333376e+00
1.788778007579415075e+00
1.791898597998345055e+00
1.795023650948223581e+00
1.798153295470898749e+00
1.801287635774828422e+00
1.804426738420831455e+00
1.807570625846848023e+00
1.810719276853555604e+00
1.813872633002711510e+00
1.817030608867548747e+00
1.820193103675789237e+00
1.823360011879546994e+00
1.826531230445751719e+00
1.829706661237304743e+00
1.832886207849715232e+00
1.836069767591698154e+00
1.839257220542731552e+00
1.842448418235338448e+00
1.845643174206127002e+00
1.848841257660273962e+00
1.852042390367287572e+00
1.855246246165184187e+00
1.858452452296316837e+00
1.861660592133968173e+00
1.864870209434603021e+00
1.868080814778594112e+00
1.871291895082366930e+00
1.874502926828169880e+00
1.877713393037594880e+00
1.880922803336329885e+00
1.884130716118892490e+00
1.887336761989329093e+00
1.890540668096747368e+00
1.893742283212388910e+00
1.896941602953617689e+00
1.900138793268568271e+00
1.903334208374069858e+00
1.906528397498701510e+00
1.909722094200116072e+00
1.912916183951242521e+00
1.916111650533285804e+00
1.919309508182285517e+00
1.922510731482971469e+00
1.925716195966008071e+00
1.928926638771508717e+00
1.932142642657038500e+00
1.935364640928807667e+00
1.938592937338362798e+00
1.941827733761121833e+00
1.945069158789961561e+00
1.948317291490388126e+00
1.951572176198418385e+00
1.954833826450913747e+00
1.958102218819341767e+00
1.961377279948319341e+00
1.964658871516405725e+00
1.967946777529899549e+00
1.971240696625933930e+00
1.974540239906259265e+00
1.977844933245769710e+00
1.981154222464774239e+00
1.984467480091933966e+00
1.987784013252129833e+00
1.991103073018571257e+00
1.994423865970480048e+00
1.997745568458638266e+00
2.001067343256553777e+00
2.004388357275063814e+00
2.007707798420490963e+00
2.011024889835705043e+00
2.014338900553702238e+00
2.017649152537833057e+00
2.020955024717662418e+00
2.024255954755911358e+00
2.027551438972684750e+00
2.030841030334511910e+00
2.034124333965524389e+00
2.037400999514782374e+00
2.040670710056762260e+00
2.043933167908866810e+00
2.047188078457602423e+00
2.050435133374358010e+00
2.053673994313376827e+00
2.056904277556740990e+00
2.060125539564047870e+00
2.063337263378246078e+00
2.066538846449158751e+00
2.069729591476951569e+00
2.072908702876425036e+00
2.076075291715068438e+00
2.079228390788949721e+00
2.082366978696058801e+00
2.085490008174769372e+00
2.088596431263507913e+00
2.091685213491479622e+00
2.094755331552258681e+00
2.097805752664780421e+00
2.100835397721358078e+00
2.103843093661516228e+00
2.106827523327310825e+00
2.109787183415646972e+00
2.112720362368614602e+00
2.115625148552920720e+00
2.118499473298565139e+00
2.121341183502866823e+00
2.124148127786784190e+00
2.126918233696869720e+00
2.129649554666217082e+00
2.132340273625386917e+00
2.134988661204590965e+00
2.137592996362370545e+00
2.140151464421192529e+00
2.142662052375318815e+00
2.145122464508970594e+00
2.147530081703036942e+00
2.149881982510356782e+00
2.152175030881362972e+00
2.154406016036795712e+00
2.156571811551407869e+00
2.158669512322600514e+00
2.160696514190183048e+00
2.162650517942800388e+00
2.164529459025795521e+00
2.166331379862392215e+00
2.168054271571621339e+00
2.169695917510884975e+00
2.171253773613365912e+00
2.172724918299757668e+00
2.174106094078593010e+00
2.175393841774333037e+00
2.176584700908858583e+00
2.177675427201320346e+00
2.178663171913326480e+00
2.179545580932733984e+00
2.180320796501803216e+00
2.180987369711181678e+00
2.181544109794650854e+00
2.181989906099203846e+00
2.182323563132492872e+00
2.182543689970141809e+00
2.182648680740420843e+00
2.182636809026150093e+00
2.182506434559621677e+00
2.182256291476463606e+00
2.181885805997451300e+00
2.181395388447237238e+00
2.180786660317825643e+00
2.180062601173122783e+00
2.179227619607857047e+00
2.178287560170871107e+00
2.177249655017027052e+00
2.176122420735450813e+00
2.174915493888792017e+00
2.173639398289740843e+00
2.172305244958087300e+00
2.170924380193432146e+00
2.169508012730443802e+00
2.168066860476068669e+00
2.166610856006932817e+00
2.165148938008723434e+00
2.163688938124852523e+00
2.162237555847505988e+00
2.160800402875169723e+00
2.159382094120712026e+00
2.157986363897222315e+00
2.156616190256263721e+00
2.155273915774408522e+00
2.153961357873305449e+00
2.152679905417206108e+00
2.151430600798497572e+00
2.150214208196274068e+00
2.149031269448323123e+00
2.147882149262481555e+00
2.146767071500510493e+00
2.145686148128243875e+00
2.144639402223144309e+00
2.143626786213358670e+00
2.142648196316827569e+00
2.141703483966850285e+00
2.140792464855490351e+00
2.139914926097752801e+00
2.139070631914925524e+00
2.138259328151471017e+00
2.137480745872951005e+00
2.136734604239514557e+00
2.136020612807736363e+00
2.135338473380803404e+00
2.134687881501320827e+00
2.134068527660851089e+00
2.133480098284512572e+00
2.132922276536603601e+00
2.132394742983528602e+00
2.131897176142725669e+00
2.131429252940350239e+00
2.130990649095823031e+00
2.130581039447732028e+00
2.130200098232772898e+00
2.129847499327277571e+00
2.129522916459302362e+00
2.129226023398179457e+00
2.128956494127821841e+00
2.128714003009980704e+00
2.128498224944122441e+00
2.128308835531823817e+00
2.128145511255786104e+00
2.128007929687222077e+00
2.127895769741054544e+00
2.127808712007087433e+00
2.127746439198515471e+00
2.127708636778976370e+00
2.127694993859037709e+00
2.127705204497174041e+00
2.127738969605606378e+00
2.127795999757050360e+00
2.127876019326591095e+00
2.127978772597918233e+00
2.128104032728189043e+00
2.128251614802577851e+00
2.128421394583909887e+00
2.128613334852039074e+00
2.128827521125362221e+00
2.129064207438077450e+00
2.129323869690074922e+00
2.129607257787040187e+00
2.129915428507430430e+00
2.130249732856915212e+00
2.130611734190867690e+00
2.131003055820270831e+00
2.131425193139252272e+00
2.131879348947947950e+00
2.132366339049359905e+00
2.132886578251883769e+00
2.133440125021474287e+00
2.134026753209611993e+00
2.134646026327909230e+00
2.135297361487928480e+00
2.135980079060464387e+00
2.136693438882128149e+00
2.137436665602223673e+00
2.138208965952442142e+00
2.139009540291366918e+00
2.139837590209695328e+00
2.140692323475459347e+00
2.141572957204650685e+00
2.142478719857230374e+00
2.143408852459740555e+00
2.144362609320582980e+00
2.145339258413490935e+00
2.146338081544606702e+00
2.147358374378915080e+00
2.148399446375698130e+00
2.149460620665548660e+00
2.150541233890269410e+00
2.151640636019624520e+00
2.152758190154091089e+00
2.153893272319608254e+00
2.155045271258242412e+00
2.156213588217335886e+00
2.157397636738809243e+00
2.158596842449700404e+00
2.159810642854644858e+00
2.161038487130738872e+00
2.162279835925065452e+00
2.163534161155050040e+00
2.164800945811744537e+00
2.166079683766083619e+00
2.167369879578131986e+00
2.168671048309315008e+00
2.169982715337618995e+00
2.171304416175728669e+00
2.172635696292074758e+00
2.173976110934750849e+00
2.175325224958262638e+00
2.176682612653072724e+00
2.178047857577895208e+00
2.179420552394704558e+00
2.180800298706415230e+00
2.182186706897194295e+00
2.183579395975363990e+00
2.184977993418857789e+00
2.186382135023190010e+00
2.187791464751899007e+00
2.189205634589428406e+00
2.190624304396406874e+00
2.192047141767290430e+00
2.193473821890331799e+00
2.194904027409838587e+00
2.196337448290687444e+00
2.197773781685057770e+00
2.199212731801351239e+00
2.200654009775263820e+00
2.202097333542975210e+00
2.203542427716426388e+00
2.204989023460647957e+00
2.206436858373113097e+00
2.207885676365078265e+00
2.209335227544885427e+00
2.210785268103192980e+00
2.212235560200104700e+00
2.213685871854170095e+00
2.215135976833223719e+00
2.216585654547037265e+00
2.218034689941754678e+00
2.219482873396084077e+00
2.220930000619217193e+00
2.222375872550450993e+00
2.223820295260483526e+00
2.225263079854359560e+00
2.226704042376038917e+00
2.228143003714561310e+00
2.229579789511785037e+00
2.231014230071673765e+00
2.232446160271106095e+00
2.233875419472184820e+00
2.235301851436024556e+00
2.236725304237989320e+00
2.238145630184362744e+00
2.239562685730425162e+00
2.240976331399915811e+00
2.242386431705859717e+00
2.243792855072737069e+00
2.245195473759972415e+00
2.246594163786724163e+00
2.247988804857956158e+00
2.249379280291765593e+00
2.250765476947952592e+00
2.252147285157808376e+00
2.253524598655106459e+00
2.254897314508272022e+00
2.256265333053717015e+00
2.257628557830317906e+00
2.258986895515020965e+00
2.260340255859554670e+00
2.261688551628233235e+00
2.263031698536834835e+00
2.264369615192533658e+00
2.265702223034872453e+00
2.267029446277758709e+00
2.268351211852466243e+00
2.269667449351627120e+00
2.270978090974199226e+00
2.272283071471390858e+00
2.273582328093531668e+00
2.274875800537868642e+00
2.276163430897279127e+00
2.277445163609879586e+00
2.278720945409522081e+00
2.279990725277157182e+00
2.281254454393056630e+00
2.282512086089875769e+00
2.283763575806546875e+00
2.285008881042986495e+00
2.286247961315605259e+00
2.287480778113607727e+00
2.288707294856068941e+00
2.289927476849772603e+00
2.291141291247804634e+00
2.292348707008883046e+00
2.293549694857416110e+00
2.294744227244276846e+00
2.295932278308280505e+00
2.297113823838355273e+00
2.298288841236393321e+00
2.299457309480772871e+00
2.300619209090538408e+00
2.301774522090230590e+00
2.302923231975352092e+00
2.304065323678463173e+00
2.305200783535892306e+00
2.306329599255054319e+00
2.307451759882365394e+00
2.308567255771746485e+00
2.309676078553702272e+00
2.310778221104969443e+00
2.311873677518723635e+00
2.312962443075334384e+00
2.314044514213662751e+00
2.315119888502888301e+00
2.316188564614859668e+00
2.317250542296958926e+00
2.318305822345471334e+00
2.319354406579452910e+00
2.320396297815085607e+00
2.321431499840513002e+00
2.322460017391151155e+00
2.323481856125460876e+00
2.324497022601179630e+00
2.325505524252001521e+00
2.326507369364699152e+00
2.327502567056681126e+00
2.328491127253975890e+00
2.329473060669635220e+00
2.330448378782551622e+00
2.331417093816681163e+00
2.332379218720666891e+00
2.333334767147851707e+00
2.334283753436680708e+00
2.335226192591480121e+00
2.336162100263611485e+00
2.337091492732989995e+00
2.338014386889965213e+00
2.338930800217554840e+00
2.339840750774028422e+00
2.340744257175830789e+00
2.341641338580844778e+00
2.342532014671982576e+00
2.343416305641103925e+00
2.344294232173252279e+00
2.345165815431205836e+00
2.346031077040338531e+00
2.346890039073781242e+00
2.347742724037884976e+00
2.348589154857974481e+00
2.349429354864390973e+00
2.350263347778817291e+00
2.351091157700881507e+00
2.351912809095035417e+00
2.352728326777698609e+00
2.353537735904668082e+00
2.354341061958788561e+00
2.355138330737875485e+00
2.355929568342889358e+00
2.356714801166355677e+00
2.357494055881028228e+00
2.358267359428787735e+00
2.359034739009774562e+00
2.359796222071752325e+00
2.360551836299693562e+00
2.361301609605589658e+00
2.362045570118476601e+00
2.362783746174674793e+00
2.363516166308238908e+00
2.364242859241611594e+00
2.364963853876483668e+00
2.365679179284848832e+00
2.366388864700256445e+00
2.367092939509255256e+00
2.367791433243024990e+00
2.368484375569194000e+00
2.369171796283836784e+00
2.369853725303652237e+00
2.370530192658315549e+00
2.371201228483001966e+00
2.371866863011081072e+00
2.372527126566974953e+00
2.373182049559181550e+00
2.373831662473455228e+00
2.374475995866147215e+00
2.375115080357697028e+00
2.375748946626279334e+00
2.376377625401595584e+00
2.377001147458813524e+00
2.377619543612649711e+00
2.378232844711591465e+00
2.378841081632259602e+00
2.379444285273903059e+00
2.380042486553028525e+00
2.380635716398161073e+00
2.381224005744731365e+00
2.381807385530088528e+00
2.382385886688638710e+00
2.382959540147101318e+00
2.383528376819886940e+00
2.384092427604589837e+00
2.384651723377595900e+00
2.385206294989802078e+00
2.385756173262447710e+00
2.386301388983050220e+00
2.386841972901451392e+00
2.387377955725964007e+00
2.387909368119621512e+00
2.388436240696528490e+00
2.388958604018309284e+00
2.389476488590650760e+00
2.389989924859942327e+00
2.390498943210006111e+00
2.391003573958920825e+00
2.391503847355930468e+00
2.391999793578444944e+00
2.392491442729122397e+00
2.392978824833037699e+00
2.393461969834933534e+00
2.393940907596550538e+00
2.394415667894036925e+00
2.394886280415437163e+00
2.395352774758254810e+00
2.395815180427090851e+00
2.396273526831355305e+00
2.396727843283048998e+00
2.397178158994616837e+00
2.397624503076869917e+00
2.398066904536973798e+00
2.398505392276503834e+00
2.398939995089564459e+00
2.399370741660972417e+00
2.399797660564501722e+00
2.400220780261189457e+00
2.400640129097701525e+00
2.401055735304756134e+00
2.401467626995604121e+00
2.401875832164566571e+00
2.402280378685625717e+00
2.402681294311071358e+00
2.403078606670197903e+00
2.403472343268052924e+00
2.403862531484237675e+00
2.404249198571756008e+00
2.404632371655911260e+00
2.405012077733250209e+00
2.405388343670554541e+00
2.405761196203875851e+00
2.406130661937615933e+00
2.406496767343650589e+00
2.406859538760494299e+00
2.407219002392508855e+00
2.407575184309150185e+00
2.407928110444255587e+00
2.408277806595370052e+00
2.408624298423110321e+00
2.408967611450566704e+00
2.409307771062739523e+00
2.409644802506012429e+00
2.409978730887659903e+00
2.410309581175388072e+00
2.410637378196910596e+00
2.410962146639553882e+00
2.411283911049896478e+00
2.411602695833437782e+00
2.411918525254297840e+00
2.412231423434946009e+00
2.412541414355958924e+00
2.412848521855806450e+00
2.413152769630663830e+00
2.413454181234252705e+00
2.413752780077706994e+00
2.414048589429464542e+00
2.414341632415183181e+00
2.414631932017682114e+00
2.414919511076906389e+00
2.415204392289914459e+00
2.415486598210887959e+00
2.415766151251165006e+00
2.416043073679292164e+00
2.416317387621100377e+00
2.416589115059799120e+00
2.416858277836091418e+00
2.417124897648307957e+00
2.417388996052560302e+00
2.417650594462910529e+00
2.417909714151562639e+00
2.418166376249067717e+00
2.418420601744547316e+00
2.418672411485933704e+00
2.418921826180225665e+00
2.419168866393760275e+00
2.419413552552498903e+00
2.419655904942330071e+00
2.419895943709383435e+00
2.420133688860360621e+00
2.420369160262878516e+00
2.420602377645824088e+00
2.420833360599725648e+00
2.421062128577132988e+00
2.421288700893011292e+00
2.421513096725145697e+00
2.421735335114558740e+00
2.421955434965937570e+00
2.422173415048070932e+00
2.422389293994299031e+00
2.422603090302970941e+00
2.422814822337912677e+00
2.423024508328904592e+00
2.423232166372167651e+00
2.423437814430858595e+00
2.423641470335573089e+00
2.423843151784858208e+00
2.424042876345730679e+00
2.424240661454204471e+00
2.424436524415826355e+00
2.424630482406215481e+00
2.424822552471613157e+00
2.425012751529436628e+00
2.425201096368840847e+00
2.425387603651285584e+00
2.425572289911107848e+00
2.425755171556100986e+00
2.425936264868098213e+00
2.426115586003562363e+00
2.426293150994178749e+00
2.426468975747454682e+00
2.426643076047322545e+00
2.426815467554745975e+00
2.426986165808333151e+00
2.427155186224950523e+00
2.427322544100343649e+00
2.427488254609757590e+00
2.427652332808564406e+00
2.427814793632891543e+00
2.427975651900254217e+00
2.428134922310189570e+00
2.428292619444894829e+00
2.428448757769865907e+00
2.428603351634540886e+00
2.428756415272943947e+00
2.428907962804331078e+00
2.429058008233838439e+00
2.429206565453132960e+00
2.429353648241062480e+00
2.429499270264309452e+00
2.429643445078044195e+00
2.429786186126581260e+00
2.429927506744034016e+00
2.430067420154973235e+00
2.430205939475083898e+00
2.430343077711823785e+00
2.430478847765083383e+00
2.430613262427844035e+00
2.430746334386838292e+00
2.430878076223209394e+00
2.431008500413172069e+00
2.431137619328671562e+00
2.431265445238043554e+00
2.431391990306673634e+00
2.431517266597657212e+00
2.431641286072457220e+00
2.431764060591562693e+00
2.431885601915147355e+00
2.432005921703725537e+00
2.432125031518808989e+00
2.432242942823561016e+00
2.432359666983452851e+00
2.432475215266915569e+00
2.432589598845992018e+00
2.432702828796989625e+00
2.432814916101128766e+00
2.432925871645192029e+00
2.433035706222170802e+00
2.433144430531911429e+00
2.433252055181759577e+00
2.433358590687201950e+00
2.433464047472508440e+00
2.433568435871370728e+00
2.433671766127539993e+00
2.433774048395462408e+00
2.433875292740913299e+00
2.433975509141629079e+00
2.434074707487936973e+00
2.434172897583383399e+00
2.434270089145359695e+00
2.434366291805725613e+00
2.434461515111431051e+00
2.434555768525135999e+00
2.434649061425827377e+00
2.434741403109433655e+00
2.434832802789438144e+00
2.434923269597488726e+00
2.435012812584005371e+00
2.435101440718786314e+00
2.435189162891611137e+00
2.435275987912840279e+00
2.435361924514013676e+00
2.435446981348445838e+00
2.435531166991818708e+00
2.435614489942772298e+00
