-1.361470000000167602e+00
-1.361470000000167602e+00
-1.361469846444372633e+00
-1.361469381963334335e+00
-1.361468446222971362e+00
-1.361466876873304921e+00
-1.361464510686303919e+00
-1.361461184964898985e+00
-1.361456739293208873e+00
-1.361451017662736129e+00
-1.361443870915886256e+00
-1.361435159251265903e+00
-1.361424754227764877e+00
-1.361412539440634450e+00
-1.361398409235154983e+00
-1.361382265839230499e+00
-1.361364016641437136e+00
-1.361343573610232838e+00
-1.361320855483317382e+00
-1.361295791667456401e+00
-1.361268326187287103e+00
-1.361238420450342268e+00
-1.361206054251413944e+00
-1.361171224868770846e+00
-1.361133944358254633e+00
-1.361094235431036470e+00
-1.361052126663121697e+00
-1.361007648080907684e+00
-1.360960828183103821e+00
-1.360911693106734655e+00
-1.360860268045584132e+00
-1.360806580431993984e+00
-1.360750664010585087e+00
-1.360692562844898035e+00
-1.360632334467567484e+00
-1.360570051724784735e+00
-1.360505803283844850e+00
-1.360439693172007969e+00
-1.360371839990715648e+00
-1.360302376510024169e+00
-1.360231450160485078e+00
-1.360159224556642732e+00
-1.360085881730913382e+00
-1.360011624371701533e+00
-1.359936677160851204e+00
-1.359861286360401378e+00
-1.359785717121260396e+00
-1.359710248528086751e+00
-1.359635167030165182e+00
-1.359560759445398004e+00
-1.359487306962695818e+00
-1.359415081388269053e+00
-1.359344344314320496e+00
-1.359275349105480757e+00
-1.359208344830851622e+00
-1.359143580719837319e+00
-1.359081309513553881e+00
-1.359021788269199948e+00
-1.358965275733208689e+00
-1.358912026232639292e+00
-1.358862280950533297e+00
-1.358816258185788328e+00
-1.358774144506078807e+00
-1.358736088475464232e+00
-1.358702197968475467e+00
-1.358672541213504559e+00
-1.358647150911862944e+00
-1.358626030243837546e+00
-1.358609159370659292e+00
-1.358596501155755920e+00
-1.358588005201396109e+00
-1.358583609843550866e+00
-1.358583242350304809e+00
-1.358586818076022107e+00
-1.358594239588495123e+00
-1.358605396733113535e+00
-1.358620168262163252e+00
-1.358638425166609487e+00
-1.358660035355789830e+00
-1.358684868955154501e+00
-1.358712803297618343e+00
-1.358743726699685350e+00
-1.358777540353676816e+00
-1.358814158121714577e+00
-1.358853504615483709e+00
-1.358895512537425354e+00
-1.358940120649070771e+00
-1.358987273774961535e+00
-1.359036925936623952e+00
-1.359089047175964682e+00
-1.359143634075697937e+00
-1.359200723595072935e+00
-1.359260409722963914e+00
-1.359322862665166776e+00
-1.359388350858958372e+00
-1.359457267032420535e+00
-1.359530160677081767e+00
-1.359607780389636034e+00
-1.359691130124084824e+00
-1.359781543020918360e+00
-1.359880774813357229e+00
-1.359991115697924302e+00
-1.360115514968879280e+00
-1.360257706759703700e+00
-1.360422318408242237e+00
-1.360614936645406114e+00
-1.360842103637196709e+00
-1.361111218407503820e+00
-1.361430332080798111e+00
-1.361807847061575538e+00
-1.362252154892478639e+00
-1.362771265570660750e+00
-1.363372484336125900e+00
-1.364062178757571742e+00
-1.364845655346973663e+00
-1.365727140486806324e+00
-1.366709842688996313e+00
-1.367796064822203617e+00
-1.368987334637187914e+00
-1.370284526864549157e+00
-1.371687957919865308e+00
-1.373197443236855220e+00
-1.374812316161265091e+00
-1.376531414632199635e+00
-1.378353046010811989e+00
-1.380274940773353443e+00
-1.382294203353703788e+00
-1.384407265423203137e+00
-1.386609845590973666e+00
-1.388896921037980681e+00
-1.391262720480374027e+00
-1.393700752077926097e+00
-1.396203881440412076e+00
-1.398764470803718796e+00
-1.401374579659329100e+00
-1.404026212051674216e+00
-1.406711582242384351e+00
-1.409423364818605195e+00
-1.412154900318811412e+00
-1.414900340267711609e+00
-1.417654729873838448e+00
-1.420414036828902438e+00
-1.423175138238945037e+00
-1.425935775729065602e+00
-1.428694484186725067e+00
-1.431450495801948941e+00
-1.434203620519627576e+00
-1.436954107415772119e+00
-1.439702497227006273e+00
-1.442449481021354840e+00
-1.445195780748075087e+00
-1.447942063291831616e+00
-1.450688892431628352e+00
-1.453436715680793911e+00
-1.456185877568998643e+00
-1.458936648212146414e+00
-1.461689255616524408e+00
-1.464443911501730700e+00
-1.467200823238129059e+00
-1.469960188672334578e+00
-1.472722175648127241e+00
-1.475486892652325910e+00
-1.478254359594811218e+00
-1.481024487282592617e+00
-1.483797071064804740e+00
-1.486571799912854708e+00
-1.489348278453637375e+00
-1.492126057055287003e+00
-1.494904664025703989e+00
-1.497683634030635424e+00
-1.500462527800808354e+00
-1.503240940137570369e+00
-1.506018496142953023e+00
-1.508794839006762478e+00
-1.511569615504233299e+00
-1.514342466416933153e+00
-1.517113027886939802e+00
-1.519880946769239349e+00
-1.522645909465128344e+00
-1.525407680431829727e+00
-1.528166143950639544e+00
-1.530921340857801516e+00
-1.533673491047855109e+00
-1.536422993364082057e+00
-1.539170397862360762e+00
-1.541916351500322691e+00
-1.544661525595086626e+00
-1.547406539032642803e+00
-1.550151892514238128e+00
-1.552897925483275987e+00
-1.555644800676611261e+00
-1.558392514420672059e+00
-1.561140925962573034e+00
-1.563889796833724644e+00
-1.566638830972880703e+00
-1.569387707435391910e+00
-1.572136099727160730e+00
-1.574883679132947911e+00
-1.577630103577613463e+00
-1.580374997569076401e+00
-1.583117931168985582e+00
-1.585858405720318665e+00
-1.588595851450515850e+00
-1.591329638347372288e+00
-1.594059098297336163e+00
-1.596783554153060614e+00
-1.599502350193149347e+00
-1.602214878105849394e+00
-1.604920593118353889e+00
-1.607619016457393579e+00
-1.610309723181414743e+00
-1.612992318196121877e+00
-1.615666406750764006e+00
-1.618331567397071957e+00
-1.620987334469542906e+00
-1.623633194121232970e+00
-1.626268594223329922e+00
-1.628892965305244633e+00
-1.631505747722794109e+00
-1.634106419298662516e+00
-1.636694517558410000e+00
-1.639269651441748188e+00
-1.641831499314418741e+00
-1.644379793358045072e+00
-1.646914294352216146e+00
-1.649434764067159165e+00
-1.651940943487536284e+00
-1.654432543406642253e+00
-1.656909250412859969e+00
-1.659370747414408820e+00
-1.661816744715872041e+00
-1.664247015582207334e+00
-1.666661429060354305e+00
-1.669059972577557227e+00
-1.671442757954018976e+00
-1.673810007579521919e+00
-1.676162022612713187e+00
-1.678499140853647154e+00
-1.680821696041878477e+00
-1.683129990724746339e+00
-1.685424291313103007e+00
-1.687704848156523996e+00
-1.689971937599532348e+00
-1.692225918322654898e+00
-1.694467291003606491e+00
-1.696696748287947365e+00
-1.698915201644239259e+00
-1.701123774109102760e+00
-1.703323754363417875e+00
-1.705516517537157384e+00
-1.707703428493638986e+00
-1.709885749469739480e+00
-1.712064572750429337e+00
-1.714240791279638243e+00
-1.716415109621986401e+00
-1.718588088543953285e+00
-1.720760210634141529e+00
-1.722931951648213111e+00
-1.725103841771825408e+00
-1.727276502530481705e+00
-1.729450649325304346e+00
-1.731627057114023760e+00
-1.733806496519106899e+00
-1.735989656360171329e+00
-1.738177072363378928e+00
-1.740369078828272853e+00
-1.742565792100021715e+00
-1.744767125671828456e+00
-1.746972829871149990e+00
-1.749182545462741878e+00
-1.751395859532226984e+00
-1.753612352741975799e+00
-1.755831629125405025e+00
-1.758053323270566182e+00
-1.760277085124245966e+00
-1.762502548714743433e+00
-1.764729295688211907e+00
-1.766956825608380077e+00
-1.769184542069913046e+00
-1.771411758404256576e+00
-1.773637721443430459e+00
-1.775861647995000681e+00
-1.778082766623508615e+00
-1.780300356572300791e+00
-1.782513775884128515e+00
-1.784722472243511771e+00
-1.786925973294255954e+00
-1.789123858146786317e+00
-1.791315717189047474e+00
-1.793501110908233498e+00
-1.795679538456003144e+00
-1.797850423221505567e+00
-1.800013117529895235e+00
-1.802166923896698414e+00
-1.804311127196815523e+00
-1.806445030643342609e+00
-1.808567988132492754e+00
-1.810679426084678578e+00
-1.812778849692239236e+00
-1.814865831858394118e+00
-1.816939987780350263e+00
-1.819000942659126707e+00
-1.821048302414679743e+00
-1.823081636363510283e+00
-1.825100477118630105e+00
-1.827104338270108652e+00
-1.829092746347836806e+00
-1.831065280802820494e+00
-1.833021614086769002e+00
-1.834961543120540162e+00
-1.836885003831631336e+00
-1.838792062834210483e+00
-1.840682885267939772e+00
-1.842557684491732406e+00
-1.844416665272581968e+00
-1.846259974451281316e+00
-1.848087670618502099e+00
-1.849899718483223543e+00
-1.851696007123857513e+00
-1.853476386329297343e+00
-1.855240712350034071e+00
-1.856988893119545514e+00
-1.858720922920332308e+00
-1.860436897789353949e+00
-1.862137006407132978e+00
-1.863821497032814856e+00
-1.865490627952949731e+00
-1.867144614163358529e+00
-1.868783584034847900e+00
-1.870407556088024448e+00
-1.872016439723378278e+00
-1.873610057631083015e+00
-1.875188183398586617e+00
-1.876750585729276111e+00
-1.878297070060298113e+00
-1.879827508815005821e+00
-1.881341853313434509e+00
-1.882840124064154796e+00
-1.884322381687595804e+00
-1.885788686576129081e+00
-1.887239059091325277e+00
-1.888673451801732739e+00
-1.890091741232663658e+00
-1.891493740912350008e+00
-1.892879232410119350e+00
-1.894248007648425602e+00
-1.895599913892638044e+00
-1.896934892001507444e+00
-1.898252998786526646e+00
-1.899554406392889083e+00
-1.900839376194012775e+00
-1.902108211338239041e+00
-1.903361198577588898e+00
-1.904598553316549703e+00
-1.905820380258217428e+00
-1.907026656586611413e+00
-1.908217238108424363e+00
-1.909391883699826264e+00
-1.910550290687722752e+00
-1.911692133012572237e+00
-1.912817094413039376e+00
-1.913924890137348456e+00
-1.915015273056104306e+00
-1.916088023734478396e+00
-1.917142928446524897e+00
-1.918179752742236621e+00
-1.919198219341182954e+00
-1.920197997299913473e+00
-1.921178705628908467e+00
-1.922139930565120558e+00
-1.923081252757622206e+00
-1.924002278916792541e+00
-1.924902671651537167e+00
-1.925782171031598100e+00
-1.926640602125836876e+00
-1.927477864960317033e+00
-1.928293907200816282e+00
-1.929088684477527238e+00
-1.929862116707269148e+00
-1.930614049293272405e+00
-1.931344225516216762e+00
-1.932052272301773010e+00
-1.932737697894072681e+00
-1.933399898019539265e+00
-1.934038166965596828e+00
-1.934651710975730188e+00
-1.935239662674344885e+00
-1.935801096235804319e+00
-1.936335043315981608e+00
-1.936840509317296011e+00
-1.937316488684882598e+00
-1.937761977212139719e+00
-1.938175979261252291e+00
-1.938557508474689106e+00
-1.938905581684903678e+00
-1.939219206963737507e+00
-1.939497367912639492e+00
-1.939739007363715295e+00
-1.939943014553551004e+00
-1.940108220167396036e+00
-1.940233402782428396e+00
-1.940317307669494395e+00
-1.940358674964687280e+00
-1.940356270340441336e+00
-1.940308909394175219e+00
-1.940215468060994874e+00
-1.940074874853330300e+00
-1.939886085037806129e+00
-1.939648040655388206e+00
-1.939359623196990734e+00
-1.939019607975976278e+00
-1.938626630752111168e+00
-1.938179177092138161e+00
-1.937675601852647977e+00
-1.937114179241085310e+00
-1.936493174529416494e+00
-1.935810920456701334e+00
-1.935065878756528024e+00
-1.934256671435971686e+00
-1.933382075065025241e+00
-1.932440980457707846e+00
-1.931432327041785468e+00
-1.930355025492418886e+00
-1.929207884606742640e+00
-1.927989559193000080e+00
-1.926698533858594686e+00
-1.925333151232555107e+00
-1.923891681918338925e+00
-1.922372420213220190e+00
-1.920773780055917923e+00
-1.919094364706275480e+00
-1.917332991672266118e+00
-1.915488667073450779e+00
-1.913560515639792792e+00
-1.911547681049189595e+00
-1.909449216427858254e+00
-1.907263987685097195e+00
-1.904990612834015939e+00
-1.902627456575716192e+00
-1.900172688834127488e+00
-1.897624399000804374e+00
-1.894980739683373772e+00
-1.892240063067077260e+00
-1.889401015197744726e+00
-1.886462567053822204e+00
-1.883423979094682732e+00
-1.880284711046667390e+00
-1.877044298155594371e+00
-1.873702219903900623e+00
-1.870257788945709709e+00
-1.866710086643855515e+00
-1.863057964876193795e+00
-1.859300119672732787e+00
-1.855435222469318246e+00
-1.851462076340312235e+00
-1.847379756391206884e+00
-1.843187699745126640e+00
-1.838885727398829051e+00
-1.834473999180893156e+00
-1.829952917357567488e+00
-1.825323002278299356e+00
-1.820584766525938925e+00
-1.815738614223178393e+00
-1.810784789313462539e+00
-1.805723388856227629e+00
-1.800554443464658316e+00
-1.795278049590711245e+00
-1.789894524284153299e+00
-1.784404549369667192e+00
-1.778809280380905467e+00
-1.773110410919822133e+00
-1.767310197535084226e+00
-1.761411458470872438e+00
-1.755417560945320421e+00
-1.749332408205291012e+00
-1.743160432500799217e+00
-1.736906595925187702e+00
-1.730576399546593924e+00
-1.724175902993994702e+00
-1.717711760546957844e+00
-1.711191283116458184e+00
-1.704622535348379708e+00
-1.698014472008317677e+00
-1.691377108506844085e+00
-1.684721708735249512e+00
-1.678060961137795681e+00
-1.671409102965569549e+00
-1.664781945654894901e+00
-1.658196755406532219e+00
-1.651671956822979848e+00
-1.645226655762957346e+00
-1.638880016135250139e+00
-1.632650562807048455e+00
-1.626555504700883059e+00
-1.620610168806100759e+00
-1.614827608442672702e+00
-1.609218409154800078e+00
-1.603790677869890269e+00
-1.598550175907115012e+00
-1.593500546917069549e+00
-1.588643593708589208e+00
-1.583979567632183727e+00
-1.579507445798528531e+00
-1.575225181821508169e+00
-1.571129923684594587e+00
-1.567218197617297415e+00
-1.563486059985911725e+00
-1.559929220756016699e+00
-1.556543142623193932e+00
-1.553323119853127432e+00
-1.550264340510050687e+00
-1.547361935264151667e+00
-1.544611015458667191e+00
-1.542006702640789984e+00
-1.539544151341423861e+00
-1.537218566534037878e+00
-1.535025216909953860e+00
-1.532959444869702370e+00
-1.531016673939468387e+00
-1.529192414170102765e+00
-1.527482265956379592e+00
-1.525881922619877207e+00
-1.524387172024814330e+00
-1.522993897438131183e+00
-1.521698077799641169e+00
-1.520495787532466281e+00
-1.519383195996061087e+00
-1.518356566662226292e+00
-1.517412256077284693e+00
-1.516546712659989860e+00
-1.515756475373926770e+00
-1.515038172304483899e+00
-1.514388519163374136e+00
-1.513804317737694305e+00
-1.513282454295203916e+00
-1.512819897952461412e+00
-1.512413699007185919e+00
-1.512060987230157139e+00
-1.511758970104348121e+00
-1.511504930988741391e+00
-1.511296227169878437e+00
-1.511130287743376988e+00
-1.511004611237101614e+00
-1.510916762842437366e+00
-1.510864371052859090e+00
-1.510845123408841806e+00
-1.510856760899127460e+00
-1.510897070347196891e+00
-1.510963873785250211e+00
-1.511055013340007358e+00
-1.511168329464669169e+00
-1.511301629377728384e+00
-1.511452641246342488e+00
-1.511618947970804205e+00
-1.511797892558200074e+00
-1.511986445629476483e+00
-1.512181026114340687e+00
-1.512377271772060494e+00
-1.512569771931000728e+00
-1.512751806279079458e+00
-1.512915179857855508e+00
-1.513050285219620150e+00
-1.513146510130530142e+00
-1.513192997232999826e+00
-1.513179580795442902e+00
-1.513097607712949877e+00
-1.512940407790940078e+00
-1.512703362743141433e+00
-1.512383682485185732e+00
-1.511980046306133474e+00
-1.511492231341390324e+00
-1.510920792637676868e+00
-1.510266814503306909e+00
-1.509531729012246970e+00
-1.508717188720534175e+00
-1.507824979707603319e+00
-1.506856963203739408e+00
-1.505815036890188585e+00
-1.504701109486938027e+00
-1.503517084208990218e+00
-1.502264848096498184e+00
-1.500946265216139608e+00
-1.499563172405634193e+00
-1.498117376685217161e+00
-1.496610653759865350e+00
-1.495044747234053339e+00
-1.493421368291014462e+00
-1.491742195673928517e+00
-1.490008875862464333e+00
-1.488223023374811937e+00
-1.486386221149378795e+00
-1.484500020976092793e+00
-1.482565943957586008e+00
-1.480585480987317792e+00
-1.478560093236152451e+00
-1.476491212641833028e+00
-1.474380242397720364e+00
-1.472228557438439056e+00
-1.470037504920904015e+00
-1.467808404699755931e+00
-1.465542549796599925e+00
-1.463241206862680333e+00
-1.460905616634785131e+00
-1.458536994384277197e+00
-1.456136530359223080e+00
-1.453705390219629523e+00
-1.451244715465833890e+00
-1.448755623860110697e+00
-1.446239209841569506e+00
-1.443696544934429449e+00
-1.441128678149757425e+00
-1.438536636380761458e+00
-1.435921424791732459e+00
-1.433284027200728339e+00
-1.430625406456091042e+00
-1.427946504806892225e+00
-1.425248244267396380e+00
-1.422531526975634897e+00
-1.419797235546179204e+00
-1.417046233417201151e+00
-1.414279365191909887e+00
-1.411497456974449616e+00
-1.408701316700344597e+00
-1.405891734461573783e+00
-1.403069482826358572e+00
-1.400235317153745163e+00
-1.397389975903060799e+00
-1.394534180938323376e+00
-1.391668637827682575e+00
-1.388794036137967813e+00
-1.385911049724420918e+00
-1.383020337015684831e+00
-1.380122541294124039e+00
-1.377218290971548242e+00
-1.374308199860409863e+00
-1.371392867440545782e+00
-1.368472879121532371e+00
-1.365548806500722634e+00
-1.362621207617029651e+00
-1.359690627200526247e+00
-1.356757596917922415e+00
-1.353822635613986414e+00
-1.350886249548972851e+00
-1.347948932632117458e+00
-1.345011166651262524e+00
-1.342073421498672481e+00
-1.339136155393097383e+00
-1.336199815098145338e+00
-1.333264836137018960e+00
-1.330331643003675346e+00
-1.327400649370462427e+00
-1.324472258292289206e+00
-1.321546862407382505e+00
-1.318624844134685059e+00
-1.315706575867946260e+00
-1.312792420166557950e+00
-1.309882729943186330e+00
-1.306977848648250617e+00
-1.304078110451296624e+00
-1.301183840419315674e+00
-1.298295354692056147e+00
-1.295412960654374501e+00
-1.292536957105673734e+00
-1.289667634426473031e+00
-1.286805274742156557e+00
-1.283950152083943141e+00
-1.281102532547123252e+00
-1.278262674446604130e+00
-1.275430828469807043e+00
-1.272607237826958837e+00
-1.269792138398817549e+00
-1.266985758881874480e+00
-1.264188320931070697e+00
-1.261400039300069942e+00
-1.258621121979124347e+00
-1.255851770330572714e+00
-1.253092179222008218e+00
-1.250342537157153489e+00
-1.247603026404478177e+00
-1.244873823123596512e+00
-1.242155097489479276e+00
-1.239447013814515497e+00
-1.236749730668457614e+00
-1.234063400996285420e+00
-1.231388172234019418e+00
-1.228724186422520015e+00
-1.226071580319301191e+00
-1.223430485508393284e+00
-1.220801028508284647e+00
-1.218183330877973258e+00
-1.215577509321158933e+00
-1.212983675788606774e+00
-1.210401937578709175e+00
-1.207832397436277683e+00
-1.205275153649592035e+00
-1.202730300145734788e+00
-1.200197926584239294e+00
-1.197678118449078122e+00
-1.195170957139018775e+00
-1.192676520056373590e+00
-1.190194880694169122e+00
-1.187726108721761431e+00
-1.185270270068921494e+00
-1.182827427008416699e+00
-1.180397638237112634e+00
-1.177980958955618274e+00
-1.175577440946499630e+00
-1.173187132651084097e+00
-1.170810079244879898e+00
-1.168446322711631291e+00
-1.166095901916033961e+00
-1.163758852675130351e+00
-1.161435207828408922e+00
-1.159124997306626659e+00
-1.156828248199377018e+00
-1.154544984821422204e+00
-1.152275228777813076e+00
-1.150018999027813349e+00
-1.147776311947650285e+00
-1.145547181392109648e+00
-1.143331618754995338e+00
-1.141129633028470369e+00
-1.138941230861300946e+00
-1.136766416616018072e+00
-1.134605192425018227e+00
-1.132457558245617113e+00
-1.130323511914077761e+00
-1.128203049198625907e+00
-1.126096163851473486e+00
-1.124002847659863358e+00
-1.121923090496154574e+00
-1.119856880366961072e+00
-1.117804203461362889e+00
-1.115765044198202771e+00
-1.113739385272484839e+00
-1.111727207700890396e+00
-1.109728490866425110e+00
-1.107743212562211976e+00
-1.105771349034445628e+00
-1.103812875024521523e+00
-1.101867763810352674e+00
-1.099935987246889901e+00
-1.098017515805857602e+00
-1.096112318614718140e+00
-1.094220363494879056e+00
-1.092341616999154885e+00
-1.090476044448497328e+00
-1.088623609968004224e+00
-1.086784276522222425e+00
-1.084958005949754334e+00
-1.083144758997180990e+00
-1.081344495352312585e+00
-1.079557173676779502e+00
-1.077782751637973213e+00
-1.076021185940350122e+00
-1.074272432356107476e+00
-1.072536445755243095e+00
-1.070813180135009590e+00
-1.069102588648773722e+00
-1.067404623634290006e+00
-1.065719236641400114e+00
-1.064046378459166942e+00
-1.062385999142454018e+00
-1.060738048037958681e+00
-1.059102473809710121e+00
-1.057479224464040524e+00
-1.055868247374038171e+00
-1.054269489303492735e+00
-1.052682896430340964e+00
-1.051108414369620991e+00
-1.049545988195945467e+00
-1.047995562465499519e+00
-1.046457081237574860e+00
-1.044930488095645371e+00
-1.043415726167994828e+00
-1.041912738147901640e+00
-1.040421466313391941e+00
-1.038941852546566347e+00
-1.037473838352508171e+00
-1.036017364877781066e+00
-1.034572372928523221e+00
-1.033138802988146088e+00
-1.031716595234642764e+00
-1.030305689557514670e+00
-1.028906025574323202e+00
-1.027517542646872561e+00
-1.026140179897030213e+00
-1.024773876222192515e+00
-1.023418570310400844e+00
-1.022074200655115561e+00
-1.020740705569652240e+00
-1.019418023201289047e+00
-1.018106091545048386e+00
-1.016804848457161015e+00
-1.015514231668216638e+00
-1.014234178796007857e+00
-1.012964627358072800e+00
-1.011705514783941995e+00
-1.010456778427094582e+00
-1.009218355576629422e+00
-1.007990183468656431e+00
-1.006772199297413461e+00
-1.005564340226113629e+00
-1.004366543397528178e+00
-1.003178745944308448e+00
-1.002000884999055597e+00
-1.000832897704137414e+00
-9.996747212212619971e-01
-9.985262927408092848e-01
-9.973875494909270056e-01
-9.962584287463948085e-01
-9.951388678372605767e-01
-9.940288041572539202e-01
-9.929281751719806204e-01
-9.918369184269025807e-01
-9.907549715551068337e-01
-9.896822722848680476e-01
-9.886187584470083056e-01
-9.875643679820581555e-01
-9.865190389472225929e-01
-9.854827095231557532e-01
-9.844553180205481979e-01
-9.834368028865305700e-01
-9.824271027108960608e-01
-9.814261562321471288e-01
-9.804339023433678024e-01
-9.794502800979266732e-01
-9.784752287150133565e-01
-9.775086875850105272e-01
-9.765505962747071944e-01
-9.756008945323538795e-01
-9.746595222925643620e-01
-9.737264196810664352e-01
-9.728015270193051123e-01
-9.718847848289005054e-01
-9.709761338359641503e-01
-9.700755149752758877e-01
-9.691828693943246309e-01
-9.682981384572153516e-01
-9.674212637484456145e-01
-9.665521870765532153e-01
-9.656908504776389179e-01
-9.648371962187658468e-01
-9.639911668012385304e-01
-9.631527049637635951e-01
-9.623217536854952181e-01
-9.614982561889675594e-01
-9.606821559429157276e-01
-9.598733966649888316e-01
-9.590719223243565628e-01
-9.582776771442116370e-01
-9.574906056041707636e-01
-9.567106524425754710e-01
-9.559377626586960108e-01
-9.551718815148390052e-01
-9.544129545383625013e-01
-9.536609275235987671e-01
-9.529157465336882682e-01
-9.521773579023260492e-01
-9.514457082354221829e-01
-9.507207444126785090e-01
-9.500024135890838828e-01
-9.492906631963289321e-01
-9.485854409441423218e-01
-9.478866948215509680e-01
-9.471943730980647569e-01
-9.465084243247886553e-01
-9.458287973354623235e-01
-9.451554412474307831e-01
-9.444883054625461405e-01
-9.438273396680024740e-01
-9.431724938371056632e-01
-9.425237182299791572e-01
-9.418809633942075710e-01
-9.412441801654195528e-01
-9.406133196678109210e-01
-9.399883333146099584e-01
-9.393691728084858639e-01
-9.387557901419020245e-01
-9.381481375974149994e-01
-9.375461677479210998e-01
-9.369498334568512332e-01
-9.363590878783160099e-01
-9.357738844572008885e-01
-9.351941769292148043e-01
-9.346199193208911682e-01
-9.340510659495439016e-01
-9.334875714231791743e-01
-9.329293906403636205e-01
-9.323764787900507001e-01
-9.318287913513663145e-01
-9.312862840933537889e-01
-9.307489130746802175e-01
-9.302166346433051736e-01
-9.296894054361120041e-01
-9.291671823785032647e-01
-9.286499226839615151e-01
-9.281375838535756984e-01
-9.276301236755342128e-01
-9.271275002245863428e-01
-9.266296718614717154e-01
-9.261365972323195583e-01
-9.256482352680182046e-01
-9.251645451835559530e-01
-9.246854864773337290e-01
-9.242110189304506562e-01
-9.237411026059635377e-01
-9.232756978481199139e-01
-9.228147652815669177e-01
-9.223582658105361487e-01
-9.219061606180042334e-01
-9.214584111648318476e-01
-9.210149791888796456e-01
-9.205758267041036502e-01
-9.201409159996298825e-01
-9.197102096388085624e-01
-9.192836704582496576e-01
-9.188612615668388939e-01
-9.184429463447366659e-01
-9.180286884423584093e-01
-9.176184517793389839e-01
-9.172122005434801828e-01
-9.168098991896828087e-01
-9.164115124388634293e-01
-9.160170052768563664e-01
-9.156263429533018083e-01
-9.152394909805204870e-01
-9.148564151323747007e-01
-9.144770814431173456e-01
-9.141014562062288462e-01
-9.137295059732419844e-01
-9.133611975525560700e-01
-9.129964980082406756e-01
-9.126353746588282689e-01
-9.122777950760980747e-01
-9.119237270838499443e-01
-9.115731387566697874e-01
-9.112259984186859008e-01
-9.108822746423180794e-01
-9.105419362470180689e-01
-9.102049522980035778e-01
-9.098712921049845193e-01
-9.095409252208835893e-01
-9.092138214405500740e-01
-9.088899507994677718e-01
-9.085692835724579197e-01
-9.082517902723763470e-01
-9.079374416488065203e-01
-9.076262086867471490e-01
-9.073180626052966824e-01
-9.070129748563332539e-01
-9.067109171231909626e-01
-9.064118613193334895e-01
-9.061157795870241616e-01
-9.058226442959935731e-01
-9.055324280421047645e-01
-9.052451036460161804e-01
-9.049606441518429634e-01
-9.046790228258159150e-01
-9.044002131549400136e-01
-9.041241888456512665e-01
-9.038509238224724518e-01
-9.035803922266688604e-01
-9.033125684149027057e-01
-9.030474269578881996e-01
-9.027849426390459620e-01
-9.025250904531579854e-01
-9.022678456050227114e-01
-9.020131835081112159e-01
-9.017610797832233960e-01
-9.015115102571459316e-01
-9.012644509613111365e-01
-9.010198781304569193e-01
-9.007777682012886311e-01
-9.005380978111423573e-01
-9.003008437966500965e-01
-9.000659831924073817e-01
-8.998334932296425670e-01
-8.996033513348884458e-01
-8.993755351286568667e-01
-8.991500224241155692e-01
-8.989267912257679072e-01
-8.987058197281354577e-01
-8.984870863144437392e-01
-8.982705695553109271e-01
-8.980562482074402331e-01
-8.978441012123153930e-01
-8.976341076948995967e-01
-8.974262469623386362e-01
-8.972204985026672741e-01
-8.970168419835193863e-01
-8.968152572508429898e-01
-8.966157243276181577e-01
-8.964182234125800397e-01
-8.962227348789457704e-01
-8.960292392731455946e-01
-8.958377173135588789e-01
-8.956481498892544524e-01
-8.954605180587354996e-01
-8.952748030486891162e-01
