5.905640000005982909e-02
5.905640000005982909e-02
5.905708615640951203e-02
5.905912664748731722e-02
5.906316939736758892e-02
5.906983903499684468e-02
5.907973260978614111e-02
5.909341372410761156e-02
5.911140495398579248e-02
5.913417883194618807e-02
5.916214845569398723e-02
5.919566014082173339e-02
5.923499223948460596e-02
5.928036498055555548e-02
5.933196339414383708e-02
5.938996791556472310e-02
5.945457998221713447e-02
5.952603137687538515e-02
5.960457654629609803e-02
5.969047629211141764e-02
5.978398196931708486e-02
5.988532466623112949e-02
5.999470957078682776e-02
6.011231406092944207e-02
6.023828813167508150e-02
6.037275619901388141e-02
6.051581945816909142e-02
6.066755788665469801e-02
6.082803097161525868e-02
6.099727649120754991e-02
6.117530715638699879e-02
6.136210544304505216e-02
6.155761733229731664e-02
6.176174583419861974e-02
6.197434509119324753e-02
6.219521558207430356e-02
6.242410053882088694e-02
6.266068324657513011e-02
6.290458456462777459e-02
6.315535993740069298e-02
6.341249545017324518e-02
6.367540309064959048e-02
6.394341614147142083e-02
6.421578631184152175e-02
6.449168457224113693e-02
6.477020748482080481e-02
6.505039002193913067e-02
6.533122450366947442e-02
6.561168365987976592e-02
6.589074443920595048e-02
6.616740859087971716e-02
6.644071655960274991e-02
6.670975277199868436e-02
6.697364248700805878e-02
6.723154240666529002e-02
6.748262867018647859e-02
6.772608638119129165e-02
6.796110436006734534e-02
6.818687745730971084e-02
6.840261676943784619e-02
6.860756592872099824e-02
6.880101990257202205e-02
6.898234199992303584e-02
6.915097528824336315e-02
6.930644617008073494e-02
6.944835989827848055e-02
6.957638969984958344e-02
6.969026248071184815e-02
6.978974460086044551e-02
6.987463093385627710e-02
6.994473945124704550e-02
6.999991208760995842e-02
7.004002096252458232e-02
7.006497760628944971e-02
7.007474209997391346e-02
7.006932923183942230e-02
7.004880978308365702e-02
7.001330649583503707e-02
6.996298568328845890e-02
6.989804647962097328e-02
6.981871024785119006e-02
6.972521264764078297e-02
6.961780034178463583e-02
6.949673335566816657e-02
6.936229285666509203e-02
6.921479288556728338e-02
6.905459371939430546e-02
6.888211434272611955e-02
6.869784195156980466e-02
6.850233722450706220e-02
6.829623486510287556e-02
6.808023933755731616e-02
6.785511569610704063e-02
6.762167507590073623e-02
6.738075402559848270e-02
6.713318668959240842e-02
6.687976905810709416e-02
6.662121507575458068e-02
6.635810512687982665e-02
6.609082804335761341e-02
6.581951821740991693e-02
6.554398986096321433e-02
6.526367137462378565e-02
6.497754457067564382e-02
6.468409614827708154e-02
6.438129169597939239e-02
6.406658419902723500e-02
6.373696770590371596e-02
6.338908101936682749e-02
6.301935625562962717e-02
6.262419560408680197e-02
6.220015116071819783e-02
6.174408123222471789e-02
6.125326281443612547e-02
6.072545120299414206e-02
6.015888937150347393e-02
5.955227827417229614e-02
5.890472330274521690e-02
5.821567234394861567e-02
5.748485853930973555e-02
5.671225704881258101e-02
5.589806059295176349e-02
5.504267395002761937e-02
5.414672376803726650e-02
5.321107789748701078e-02
5.223686835430566000e-02
5.122551349786551300e-02
5.017873689294678752e-02
4.909858141641563339e-02
4.798741684189378881e-02
4.684793757312138290e-02
4.568314530455872685e-02
4.449631050926843717e-02
4.329090808112295852e-02
4.207052669744153900e-02
4.083875755523380668e-02
3.959907368094039287e-02
3.835471340909709509e-02
3.710857975076961579e-02
3.586316240801075417e-02
3.462048378184235525e-02
3.338206688545869438e-02
3.214892259539386954e-02
3.092155554720073946e-02
2.969999054137237304e-02
2.848382255171050953e-02
2.727229174650140642e-02
2.606438008928632991e-02
2.485891971055824087e-02
2.365469834964407936e-02
2.245054645275765259e-02
2.124539458078380377e-02
2.003829683906204612e-02
1.882842330675018466e-02
1.761502986638646337e-02
1.639741678630456459e-02
1.517488818331707949e-02
1.394672343666684793e-02
1.271216870549229418e-02
1.147045182113960206e-02
1.022081756608175275e-02
8.962574418771511453e-03
7.695140495959891698e-03
6.418077073791281575e-03
5.131102252500304751e-03
3.834083051015716240e-03
2.527009323518342090e-03
1.209956203632732083e-03
-1.169567735152456534e-04
-1.453601743194396327e-03
-2.799866892447992056e-03
-4.155664800736158689e-03
-5.520924216457712835e-03
-6.895569236531843421e-03
-8.279493604041388705e-03
-9.672539302357497509e-03
-1.107448715962531562e-02
-1.248506350954758058e-02
-1.390396260966102887e-02
-1.533088079993322889e-02
-1.676555581261065034e-02
-1.820780316901175061e-02
-1.965754118498569056e-02
-2.111479710921613379e-02
-2.257968989720390840e-02
-2.405239013176029006e-02
-2.553306348049048241e-02
-2.702180858738490246e-02
-2.851860135181383260e-02
-3.002325473192737557e-02
-3.153539807792822558e-02
-3.305447494031357736e-02
-3.457975503030613629e-02
-3.611035494939777296e-02
-3.764526289788621555e-02
-3.918336396638692071e-02
-4.072346411632093294e-02
-4.226431216222731324e-02
-4.380461982174271851e-02
-4.534308021076601664e-02
-4.687838515878580553e-02
-4.840924157744517370e-02
-4.993438697005569277e-02
-5.145260405513953778e-02
-5.296273433305857814e-02
-5.446369016654743767e-02
-5.595446454951519960e-02
-5.743413730500381009e-02
-5.890187622729833178e-02
-6.035693198553446909e-02
-6.179862664524058552e-02
-6.322633728932237906e-02
-6.463947782965019651e-02
-6.603748291187078179e-02
-6.741979738051027959e-02
-6.878587328847586557e-02
-7.013517456088502744e-02
-7.146718778356106472e-02
-7.278143645756787738e-02
-7.407749542180024072e-02
-7.535500194311818556e-02
-7.661366032754701738e-02
-7.785323807154831410e-02
-7.907355364515701590e-02
-8.027445856733836371e-02
-8.145581854960684542e-02
-8.261749915766518348e-02
-8.375936033368161504e-02
-8.488126177451771337e-02
-8.598307853507522469e-02
-8.706472403991427633e-02
-8.812617615025189477e-02
-8.916750098507422728e-02
-9.018886891244050352e-02
-9.119055792897616530e-02
-9.217294205449685918e-02
-9.313646639085217116e-02
-9.408161507770221310e-02
-9.500888162694220984e-02
-9.591875141348851774e-02
-9.681170325202770321e-02
-9.768823227841805235e-02
-9.854889145639469938e-02
-9.939434493374232904e-02
-1.002254233216450796e-01
-1.010431687424326874e-01
-1.018488567688631136e-01
-1.026439845047008997e-01
-1.034302202625941858e-01
-1.042093201212749010e-01
-1.049830269593777787e-01
-1.057529737126105263e-01
-1.065206114505144047e-01
-1.072871751427846576e-01
-1.080536895596334590e-01
-1.088210087127645526e-01
-1.095898765821623766e-01
-1.103609944065718496e-01
-1.111350796037464256e-01
-1.119129030711798062e-01
-1.126952956963018088e-01
-1.134831218323122393e-01
-1.142772263045168657e-01
-1.150783693030836274e-01
-1.158871668399229921e-01
-1.167040517606910549e-01
-1.175292631991378539e-01
-1.183628642754610827e-01
-1.192047816316852138e-01
-1.200548570193586406e-01
-1.209129000822753430e-01
-1.217787319222680686e-01
-1.226522108077782863e-01
-1.235332348579717132e-01
-1.244217218457130403e-01
-1.253175723862147983e-01
-1.262206274834909991e-01
-1.271306325315502694e-01
-1.280472169548358408e-01
-1.289698933418865767e-01
-1.298980745989532226e-01
-1.308311039554333199e-01
-1.317682908703318168e-01
-1.327089454947814051e-01
-1.336524048537362230e-01
-1.345980453126884024e-01
-1.355452784811486955e-01
-1.364935314305763259e-01
-1.374422160570115403e-01
-1.383906950162148708e-01
-1.393382516811771110e-01
-1.402840691429679543e-01
-1.412272197998895862e-01
-1.421666642074726206e-01
-1.431012565144096915e-01
-1.440297539666055560e-01
-1.449508290311054270e-01
-1.458630839405387070e-01
-1.467650682565020959e-01
-1.476553000090475021e-01
-1.485322900943863433e-01
-1.493945683795681323e-01
-1.502407091116527982e-01
-1.510693532870632239e-01
-1.518792265437206856e-01
-1.526691523302662612e-01
-1.534380609513934235e-01
-1.541849952570550908e-01
-1.549091132886219468e-01
-1.556096874389508999e-01
-1.562860990832647956e-01
-1.569378276541962547e-01
-1.575644340249582886e-01
-1.581655396352089071e-01
-1.587408043440247107e-01
-1.592899066764256188e-01
-1.598125295418689196e-01
-1.603083529699585452e-01
-1.607770536783008908e-01
-1.612183099773167039e-01
-1.616318098219925170e-01
-1.620172596181674307e-01
-1.623743915116953873e-01
-1.627029672993320075e-01
-1.630027778867661481e-01
-1.632736384030684385e-01
-1.635153804180297377e-01
-1.637278436976210283e-01
-1.639108701125010226e-01
-1.640643016183347958e-01
-1.641879830278145935e-01
-1.642817690995881930e-01
-1.643455345836659920e-01
-1.643791853120107060e-01
-1.643826681188716443e-01
-1.643559773256179635e-01
-1.642991559119791889e-01
-1.642122905475450756e-01
-1.640955013553255792e-01
-1.639489291323763809e-01
-1.637727239427327341e-01
-1.635670389096167965e-01
-1.633320317135004140e-01
-1.630678743729973845e-01
-1.627747700211521209e-01
-1.624529738972588511e-01
-1.621028146161949957e-01
-1.617247109105615643e-01
-1.613191787409514188e-01
-1.608868245508217054e-01
-1.604283230337802957e-01
-1.599443818212221147e-01
-1.594356995665423271e-01
-1.589029260401483845e-01
-1.583466319367908270e-01
-1.577672927251349833e-01
-1.571652868159179872e-01
-1.565409052177025861e-01
-1.558943683091942312e-01
-1.552258451095095970e-01
-1.545354709114130365e-01
-1.538233599948927999e-01
-1.530896112999761416e-01
-1.523343064365641764e-01
-1.515575010542926371e-01
-1.507592118809009119e-01
-1.499394021274817745e-01
-1.490979673385851023e-01
-1.482347225978211669e-01
-1.473493910196834178e-01
-1.464415932157589473e-01
-1.455108380497552034e-01
-1.445565162198417242e-01
-1.435778994393657748e-01
-1.425741484130379766e-01
-1.415443316381910233e-01
-1.404874540725518650e-01
-1.394024907605861396e-01
-1.382884174091890128e-01
-1.371442293336099238e-01
-1.359689425058551171e-01
-1.347615745144354338e-01
-1.335211075519201207e-01
-1.322464392229044661e-01
-1.309363299758631582e-01
-1.295893584032574430e-01
-1.282038969182194288e-01
-1.267781188686451510e-01
-1.253100423919732420e-01
-1.237976063574551810e-01
-1.222387627207489197e-01
-1.206315626472998642e-01
-1.189742145446002625e-01
-1.172651001413522603e-01
-1.155027458755434888e-01
-1.136857568131217772e-01
-1.118127272011398415e-01
-1.098821459243559118e-01
-1.078923173534517416e-01
-1.058413178260876608e-01
-1.037270032761755112e-01
-1.015470725496619847e-01
-9.929917497868821774e-02
-9.698103543929319226e-02
-9.459056275043126183e-02
-9.212591172847910126e-02
-8.958548287388230780e-02
-8.696785991957431405e-02
-8.427169879479172454e-02
-8.149559029098131513e-02
-7.863792391634877310e-02
-7.569678293145808146e-02
-7.266989895003404809e-02
-6.955468554131041814e-02
-6.634835212129923387e-02
-6.304807553464973624e-02
-5.965118654618800642e-02
-5.615532210697161963e-02
-5.255850494485074520e-02
-4.885913370026193081e-02
-4.505588947400153421e-02
-4.114758147511179270e-02
-3.713296439760093576e-02
-3.301056525795893759e-02
-2.877855871292045453e-02
-2.443472521054683433e-02
-1.997651185426257969e-02
-1.540119061685530331e-02
-1.070607890074838815e-02
-5.888766096476802381e-03
-9.472876916283481247e-04
4.119793705447352510e-03
9.313413160513967989e-03
1.463412093342513973e-02
2.008226247911765877e-02
2.565818199330174160e-02
3.136240739667899013e-02
3.719577593312588248e-02
4.315946768595071981e-02
4.925493271773640630e-02
5.548372550359680772e-02
6.184728939958128446e-02
6.834675088587285896e-02
7.498277950278990633e-02
8.175554741815845017e-02
8.866479391881930405e-02
9.570997602036934726e-02
1.028904713474453614e-01
1.102057919313182699e-01
1.176557648834916647e-01
1.252406382194313772e-01
1.329610809995302179e-01
1.408180696890633521e-01
1.488126844325880771e-01
1.569458685073633897e-01
1.652182173025267820e-01
1.736298530263044870e-01
1.821804140635928937e-01
1.908691569087729856e-01
1.996951444916925111e-01
2.086574802501687809e-01
2.177555398862595637e-01
2.269891500526732553e-01
2.363586668999894391e-01
2.458649223286177576e-01
2.555090347038508902e-01
2.652921179985376909e-01
2.752149538406164497e-01
2.852776992630460806e-01
2.954796850902650651e-01
3.058193265424579144e-01
3.162941352880251356e-01
3.269008017824034384e-01
3.376353097810738113e-01
3.484930470255788726e-01
3.594688823994950932e-01
3.705571878655533613e-01
3.817517929464349091e-01
3.930458703068719917e-01
4.044317614079090406e-01
4.159007581324255520e-01
4.274428577620224545e-01
4.390465062547782016e-01
4.506983429469692548e-01
4.623829629964835708e-01
4.740827235403949902e-01
4.857776331809188219e-01
4.974453762345846797e-01
5.090615253691356257e-01
5.205999814027081340e-01
5.320336441092007318e-01
5.433352684500678542e-01
5.544784119319451365e-01
5.654383500739127433e-01
5.761928412753111184e-01
5.867226582942853819e-01
5.970118560666937135e-01
6.070477952516803999e-01
6.168209738675223264e-01
6.263247318838217614e-01
6.355548898221908827e-01
6.445093695786469068e-01
6.531878303340581393e-01
6.615913386472874747e-01
6.697220813533255601e-01
6.775831228769436665e-01
6.851782044285475992e-01
6.925115804740066272e-01
6.995878871384981768e-01
7.064120372613085230e-01
7.129891372840763131e-01
7.193244217899701365e-01
7.254232021770227190e-01
7.312908265724595847e-01
7.369326486439178314e-01
7.423540034286726375e-01
7.475601886863110224e-01
7.525564505923303393e-01
7.573479728404325373e-01
7.619398684203549932e-01
7.663371734954632641e-01
7.705448429282533152e-01
7.745677470992197167e-01
7.784106697408322839e-01
7.820783065681136126e-01
7.855752645341044227e-01
7.889060615751589678e-01
7.920751267397524442e-01
7.950868006170456193e-01
7.979453359992036976e-01
8.006548987254773486e-01
8.032195686671663726e-01
8.056433408214739300e-01
8.079301264894657164e-01
8.100837545193276812e-01
8.121079726012759847e-01
8.140064486051867831e-01
8.157827719566996816e-01
8.174404550526628288e-01
8.189829347229461431e-01
8.204135737536619732e-01
8.217356624978690016e-01
8.229524206155875987e-01
8.240669990079081408e-01
8.250824820438101836e-01
8.260018902284546050e-01
8.268281835361347420e-01
8.275642657413784242e-01
8.282129902444239633e-01
8.287771681254084699e-01
8.292595795052389862e-01
8.296629897759840722e-01
8.299901729224007374e-01
8.302439449933315396e-01
8.304272117120596874e-01
8.305430349336642148e-01
8.305947224034246901e-01
8.305859424902558574e-01
8.305208577248271995e-01
8.304042553182736652e-01
8.302416297741960216e-01
8.300391523887367118e-01
8.298034686951241135e-01
8.295413206591382149e-01
8.292590806946051885e-01
8.289623433033818101e-01
8.286556913317572048e-01
8.283426620221929770e-01
8.280258587977854523e-01
8.277071303187769624e-01
8.273877558560034373e-01
8.270686049706569287e-01
8.267502616949815586e-01
8.264331152710087114e-01
8.261174238909531065e-01
8.258033583539426958e-01
8.254910314839425389e-01
8.251805177469999641e-01
8.248718662470059249e-01
8.245651093003772969e-01
8.242602680807847859e-01
8.239573563311177740e-01
8.236563828040335267e-01
8.233573528674239528e-01
8.230602695617725839e-01
8.227651342977970739e-01
8.224719473179434859e-01
8.221807080027564441e-01
8.218914150752592018e-01
8.216040667382020768e-01
8.213186607670664996e-01
8.210351945738596502e-01
8.207536652515911024e-01
8.204740696059403815e-01
8.201964041784088888e-01
8.199206652637877069e-01
8.196468489238144528e-01
8.193749509982569679e-01
8.191049671142461852e-01
8.188368926944040727e-01
8.185707229641289162e-01
8.183064529582808611e-01
8.180440775274292475e-01
8.177835913437713211e-01
8.175249889067948139e-01
8.172682645487342468e-01
8.170134124398553688e-01
8.167604265935909380e-01
8.165093008715436085e-01
8.162600289883681359e-01
8.160126045165405628e-01
8.157670208910220433e-01
8.155232714138195282e-01
8.152813492584498611e-01
8.150412474743081725e-01
8.148029589909439041e-01
8.145664766222472375e-01
8.143317930705470387e-01
8.140989009306226487e-01
8.138677926936310758e-01
8.136384607509513645e-01
8.134108973979479185e-01
8.131850948376533328e-01
8.129610451843736207e-01
8.127387404672159477e-01
8.125181726335412025e-01
8.122993335523420733e-01
8.120822150175488474e-01
8.118668087512630471e-01
8.116531064069213430e-01
8.114410995723900788e-01
8.112307797729927383e-01
8.110221384744702444e-01
8.108151670858763094e-01
8.106098569624087258e-01
8.104061994081775966e-01
8.102041856789118368e-01
8.100038069846050570e-01
8.098050544921018279e-01
8.096079193276254360e-01
8.094123925792483520e-01
8.092184652993062999e-01
8.090261285067569252e-01
8.088353731894843968e-01
8.086461903065503831e-01
8.084585707903930718e-01
8.082725055489745625e-01
8.080879854678779672e-01
8.079050014123553280e-01
8.077235442293262402e-01
8.075436047493297353e-01
8.073651737884289803e-01
8.071882421500697902e-01
8.070128006268949550e-01
8.068388400025136020e-01
8.066663510532277037e-01
8.064953245497157308e-01
8.063257512586747833e-01
8.061576219444220870e-01
8.059909273704555233e-01
8.058256583009756335e-01
8.056618055023685443e-01
8.054993597446508113e-01
8.053383118028778487e-01
8.051786524585148319e-01
8.050203725007727407e-01
8.048634627279087628e-01
8.047079139484927257e-01
8.045537169826395552e-01
8.044008626632084269e-01
8.042493418369699443e-01
8.040991453657412302e-01
8.039502641274899331e-01
8.038026890174077010e-01
8.036564109489534591e-01
8.035114208548674863e-01
8.033677096881566282e-01
8.032252684230515305e-01
8.030840880559355632e-01
8.029441596062473208e-01
8.028054741173561437e-01
8.026680226574114396e-01
8.025317963201671345e-01
8.023967862257802564e-01
8.022629835215856486e-01
8.021303793828462592e-01
8.019989650134801140e-01
8.018687316467641990e-01
8.017396705460156925e-01
8.016117730052509938e-01
8.014850303498233242e-01
8.013594339370389008e-01
8.012349751567523493e-01
8.011116454319416880e-01
8.009894362192634398e-01
8.008683390095885368e-01
8.007483453285183517e-01
8.006294467368828549e-01
8.005116348312196761e-01
8.003949012442358457e-01
8.002792376452516621e-01
8.001646357406273502e-01
8.000510872741730672e-01
7.999385840275423654e-01
7.998271178206094456e-01
7.997166805118307575e-01
7.996072639985911668e-01
7.994988602175352455e-01
7.993914611448830199e-01
7.992850587967323950e-01
7.991796452293467024e-01
7.990752125394284811e-01
7.989717528643800470e-01
7.988692583825507398e-01
7.987677213134711796e-01
7.986671339180748674e-01
7.985674884989076849e-01
7.984687774003250693e-01
7.983709930086775319e-01
7.982741277524846302e-01
7.981781741025977261e-01
7.980831245723514211e-01
7.979889717177051089e-01
7.978957081373727611e-01
7.978033264729438301e-01
7.977118194089928283e-01
7.976211796731802472e-01
7.975314000363432632e-01
7.974424733125772269e-01
7.973543923593083838e-01
7.972671500773572673e-01
7.971807394109937661e-01
7.970951533479835316e-01
7.970103849196262802e-01
7.969264272007859917e-01
7.968432733099134468e-01
7.967609164090605489e-01
7.966793497038878735e-01
7.965985664436646685e-01
7.965185599212616374e-01
7.964393234731370619e-01
7.963608504793158183e-01
7.962831343633623993e-01
7.962061685923471632e-01
7.961299466768061439e-01
7.960544621706956425e-01
7.959797086713400471e-01
7.959056798193743232e-01
7.958323692986807307e-01
7.957597708363206568e-01
7.956878782024604524e-01
7.956166852102923848e-01
7.955461857159508154e-01
7.954763736184232714e-01
7.954072428594570754e-01
7.953387874234610910e-01
7.952710013374031384e-01
7.952038786707029683e-01
7.951374135351214623e-01
7.950716000846453912e-01
7.950064325153681777e-01
7.949419050653671048e-01
7.948780120145765293e-01
7.948147476846579851e-01
7.947521064388660683e-01
7.946900826819115471e-01
7.946286708598210291e-01
7.945678654597935209e-01
7.945076610100536563e-01
7.944480520797021494e-01
7.943890332785636943e-01
7.943305992570316443e-01
7.942727447059102497e-01
7.942154643562541194e-01
7.941587529792055733e-01
7.941026053858294409e-01
7.940470164269453068e-01
7.939919809929577577e-01
7.939374940136846304e-01
7.938835504581830405e-01
7.938301453345733005e-01
7.937772736898612846e-01
7.937249306097585722e-01
7.936731112185013703e-01
7.936218106786671056e-01
7.935710241909902374e-01
7.935207469941756298e-01
7.934709743647111457e-01
7.934217016166786873e-01
7.933729241015637923e-01
7.933246372080640096e-01
7.932768363618961649e-01
7.932295170256022931e-01
7.931826746983549059e-01
7.931363049157608147e-01
7.930904032496639555e-01
7.930449653079479910e-01
7.929999867343371367e-01
7.929554632081969867e-01
7.929113904443338967e-01
7.928677641927944775e-01
7.928245802386637564e-01
7.927818344018628949e-01
7.927395225369466836e-01
7.926976405329003716e-01
7.926561843129358298e-01
7.926151498342874913e-01
7.925745330880080708e-01
7.925343300987638395e-01
7.924945369246292337e-01
7.924551496568821296e-01
7.924161644197981191e-01
7.923775773704446745e-01
7.923393846984757571e-01
7.923015826259257599e-01
7.922641674070038942e-01
7.922271353278879102e-01
7.921904827065185950e-01
7.921542058923936036e-01
7.921183012663620682e-01
7.920827652404186514e-01
7.920475942574982664e-01
7.920127847912705743e-01
7.919783333459352592e-01
7.919442364560166370e-01
7.919104906861594850e-01
7.918770926309244285e-01
7.918440389145839919e-01
7.918113261909190959e-01
7.917789511430154414e-01
7.917469104830608950e-01
7.917152009521427614e-01
7.916838193200456120e-01
7.916527623850498907e-01
7.916220269737306303e-01
7.915916099407567241e-01
7.915615081686909749e-01
7.915317185677901435e-01
7.915022380758061082e-01
7.914730636577874678e-01
7.914441923058813666e-01
7.914156210391365409e-01
7.913873469033062547e-01
7.913593669706524558e-01
7.913316783397504883e-01
7.913042781352943589e-01
7.912771635079025589e-01
7.912503316339249970e-01
7.912237797152499308e-01
7.911975049791126757e-01
7.911715046779042027e-01
7.911457760889805124e-01
7.911203165144733429e-01
7.910951232811010980e-01
7.910701937399811090e-01
7.910455252664418957e-01
7.910211152598370932e-01
7.909969611433596004e-01
7.909730603638568391e-01
7.909494103916466790e-01
7.909260087203344725e-01
7.909028528666306457e-01
7.908799403701692876e-01
7.908572687933275169e-01
7.908348357210459589e-01
7.908126387606497776e-01
7.907906755416710398e-01
7.907689437156713019e-01
7.907474409560657502e-01
7.907261649579481189e-01
7.907051134379160517e-01
7.906842841338979078e-01
7.906636748049804542e-01
7.906432832312371151e-01
7.906231072135573301e-01
7.906031445734773566e-01
7.905833931530109604e-01
7.905638508144819943e-01
7.905445154403576424e-01
7.905253849330822202e-01
7.905064572149125279e-01
7.904877302277537598e-01
7.904692019329965236e-01
7.904508703113549695e-01
7.904327333627054752e-01
7.904147891059265518e-01
7.903970355787397484e-01
7.903794708375514455e-01
7.903620929572958698e-01
7.903449000312783301e-01
7.903278901710205639e-01
7.903110615061058608e-01
7.902944121840260738e-01
7.902779403700292971e-01
7.902616442469682090e-01
7.902455220151499704e-01
7.902295718921863443e-01
7.902137921128458142e-01
7.901981809289054803e-01
7.901827366090049543e-01
7.901674574385005867e-01
7.901523417193210275e-01
7.901373877698234516e-01
7.901225939246508956e-01
7.901079585345907041e-01
7.900934799664338648e-01
7.900791566028347868e-01
7.900649868421730782e-01
7.900509690984153233e-01
7.900371018009783031e-01
7.900233833945931039e-01
7.900098123391701144e-01
7.899963871096647994e-01
7.899831061959450285e-01
7.899699681026585152e-01
7.899569713491018108e-01
7.899441144690901861e-01
7.899313960108280686e-01
7.899188145367808112e-01
7.899063686235472392e-01
7.898940568617330849e-01
7.898818778558255316e-01
7.898698302240682034e-01
7.898579125983378191e-01
7.898461236240212902e-01
7.898344619598934857e-01
7.898229262779966620e-01
7.898115152635202252e-01
7.898002276146813827e-01
7.897890620426069042e-01
7.897780172712159930e-01
7.897670920371034908e-01
7.897562850894243036e-01
7.897455951897788262e-01
7.897350211120990338e-01
7.897245616425354608e-01
7.897142155793452911e-01
7.897039817327807798e-01
7.896938589249792306e-01
7.896838459898535278e-01
7.896739417729832233e-01
7.896641451315069560e-01
7.896544549340156482e-01
7.896448700604460358e-01
7.896353894019758624e-01
7.896260118609191858e-01
7.896167363506230163e-01
7.896075617953642878e-01
7.895984871302483832e-01
7.895895113011075495e-01
7.895806332644010883e-01
7.895718519871155472e-01
7.895631664466661315e-01
7.895545756307991159e-01
7.895460785374943669e-01
7.895376741748694194e-01
7.895293615610838867e-01
7.895211397242446472e-01
7.895130077023123638e-01
7.895049645430077812e-01
7.894970093037196879e-01
7.894891410514134344e-01
7.894813588625397838e-01
7.894736618229452052e-01
7.894660490277821685e-01
7.894585195814209921e-01
7.894510725973616916e-01
7.894437071981470488e-01
7.894364225152761261e-01
7.894292176891190005e-01
7.894220918688314992e-01
7.894150442122711553e-01
7.894080738859137192e-01
7.894011800647706689e-01
7.893943619323067207e-01
7.893876186803588935e-01
7.893809495090557959e-01
7.893743536267375793e-01
7.893678302498767785e-01
7.893613786029995971e-01
7.893549979186083032e-01
7.893486874371038464e-01
7.893424464067092527e-01
7.893362740833939073e-01
7.893301697307983922e-01
7.893241326201596575e-01
7.893181620302375245e-01
7.893122572472410781e-01
7.893064175647561687e-01
7.893006422836735814e-01
7.892949307121176483e-01
7.892892821653753055e-01
7.892836959658264817e-01
7.892781714428742657e-01
7.892727079328761830e-01
7.892673047790760288e-01
7.892619613315362548e-01
7.892566769470709120e-01
7.892514509891791485e-01
7.892462828279797060e-01
