-1.576410000000009859e+00
-1.576410000000009859e+00
-1.576410582910936942e+00
-1.576412285967905724e+00
-1.576415603139041499e+00
-1.576420987656704797e+00
-1.576428854793190171e+00
-1.576439584980916075e+00
-1.576453527343086192e+00
-1.576471003626938261e+00
-1.576492312369578874e+00
-1.576517732822120932e+00
-1.576547527732154563e+00
-1.576581943806212527e+00
-1.576621209144874802e+00
-1.576665528563899299e+00
-1.576715079547497123e+00
-1.576770011593693122e+00
-1.576830449469501128e+00
-1.576896498579754891e+00
-1.576968250133095717e+00
-1.577045784658779759e+00
-1.577129173419592467e+00
-1.577218477790732321e+00
-1.577313746870129041e+00
-1.577415013755760542e+00
-1.577522291173856894e+00
-1.577635567343167677e+00
-1.577754802928586608e+00
-1.577879929607546305e+00
-1.578010850263550813e+00
-1.578147440349205732e+00
-1.578289549696236804e+00
-1.578437004037925417e+00
-1.578589605693476949e+00
-1.578747133150372184e+00
-1.578909339583922211e+00
-1.579075950606256828e+00
-1.579246661692087050e+00
-1.579421135765157302e+00
-1.579599001364958788e+00
-1.579779851699911086e+00
-1.579963244790450139e+00
-1.580148704846389807e+00
-1.580335724995646007e+00
-1.580523771437895686e+00
-1.580712288983490144e+00
-1.580900707733385646e+00
-1.581088450396236134e+00
-1.581274939515468603e+00
-1.581459603799878710e+00
-1.581641882882035333e+00
-1.581821230152645974e+00
-1.581997113742098504e+00
-1.582169016119290061e+00
-1.582336433052536018e+00
-1.582498872776887167e+00
-1.582655856130309235e+00
-1.582806918182251055e+00
-1.582951611531610903e+00
-1.583089511073039191e+00
-1.583220219715000265e+00
-1.583343374362034872e+00
-1.583458651477217982e+00
-1.583565771677792000e+00
-1.583664502997152557e+00
-1.583754662582164574e+00
-1.583836116649513848e+00
-1.583908778530340955e+00
-1.583972604670516038e+00
-1.584027588610593007e+00
-1.584073753279297891e+00
-1.584111142339484246e+00
-1.584139811679940335e+00
-1.584159822280582164e+00
-1.584171235493269991e+00
-1.584174111306686727e+00
-1.584168509542142944e+00
-1.584154493329310354e+00
-1.584132133766963602e+00
-1.584101514453940540e+00
-1.584062734614030798e+00
-1.584015909855549964e+00
-1.583961170191112044e+00
-1.583898655704783165e+00
-1.583828510991996286e+00
-1.583750879948579104e+00
-1.583665902442388917e+00
-1.583573713828023477e+00
-1.583474447307219091e+00
-1.583368238024749353e+00
-1.583255226721775877e+00
-1.583135559877889786e+00
-1.583009382673359999e+00
-1.582876820951986341e+00
-1.582737948847348308e+00
-1.582592739934572279e+00
-1.582441001505448641e+00
-1.582282293368496351e+00
-1.582115833931703408e+00
-1.581940397073464677e+00
-1.581754203889629284e+00
-1.581554814706567225e+00
-1.581339029571473764e+00
-1.581102809856601787e+00
-1.580841238533736259e+00
-1.580548539659110796e+00
-1.580218175440536887e+00
-1.579843029429274015e+00
-1.579415667262745515e+00
-1.578928646667524305e+00
-1.578374833896310392e+00
-1.577747681156061343e+00
-1.577041430247692722e+00
-1.576251226694935337e+00
-1.575373148296769443e+00
-1.574404166143231754e+00
-1.573342062521262852e+00
-1.572185329991164560e+00
-1.570933071758204846e+00
-1.569584917545084668e+00
-1.568140962934722715e+00
-1.566601734499328158e+00
-1.564968178688009415e+00
-1.563241669970552250e+00
-1.561424033178269832e+00
-1.559517575629987718e+00
-1.557525125222327667e+00
-1.555450069996516360e+00
-1.553296392231140910e+00
-1.551068686331720237e+00
-1.548772146274888684e+00
-1.546412507547726634e+00
-1.543995932824293815e+00
-1.541528840893206187e+00
-1.539017692337339982e+00
-1.536468757877293756e+00
-1.533887900407301830e+00
-1.531280397151647765e+00
-1.528650816624626652e+00
-1.526002951893816961e+00
-1.523339802204562554e+00
-1.520663591513608637e+00
-1.517975814020378511e+00
-1.515277300770065727e+00
-1.512568304949807985e+00
-1.509848604487990409e+00
-1.507117618376716317e+00
-1.504374528986357706e+00
-1.501618399070833165e+00
-1.498848271566014301e+00
-1.496063243368459306e+00
-1.493262509732793397e+00
-1.490445381504138744e+00
-1.487611281393474094e+00
-1.484759727375556615e+00
-1.481890311382037195e+00
-1.479002680329113195e+00
-1.476096524508744734e+00
-1.473171575668495770e+00
-1.470227614042438180e+00
-1.467264480878816446e+00
-1.464282091513949835e+00
-1.461280444269872580e+00
-1.458259622146276691e+00
-1.455219786576648078e+00
-1.452161164531428961e+00
-1.449084031504456416e+00
-1.445988693397951108e+00
-1.442875470214225020e+00
-1.439744683903550815e+00
-1.436596651719448614e+00
-1.433431685017477752e+00
-1.430250091832787618e+00
-1.427052180276196625e+00
-1.423838259328277234e+00
-1.420608634206524501e+00
-1.417363594896120960e+00
-1.414103398180162952e+00
-1.410828245177259355e+00
-1.407538257830289297e+00
-1.404233458934129208e+00
-1.400913760936278507e+00
-1.397578968409807665e+00
-1.394228797226270133e+00
-1.390862909946873671e+00
-1.387480962664753514e+00
-1.384082655181010146e+00
-1.380667775586997825e+00
-1.377236232418644235e+00
-1.373788071408073241e+00
-1.370323477702860115e+00
-1.366842766957166999e+00
-1.363346369597387309e+00
-1.359834812222259215e+00
-1.356308699116482108e+00
-1.352768695706627833e+00
-1.349215514727480025e+00
-1.345649905021244042e+00
-1.342072642338199451e+00
-1.338484521289054152e+00
-1.334886347690264818e+00
-1.331278930833674323e+00
-1.327663075557958594e+00
-1.324039574302294797e+00
-1.320409199559167135e+00
-1.316772697333006725e+00
-1.313130782353945536e+00
-1.309484135827487572e+00
-1.305833406307639999e+00
-1.302179213782348688e+00
-1.298522156323319354e+00
-1.294862817938154276e+00
-1.291201775908672467e+00
-1.287539606093169864e+00
-1.283876885312449811e+00
-1.280214190728140355e+00
-1.276552096770459999e+00
-1.272891170555059626e+00
-1.269231966865541850e+00
-1.265575023732867121e+00
-1.261920859435724074e+00
-1.258269971350445715e+00
-1.254622836493263449e+00
-1.250979912931432514e+00
-1.247341640722076983e+00
-1.243708440899512047e+00
-1.240080711349676790e+00
-1.236458819064000236e+00
-1.232843089053006214e+00
-1.229233790985355013e+00
-1.225631125359702756e+00
-1.222035211665314591e+00
-1.218446081344351173e+00
-1.214863678048185403e+00
-1.211287866288091264e+00
-1.207718447100112336e+00
-1.204155176459113408e+00
-1.200597780121899882e+00
-1.197045958417711997e+00
-1.193499376402166190e+00
-1.189957637993263040e+00
-1.186420246223916841e+00
-1.182886555007991447e+00
-1.179355720722353729e+00
-1.175826664290690049e+00
-1.172298055515992532e+00
-1.168768329672611017e+00
-1.165235740552068799e+00
-1.161698444689317933e+00
-1.158154601455732680e+00
-1.154602467682896316e+00
-1.151040466592109457e+00
-1.147467218390643140e+00
-1.143881530209019060e+00
-1.140282352130905785e+00
-1.136668711981047686e+00
-1.133039644441684368e+00
-1.129394130771704807e+00
-1.125731064026529227e+00
-1.122049250430152245e+00
-1.118347449790051629e+00
-1.114624447674249508e+00
-1.110879142923821394e+00
-1.107110630081205027e+00
-1.103318259348421870e+00
-1.099501664879316110e+00
-1.095660761432948327e+00
-1.091795716181071629e+00
-1.087906905564451243e+00
-1.083994867224312486e+00
-1.080060255472167441e+00
-1.076103806380938499e+00
-1.072126315681293685e+00
-1.068128629365926008e+00
-1.064111643727009504e+00
-1.060076309388985782e+00
-1.056023633552768182e+00
-1.051954676168623815e+00
-1.047870538278373065e+00
-1.043772343237316269e+00
-1.039661213289196473e+00
-1.035538244963895904e+00
-1.031404487219486743e+00
-1.027260926251407414e+00
-1.023108480228744455e+00
-1.018948005554216829e+00
-1.014780313580264215e+00
-1.010606193765101635e+00
-1.006426437275883767e+00
-1.002241855036338558e+00
-9.980532861469826322e-01
-9.938615954770834149e-01
-9.896676618520835467e-01
-9.854723599916435095e-01
-9.812765401886267558e-01
-9.770810099143332206e-01
-9.728865211887928188e-01
-9.686937664822553584e-01
-9.645033838915467728e-01
-9.603159695528766804e-01
-9.561320925685126149e-01
-9.519523063216011050e-01
-9.477771506388936729e-01
-9.436071415469144963e-01
-9.394427483737431972e-01
-9.352843607918626123e-01
-9.311322507628420064e-01
-9.269865363010127979e-01
-9.228471554121422393e-01
-9.187138587752883279e-01
-9.145862275607561376e-01
-9.104637174945579003e-01
-9.063457228053871662e-01
-9.022316468960138724e-01
-8.981209638266598461e-01
-8.940132574248547126e-01
-8.899082315036539459e-01
-8.858056921114620952e-01
-8.817055084575338153e-01
-8.776075624510907280e-01
-8.735116981846083872e-01
-8.694176827193440538e-01
-8.653251879687149373e-01
-8.612337995425387582e-01
-8.571430518623168737e-01
-8.530524811207540470e-01
-8.489616817924975356e-01
-8.448703512620956424e-01
-8.407783112050998264e-01
-8.366855014214138464e-01
-8.325919487773710825e-01
-8.284977188447552043e-01
-8.244028605394748688e-01
-8.203073552023514292e-01
-8.162110814233944911e-01
-8.121138049254152946e-01
-8.080151980993628413e-01
-8.039148863958862634e-01
-7.998125107900484476e-01
-7.957077904150315906e-01
-7.916005697849224365e-01
-7.874908404720778465e-01
-7.833787347771660192e-01
-7.792644956407516199e-01
-7.751484312211894823e-01
-7.710308643807645135e-01
-7.669120875951919158e-01
-7.627923328844269379e-01
-7.586717638449599344e-01
-7.545504922012333804e-01
-7.504286149290761987e-01
-7.463062619609343029e-01
-7.421836414864174669e-01
-7.380610713834943049e-01
-7.339389903810014104e-01
-7.298179485653412124e-01
-7.256985815081307134e-01
-7.215815747863871810e-01
-7.174676263977298740e-01
-7.133574142200811430e-01
-7.092515744645396802e-01
-7.051506947574063267e-01
-7.010553218550038546e-01
-6.969659796211219449e-01
-6.928831893159960176e-01
-6.888074831170006851e-01
-6.847394036584426580e-01
-6.806794862690244141e-01
-6.766282248792399034e-01
-6.725860261826926978e-01
-6.685531594104027198e-01
-6.645297112509431781e-01
-6.605155568111480413e-01
-6.565103569857101418e-01
-6.525135887247588418e-01
-6.485246070004931918e-01
-6.445427277362013596e-01
-6.405673137069433087e-01
-6.365978442245008306e-01
-6.326339548224466647e-01
-6.286754421539630933e-01
-6.247222378554131428e-01
-6.207743608031149884e-01
-6.168318598698639965e-01
-6.128947599493611564e-01
-6.089630232865321791e-01
-6.050365356876151735e-01
-6.011151222217950840e-01
-5.971985897104694629e-01
-5.932867856831540720e-01
-5.893796588685954463e-01
-5.854773069731187274e-01
-5.815800028774938957e-01
-5.776881974752912097e-01
-5.738025030908958657e-01
-5.699236643360739984e-01
-5.660525237005915589e-01
-5.621899881512302244e-01
-5.583370013495193573e-01
-5.544945240937911857e-01
-5.506635232813139602e-01
-5.468449672825651531e-01
-5.430398237212159529e-01
-5.392490549664064048e-01
-5.354736074304102811e-01
-5.317143926087768424e-01
-5.279722599683159823e-01
-5.242479637929778891e-01
-5.205421278991696488e-01
-5.168552138552310327e-01
-5.131874997892085233e-01
-5.095390772305723459e-01
-5.059098715059301421e-01
-5.022996863270313694e-01
-4.987082663691543849e-01
-4.951353656819156290e-01
-4.915808077987359748e-01
-4.880445264490967938e-01
-4.845265820285226122e-01
-4.810271553616517481e-01
-4.775465246203073333e-01
-4.740850331158105724e-01
-4.706430557946433835e-01
-4.672209714176877027e-01
-4.638191458415257262e-01
-4.604379293495558523e-01
-4.570776675702141190e-01
-4.537387218931899779e-01
-4.504214928453380007e-01
-4.471264397606817265e-01
-4.438540922149603607e-01
-4.406050518493705437e-01
-4.373799859073993490e-01
-4.341796152608565773e-01
-4.310046999525490863e-01
-4.278560248061730742e-01
-4.247343869018336271e-01
-4.216405859293366198e-01
-4.185754176834095008e-01
-4.155396702960966193e-01
-4.125341223132225066e-01
-4.095595415434891695e-01
-4.066166837795622824e-01
-4.037062908930692529e-01
-4.008290882367454566e-01
-3.979857815931932552e-01
-3.951770540559871869e-01
-3.924035632679261365e-01
-3.896659394404644594e-01
-3.869647845681044029e-01
-3.843006732166632800e-01
-3.816741551733939808e-01
-3.790857600989529508e-01
-3.765360041720119399e-01
-3.740253986478264125e-01
-3.715544602901362792e-01
-3.691237237008939132e-01
-3.667337554974746117e-01
-3.643851698976605658e-01
-3.620786444743782084e-01
-3.598149337097717448e-01
-3.575948768573077863e-01
-3.554193961761034082e-01
-3.532894826352144246e-01
-3.512061690910718292e-01
-3.491704950511802519e-01
-3.471834706731578568e-01
-3.452460487368391728e-01
-3.433591113893897928e-01
-3.415234745969194519e-01
-3.397399092088779216e-01
-3.380091745018328209e-01
-3.363320581367319484e-01
-3.347094152589458749e-01
-3.331421988971366988e-01
-3.316314744627318345e-01
-3.301784139700980614e-01
-3.287842709006711384e-01
-3.274503430694690742e-01
-3.261779355566770122e-01
-3.249683361558588501e-01
-3.238228115583546285e-01
-3.227426257827899492e-01
-3.217290759881263895e-01
-3.207835364794596744e-01
-3.199074996733412002e-01
-3.191026026371592828e-01
-3.183706293591633818e-01
-3.177134823280397535e-01
-3.171331223956304624e-01
-3.166314825749442230e-01
-3.162103676469730229e-01
-3.158713550016085669e-01
-3.156157115586580297e-01
-3.154443371641149629e-01
-3.153577384067412503e-01
-3.153560307281339514e-01
-3.154389626756485265e-01
-3.156059546184021292e-01
-3.158561446966494657e-01
-3.161884363149464749e-01
-3.166015433294652182e-01
-3.170940307268235725e-01
-3.176643498393376674e-01
-3.183108679719069412e-01
-3.190318928014950206e-01
-3.198256921483634274e-01
-3.206905097965405127e-01
-3.216245780262232956e-01
-3.226261274584760197e-01
-3.236933947312482518e-01
-3.248246284418295216e-01
-3.260180937129135703e-01
-3.272720756711738899e-01
-3.285848820696030681e-01
-3.299548452373624041e-01
-3.313803235023891069e-01
-3.328597022011712259e-01
-3.343913943656034449e-01
-3.359738411574861860e-01
-3.376055121060069220e-01
-3.392849051915962644e-01
-3.410105468101917170e-01
-3.427809916446138416e-01
-3.445948224640253410e-01
-3.464506498679537638e-01
-3.483471119878408517e-01
-3.502828741563231429e-01
-3.522566285522837348e-01
-3.542670938280100268e-01
-3.563130147234497835e-01
-3.583931616714948198e-01
-3.605063303973759514e-01
-3.626513415145749542e-01
-3.648270401191080481e-01
-3.670322953835750690e-01
-3.692660001519716406e-01
-3.715270705358948988e-01
-3.738144455124086107e-01
-3.761270865234320193e-01
-3.784639770760312993e-01
-3.808241223423586841e-01
-3.832065487571090778e-01
-3.856103036091141911e-01
-3.880344546218736368e-01
-3.904780895151483966e-01
-3.929403155357963917e-01
-3.954202589402284196e-01
-3.979170644023850567e-01
-4.004298943089103502e-01
-4.029579278859589664e-01
-4.055003600786524776e-01
-4.080564000744473230e-01
-4.106252693286079891e-01
-4.132061989244247835e-01
-4.157984261098368606e-01
-4.184011899509100241e-01
-4.210137263213757919e-01
-4.236352630037203970e-01
-4.262650164969082334e-01
-4.289021928478750634e-01
-4.315459946014376102e-01
-4.341956339821113064e-01
-4.368503492136748823e-01
-4.395094187950069897e-01
-4.421721695745691738e-01
-4.448379777286282644e-01
-4.475062645643219650e-01
-4.501764899357357796e-01
-4.528481454390929639e-01
-4.555207485245735266e-01
-4.581938378731755801e-01
-4.608669699654729945e-01
-4.635397166132371183e-01
-4.662116632081472756e-01
-4.688824074798326746e-01
-4.715515586054773722e-01
-4.742187365579590974e-01
-4.768835716142767467e-01
-4.795457039712260339e-01
-4.822047834328383464e-01
-4.848604691460314808e-01
-4.875124293689193089e-01
-4.901603412615349042e-01
-4.928038906922266316e-01
-4.954427720552899150e-01
-4.980766880969112465e-01
-5.007053497474915904e-01
-5.033284759590673785e-01
-5.059457935469725554e-01
-5.085570370351660818e-01
-5.111619485048308764e-01
-5.137602774459728572e-01
-5.163517806118271825e-01
-5.189362218759305811e-01
-5.215133720917557447e-01
-5.240830089548237369e-01
-5.266449168672284742e-01
-5.291988868045164329e-01
-5.317447161848711801e-01
-5.342822087405592058e-01
-5.368111743915946477e-01
-5.393314291215846046e-01
-5.418427948557177354e-01
-5.443450993408601724e-01
-5.468381760277243320e-01
-5.493218639550764282e-01
-5.517960076359506028e-01
-5.542604569458357000e-01
-5.567150670128044876e-01
-5.591596981095529051e-01
-5.615942155473192532e-01
-5.640184895716532365e-01
-5.664323952600044398e-01
-5.688358124211014832e-01
-5.712286254960933229e-01
-5.736107234614233885e-01
-5.759819997334100217e-01
-5.783423520745042401e-01
-5.806916825011989580e-01
-5.830298971935621299e-01
-5.853569064063683935e-01
-5.876726243818030104e-01
-5.899769692637121254e-01
-5.922698630133753639e-01
-5.945512313267752313e-01
-5.968210035533396685e-01
-5.990791126161331137e-01
-6.013254949334733146e-01
-6.035600903419503505e-01
-6.057828420208246634e-01
-6.079936964177826697e-01
-6.101926031760265268e-01
-6.123795150626772932e-01
-6.145543878984698338e-01
-6.167171804887174869e-01
-6.188678545555273969e-01
-6.210063746712441990e-01
-6.231327081931031797e-01
-6.252468251990725978e-01
-6.273486984248656251e-01
-6.294383032021028113e-01
-6.315156173976063103e-01
-6.335806213538064391e-01
-6.356332978302431380e-01
-6.376736319461441260e-01
-6.397016111240614311e-01
-6.417172250345489770e-01
-6.437204655418645727e-01
-6.457113266506786520e-01
-6.476898044537733323e-01
-6.496558970807152500e-01
-6.516096046474864067e-01
-6.535509292070562637e-01
-6.554798747008800941e-01
-6.573964469113083853e-01
-6.593006534148908582e-01
-6.611925035365614489e-01
-6.630720083046892643e-01
-6.649391804069801903e-01
-6.667940341472158305e-01
-6.686365854028153421e-01
-6.704668515832062914e-01
-6.722848515889913168e-01
-6.740906057718965005e-01
-6.758841358954887912e-01
-6.776654650966497107e-01
-6.794346178477917997e-01
-6.811916199198061461e-01
-6.829364983457275606e-01
-6.846692813851066317e-01
-6.863899984890751149e-01
-6.880986802660941093e-01
-6.897953584483728084e-01
-6.914800658589463911e-01
-6.931528363794022818e-01
-6.948137049182429026e-01
-6.964627073798750345e-01
-6.980998806342140206e-01
-6.997252624868933735e-01
-7.013388916500682413e-01
-7.029408077138035171e-01
-7.045310511180359336e-01
-7.061096631251003730e-01
-7.076766857928110666e-01
-7.092321619480875805e-01
-7.107761351611161516e-01
-7.123086497200376010e-01
-7.138297506061522801e-01
-7.153394834696331639e-01
-7.168378946057385459e-01
-7.183250309315146742e-01
-7.198009399629815563e-01
-7.212656697927913863e-01
-7.227192690683530429e-01
-7.241617869704135568e-01
-7.255932731920886614e-01
-7.270137779183351023e-01
-7.284233518058560453e-01
-7.298220459634329194e-01
-7.312099119326750385e-01
-7.325870016691808928e-01
-7.339533675241026733e-01
-7.353090622261078124e-01
-7.366541388637297683e-01
-7.379886508681017254e-01
-7.393126519960657728e-01
-7.406261963136514526e-01
-7.419293381799166864e-01
-7.432221322311449718e-01
-7.445046333653919657e-01
-7.457768967273754601e-01
-7.470389776937029769e-01
-7.482909318584299863e-01
-7.495328150189431993e-01
-7.507646831621639372e-01
-7.519865924510641397e-01
-7.531985992114906825e-01
-7.544007599192915636e-01
-7.555931311877390755e-01
-7.567757697552444096e-01
-7.579487324733579223e-01
-7.591120762950500644e-01
-7.602658582632685347e-01
-7.614101354997653281e-01
-7.625449651941895723e-01
-7.636704045934412655e-01
-7.647865109912804771e-01
-7.658933417181879033e-01
-7.669909541314716694e-01
-7.680794056056164942e-01
-7.691587535228695538e-01
-7.702290552640597143e-01
-7.712903681996453598e-01
-7.723427496809861514e-01
-7.733862570318355001e-01
-7.744209475400481990e-01
-7.754468784495007760e-01
-7.764641069522190131e-01
-7.774726901807097468e-01
-7.784726852004925091e-01
-7.794641490028280106e-01
-7.804471384976381376e-01
-7.814217105066157965e-01
-7.823879217565191668e-01
-7.833458288726482532e-01
-7.842954883724990722e-01
-7.852369566595929218e-01
-7.861702900174768471e-01
-7.870955446038923053e-01
-7.880127764451080319e-01
-7.889220414304152218e-01
-7.898233953067804736e-01
-7.907168936736546083e-01
-7.916025919779330344e-01
-7.924805455090659922e-01
-7.933508093943144601e-01
-7.942134385941502783e-01
-7.950684878977960501e-01
-7.959160119189030436e-01
-7.967560650913644293e-01
-7.975887016652603023e-01
-7.984139757029328210e-01
-7.992319410751879127e-01
-8.000426514576218784e-01
-8.008461603270696783e-01
-8.016425209581728994e-01
-8.024317864200646300e-01
-8.032140095731686857e-01
-8.039892430661119693e-01
-8.047575393327458526e-01
-8.055189505892758062e-01
-8.062735288314968329e-01
-8.070213258321311534e-01
-8.077623931382680311e-01
-8.084967820689024087e-01
-8.092245437125701324e-01
-8.099457289250783232e-01
-8.106603883273287847e-01
-8.113685723032321162e-01
-8.120703309977109763e-01
-8.127657143147903884e-01
-8.134547719157733114e-01
-8.141375532174994767e-01
-8.148141073906859377e-01
-8.154844833583476671e-01
-8.161487297942958685e-01
-8.168068951217125617e-01
-8.174590275118006621e-01
-8.181051748825060033e-01
-8.187453848973118564e-01
-8.193797049641026176e-01
-8.200081822340958837e-01
-8.206308636008416979e-01
-8.212477956992865202e-01
-8.218590249049012586e-01
-8.224645973328716941e-01
-8.230645588373496357e-01
-8.236589550107636937e-01
-8.242478311831881177e-01
-8.248312324217684788e-01
-8.254092035302028618e-01
-8.259817890482771263e-01
-8.265490332514531246e-01
-8.271109801505085457e-01
-8.276676734912271627e-01
-8.282191567541383748e-01
-8.287654731543045994e-01
-8.293066656411558490e-01
-8.298427768983694941e-01
-8.303738493437952117e-01
-8.308999251294232335e-01
-8.314210461413946707e-01
-8.319372540000540273e-01
-8.324485900600410160e-01
-8.329550954104226745e-01
-8.334568108748631188e-01
-8.339537770118309323e-01
-8.344460341148428606e-01
-8.349336222127431428e-01
-8.354165810700169281e-01
-8.358949501871376642e-01
-8.363687688009470156e-01
-8.368380758850669787e-01
-8.373029101503423055e-01
-8.377633100453136805e-01
-8.382193137567199859e-01
-8.386709592100289878e-01
-8.391182840699958900e-01
-8.395613257412488650e-01
-8.400001213689006763e-01
-8.404347078391856130e-01
-8.408651217801212940e-01
-8.412913995621946750e-01
-8.417135772990707032e-01
-8.421316908483242880e-01
-8.425457758121935870e-01
-8.429558675383548305e-01
-8.433620011207177969e-01
-8.437642114002412708e-01
-8.441625329657673760e-01
-8.445570001548752259e-01
-8.449476470547526707e-01
-8.453345075030849198e-01
-8.457176150889609278e-01
-8.460970031537957681e-01
-8.464727047922688818e-01
-8.468447528532777602e-01
-8.472131799409061692e-01
-8.475780184154070307e-01
-8.479393003941986251e-01
-8.482970577528743394e-01
-8.486513221262249607e-01
-8.490021249092735145e-01
-8.493494972583215397e-01
-8.496934700920072414e-01
-8.500340740923741922e-01
-8.503713397059504686e-01
-8.507052971448380019e-01
-8.510359763878115880e-01
-8.513634071814268900e-01
-8.516876190411374337e-01
-8.520086412524200403e-01
-8.523265028719080316e-01
-8.526412327285325388e-01
-8.529528594246705842e-01
-8.532614113373004905e-01
-8.535669166191636181e-01
-8.538694031999323197e-01
-8.541688987873838901e-01
-8.544654308685804001e-01
-8.547590267110527495e-01
-8.550497133639909375e-01
-8.553375176594378848e-01
-8.556224662134881420e-01
-8.559045854274904830e-01
-8.561839014892540511e-01
-8.564604403742581695e-01
-8.567342278468651484e-01
-8.570052894615362016e-01
-8.572736505640498050e-01
-8.575393362927224983e-01
-8.578023715796317950e-01
-8.580627811518409809e-01
-8.583205895326255774e-01
-8.585758210427013593e-01
-8.588284998014531491e-01
-8.590786497281651668e-01
-8.593262945432513789e-01
-8.595714577694872904e-01
-8.598141627332411829e-01
-8.600544325657061284e-01
-8.602922902041313380e-01
-8.605277583930541763e-01
-8.607608596855305105e-01
-8.609916164443655040e-01
-8.612200508433429658e-01
-8.614461848684540346e-01
-8.616700403191245305e-01
-8.618916388094411962e-01
-8.621110017693762728e-01
-8.623281504460104108e-01
-8.625431059047541371e-01
-8.627558890305671024e-01
-8.629665205291753294e-01
-8.631750209282862407e-01
-8.633814105788015780e-01
-8.635857096560274337e-01
-8.637879381608819518e-01
-8.639881159211003636e-01
-8.641862625924369157e-01
-8.643823976598641323e-01
-8.645765404387687481e-01
-8.647687100761446422e-01
-8.649589255517823316e-01
-8.651472056794551335e-01
-8.653335691081019965e-01
-8.655180343230063356e-01
-8.657006196469714254e-01
-8.658813432414921296e-01
-8.660602231079224111e-01
-8.662372770886391793e-01
-8.664125228682021396e-01
-8.665859779745090918e-01
-8.667576597799473426e-01
-8.669275855025410094e-01
-8.670957722070933293e-01
-8.672622368063255260e-01
-8.674269960620101250e-01
-8.675900665861003835e-01
-8.677514648418549470e-01
-8.679112071449578414e-01
-8.680693096646335816e-01
-8.682257884247576163e-01
-8.683806593049617772e-01
-8.685339380417350652e-01
-8.686856402295193291e-01
-8.688357813217998382e-01
-8.689843766321908580e-01
-8.691314413355165636e-01
-8.692769904688859572e-01
-8.694210389327633459e-01
-8.695636014920332668e-01
-8.697046927770603064e-01
-8.698443272847435903e-01
-8.699825193795656109e-01
-8.701192832946365030e-01
-8.702546331327318807e-01
-8.703885828673262326e-01
-8.705211463436204333e-01
-8.706523372795634819e-01
-8.707821692668693547e-01
-8.709106557720279751e-01
-8.710378101373108528e-01
-8.711636455817709512e-01
-8.712881752022371140e-01
-8.714114119743028297e-01
-8.715333687533094453e-01
-8.716540582753239397e-01
-8.717734931581104796e-01
-8.718916859020972021e-01
-8.720086488913363354e-01
-8.721243943944596566e-01
-8.722389345656276216e-01
-8.723522814454727214e-01
-8.724644469620378429e-01
-8.725754429317081895e-01
-8.726852810601379851e-01
-8.727939729431712923e-01
-8.729015300677569478e-01
-8.730079638128582786e-01
-8.731132854503567131e-01
-8.732175061459496179e-01
-8.733206369600429175e-01
-8.734226888486372742e-01
-8.735236726642093830e-01
-8.736235991565869385e-01
-8.737224789738183839e-01
-8.738203226630363307e-01
-8.739171406713162060e-01
-8.740129433465283482e-01
-8.741077409381849961e-01
-8.742015435982812832e-01
-8.742943613821310134e-01
-8.743862042491962194e-01
-8.744770820639115039e-01
-8.745670045965027173e-01
-8.746559815237999747e-01
-8.747440224300448985e-01
-8.748311368076927552e-01
-8.749173340582084846e-01
-8.750026234928575120e-01
-8.750870143334907869e-01
-8.751705157133244928e-01
-8.752531366777144273e-01
-8.753348861849242768e-01
-8.754157731068888948e-01
-8.754958062299722510e-01
-8.755749942557193854e-01
