1.500060000000189575e-01
1.500060000000189575e-01
1.500059796830755243e-01
1.500059171019831605e-01
1.500057898944906487e-01
1.500055768460457628e-01
1.500052600138074843e-01
1.500048275568969247e-01
1.500042773142974128e-01
1.500036209782617536e-01
1.500028883399041335e-01
1.500021304597403959e-01
1.500014198518294928e-01
1.500008454862868101e-01
1.500005017737815194e-01
1.500004741566057787e-01
1.500008271818853434e-01
1.500016001009128463e-01
1.500028101588460061e-01
1.500044596393295682e-01
1.500065425591966262e-01
1.500090491415967953e-01
1.500119681522351367e-01
1.500152878922577648e-01
1.500189965239068779e-01
1.500230820974174650e-01
1.500275324527269027e-01
1.500323351002976757e-01
1.500374771634999660e-01
1.500429454355094727e-01
1.500487265546207039e-01
1.500548072473368855e-01
1.500611745481886250e-01
1.500678158919598881e-01
1.500747189918816837e-01
1.500818714634470641e-01
1.500892602185568692e-01
1.500968707222738174e-01
1.501046862528853387e-01
1.501126873163792785e-01
1.501208513331460381e-01
1.501291526498523543e-01
1.501375628568840936e-01
1.501460513348468473e-01
1.501545859254551640e-01
1.501631336239049042e-01
1.501716612148227825e-01
1.501801358123204533e-01
1.501885253060237790e-01
1.501967987486992340e-01
1.502049267380274611e-01
1.502128818397801269e-01
1.502206390729447505e-01
1.502281764364007122e-01
1.502354754128661374e-01
1.502425213514680669e-01
1.502493036170605978e-01
1.502558154116238331e-01
1.502620532248540308e-01
1.502680159517368330e-01
1.502737038055010910e-01
1.502791172253277741e-01
1.502842560006460160e-01
1.502891187941732820e-01
1.502937031535887813e-01
1.502980059845862026e-01
1.503020243483306484e-01
1.503057563691657106e-01
1.503092020083493519e-01
1.503123634834182543e-01
1.503152451911216048e-01
1.503178531153641917e-01
1.503201938447475128e-01
1.503222734460191445e-01
1.503240964969653204e-01
1.503256655512230922e-01
1.503269811972485492e-01
1.503280427208510683e-01
1.503288492296296630e-01
1.503294009823891164e-01
1.503297006060902996e-01
1.503297538868430538e-01
1.503295698959173643e-01
1.503291603549550548e-01
1.503285383348446635e-01
1.503277165712400831e-01
1.503267058022344504e-01
1.503255135412123744e-01
1.503241435853180097e-01
1.503225963690263955e-01
1.503208700660090824e-01
1.503189621733186099e-01
1.503168712073141011e-01
1.503145981098959749e-01
1.503121470111769276e-01
1.503095251244913333e-01
1.503067417524219518e-01
1.503038066188231159e-01
1.503007279406874397e-01
1.502975107403399790e-01
1.502941558366906738e-01
1.502906597696834490e-01
1.502870156747232733e-01
1.502832149066713197e-01
1.502792490605419362e-01
1.502751119627171172e-01
1.502708012144819694e-01
1.502663189636666563e-01
1.502616717630037846e-01
1.502568696252075953e-01
1.502519246437756528e-01
1.502468497248085344e-01
1.502416579933369412e-01
1.502363632830613360e-01
1.502309818440701050e-01
1.502255350921312682e-01
1.502200529429238429e-01
1.502145770612323405e-01
1.502091632330718740e-01
1.502038820775514483e-01
1.501988175103298184e-01
1.501940627811707007e-01
1.501897144753240043e-01
1.501858654193976295e-01
1.501825977445057636e-01
1.501799772924108933e-01
1.501780501418197855e-01
1.501768414702315535e-01
1.501763564664658768e-01
1.501765826991401931e-01
1.501774932437019150e-01
1.501790499246732635e-01
1.501812061802048903e-01
1.501839092609568993e-01
1.501871017053200974e-01
1.501907222515209694e-01
1.501947065040533658e-01
1.501989877221905356e-01
1.502034980311256485e-01
1.502081702037982580e-01
1.502129399774219110e-01
1.502177486966910502e-01
1.502225459357641457e-01
1.502272916527518931e-01
1.502319573944888298e-01
1.502365261367172300e-01
1.502409905550771141e-01
1.502453498678510135e-01
1.502496057810974173e-01
1.502537583463616488e-01
1.502578025790979044e-01
1.502617264629318716e-01
1.502655105850136397e-01
1.502691292622203023e-01
1.502725527347531786e-01
1.502757498538139780e-01
1.502786906563265412e-01
1.502813482831164837e-01
1.502836998588107931e-01
1.502857262162200225e-01
1.502874106824343692e-01
1.502887374561572287e-01
1.502896902751517383e-01
1.502902520229540406e-01
1.502904056763198215e-01
1.502901366477639999e-01
1.502894362357922176e-01
1.502883056160743691e-01
1.502867596034009323e-01
1.502848293013124836e-01
1.502825627866625768e-01
1.502800232303224404e-01
1.502772843703480687e-01
1.502744239368747903e-01
1.502715162369079593e-01
1.502686253665583560e-01
1.502658003029194167e-01
1.502630725530565425e-01
1.502604563689975692e-01
1.502579510118439987e-01
1.502555442628813187e-01
1.502532163097098916e-01
1.502509432151960533e-01
1.502486993650648806e-01
1.502464585768081284e-01
1.502441939203706944e-01
1.502418766783380488e-01
1.502394751379675930e-01
1.502369539529592457e-01
1.502342746251088546e-01
1.502313973232771993e-01
1.502282839034924655e-01
1.502249017023597477e-01
1.502212274670487457e-01
1.502172506550528974e-01
1.502129753078340624e-01
1.502084198389960212e-01
1.502036144439799215e-01
1.501985964124118444e-01
1.501934042386212642e-01
1.501880718193170927e-01
1.501826240067051788e-01
1.501770743652566242e-01
1.501714253663726517e-01
1.501656706896818683e-01
1.501597989211669593e-01
1.501537977582518280e-01
1.501476578053440869e-01
1.501413751468620161e-01
1.501349521400991704e-01
1.501283962985852372e-01
1.501217176812957854e-01
1.501149256960802036e-01
1.501080264583835033e-01
1.501010217088270537e-01
1.500939098545620576e-01
1.500866891471407671e-01
1.500793625136540854e-01
1.500719431874949217e-01
1.500644600348845226e-01
1.500569613466913310e-01
1.500495159342737361e-01
1.500422107511786007e-01
1.500351450095462058e-01
1.500284217195914926e-01
1.500221383881165937e-01
1.500163788831021805e-01
1.500112080735486186e-01
1.500066700028497568e-01
1.500027894402269912e-01
1.499995759785051896e-01
1.499970294950847272e-01
1.499951457025873458e-01
1.499939206038923278e-01
1.499933529145030253e-01
1.499934439532275843e-01
1.499941951178793975e-01
1.499956037171748524e-01
1.499976583788694418e-01
1.500003352963672210e-01
1.500035962080440988e-01
1.500073884240480937e-01
1.500116466766980017e-01
1.500162962251476995e-01
1.500212565069008741e-01
1.500264446377477245e-01
1.500317781636976155e-01
1.500371766516197525e-01
1.500425619787026654e-01
1.500478575216595833e-01
1.500529867656075211e-01
1.500578720243766484e-01
1.500624339113485750e-01
1.500665919540274951e-01
1.500702664197359759e-01
1.500733811246405258e-01
1.500758667820207559e-01
1.500776643028643997e-01
1.500787273844643999e-01
1.500790237428758500e-01
1.500785345319162190e-01
1.500772518905631459e-01
1.500751751101921383e-01
1.500723064160210951e-01
1.500686475753711668e-01
1.500641983641990418e-01
1.500589574329630471e-01
1.500529255244600901e-01
1.500461104846349536e-01
1.500385331301232472e-01
1.500302327762444432e-01
1.500212710933157001e-01
1.500117330414467431e-01
1.500017240790450235e-01
1.499913637024514190e-01
1.499807764620883221e-01
1.499700824787983944e-01
1.499593897185785563e-01
1.499487897577969631e-01
1.499383577642772747e-01
1.499281563750603508e-01
1.499182423732151048e-01
1.499086746130282866e-01
1.498995214386073527e-01
1.498908658422185014e-01
1.498828068895267651e-01
1.498754566253457654e-01
1.498689327615363442e-01
1.498633486500485223e-01
1.498588028549089346e-01
1.498553706588982015e-01
1.498530990885540981e-01
1.498520059262795912e-01
1.498520821915847179e-01
1.498532969871015363e-01
1.498556034185010155e-01
1.498589443744480776e-01
1.498632571751357667e-01
1.498684764287870896e-01
1.498745348809841227e-01
1.498813625635935509e-01
1.498888850134608985e-01
1.498970215560143926e-01
1.499056845397740145e-01
1.499147800344357295e-01
1.499242100485770890e-01
1.499338759430186852e-01
1.499436824701265714e-01
1.499535417338500320e-01
1.499633763090824079e-01
1.499731208016018835e-01
1.499827213390287350e-01
1.499921329056176922e-01
1.500013150013916607e-01
1.500102266098557457e-01
1.500188216556096465e-01
1.500270459246521859e-01
1.500348359279359833e-01
1.500421196535459967e-01
1.500488187637030457e-01
1.500548516030385249e-01
1.500601363494300788e-01
1.500645936993465213e-01
1.500681486177225799e-01
1.500707309154016567e-01
1.500722747475854157e-01
1.500727174881135717e-01
1.500719986941256301e-01
1.500700599136448321e-01
1.500668458874464262e-01
1.500623073492948767e-01
1.500564052565118711e-01
1.500491159512839789e-01
1.500404364629102372e-01
1.500303889094984355e-01
1.500190228101383194e-01
1.500064142286146041e-01
1.499926611981120261e-01
1.499778758241530063e-01
1.499621745407626605e-01
1.499456687090923723e-01
1.499284577210618086e-01
1.499106260268189550e-01
1.498922444292468126e-01
1.498733750151767796e-01
1.498540784378119273e-01
1.498344219102169805e-01
1.498144861253529747e-01
1.497943693830131040e-01
1.497741876028517438e-01
1.497540697622529171e-01
1.497341495327739191e-01
1.497145550895501720e-01
1.496953996782557639e-01
1.496767752348448222e-01
1.496587503448930101e-01
1.496413726111769926e-01
1.496246745239437348e-01
1.496086813610186805e-01
1.495934194088775482e-01
1.495789227748169914e-01
1.495652372478603886e-01
1.495524201684380883e-01
1.495405361590863846e-01
1.495296497026396831e-01
1.495198165144127900e-01
1.495110759818835122e-01
1.495034464837510790e-01
1.494969244218244675e-01
1.494914867770650579e-01
1.494870962774425549e-01
1.494837079128290003e-01
1.494812754499655616e-01
1.494797566850384618e-01
1.494791164159935681e-01
1.494793265873245736e-01
1.494803637727246393e-01
1.494822049592496593e-01
1.494848231665013016e-01
1.494881844998659504e-01
1.494922477749726919e-01
1.494969671023779756e-01
1.495022970909243298e-01
1.495081997808598018e-01
1.495146520506050458e-01
1.495216519981403813e-01
1.495292227045899869e-01
1.495374119938410185e-01
1.495462874837695522e-01
1.495559273722196214e-01
1.495664086612884802e-01
1.495777953160720430e-01
1.495901287635220400e-01
1.496034222418964055e-01
1.496176593087099882e-01
1.496327958340181730e-01
1.496487642966911058e-01
1.496654791178263499e-01
1.496828419335708704e-01
1.497007459865587198e-01
1.497190791440307367e-01
1.497377254228258459e-01
1.497565652844372319e-01
1.497754752649247401e-01
1.497943276155449255e-01
1.498129905130377026e-01
1.498313291277470760e-01
1.498492075437922177e-01
1.498664913043238345e-01
1.498830502269557496e-01
1.498987610724038799e-01
1.499135096315371285e-01
1.499271918399908143e-01
1.499397136830378507e-01
1.499509899436715366e-01
1.499609422189858987e-01
1.499694969383998100e-01
1.499765842073925159e-01
1.499821381224164529e-01
1.499860988432893671e-01
1.499884163084344857e-01
1.499890551225245283e-01
1.499879998412826099e-01
1.499852596085836653e-01
1.499808709132118001e-01
1.499748972735224783e-01
1.499674251111209056e-01
1.499585559892038233e-01
1.499483965188128931e-01
1.499370480722891641e-01
1.499245985446892304e-01
1.499111177299506381e-01
1.498966568071851413e-01
1.498812514450595379e-01
1.498649273989489661e-01
1.498477071961937523e-01
1.498296164586054025e-01
1.498106885286238643e-01
1.497909663920837520e-01
1.497705015145931740e-01
1.497493501001073701e-01
1.497275681806696235e-01
1.497052074598688165e-01
1.496823137006518534e-01
1.496589287507577026e-01
1.496350963684162372e-01
1.496108711567519511e-01
1.495863292443553039e-01
1.495615788133534130e-01
1.495367681547441485e-01
1.495120887843058299e-01
1.494877716119178968e-01
1.494640754856204068e-01
1.494412694578235168e-01
1.494196120806715045e-01
1.493993319471914050e-01
1.493806130724233683e-01
1.493635869575968278e-01
1.493483312371763072e-01
1.493348734511476539e-01
1.493231979535800946e-01
1.493132540732811098e-01
1.493049640695065239e-01
1.492982299506879496e-01
1.492929387521902962e-01
1.492889663667031075e-01
1.492861804348882271e-01
1.492844430441583603e-01
1.492836139820107599e-01
1.492835550679345313e-01
1.492841357430836902e-01
1.492852397230496342e-01
1.492867721381008761e-01
1.492886661628482492e-01
1.492908876663249229e-01
1.492934360083073286e-01
1.492963390381169819e-01
1.492996409389049373e-01
1.493033829107984767e-01
1.493075784311138632e-01
1.493121861845878029e-01
1.493170840307464775e-01
1.493220465318293444e-01
1.493267272549115010e-01
1.493306461056237711e-01
1.493331817884534229e-01
1.493335700238153096e-01
1.493309089242800536e-01
1.493241733636993807e-01
1.493122397762737807e-01
1.492939213963914713e-01
1.492680117519585015e-01
1.492333319892271137e-01
1.491887762719457944e-01
1.491333496994875218e-01
1.490661948772517009e-01
1.489866057475745520e-01
1.488940296331446866e-01
1.487880600030031253e-01
1.486684230618079972e-01
1.485349610811546039e-01
1.483876147816759195e-01
1.482264063449345304e-01
1.480514239784797570e-01
1.478628084579834412e-01
1.476607417350608020e-01
1.474454375003452500e-01
1.472171334908363716e-01
1.469760852940817097e-01
1.467225614030578940e-01
1.464568392966139887e-01
1.461792023496275017e-01
1.458899374079702382e-01
1.455893328924849350e-01
1.452776773218607542e-01
1.449552581660946415e-01
1.446223609602556581e-01
1.442792686229200094e-01
1.439262609354045319e-01
1.435636141472844685e-01
1.431916006810824704e-01
1.428104889148460177e-01
1.424205430259089522e-01
1.420220228827233644e-01
1.416151839744601570e-01
1.412002773702790981e-01
1.407775497018935174e-01
1.403472431644059715e-01
1.399095955314502704e-01
1.394648401815057892e-01
1.390132061329014956e-01
1.385549180855388529e-01
1.380901964677621607e-01
1.376192574871181462e-01
1.371423131839869247e-01
1.366595714872499978e-01
1.361712362712932112e-01
1.356775074137299697e-01
1.351785808532723621e-01
1.346746486471708248e-01
1.341658990275774455e-01
1.336525164560452839e-01
1.331346816751270423e-01
1.326125717556361494e-01
1.320863601375117935e-01
1.315562166612835038e-01
1.310223075857061825e-01
1.304847955850094721e-01
1.299438397160533609e-01
1.293995953410606581e-01
1.288522139849192505e-01
1.283018430966189061e-01
1.277486256715728297e-01
1.271926996752881511e-01
1.266341971907474773e-01
1.260732431978762724e-01
1.255099538984183472e-01
1.249444345536527001e-01
1.243767769550555152e-01
1.238070569526689702e-01
1.232353329147924254e-01
1.226616463880286362e-01
1.220860261048318934e-01
1.215084954006756673e-01
1.209290813462657183e-01
1.203478227571502246e-01
1.197647748038733889e-01
1.191800097327065655e-01
1.185936147491800097e-01
1.180056885914484016e-01
1.174163379798098400e-01
1.168256745653717676e-01
1.162338125686981499e-01
1.156408670684071632e-01
1.150469528143214654e-01
1.144521834306076735e-01
1.138566708951640194e-01
1.132605252088936670e-01
1.126638541930029130e-01
1.120667633715128481e-01
1.114693559099770026e-01
1.108717325910102136e-01
1.102739918137701641e-01
1.096762296089120736e-01
1.090785396634434135e-01
1.084810133518243208e-01
1.078837397709204310e-01
1.072868057772430744e-01
1.066902960254538929e-01
1.060942930074670332e-01
1.054988770917143076e-01
1.049041265622917690e-01
1.043101176578059563e-01
1.037169246098036818e-01
1.031246196807122512e-01
1.025332732012452508e-01
1.019429536072476855e-01
1.013537274759662155e-01
1.007656595617383716e-01
1.001788128310998338e-01
9.959324849731213125e-02
9.900902605431557979e-02
9.842620331011341095e-02
9.784483641959418332e-02
9.726497991679992905e-02
9.668668674664793183e-02
9.611000829611421326e-02
9.553499442488679050e-02
9.496169349549682392e-02
9.439015240293575915e-02
9.382041660376648495e-02
9.325253014473643132e-02
9.268653569090047617e-02
9.212247455326133538e-02
9.156038671593520750e-02
9.100031086285005621e-02
9.044228440398405233e-02
8.988634350115147498e-02
8.933252309334324681e-02
8.878085692162919484e-02
8.823137755362910062e-02
8.768411640755933989e-02
8.713910377586193967e-02
8.659636884842272786e-02
8.605593973538512576e-02
8.551784348956610604e-02
8.498210612848065837e-02
8.444875265598107694e-02
8.391780708351721796e-02
8.338929245102380539e-02
8.286323084744087741e-02
8.233964343087318838e-02
8.181855044839440871e-02
8.129997125550184056e-02
8.078392433522733895e-02
8.027042731690992028e-02
7.975949699463559528e-02
7.925114934534972788e-02
7.874539954664734609e-02
7.824226199424648420e-02
7.774175031914978828e-02
7.724387740449942252e-02
7.674865540213025861e-02
7.625609574882628861e-02
7.576620918228499368e-02
7.527900575679455364e-02
7.479449485862849079e-02
7.431268522116241115e-02
7.383358493971732550e-02
7.335720148613411595e-02
7.288354172308345036e-02
7.241261191811551590e-02
7.194441775745384626e-02
7.147896435953750294e-02
7.101625628831555181e-02
7.055629756629817895e-02
7.009909168736820628e-02
6.964464162935711522e-02
6.919294986638938050e-02
6.874401838099900020e-02
6.829784867602189946e-02
6.785444178626803824e-02
6.741379828997670631e-02
6.697591832005882206e-02
6.654080157512953786e-02
6.610844733033476028e-02
6.567885444797504080e-02
6.525202138793009810e-02
6.482794621788742773e-02
6.440662662337812150e-02
6.398805991762324119e-02
6.357224305119384133e-02
6.315917262148777744e-02
6.274884488202642219e-02
6.234125575157418997e-02
6.193640082308395078e-02
6.153427537247125462e-02
6.113487436722015583e-02
6.073819247482357964e-02
6.034422407106098535e-02
5.995296324811603961e-02
5.956440382253704036e-02
5.917853934304275615e-02
5.879536309817627593e-02
5.841486812380948523e-02
5.803704721050064602e-02
5.766189291070764056e-02
5.728939754585931493e-02
5.691955321328730916e-02
5.655235179302082332e-02
5.618778495444658183e-02
5.582584416283638273e-02
5.546652068574443178e-02
5.510980559927675104e-02
5.475568979423481308e-02
5.440416398213558657e-02
5.405521870111015814e-02
5.370884432168292200e-02
5.336503105243352307e-02
5.302376894554350351e-02
5.268504790222965084e-02
5.234885767806606721e-02
5.201518788819682604e-02
5.168402801244115219e-02
5.135536740029301300e-02
5.102919527581691733e-02
5.070550074244176836e-02
5.038427278765455347e-02
5.006550028759559900e-02
4.974917201155713148e-02
4.943527662638688008e-02
4.912380270079830247e-02
4.881473870958917549e-02
4.850807303777009832e-02
4.820379398460455239e-02
4.790188976756203088e-02
4.760234852618581286e-02
4.730515832587689484e-02
4.701030716159557837e-02
4.671778296148212939e-02
4.642757359039802884e-02
4.613966685338917462e-02
4.585405049907247815e-02
4.557071222294716006e-02
4.528963967063218132e-02
4.501082044103107971e-02
4.473424208942554381e-02
4.445989213049901523e-02
4.418775804129154716e-02
4.391782726408720999e-02
4.365008720923526514e-02
4.338452525790626596e-02
4.312112876478430695e-02
4.285988506069660781e-02
4.260078145518151477e-02
4.234380523899609894e-02
4.208894368656445478e-02
4.183618405836774662e-02
4.158551360327712720e-02
4.133691956083058311e-02
4.109038916345466447e-02
4.084590963863223706e-02
4.060346821101717962e-02
4.036305210449701170e-02
4.012464854420447896e-02
3.988824475847900508e-02
3.965382798077894677e-02
3.942138545154559581e-02
3.919090442001983005e-02
3.896237214601229459e-02
3.873577590162799456e-02
3.851110297294618040e-02
3.828834066165633793e-02
3.806747628665116401e-02
3.784849718557727061e-02
3.763139071634454685e-02
3.741614425859482451e-02
3.720274521513075583e-02
3.699118101330558378e-02
3.678143910637458880e-02
3.657350697480897528e-02
3.636737212757287091e-02
3.616302210336421602e-02
3.596044447182018128e-02
3.575962683468788400e-02
3.556055682696099979e-02
3.536322211798299114e-02
3.516761041251761921e-02
3.497370945178731455e-02
3.478150701448012166e-02
3.459099091772580015e-02
3.440214901804171388e-02
3.421496921224907034e-02
3.402943943836015533e-02
3.384554767643711132e-02
3.366328194942286994e-02
3.348263032394471761e-02
3.330358091109116708e-02
3.312612186716255153e-02
3.295024139439597932e-02
3.277592774166512846e-02
3.260316920515537314e-02
3.243195412901479086e-02
3.226227090598152852e-02
3.209410797798802756e-02
3.192745383674255866e-02
3.176229702428857993e-02
3.159862613354234850e-02
3.143642980880925752e-02
3.127569674627935642e-02
3.111641569450245351e-02
3.095857545484327622e-02
3.080216488191709484e-02
3.064717288400623657e-02
3.049358842345787496e-02
3.034140051706352495e-02
3.019059823642063212e-02
3.004117070827662384e-02
2.989310711485583180e-02
2.974639669416965018e-02
2.960102874031027981e-02
2.945699260372845393e-02
2.931427769149546822e-02
2.917287346754987923e-02
2.903276945292921837e-02
2.889395522598703012e-02
2.875642042259561257e-02
2.862015473633472418e-02
2.848514791866663814e-02
2.835138977909779437e-02
2.821887018532740626e-02
2.808757906338330348e-02
2.795750639774529506e-02
2.782864223145635474e-02
2.770097666622192700e-02
2.757449986249761037e-02
2.744920203956549565e-02
2.732507347559944358e-02
2.720210450771955515e-02
2.708028553203610175e-02
2.695960700368315449e-02
2.684005943684217993e-02
2.672163340475583806e-02
2.660431953973223240e-02
2.648810853313984109e-02
2.637299113539335119e-02
2.625895815593065966e-02
2.614600046318121124e-02
2.603410898452594713e-02
2.592327470624903804e-02
2.581348867348163406e-02
2.570474199013783601e-02
2.559702581884308603e-02
2.549033138085516834e-02
2.538464995597804891e-02
2.527997288246870006e-02
2.517629155693713872e-02
2.507359743423983808e-02
2.497188202736669305e-02
2.487113690732174059e-02
2.477135370299778094e-02
2.467252410104508673e-02
2.457463984573436677e-02
2.447769273881413715e-02
2.438167463936266946e-02
2.428657746363468289e-02
2.419239318490290849e-02
2.409911383329470247e-02
2.400673149562385783e-02
2.391523831521772184e-02
2.382462649173982400e-02
2.373488828100809092e-02
2.364601599480883887e-02
2.355800200070663764e-02
2.347083872185020195e-02
2.338451863677444217e-02
2.329903427919876105e-02
2.321437823782178042e-02
2.313054315611257766e-02
2.304752173209855329e-02
2.296530671815006849e-02
2.288389092076194634e-02
2.280326720033195101e-02
2.272342847093637014e-02
2.264436770010278682e-02
2.256607790858015591e-02
2.248855217010628516e-02
2.241178361117283566e-02
2.233576541078790764e-02
2.226049080023635024e-02
2.218595306283785429e-02
2.211214553370293226e-02
2.203906159948688590e-02
2.196669469814183789e-02
2.189503831866692132e-02
2.182408600085669614e-02
2.175383133504791081e-02
2.168426796186464361e-02
2.161538957196194183e-02
2.154718990576801052e-02
2.147966275322504837e-02
2.141280195352879279e-02
2.134660139486683345e-02
2.128105501415580511e-02
2.121615679677747723e-02
2.115190077631386167e-02
2.108828103428134898e-02
2.102529169986399812e-02
2.096292694964599010e-02
2.090118100734333906e-02
2.084004814353490609e-02
2.077952267539278849e-02
2.071959896641212967e-02
2.066027142614041204e-02
2.060153450990628160e-02
2.054338271854797698e-02
2.048581059814138725e-02
2.042881273972780437e-02
2.037238377904143638e-02
2.031651839623669492e-02
2.026121131561533367e-02
2.020645730535346879e-02
2.015225117722854731e-02
2.009858778634626350e-02
2.004546203086753076e-02
1.999286885173548467e-02
1.994080323240261104e-02
1.988926019855800573e-02
1.983823481785481832e-02
1.978772219963792489e-02
1.973771749467184006e-02
1.968821589486894480e-02
1.963921263301803000e-02
1.959070298251319384e-02
1.954268225708315557e-02
1.949514581052098558e-02
1.944808903641430040e-02
1.940150736787593297e-02
1.935539627727514769e-02
1.930975127596938970e-02
1.926456791403661356e-02
1.921984178000821220e-02
1.917556850060259457e-02
1.913174374045939832e-02
1.908836320187440316e-02
1.904542262453513823e-02
1.900291778525723535e-02
1.896084449772151778e-02
1.891919861221187660e-02
1.887797601535394151e-02
1.883717262985457053e-02
1.879678441424217916e-02
1.875680736260793013e-02
1.871723750434779385e-02
1.867807090390551095e-02
1.863930366051646387e-02
1.860093190795249207e-02
1.856295181426763016e-02
1.852535958154484172e-02
1.848815144564370724e-02
1.845132367594911477e-02
1.841487257512096354e-02
1.837879447884489120e-02
1.834308575558402793e-02
1.830774280633180873e-02
1.827276206436584741e-02
1.823813999500287913e-02
1.820387309535479586e-02
1.816995789408576770e-02
1.813639095117049183e-02
1.810316885765353087e-02
1.807028823540980308e-02
1.803774573690619665e-02
1.800553804496433236e-02
1.797366187252448511e-02
1.794211396241066070e-02
1.791089108709684533e-02
1.787999004847443466e-02
1.784940767762084254e-02
1.781914083456931711e-02
1.778918640807992946e-02
1.775954131541178371e-02
1.773020250209643434e-02
1.770116694171251087e-02
1.767243163566156738e-02
1.764399361294516355e-02
1.761584992994315313e-02
1.758799767019323529e-02
1.756043394417171333e-02
1.753315588907550931e-02
1.750616066860542080e-02
1.747944547275062654e-02
1.745300751757442384e-02
1.742684404500124268e-02
1.740095232260489497e-02
1.737532964339808320e-02
1.734997332562317543e-02
1.732488071254422238e-02
1.730004917224024774e-02
1.727547609739979451e-02
1.725115890511673064e-02
1.722709503668732461e-02
1.720328195740856297e-02
1.717971715637776550e-02
1.715639814629342508e-02
1.713332246325733818e-02
1.711048766657797399e-02
1.708789133857512368e-02
1.706553108438579880e-02
1.704340453177139586e-02
1.702150933092611354e-02
1.699984315428662227e-02
1.697840369634299670e-02
1.695718867345090766e-02
1.693619582364504911e-02
1.691542290645382113e-02
1.689486770271526883e-02
1.687452801439425984e-02
1.685440166440089690e-02
1.683448649641018993e-02
