3.666709744720719755e-07 2.212780358945565240e-08 1.149759043528320035e-07
-5.382189101510448381e-06 -2.228315976182670965e-09 4.635734512703493237e-06
-5.599539756774902344e+00 1.355103254318237305e-01 1.738436698913574219e+00
-3.854833841323852539e+00 9.996306896209716797e-02 1.197638869285583496e+00
-3.585951805114746094e+00 1.116765812039375305e-01 1.106811761856079102e+00
-3.030574560165405273e+00 1.217076480388641357e-01 9.168751239776611328e-01
-2.437203884124755859e+00 1.321427375078201294e-01 7.096102237701416016e-01
-1.884855985641479492e+00 1.420025676488876343e-01 5.137994289398193359e-01
-1.505006790161132812e+00 1.527572274208068848e-01 3.748199343681335449e-01
-1.080851197242736816e+00 1.596592366695404053e-01 2.221908122301101685e-01
-6.620431542396545410e-01 1.625815480947494507e-01 7.362510263919830322e-02
-3.979426026344299316e-01 1.644220799207687378e-01 -2.009355835616588593e-02
-2.083610594272613525e-01 1.648340672254562378e-01 -8.657498657703399658e-02
1.193573251366615295e-01 1.599590033292770386e-01 -1.983048617839813232e-01
5.443355441093444824e-01 1.492989957332611084e-01 -3.402322232723236084e-01
5.449596047401428223e-01 1.423311233520507812e-01 -3.325019180774688721e-01
5.232211351394653320e-01 1.360380500555038452e-01 -3.173002004623413086e-01
5.078507661819458008e-01 1.302289664745330811e-01 -3.047116994857788086e-01
4.977208375930786133e-01 1.247759982943534851e-01 -2.943045198917388916e-01
4.905216097831726074e-01 1.197325363755226135e-01 -2.852137982845306396e-01
4.910407662391662598e-01 1.151296049356460571e-01 -2.791207134723663330e-01
4.660914540290832520e-01 1.095151379704475403e-01 -2.643633186817169189e-01
4.734556674957275391e-01 1.071486622095108032e-01 -2.613434195518493652e-01
3.905317187309265137e-01 1.032613590359687805e-01 -2.267590761184692383e-01
-1.007598876953125000e+00 8.933532238006591797e-02 2.697843611240386963e-01
-6.293332576751708984e-01 1.004853025078773499e-01 1.280757635831832886e-01
1.526795387268066406e+00 1.431940048933029175e-01 -6.391373872756958008e-01
2.681604194641113281e+01 -3.845975399017333984e+00 -9.766465187072753906e+00
1.513345813751220703e+01 2.697235584259033203e+00 -5.264620304107666016e+00
1.355064773559570312e+01 3.193772315979003906e+00 -4.822080612182617188e+00
1.122372150421142578e+01 2.584174633026123047e+00 -4.324193954467773438e+00
8.477166175842285156e+00 1.934729814529418945e+00 -3.749930381774902344e+00
-1.998890304565429688e+01 -3.003558397293090820e+00 5.915936470031738281e+00
-7.077024579048156738e-01 3.946617841720581055e-01 -1.422030180692672729e-01
1.455205678939819336e-01 4.770509600639343262e-01 -4.293715655803680420e-01
-2.648209571838378906e+01 -7.021077871322631836e-01 9.255065917968750000e+00
-1.174067020416259766e+01 -1.352138876914978027e+00 4.180887222290039062e+00
1.322559110121801496e-04 2.363689054618589580e-05 -3.992078563896939158e-05
-9.475281089544296265e-02 -6.541349925100803375e-03 3.549075499176979065e-02
9.457360953092575073e-02 6.619070190936326981e-03 -3.564061969518661499e-02
2.139241248369216919e-01 1.848222501575946808e-02 -7.963564246892929077e-02
-3.246656417846679688e+00 -2.915446758270263672e-01 1.218104720115661621e+00
8.666992783546447754e-01 8.451943099498748779e-02 -3.301879763603210449e-01
9.074727445840835571e-02 1.082630176097154617e-02 -3.583889082074165344e-02
1.544720292091369629e+00 1.545943468809127808e-01 -5.942784547805786133e-01
5.236839294433593750e+00 5.312763452529907227e-01 -2.026035547256469727e+00
-4.724330902099609375e+00 -4.825559556484222412e-01 1.835736870765686035e+00
8.520541450707241893e-05 9.371266969537828118e-06 -2.955330455733928829e-05
-2.055822506008553319e-06 1.505819182057166472e-05 4.927603185933548957e-06
-4.527762030193116516e-06 2.134238002327037975e-06 -9.102850526687689126e-06
1.790965825421153568e-06 -1.805181273084599525e-05 6.853585546195972711e-06
-2.345397433600737713e-06 -2.811096919685951434e-07 -1.096964297175873071e-06
-5.043566925451159477e-04 -1.131892422563396394e-04 1.857038878370076418e-04
4.921247600577771664e-04 1.323582837358117104e-04 -1.749667717376723886e-04
4.328200340270996094e+00 9.614481925964355469e-01 -1.610429883003234863e+00
-4.331681728363037109e+00 -9.468457102775573730e-01 1.612986326217651367e+00
-6.324128061532974243e-02 -7.064998149871826172e-03 2.637713961303234100e-02
3.208586946129798889e-02 2.567289862781763077e-03 -1.383862644433975220e-02
1.616547815501689911e-02 3.345022443681955338e-03 -6.197615526616573334e-03
-4.335528239607810974e-02 -2.635524433571845293e-04 2.000864036381244659e-02
4.148802533745765686e-02 -2.335185563424602151e-04 -1.940101943910121918e-02
1.651631444692611694e-01 -1.252139061689376831e-01 -1.089759171009063721e-01
-1.244902908802032471e-01 1.273224651813507080e-01 9.151631593704223633e-02
2.195316791534423828e+00 5.416148900985717773e-01 -8.186751604080200195e-01
-2.220011949539184570e+00 -5.297676920890808105e-01 8.343437910079956055e-01
-1.758966684341430664e+00 -6.257010698318481445e-01 5.979135632514953613e-01
1.270672416687011719e+01 1.737595915794372559e+00 -5.302728176116943359e+00
-1.096135330200195312e+01 -1.114692807197570801e+00 4.674993515014648438e+00
2.350264072418212891e+00 6.176462769508361816e-01 -8.762630820274353027e-01
-2.344455003738403320e+00 -6.110749840736389160e-01 8.759917616844177246e-01
6.400725841522216797e-01 1.630366295576095581e-01 -2.385403364896774292e-01
-4.464914798736572266e-01 -1.330737918615341187e-01 1.574171185493469238e-01
-3.480190038681030273e-02 -2.633024705573916435e-03 1.550339069217443466e-02
-2.205251306295394897e-01 -4.641981422901153564e-02 8.888258039951324463e-02
4.555251449346542358e-02 6.654690485447645187e-03 -1.972109079360961914e-02
1.684393733739852905e-02 4.805476870387792587e-03 -6.236533634364604950e-03
-6.145469844341278076e-03 -1.555933500640094280e-03 2.335443394258618355e-03
-1.656393171288073063e-03 -4.784894699696451426e-04 6.104229832999408245e-04
-4.533657338470220566e-04 -1.562776451464742422e-04 1.549878070363774896e-04
-1.475500612286850810e-04 -4.508387064561247826e-05 5.457613224280066788e-05
-4.933062882628291845e-05 -1.265823357243789360e-05 1.504898409621091560e-05
-5.063638582214480266e-06 3.765434939850820228e-06 2.006455588343669660e-06
1.174064163933508098e-05 -2.467474223522003740e-05 -1.371037251374218613e-05
-8.767239705775864422e-06 1.213648738485062495e-05 2.644678943397593684e-06
-1.960185727511998266e-06 2.626106379466364160e-06 6.494510216725757346e-06
-1.279362641071202233e-05 3.896352154697524384e-06 2.334877990506356582e-06
1.194480591948376969e-05 4.242697286827024072e-06 -4.335518042353214696e-06
6.886340088385622948e-06 7.864556209824513644e-06 -2.445739482936915010e-06
-2.186229721701238304e-05 -2.441234391881152987e-05 -2.096517391692032106e-06
-4.582345718517899513e-04 -1.778872392605990171e-04 1.462024520151317120e-04
4.022265598177909851e-02 2.525991015136241913e-02 -1.049056928604841232e-02
-4.911791533231735229e-02 -2.875181101262569427e-02 1.323539763689041138e-02
3.501686811447143555e+00 8.735176324844360352e-01 -1.323984861373901367e+00
2.739493608474731445e+00 6.902024745941162109e-01 -1.031312584877014160e+00
2.049508571624755859e+00 5.309311151504516602e-01 -7.715214490890502930e-01
1.497335910797119141e+00 4.064540863037109375e-01 -5.667091012001037598e-01
1.054572701454162598e+00 3.078896105289459229e-01 -4.042745828628540039e-01
6.988157033920288086e-01 2.292311638593673706e-01 -2.747213542461395264e-01
4.525183141231536865e-01 1.499446630477905273e+00 1.133323550224304199e+00
-3.132110834121704102e+00 -1.993627190589904785e+00 -2.032150924205780029e-01
-2.287391853332519531e+01 -7.952765941619873047e+00 7.676652908325195312e+00
-1.301691532135009766e+01 8.923248052597045898e-01 7.239001750946044922e+00
-1.264172935485839844e+01 -2.751849651336669922e+00 2.895774602890014648e+00
2.096423530578613281e+01 6.370475292205810547e+00 -7.574787616729736328e+00
1.244251060485839844e+01 1.856797575950622559e+00 -4.762637138366699219e+00
1.249751091003417969e+01 1.913112044334411621e+00 -4.606065273284912109e+00
3.590289115905761719e+00 1.243245124816894531e+00 -1.168085217475891113e+00
1.862896919250488281e+00 4.688366949558258057e-01 -6.556593179702758789e-01
2.962847709655761719e+00 3.051619529724121094e-01 -1.183459997177124023e+00
4.375677108764648438e+00 1.526865720748901367e+00 -1.353957891464233398e+00
3.510884523391723633e+00 9.848567843437194824e-01 -1.224169373512268066e+00
-2.227764892578125000e+01 -6.411779403686523438e+00 6.951602458953857422e+00
-8.445881843566894531e+00 7.706527113914489746e-01 3.649554014205932617e+00
-6.545944690704345703e+00 3.428606748580932617e+00 7.012646198272705078e+00
1.788846850395202637e+00 -4.795783042907714844e+00 -5.565122604370117188e+00
7.311562538146972656e+00 -2.423567771911621094e-01 -1.203339695930480957e+00
3.259824514389038086e+00 4.683972835540771484e+00 -2.708781003952026367e+00
8.146968483924865723e-01 -2.555628538131713867e+00 -7.876344919204711914e-01
4.820697784423828125e+00 7.614859938621520996e-01 -2.912055492401123047e+00
-5.432516574859619141e+00 -6.043455004692077637e-02 2.571753263473510742e+00
4.068027019500732422e+00 -7.026216387748718262e-01 1.420425772666931152e+00
1.737965464591979980e+00 3.399082422256469727e-01 -3.623265266418457031e+00
2.850415110588073730e-01 1.105120480060577393e-01 -1.151354551315307617e+00
5.429143309593200684e-01 3.251697063446044922e+00 4.682660579681396484e+00
1.060011506080627441e+00 -3.084419488906860352e+00 -4.401071548461914062e+00
-1.875901341438293457e+00 -1.587977707386016846e-01 -1.022781848907470703e+00
-1.418507289886474609e+01 -1.833893060684204102e+00 7.940050601959228516e+00
1.405142021179199219e+01 5.890681743621826172e+00 -2.720599412918090820e+00
2.270085334777832031e+00 -4.301158905029296875e+00 -5.605814933776855469e+00
-2.140476703643798828e+00 4.842717945575714111e-01 -5.103388428688049316e-01
6.146841049194335938e+00 -2.149197816848754883e+00 -2.224496364593505859e+00
-1.442308306694030762e+00 1.003211212158203125e+01 9.795702934265136719e+00
-3.455802679061889648e+00 -7.932340145111083984e+00 -6.568808078765869141e+00
-1.033670711517333984e+01 9.574817419052124023e-01 5.261385917663574219e+00
1.074738407135009766e+01 3.452907800674438477e+00 -4.175788402557373047e+00
-7.320055484771728516e+00 -3.644046545028686523e+00 3.693487644195556641e+00
6.854618549346923828e+00 -2.134799718856811523e+00 -5.255796432495117188e+00
-9.799735069274902344e+00 6.224703311920166016e+00 7.244996070861816406e+00
9.028356552124023438e+00 -5.697471618652343750e+00 -6.859182357788085938e+00
-2.477832078933715820e+00 -4.160514771938323975e-01 -9.899401068687438965e-01
3.510677814483642578e+00 -3.292389392852783203e+00 7.157672405242919922e+00
8.503413796424865723e-01 2.516848802566528320e+00 -6.335347652435302734e+00
-2.099840641021728516e+00 8.021035790443420410e-01 -1.344573140144348145e+00
1.247772812843322754e+00 -4.091879427433013916e-01 -2.464038610458374023e+00
2.342000722885131836e+00 -6.874816417694091797e-01 -1.850543022155761719e+00
-8.387754440307617188e+00 1.845080137252807617e+00 1.203752136230468750e+01
5.636708259582519531e+00 -1.089338064193725586e+00 -7.699634552001953125e+00
-3.704598426818847656e+00 8.492459654808044434e-01 8.107548207044601440e-02
8.066163063049316406e+00 -1.912742853164672852e+00 -4.452239990234375000e+00
-5.309844017028808594e+00 9.107752442359924316e-01 1.004086017608642578e+00
3.047965764999389648e+00 -1.063026428222656250e+00 -3.424209356307983398e+00
-3.090513706207275391e+00 6.222112774848937988e-01 1.941137194633483887e+00
3.951641321182250977e+00 -1.256810307502746582e+00 -3.629129648208618164e+00
-4.019883155822753906e+00 9.174866080284118652e-01 2.420355319976806641e+00
4.017643928527832031e+00 -1.503190398216247559e+00 -2.879767417907714844e+00
-7.587655067443847656e+00 5.172882080078125000e+00 1.192475318908691406e+01
5.520466327667236328e+00 -3.620010852813720703e+00 -6.680104255676269531e+00
-1.385834455490112305e+00 6.784105300903320312e-02 1.429545283317565918e+00
1.488604664802551270e+00 -8.542619943618774414e-01 -4.201354980468750000e+00
-3.617792367935180664e+00 9.771301746368408203e-01 2.152016639709472656e+00
3.724536180496215820e+00 -1.236098408699035645e+00 -3.720409631729125977e+00
-1.414965271949768066e+00 -1.594457477331161499e-01 9.604923129081726074e-01
1.516681194305419922e+00 -7.295293211936950684e-01 -2.918319463729858398e+00
3.396567702293395996e-01 5.820292234420776367e-01 -1.105204701423645020e+00
-2.058001279830932617e+00 1.179141998291015625e+00 1.301057338714599609e+01
1.070615127682685852e-01 -6.571888178586959839e-02 -6.344148159027099609e+00
-6.384047269821166992e-01 -7.077909708023071289e-01 -6.426284313201904297e-01
-1.533595919609069824e+00 -2.321576595306396484e+00 1.656951522827148438e+01
1.192356586456298828e+00 3.370926856994628906e+00 -1.260032844543457031e+01
1.446776986122131348e+00 -5.770339369773864746e-01 -2.932306289672851562e+00
-3.130121231079101562e+00 6.138833761215209961e-01 2.007409334182739258e+00
2.382519721984863281e+00 -1.511140823364257812e+00 -3.729634284973144531e+00
-1.206976026296615601e-01 3.449668884277343750e+00 1.250942802429199219e+01
-8.263626694679260254e-01 -2.319477319717407227e+00 -8.372895240783691406e+00
-2.329444408416748047e+00 1.097150087356567383e+00 3.913537025451660156e+00
1.436832189559936523e+00 4.655758440494537354e-01 -2.997514009475708008e+00
-2.302719593048095703e+00 4.591576159000396729e-01 4.966321468353271484e+00
3.123395681381225586e+00 1.335873365402221680e+00 -4.685311317443847656e+00
-7.981801033020019531e-01 -1.956246972084045410e+00 4.246807098388671875e+00
-2.304248332977294922e+00 2.864369451999664307e-01 2.598041772842407227e+00
2.221008539199829102e+00 -1.271343350410461426e+00 -7.164480686187744141e+00
-3.016025066375732422e+00 1.691965222358703613e+00 3.419760942459106445e+00
3.770101308822631836e+00 -9.700937271118164062e-01 -4.303792953491210938e+00
-2.008002996444702148e+00 4.452438652515411377e-01 4.434568405151367188e+00
1.711741089820861816e+00 1.051955819129943848e-01 -4.489446163177490234e+00
-2.032731533050537109e+00 -1.338550355285406113e-02 4.488512039184570312e+00
1.003434658050537109e+00 5.472095608711242676e-01 -4.317056655883789062e+00
-8.743083477020263672e-01 -6.359966397285461426e-01 4.559438228607177734e+00
-8.277694582939147949e-01 -5.947659537196159363e-02 3.635441541671752930e+00
-8.014100193977355957e-01 8.359643816947937012e-02 1.954593658447265625e+00
2.973349571228027344e+00 -1.104804515838623047e+00 -1.009596538543701172e+01
-2.164105176925659180e-01 6.484920978546142578e-01 3.680665493011474609e+00
4.106840610504150391e+00 -8.215026855468750000e-01 -3.424576282501220703e+00
-5.912059307098388672e+00 1.371323943138122559e+00 3.790198564529418945e+00
1.554672718048095703e+00 -9.746649265289306641e-01 2.781959056854248047e+00
-5.902708053588867188e+00 1.772588133811950684e+00 2.581899404525756836e+00
6.337982177734375000e+00 -2.248087167739868164e+00 -9.443304061889648438e+00
-1.209117412567138672e+00 1.018019199371337891e+00 3.589123725891113281e+00
1.748798370361328125e+00 1.068722248077392578e+00 -3.485754966735839844e+00
-1.623318076133728027e+00 -1.169086694717407227e+00 4.290267467498779297e+00
-3.057921409606933594e+00 6.663755774497985840e-01 2.890913009643554688e+00
3.691597223281860352e+00 -1.517162203788757324e+00 -7.175334930419921875e+00
-3.129921436309814453e+00 1.478225350379943848e+00 3.214439630508422852e+00
4.171300888061523438e+00 -1.147801160812377930e+00 -3.186280250549316406e+00
-3.547047138214111328e+00 8.757304549217224121e-01 3.876188993453979492e+00
-5.229736804962158203e+00 -1.710541367530822754e+00 1.603303194046020508e+00
7.131045818328857422e+00 -7.652339339256286621e-01 -4.839911460876464844e+00
5.383618354797363281e+00 -1.069723129272460938e+00 -4.812948226928710938e+00
-6.967120170593261719e+00 2.838802099227905273e+00 1.396283531188964844e+01
1.222873926162719727e+00 -1.605037927627563477e+00 -8.939385414123535156e+00
1.988994717597961426e+00 -1.225412964820861816e+00 -5.748094081878662109e+00
-1.118259355425834656e-01 2.240015268325805664e+00 2.332757234573364258e+00
4.283390939235687256e-02 -3.022764205932617188e+00 -2.888693094253540039e+00
1.219453811645507812e+00 4.280767917633056641e+00 2.494154214859008789e+00
1.679838657379150391e+00 4.068295001983642578e+00 2.856093168258666992e+00
-1.267836284637451172e+01 4.992843866348266602e-01 8.358186721801757812e+00
9.327668190002441406e+00 -6.489339828491210938e+00 -9.597921371459960938e+00
