2.19996
2.19999
2.20009
2.20004
2.20005
2.19998
2.20003
2.19998
2.20002
2.20001
2.19997
2.20002
2.19998
2.2
2.19998
2.20003
2.19996
2.20001
2.2
2.2
2.20005
2.20002
2.19996
2.19999
2.20001
2.20122
2.21069
2.22124
-2.21166
-2.20067
-2.19078
-2.17985
-2.16981
-2.1582
-2.14802
-2.13664
-2.12619
-2.11452
-2.10356
-2.09211
-2.08098
-2.06892
-2.058
-2.04579
-2.03447
-2.02211
-2.01077
-1.99849
-1.98547
-1.97434
-1.96144
-1.94953
-1.93699
-1.92492
-1.91183
-1.89984
-1.88665
-1.87433
-1.86124
-1.84899
-1.83558
-1.82299
-1.80958
-1.79692
-1.78333
-1.7706
-1.75684
-1.74387
-1.73012
-1.71721
-1.70305
-1.69022
-1.67627
-1.66335
-1.64892
-1.63572
-1.62154
-1.6084
-1.59384
-1.57927
-1.56602
-1.55154
-1.53802
-1.52344
-1.50978
-1.49505
-1.48134
-1.46678
-1.45314
-1.4381
-1.4245
-1.40953
-1.39557
-1.38065
-1.36689
-1.35171
-1.33755
-1.32213
-1.30832
-1.29304
-1.279
-1.26355
-1.24937
-1.23411
-1.22745
-1.22762
-1.22738
-1.22758
-1.22775
-1.22755
-1.22758
-1.22768
-1.22762
-1.22761
-1.22726
-1.2278
-1.22759
-1.22749
-1.22772
-1.22755
-1.22732
-1.22778
-1.2277
-1.22743
-1.22746
-1.22776
-1.22791
-1.22781
-1.2277
-1.22757
-1.22753
-1.2277
-1.22776
-1.22786
-1.22778
-1.22763
-1.22781
-1.22758
-1.22768
-1.22768
-1.22756
-1.22774
-1.22773
-1.2276
-1.2276
-1.22769
-1.22782
-1.22771
-1.22758
-1.22752
-1.22755
-1.2276
-1.22767
-1.22759
-1.22769
-1.22761
-1.22758
-1.22767
-1.22771
-1.22767
-1.22774
-1.2276
-1.22759
-1.22769
-1.22773
-1.22766
-1.22764
-1.22769
-1.22771
-1.22766
-1.22766
-1.22765
-1.22764
-1.22766
-1.22767
-1.22767
-1.22764
-1.22762
-1.22767
-1.22763
-1.22766
-1.22766
-1.22764
-1.22767
-1.22763
-1.22765
-1.22764
-1.22764
-1.22763
-1.22763
-1.22763
-1.22764
-1.22767
-1.22768
-1.22765
-1.22761
-1.22762
-1.22768
-1.22766
-1.22767
-1.22765
-1.22767
-1.22763
-1.22766
-1.22764
-1.22762
-1.22766
-1.22765
-1.22766
-1.22764
-1.22764
-1.22766
-1.22767
-1.22766
-1.22765
-1.22764
-1.2276
-1.22767
-1.22767
-1.22759
-1.22768
-1.22766
-1.22765
-1.22762
-1.22764
-1.22766
-1.22765
-1.2276
-1.22763
-1.22765
-1.22766
-1.22766
-1.22763
-1.22768
-1.22763
-1.22762
-1.2276
-1.22764
