-0.319993
-0.319996
-0.320007
-0.320009
-0.320001
-0.319994
-0.32
-0.320003
-0.32
-0.319995
-0.31999
-0.320002
-0.32
-0.319995
-0.319996
-0.32
-0.319994
-0.32
-0.320004
-0.319999
-0.32001
-0.320001
-0.319992
-0.319995
-0.320001
-0.320151
-0.321179
-0.322178
-0.323197
-0.32417
-0.325175
-0.326208
-0.327225
-0.328302
-0.329211
-0.33033
-0.331278
-0.332339
-0.333267
-0.334382
-0.335328
-0.336374
-0.337374
-0.338437
-0.339396
-0.340426
-0.34146
-0.342471
-0.343535
-0.344497
-0.345584
-0.34652
-0.34762
-0.34863
-0.349645
-0.350655
-0.351697
-0.352646
-0.353714
-0.354723
-0.355744
-0.356719
-0.357765
-0.358771
-0.359799
-0.360805
-0.361854
-0.362804
-0.363901
-0.364873
-0.365896
-0.366894
-0.367968
-0.368939
-0.369978
-0.370937
-0.372024
-0.373032
-0.374065
-0.375108
-0.376085
-0.377173
-0.378155
-0.37918
-0.380146
-0.381204
-0.382176
-0.383259
-0.38422
-0.385301
-0.386276
-0.387316
-0.38831
-0.38936
-0.39037
-0.391439
-0.39236
-0.393402
-0.39438
-0.395451
-0.396444
-0.39752
-0.398503
-0.399533
-0.400001
-0.40077
-0.401719
-0.402744
-0.403747
-0.404696
-0.405724
-0.406647
-0.407659
-0.408621
-0.409621
-0.410573
-0.411569
-0.412519
-0.413576
-0.414506
-0.415515
-0.416469
-0.417477
-0.418415
-0.419445
-0.420408
-0.42141
-0.422323
-0.423336
-0.424287
-0.425336
-0.426258
-0.427008
-0.426965
-0.427043
-0.426953
-0.427046
-0.426978
-0.426996
-0.42701
-0.426948
-0.427025
-0.427032
-0.426975
-0.426995
-0.427025
-0.427041
-0.427
-0.426983
-0.426979
-0.426981
-0.426977
-0.427005
-0.427014
-0.427013
-0.427032
-0.427028
-0.427035
-0.427019
-0.426986
-0.426969
-0.427
-0.427008
-0.426992
-0.427
-0.426998
-0.426999
-0.426998
-0.426998
-0.426999
-0.426994
-0.426994
-0.426998
-0.426994
-0.426998
-0.426995
-0.426994
-0.426996
-0.426994
-0.426997
-0.426999
-0.427002
-0.426997
-0.426998
-0.426995
-0.426994
-0.426999
-0.426995
-0.426998
-0.426999
-0.426998
-0.427
-0.426998
-0.426994
-0.426998
-0.426996
-0.427
-0.427003
-0.426997
-0.426999
-0.426994
-0.427001
-0.426997
-0.426994
-0.426998
-0.426994
-0.427
-0.426996
-0.427
-0.426997
-0.426998
-0.426999
-0.427002
-0.426999
-0.426995
-0.426993
-0.426996
-0.426998
-0.426999
-0.426994
-0.426998
-0.426997
-0.427
-0.426995
-0.426999
-0.427003
-0.426997
-0.426997
-0.426995
-0.426997
-0.426996
-0.426993
-0.426998
-0.427
-0.426996
-0.427001
-0.426997
-0.426998
