0.19998
0.199982
0.199999
0.199979
0.199992
0.199984
0.199994
0.199977
0.199991
0.199981
0.199993
0.19999
0.199988
0.199985
0.199992
0.199994
0.199971
0.199984
0.199985
0.199993
0.200003
0.199976
0.19998
0.199984
0.19999
0.200192
0.202018
0.204094
0.205884
0.207938
0.209679
0.211748
0.213505
0.21563
0.217332
0.21936
0.221188
0.223091
0.224981
0.226886
0.228784
0.230765
0.232565
0.234691
0.236394
0.238415
0.240295
0.24208
0.244307
0.245876
0.248006
0.249833
0.251736
0.253723
0.255656
0.257433
0.259533
0.261301
0.263204
0.265212
0.266989
0.268856
0.270815
0.272752
0.274585
0.276526
0.278581
0.280271
0.282295
0.284152
0.286175
0.287919
0.289942
0.291738
0.293823
0.295545
0.29753
0.299341
0.30133
0.303376
0.305223
0.307215
0.309032
0.310953
0.312896
0.314843
0.316636
0.318653
0.320516
0.322395
0.324224
0.326302
0.327993
0.330113
0.331809
0.333716
0.335669
0.337644
0.33953
0.341423
0.34322
0.345106
0.346958
0.34905
0.350022
0.349979
0.349901
0.349972
0.350065
0.34998
0.349973
0.350016
0.350053
0.349968
0.349947
0.350009
0.350048
0.349996
0.349956
0.349941
0.349952
0.349989
0.349993
0.35006
0.350026
0.349997
0.349987
0.349997
0.349954
0.349853
0.349953
0.350056
0.35003
0.347764
0.342424
0.337693
0.33231
0.327781
0.322455
0.317281
0.312547
0.307206
0.302388
0.297305
0.292511
0.287179
0.282302
0.277214
0.272524
0.267379
0.26257
0.257334
0.252462
0.247275
0.242398
0.237256
0.232482
0.227278
0.222445
0.217225
0.212349
0.207231
0.20244
0.199846
0.199858
0.199968
0.199993
0.199958
0.199966
0.199982
0.199977
0.199983
0.199985
0.199979
0.199981
0.199976
0.199976
0.199996
0.199974
0.199998
0.199983
0.199975
0.199988
0.199966
0.199983
0.199994
0.199994
0.199989
0.2
0.199996
0.199979
0.199991
0.200003
0.199983
0.19999
0.199978
0.19999
0.199986
0.199991
0.19999
0.199985
0.19999
0.199991
0.199977
0.199998
0.199996
0.199975
0.199987
0.199996
0.199989
0.199992
0.199974
0.199987
0.199992
0.200007
0.199978
0.199993
0.199992
0.199994
0.199989
0.199991
0.199987
0.199992
0.199987
0.200003
0.199991
0.199994
0.200002
0.199996
0.199991
0.199999
0.199994
0.199982
0.199983
0.199995
0.199989
0.200003
0.199999
