-5.85479e-05
-4.30828e-05
-6.56659e-05
-7.80877e-05
-9.35581e-06
-5.93601e-05
-4.46692e-05
-5.73467e-05
-4.30261e-05
-4.13774e-05
-4.27607e-05
-6.23842e-05
-8.033e-05
-6.18252e-05
-4.27675e-05
-6.40528e-05
-1.76017e-05
-6.12934e-05
-6.1014e-05
-4.24274e-05
-0.000102358
-1.89746e-05
-3.00454e-06
-4.11056e-05
-2.67269e-05
-0.00300696
-0.0247651
-0.0479811
0.0693009
0.0917766
0.11278
0.134931
0.155414
0.177443
0.197402
0.219008
0.238601
0.259818
0.278956
0.299926
0.318605
0.338952
0.357602
0.377377
0.395697
0.415147
0.433083
0.452364
0.471145
0.488799
0.507133
0.523995
0.542404
0.559104
0.576836
0.593369
0.610704
0.626667
0.64391
0.659559
0.676438
0.691682
0.708271
0.723206
0.739344
0.753887
0.769612
0.784116
0.799588
0.813769
0.828535
0.84259
0.857231
0.870675
0.885115
0.898375
0.912433
0.925579
0.939282
0.952773
0.964981
0.97866
0.990906
1.00356
1.01538
1.0281
1.03987
1.05225
1.06336
1.07589
1.08659
1.09837
1.10942
1.12081
1.13151
1.14267
1.1527
1.16374
1.17347
1.18421
1.19391
1.20438
1.21371
1.22316
1.22772
1.22775
1.22766
1.22769
1.22761
1.22758
1.22758
1.22756
1.22748
1.22766
1.22739
1.22783
1.22748
1.2275
1.22783
1.22763
1.22741
1.22783
1.22759
1.22731
1.2273
1.2277
1.22782
1.22762
1.2275
1.22741
1.22738
1.22761
1.22752
1.22759
1.2276
1.22761
1.22768
1.22759
1.2277
1.22762
1.22757
1.2276
1.22758
1.22757
1.22759
1.22761
1.22765
1.2276
1.22758
1.22753
1.22759
1.22759
1.22756
1.22753
1.22753
1.22759
1.2275
1.22756
1.22761
1.22754
1.22757
1.22757
1.22756
1.22755
1.22759
1.22757
1.22755
1.22756
1.22759
1.22755
1.22757
1.22752
1.22756
1.22756
1.22755
1.22758
1.22755
1.22751
1.22757
1.22756
1.22758
1.22757
1.22755
1.22757
1.22756
1.22756
1.22758
1.22754
1.22757
1.22752
1.22753
1.22756
1.22759
1.22756
1.22757
1.22751
1.22753
1.22756
1.22754
1.22754
1.22757
1.22757
1.22755
1.22755
1.22755
1.22755
1.22759
1.22758
1.22756
1.22754
1.22753
1.22759
1.22757
1.22756
1.22758
1.22756
1.22754
1.22758
1.22761
1.22752
1.22761
1.22757
1.22754
1.22754
1.22755
1.22757
1.22755
1.22754
1.22753
1.22754
1.22755
1.22752
1.22758
1.22757
1.22754
1.22754
1.22752
1.22759
