2.19999
2.19999
2.19997
2.19992
2.2
2.19998
2.19998
2.19996
2.19997
2.19996
2.20001
2.2
2.20001
2.19998
2.20001
2.2
2.19994
2.19999
2.2
2.2
2.20001
2.19991
2.19999
2.19997
2.20002
2.20127
2.21074
2.22088
-2.21155
-2.20071
-2.19101
-2.17964
-2.16951
-2.15807
-2.14818
-2.13652
-2.12574
-2.11473
-2.10382
-2.09221
-2.08104
-2.06917
-2.0581
-2.04539
-2.0348
-2.02228
-2.01052
-1.99876
-1.98567
-1.97468
-1.96142
-1.94975
-1.93699
-1.92455
-1.91186
-1.89994
-1.88637
-1.87455
-1.86135
-1.84839
-1.8357
-1.82327
-1.80971
-1.79683
-1.78376
-1.77061
-1.75654
-1.74448
-1.7304
-1.71753
-1.70349
-1.69058
-1.67623
-1.66308
-1.6488
-1.63601
-1.62169
-1.60833
-1.59405
-1.57952
-1.56594
-1.55128
-1.53801
-1.52353
-1.50972
-1.49513
-1.48179
-1.46663
-1.45269
-1.43832
-1.42445
-1.40929
-1.39602
-1.38059
-1.36694
-1.35219
-1.33805
-1.32323
-1.3088
-1.29389
-1.27982
-1.26499
-1.25088
-1.23499
-1.22729
-1.22757
-1.22805
-1.2277
-1.22727
-1.2277
-1.22766
-1.22744
-1.22741
-1.22767
-1.22805
-1.22744
-1.22744
-1.22775
-1.22772
-1.22787
-1.22798
-1.2276
-1.22758
-1.22753
-1.22761
-1.22754
-1.22744
-1.22741
-1.22767
-1.2281
-1.22781
-1.22734
-1.22738
-1.2273
-1.22765
-1.22752
-1.22801
-1.22722
-1.22762
-1.22747
-1.22732
-1.22778
-1.22791
-1.22754
-1.22754
-1.22796
-1.22816
-1.22778
-1.22755
-1.22734
-1.22737
-1.22749
-1.22766
-1.22763
-1.22791
-1.22772
-1.22754
-1.22749
-1.22765
-1.22786
-1.22823
-1.22788
-1.22781
-1.2278
-1.22796
-1.22766
-1.22755
-1.22773
-1.22767
-1.22763
-1.22766
-1.22765
-1.22764
-1.22765
-1.22764
-1.22768
-1.22771
-1.22759
-1.22769
-1.2276
-1.22763
-1.22767
-1.2276
-1.2277
-1.22767
-1.22761
-1.22762
-1.22764
-1.22758
-1.22761
-1.22768
-1.22763
-1.22754
-1.22762
-1.22762
-1.2277
-1.22763
-1.22759
-1.22761
-1.2276
-1.22763
-1.22759
-1.22764
-1.22766
-1.2276
-1.22761
-1.22767
-1.22765
-1.22758
-1.22764
-1.22761
-1.22769
-1.22763
-1.22758
-1.22755
-1.22769
-1.22765
-1.2276
-1.22758
-1.22767
-1.22762
-1.22762
-1.22761
-1.22767
-1.22754
-1.22762
-1.22759
-1.22759
-1.2276
-1.22762
-1.22755
-1.22758
-1.22768
-1.22763
-1.22762
-1.22765
-1.22758
-1.22761
