0.150004
0.150016
0.149995
0.149998
0.150011
0.15
0.150008
0.149996
0.150003
0.150004
0.15001
0.150001
0.150007
0.150011
0.150005
0.150005
0.150001
0.15
0.150003
0.150002
0.149995
0.149991
0.150014
0.150004
0.150013
0.150017
0.149978
0.149972
0.149973
0.150017
0.150039
0.150003
0.150008
0.150025
0.150017
0.15
0.149942
0.150009
0.150009
0.149972
0.149996
0.150051
0.150006
0.149969
0.150036
0.150008
0.149998
0.150003
0.150041
0.149956
0.149997
0.150033
0.150007
0.149934
0.150002
0.150002
0.149941
0.150044
0.150023
0.149906
0.14997
0.150054
0.149946
0.149982
0.150036
0.150019
0.149953
0.150079
0.150051
0.149981
0.15005
0.150077
0.150063
0.150003
0.150003
0.150013
0.150031
0.149955
0.150017
0.150054
0.150052
0.14996
0.149969
0.150035
0.150007
0.150022
0.150013
0.14995
0.14994
0.149974
0.149997
0.149916
0.150044
0.149875
0.149919
0.149995
0.149997
0.150059
0.150025
0.150066
0.150072
0.150135
0.150166
0.15016
0.150024
0.146203
0.141543
0.136325
0.13114
0.126551
0.12145
0.116683
0.111596
0.106918
0.101975
0.0970258
0.0919863
0.0873657
0.0821797
0.0775412
0.0725388
0.0676379
0.0625857
0.0579854
0.0529088
0.0480484
0.0428875
0.0381973
0.0331618
0.0285399
0.0234495
0.0186273
0.0148463
0.0148329
0.0149673
0.0149312
0.0149795
0.0149552
0.0149528
0.0149704
0.0149396
0.0149958
0.0150238
0.0149748
0.0149829
0.0150204
0.0150037
0.0149958
0.0149908
0.0149876
0.0149755
0.0149728
0.0149915
0.015027
0.0150259
0.0150349
0.0150425
0.0150198
0.015002
0.0149996
0.0149853
0.0150186
0.0150184
0.0149997
0.0150028
0.0150011
0.014997
0.0149965
0.0149882
0.0149996
0.0149982
0.0150092
0.0150042
0.0149931
0.0149966
0.0149938
0.0150043
0.0150187
0.014998
0.0149986
0.0149916
0.0150019
0.0150055
0.0150011
0.015002
0.0149984
0.0150022
0.0150044
0.0149968
0.0150158
0.0150153
0.0150056
0.0149805
0.0149955
0.0149987
0.0150194
0.0150112
0.0149923
0.0150012
0.0149953
0.0149982
0.0149858
0.0150085
0.0150011
0.015004
0.0150066
0.0149975
0.0149946
0.0149952
0.015006
0.0150072
0.0149921
0.0149966
0.0149995
0.0149887
0.0149986
0.0150158
0.0149935
0.014988
0.0150225
0.0149846
0.014995
0.0150058
0.0150175
0.0150043
0.0150001
0.0150009
0.0150118
0.0150099
0.0150011
0.0149948
0.0150032
0.0150015
0.0149973
0.0150105
0.0150143
0.0150191
0.0149984
