-0.319993 0.150004 0.19998 2.19999 2.19996 -5.85479e-05
-0.319996 0.150016 0.199982 2.19999 2.19999 -4.30828e-05
-0.320007 0.149995 0.199999 2.19997 2.20009 -6.56659e-05
-0.320009 0.149998 0.199979 2.19992 2.20004 -7.80877e-05
-0.320001 0.150011 0.199992 2.2 2.20005 -9.35581e-06
-0.319994 0.15 0.199984 2.19998 2.19998 -5.93601e-05
-0.32 0.150008 0.199994 2.19998 2.20003 -4.46692e-05
-0.320003 0.149996 0.199977 2.19996 2.19998 -5.73467e-05
-0.32 0.150003 0.199991 2.19997 2.20002 -4.30261e-05
-0.319995 0.150004 0.199981 2.19996 2.20001 -4.13774e-05
-0.31999 0.15001 0.199993 2.20001 2.19997 -4.27607e-05
-0.320002 0.150001 0.19999 2.2 2.20002 -6.23842e-05
-0.32 0.150007 0.199988 2.20001 2.19998 -8.033e-05
-0.319995 0.150011 0.199985 2.19998 2.2 -6.18252e-05
-0.319996 0.150005 0.199992 2.20001 2.19998 -4.27675e-05
-0.32 0.150005 0.199994 2.2 2.20003 -6.40528e-05
-0.319994 0.150001 0.199971 2.19994 2.19996 -1.76017e-05
-0.32 0.15 0.199984 2.19999 2.20001 -6.12934e-05
-0.320004 0.150003 0.199985 2.2 2.2 -6.1014e-05
-0.319999 0.150002 0.199993 2.2 2.2 -4.24274e-05
-0.32001 0.149995 0.200003 2.20001 2.20005 -0.000102358
-0.320001 0.149991 0.199976 2.19991 2.20002 -1.89746e-05
-0.319992 0.150014 0.19998 2.19999 2.19996 -3.00454e-06
-0.319995 0.150004 0.199984 2.19997 2.19999 -4.11056e-05
-0.320001 0.150013 0.19999 2.20002 2.20001 -2.67269e-05
-0.320151 0.150017 0.200192 2.20127 2.20122 -0.00300696
-0.321179 0.149978 0.202018 2.21074 2.21069 -0.0247651
-0.322178 0.149972 0.204094 2.22088 2.22124 -0.0479811
-0.323197 0.149973 0.205884 -2.21155 -2.21166 0.0693009
-0.32417 0.150017 0.207938 -2.20071 -2.20067 0.0917766
-0.325175 0.150039 0.209679 -2.19101 -2.19078 0.11278
-0.326208 0.150003 0.211748 -2.17964 -2.17985 0.134931
-0.327225 0.150008 0.213505 -2.16951 -2.16981 0.155414
-0.328302 0.150025 0.21563 -2.15807 -2.1582 0.177443
-0.329211 0.150017 0.217332 -2.14818 -2.14802 0.197402
-0.33033 0.15 0.21936 -2.13652 -2.13664 0.219008
-0.331278 0.149942 0.221188 -2.12574 -2.12619 0.238601
-0.332339 0.150009 0.223091 -2.11473 -2.11452 0.259818
-0.333267 0.150009 0.224981 -2.10382 -2.10356 0.278956
-0.334382 0.149972 0.226886 -2.09221 -2.09211 0.299926
-0.335328 0.149996 0.228784 -2.08104 -2.08098 0.318605
-0.336374 0.150051 0.230765 -2.06917 -2.06892 0.338952
-0.337374 0.150006 0.232565 -2.0581 -2.058 0.357602
-0.338437 0.149969 0.234691 -2.04539 -2.04579 0.377377
-0.339396 0.150036 0.236394 -2.0348 -2.03447 0.395697
-0.340426 0.150008 0.238415 -2.02228 -2.02211 0.415147
-0.34146 0.149998 0.240295 -2.01052 -2.01077 0.433083
-0.342471 0.150003 0.24208 -1.99876 -1.99849 0.452364
-0.343535 0.150041 0.244307 -1.98567 -1.98547 0.471145
-0.344497 0.149956 0.245876 -1.97468 -1.97434 0.488799
-0.345584 0.149997 0.248006 -1.96142 -1.96144 0.507133
-0.34652 0.150033 0.249833 -1.94975 -1.94953 0.523995
-0.34762 0.150007 0.251736 -1.93699 -1.93699 0.542404
-0.34863 0.149934 0.253723 -1.92455 -1.92492 0.559104
-0.349645 0.150002 0.255656 -1.91186 -1.91183 0.576836
-0.350655 0.150002 0.257433 -1.89994 -1.89984 0.593369
-0.351697 0.149941 0.259533 -1.88637 -1.88665 0.610704
-0.352646 0.150044 0.261301 -1.87455 -1.87433 0.626667
-0.353714 0.150023 0.263204 -1.86135 -1.86124 0.64391
-0.354723 0.149906 0.265212 -1.84839 -1.84899 0.659559
-0.355744 0.14997 0.266989 -1.8357 -1.83558 0.676438
-0.356719 0.150054 0.268856 -1.82327 -1.82299 0.691682
-0.357765 0.149946 0.270815 -1.80971 -1.80958 0.708271
-0.358771 0.149982 0.272752 -1.79683 -1.79692 0.723206
-0.359799 0.150036 0.274585 -1.78376 -1.78333 0.739344
-0.360805 0.150019 0.276526 -1.77061 -1.7706 0.753887
-0.361854 0.149953 0.278581 -1.75654 -1.75684 0.769612
-0.362804 0.150079 0.280271 -1.74448 -1.74387 0.784116
-0.363901 0.150051 0.282295 -1.7304 -1.73012 0.799588
-0.364873 0.149981 0.284152 -1.71753 -1.71721 0.813769
-0.365896 0.15005 0.286175 -1.70349 -1.70305 0.828535
-0.366894 0.150077 0.287919 -1.69058 -1.69022 0.84259
-0.367968 0.150063 0.289942 -1.67623 -1.67627 0.857231
-0.368939 0.150003 0.291738 -1.66308 -1.66335 0.870675
-0.369978 0.150003 0.293823 -1.6488 -1.64892 0.885115
-0.370937 0.150013 0.295545 -1.63601 -1.63572 0.898375
-0.372024 0.150031 0.29753 -1.62169 -1.62154 0.912433
-0.373032 0.149955 0.299341 -1.60833 -1.6084 0.925579
-0.374065 0.150017 0.30133 -1.59405 -1.59384 0.939282
-0.375108 0.150054 0.303376 -1.57952 -1.57927 0.952773
-0.376085 0.150052 0.305223 -1.56594 -1.56602 0.964981
-0.377173 0.14996 0.307215 -1.55128 -1.55154 0.97866
-0.378155 0.149969 0.309032 -1.53801 -1.53802 0.990906
-0.37918 0.150035 0.310953 -1.52353 -1.52344 1.00356
-0.380146 0.150007 0.312896 -1.50972 -1.50978 1.01538
-0.381204 0.150022 0.314843 -1.49513 -1.49505 1.0281
-0.382176 0.150013 0.316636 -1.48179 -1.48134 1.03987
-0.383259 0.14995 0.318653 -1.46663 -1.46678 1.05225
-0.38422 0.14994 0.320516 -1.45269 -1.45314 1.06336
-0.385301 0.149974 0.322395 -1.43832 -1.4381 1.07589
-0.386276 0.149997 0.324224 -1.42445 -1.4245 1.08659
-0.387316 0.149916 0.326302 -1.40929 -1.40953 1.09837
-0.38831 0.150044 0.327993 -1.39602 -1.39557 1.10942
-0.38936 0.149875 0.330113 -1.38059 -1.38065 1.12081
-0.39037 0.149919 0.331809 -1.36694 -1.36689 1.13151
-0.391439 0.149995 0.333716 -1.35219 -1.35171 1.14267
-0.39236 0.149997 0.335669 -1.33805 -1.33755 1.1527
-0.393402 0.150059 0.337644 -1.32323 -1.32213 1.16374
-0.39438 0.150025 0.33953 -1.3088 -1.30832 1.17347
-0.395451 0.150066 0.341423 -1.29389 -1.29304 1.18421
-0.396444 0.150072 0.34322 -1.27982 -1.279 1.19391
-0.39752 0.150135 0.345106 -1.26499 -1.26355 1.20438
-0.398503 0.150166 0.346958 -1.25088 -1.24937 1.21371
-0.399533 0.15016 0.34905 -1.23499 -1.23411 1.22316
-0.400001 0.150024 0.350022 -1.22729 -1.22745 1.22772
-0.40077 0.146203 0.349979 -1.22757 -1.22762 1.22775
-0.401719 0.141543 0.349901 -1.22805 -1.22738 1.22766
-0.402744 0.136325 0.349972 -1.2277 -1.22758 1.22769
-0.403747 0.13114 0.350065 -1.22727 -1.22775 1.22761
-0.404696 0.126551 0.34998 -1.2277 -1.22755 1.22758
-0.405724 0.12145 0.349973 -1.22766 -1.22758 1.22758
-0.406647 0.116683 0.350016 -1.22744 -1.22768 1.22756
-0.407659 0.111596 0.350053 -1.22741 -1.22762 1.22748
-0.408621 0.106918 0.349968 -1.22767 -1.22761 1.22766
-0.409621 0.101975 0.349947 -1.22805 -1.22726 1.22739
-0.410573 0.0970258 0.350009 -1.22744 -1.2278 1.22783
-0.411569 0.0919863 0.350048 -1.22744 -1.22759 1.22748
-0.412519 0.0873657 0.349996 -1.22775 -1.22749 1.2275
-0.413576 0.0821797 0.349956 -1.22772 -1.22772 1.22783
-0.414506 0.0775412 0.349941 -1.22787 -1.22755 1.22763
-0.415515 0.0725388 0.349952 -1.22798 -1.22732 1.22741
-0.416469 0.0676379 0.349989 -1.2276 -1.22778 1.22783
-0.417477 0.0625857 0.349993 -1.22758 -1.2277 1.22759
-0.418415 0.0579854 0.35006 -1.22753 -1.22743 1.22731
-0.419445 0.0529088 0.350026 -1.22761 -1.22746 1.2273
-0.420408 0.0480484 0.349997 -1.22754 -1.22776 1.2277
-0.42141 0.0428875 0.349987 -1.22744 -1.22791 1.22782
-0.422323 0.0381973 0.349997 -1.22741 -1.22781 1.22762
-0.423336 0.0331618 0.349954 -1.22767 -1.2277 1.2275
-0.424287 0.0285399 0.349853 -1.2281 -1.22757 1.22741
-0.425336 0.0234495 0.349953 -1.22781 -1.22753 1.22738
-0.426258 0.0186273 0.350056 -1.22734 -1.2277 1.22761
-0.427008 0.0148463 0.35003 -1.22738 -1.22776 1.22752
-0.426965 0.0148329 0.347764 -1.2273 -1.22786 1.22759
-0.427043 0.0149673 0.342424 -1.22765 -1.22778 1.2276
-0.426953 0.0149312 0.337693 -1.22752 -1.22763 1.22761
-0.427046 0.0149795 0.33231 -1.22801 -1.22781 1.22768
-0.426978 0.0149552 0.327781 -1.22722 -1.22758 1.22759
-0.426996 0.0149528 0.322455 -1.22762 -1.22768 1.2277
-0.42701 0.0149704 0.317281 -1.22747 -1.22768 1.22762
-0.426948 0.0149396 0.312547 -1.22732 -1.22756 1.22757
-0.427025 0.0149958 0.307206 -1.22778 -1.22774 1.2276
-0.427032 0.0150238 0.302388 -1.22791 -1.22773 1.22758
-0.426975 0.0149748 0.297305 -1.22754 -1.2276 1.22757
-0.426995 0.0149829 0.292511 -1.22754 -1.2276 1.22759
-0.427025 0.0150204 0.287179 -1.22796 -1.22769 1.22761
-0.427041 0.0150037 0.282302 -1.22816 -1.22782 1.22765
-0.427 0.0149958 0.277214 -1.22778 -1.22771 1.2276
-0.426983 0.0149908 0.272524 -1.22755 -1.22758 1.22758
-0.426979 0.0149876 0.267379 -1.22734 -1.22752 1.22753
-0.426981 0.0149755 0.26257 -1.22737 -1.22755 1.22759
-0.426977 0.0149728 0.257334 -1.22749 -1.2276 1.22759
-0.427005 0.0149915 0.252462 -1.22766 -1.22767 1.22756
-0.427014 0.015027 0.247275 -1.22763 -1.22759 1.22753
-0.427013 0.0150259 0.242398 -1.22791 -1.22769 1.22753
-0.427032 0.0150349 0.237256 -1.22772 -1.22761 1.22759
-0.427028 0.0150425 0.232482 -1.22754 -1.22758 1.2275
-0.427035 0.0150198 0.227278 -1.22749 -1.22767 1.22756
-0.427019 0.015002 0.222445 -1.22765 -1.22771 1.22761
-0.426986 0.0149996 0.217225 -1.22786 -1.22767 1.22754
-0.426969 0.0149853 0.212349 -1.22823 -1.22774 1.22757
-0.427 0.0150186 0.207231 -1.22788 -1.2276 1.22757
-0.427008 0.0150184 0.20244 -1.22781 -1.22759 1.22756
-0.426992 0.0149997 0.199846 -1.2278 -1.22769 1.22755
-0.427 0.0150028 0.199858 -1.22796 -1.22773 1.22759
-0.426998 0.0150011 0.199968 -1.22766 -1.22766 1.22757
-0.426999 0.014997 0.199993 -1.22755 -1.22764 1.22755
-0.426998 0.0149965 0.199958 -1.22773 -1.22769 1.22756
-0.426998 0.0149882 0.199966 -1.22767 -1.22771 1.22759
-0.426999 0.0149996 0.199982 -1.22763 -1.22766 1.22755
-0.426994 0.0149982 0.199977 -1.22766 -1.22766 1.22757
-0.426994 0.0150092 0.199983 -1.22765 -1.22765 1.22752
-0.426998 0.0150042 0.199985 -1.22764 -1.22764 1.22756
-0.426994 0.0149931 0.199979 -1.22765 -1.22766 1.22756
-0.426998 0.0149966 0.199981 -1.22764 -1.22767 1.22755
-0.426995 0.0149938 0.199976 -1.22768 -1.22767 1.22758
-0.426994 0.0150043 0.199976 -1.22771 -1.22764 1.22755
-0.426996 0.0150187 0.199996 -1.22759 -1.22762 1.22751
-0.426994 0.014998 0.199974 -1.22769 -1.22767 1.22757
-0.426997 0.0149986 0.199998 -1.2276 -1.22763 1.22756
-0.426999 0.0149916 0.199983 -1.22763 -1.22766 1.22758
-0.427002 0.0150019 0.199975 -1.22767 -1.22766 1.22757
-0.426997 0.0150055 0.199988 -1.2276 -1.22764 1.22755
-0.426998 0.0150011 0.199966 -1.2277 -1.22767 1.22757
-0.426995 0.015002 0.199983 -1.22767 -1.22763 1.22756
-0.426994 0.0149984 0.199994 -1.22761 -1.22765 1.22756
-0.426999 0.0150022 0.199994 -1.22762 -1.22764 1.22758
-0.426995 0.0150044 0.199989 -1.22764 -1.22764 1.22754
-0.426998 0.0149968 0.2 -1.22758 -1.22763 1.22757
-0.426999 0.0150158 0.199996 -1.22761 -1.22763 1.22752
-0.426998 0.0150153 0.199979 -1.22768 -1.22763 1.22753
-0.427 0.0150056 0.199991 -1.22763 -1.22764 1.22756
-0.426998 0.0149805 0.200003 -1.22754 -1.22767 1.22759
-0.426994 0.0149955 0.199983 -1.22762 -1.22768 1.22756
-0.426998 0.0149987 0.19999 -1.22762 -1.22765 1.22757
-0.426996 0.0150194 0.199978 -1.2277 -1.22761 1.22751
-0.427 0.0150112 0.19999 -1.22763 -1.22762 1.22753
-0.427003 0.0149923 0.199986 -1.22759 -1.22768 1.22756
-0.426997 0.0150012 0.199991 -1.22761 -1.22766 1.22754
-0.426999 0.0149953 0.19999 -1.2276 -1.22767 1.22754
-0.426994 0.0149982 0.199985 -1.22763 -1.22765 1.22757
-0.427001 0.0149858 0.19999 -1.22759 -1.22767 1.22757
-0.426997 0.0150085 0.199991 -1.22764 -1.22763 1.22755
-0.426994 0.0150011 0.199977 -1.22766 -1.22766 1.22755
-0.426998 0.015004 0.199998 -1.2276 -1.22764 1.22755
-0.426994 0.0150066 0.199996 -1.22761 -1.22762 1.22755
-0.427 0.0149975 0.199975 -1.22767 -1.22766 1.22759
-0.426996 0.0149946 0.199987 -1.22765 -1.22765 1.22758
-0.427 0.0149952 0.199996 -1.22758 -1.22766 1.22756
-0.426997 0.015006 0.199989 -1.22764 -1.22764 1.22754
-0.426998 0.0150072 0.199992 -1.22761 -1.22764 1.22753
-0.426999 0.0149921 0.199974 -1.22769 -1.22766 1.22759
-0.427002 0.0149966 0.199987 -1.22763 -1.22767 1.22757
-0.426999 0.0149995 0.199992 -1.22758 -1.22766 1.22756
-0.426995 0.0149887 0.200007 -1.22755 -1.22765 1.22758
-0.426993 0.0149986 0.199978 -1.22769 -1.22764 1.22756
-0.426996 0.0150158 0.199993 -1.22765 -1.2276 1.22754
-0.426998 0.0149935 0.199992 -1.2276 -1.22767 1.22758
-0.426999 0.014988 0.199994 -1.22758 -1.22767 1.22761
-0.426994 0.0150225 0.199989 -1.22767 -1.22759 1.22752
-0.426998 0.0149846 0.199991 -1.22762 -1.22768 1.22761
-0.426997 0.014995 0.199987 -1.22762 -1.22766 1.22757
-0.427 0.0150058 0.199992 -1.22761 -1.22765 1.22754
-0.426995 0.0150175 0.199987 -1.22767 -1.22762 1.22754
-0.426999 0.0150043 0.200003 -1.22754 -1.22764 1.22755
-0.427003 0.0150001 0.199991 -1.22762 -1.22766 1.22757
-0.426997 0.0150009 0.199994 -1.22759 -1.22765 1.22755
-0.426997 0.0150118 0.200002 -1.22759 -1.2276 1.22754
-0.426995 0.0150099 0.199996 -1.2276 -1.22763 1.22753
-0.426997 0.0150011 0.199991 -1.22762 -1.22765 1.22754
-0.426996 0.0149948 0.199999 -1.22755 -1.22766 1.22755
-0.426993 0.0150032 0.199994 -1.22758 -1.22766 1.22752
-0.426998 0.0150015 0.199982 -1.22768 -1.22763 1.22758
-0.427 0.0149973 0.199983 -1.22763 -1.22768 1.22757
-0.426996 0.0150105 0.199995 -1.22762 -1.22763 1.22754
-0.427001 0.0150143 0.199989 -1.22765 -1.22762 1.22754
-0.426997 0.0150191 0.200003 -1.22758 -1.2276 1.22752
-0.426998 0.0149984 0.199999 -1.22761 -1.22764 1.22759
