-3.199930000000000274e-01
-3.199930000000000274e-01
-3.199929601645429278e-01
-3.199928453348375723e-01
-3.199926249601522943e-01
-3.199922730823003270e-01
-3.199917683989242367e-01
-3.199910944199479412e-01
-3.199902397146197064e-01
-3.199891982167108462e-01
-3.199879695018102987e-01
-3.199865588661605642e-01
-3.199849769423627199e-01
-3.199832385734105999e-01
-3.199813608838147916e-01
-3.199793609658128091e-01
-3.199772539934653270e-01
-3.199750523894616672e-01
-3.199727659841242744e-01
-3.199704026068208584e-01
-3.199679686047157690e-01
-3.199654691255741090e-01
-3.199629082615372822e-01
-3.199602892189056802e-01
-3.199576146235671437e-01
-3.199548869782894434e-01
-3.199521092025826019e-01
-3.199492851311182551e-01
-3.199464198392354963e-01
-3.199435197074824155e-01
-3.199405922131871027e-01
-3.199376455134005370e-01
-3.199346879326571691e-01
-3.199317274801254940e-01
-3.199287714980644792e-01
-3.199258264978360189e-01
-3.199228981831807039e-01
-3.199199916062640536e-01
-3.199171113646872566e-01
-3.199142617395876464e-01
-3.199114467001371587e-01
-3.199086697502812604e-01
-3.199059336525177377e-01
-3.199032401123177993e-01
-3.199005895316745507e-01
-3.198979809345793845e-01
-3.198954121310711440e-01
-3.198928801265827904e-01
-3.198903817137052075e-01
-3.198879141245100644e-01
-3.198854755939776751e-01
-3.198830657009018030e-01
-3.198806854084695339e-01
-3.198783368047709574e-01
-3.198760226199883205e-01
-3.198737456516067557e-01
-3.198715082496262352e-01
-3.198693119965491105e-01
-3.198671576647074688e-01
-3.198650454562929624e-01
-3.198629754477024245e-01
-3.198609480943117589e-01
-3.198589646277139042e-01
-3.198570272056603381e-01
-3.198551387481053943e-01
-3.198533024891058174e-01
-3.198515213679486435e-01
-3.198497974525414955e-01
-3.198481316198029667e-01
-3.198465237029100017e-01
-3.198449732502458565e-01
-3.198434809319160022e-01
-3.198420504989405444e-01
-3.198406910852770180e-01
-3.198394195833598186e-01
-3.198382628408770190e-01
-3.198372595093456061e-01
-3.198364614873904777e-01
-3.198359350028958104e-01
-3.198357614445014874e-01
-3.198360380851819063e-01
-3.198368788585634337e-01
-3.198384153767116489e-01
-3.198407984304103002e-01
-3.198442002816730412e-01
-3.198488181112816298e-01
-3.198548789747689414e-01
-3.198626465048403089e-01
-3.198724293508208860e-01
-3.198845909609633886e-01
-3.198995598037380761e-01
-3.199178385281951087e-01
-3.199400099754917126e-01
-3.199667375585420470e-01
-3.199987575959302166e-01
-3.200368619841170159e-01
-3.200818711864566457e-01
-3.201345995935752642e-01
-3.201958171728486180e-01
-3.202662122084512508e-01
-3.203463594607883214e-01
-3.204366965164404668e-01
-3.205375092044028262e-01
-3.206489254880693363e-01
-3.207709166062088224e-01
-3.209033043658800488e-01
-3.210457739939193700e-01
-3.211978923351511139e-01
-3.213591310615002139e-01
-3.215288938347600212e-01
-3.217065453269113418e-01
-3.218914391864914903e-01
-3.220829419436940233e-01
-3.222804506083619125e-01
-3.224834030399251206e-01
-3.226912815500362908e-01
-3.229036112251802981e-01
-3.231199549697802431e-01
-3.233399073223932607e-01
-3.235630888149839679e-01
-3.237891421313554563e-01
-3.240177306496583309e-01
-3.242485392242298592e-01
-3.244812764344237599e-01
-3.247156771837415024e-01
-3.249515045696985127e-01
-3.251885503053578708e-01
-3.254266334751572121e-01
-3.256655978557315700e-01
-3.259053083144278773e-01
-3.261456469010898807e-01
-3.263865092147843483e-01
-3.266278015025281256e-01
-3.268694387597059214e-01
-3.271113438729576495e-01
-3.273534476137356375e-01
-3.275956891150610950e-01
-3.278380164029391919e-01
-3.280803866234963673e-01
-3.283227657669739452e-01
-3.285651278692391375e-01
-3.288074538109023170e-01
-3.290497299094921058e-01
-3.292919465179157124e-01
-3.295340968196414644e-01
-3.297761759598937803e-01
-3.300181805781543520e-01
-3.302601087178941297e-01
-3.305019600030348892e-01
-3.307437359142371691e-01
-3.309854399928325308e-01
-3.312270778459036058e-01
-3.314686569005678707e-01
-3.317101859298320909e-01
-3.319516744268350417e-01
-3.321931319339061495e-01
-3.324345674410649765e-01
-3.326759889581382690e-01
-3.329174033339165062e-01
-3.331588163427569027e-01
-3.334002329901762374e-01
-3.336416579237930780e-01
-3.338830958004242455e-01
-3.341245514706811526e-01
-3.343660298945319576e-01
-3.346075357735806000e-01
-3.348490729553217915e-01
-3.350906437188693188e-01
-3.353322480883778045e-01
-3.355738833387245657e-01
-3.358155438506728596e-01
-3.360572214270373670e-01
-3.362989060912448536e-01
-3.365405872711245139e-01
-3.367822551651233343e-01
-3.370239020424918852e-01
-3.372655232643185785e-01
-3.375071179077939743e-01
-3.377486889846925688e-01
-3.379902433246602111e-01
-3.382317912272944649e-01
-3.384733459806619771e-01
-3.387149233152625394e-01
-3.389565408287399384e-01
-3.391982173897260533e-01
-3.394399725146843849e-01
-3.396818257091894777e-01
-3.399237957698526547e-01
-3.401659000488035933e-01
-3.404081536859199786e-01
-3.406505688170953228e-01
-3.408931537762414088e-01
-3.411359123309158914e-01
-3.413788430279467989e-01
-3.416219387685370812e-01
-3.418651867630071450e-01
-3.421085690061750895e-01
-3.423520633424979587e-01
-3.425956450581787438e-01
-3.428392887876471340e-01
-3.430829704219420240e-01
-3.433266687079853940e-01
-3.435703663284513376e-01
-3.438140503993519226e-01
-3.440577124527062769e-01
-3.443013480470732968e-01
-3.445449561668488259e-01
-3.447885385501591182e-01
-3.450320990453495384e-01
-3.452756430509858476e-01
-3.455191770509341009e-01
-3.457627082193958645e-01
-3.460062440463815836e-01
-3.462497919268004432e-01
-3.464933586665359111e-01
-3.467369498818610452e-01
-3.469805692981547396e-01
-3.472242179868757495e-01
-3.474678936162228227e-01
-3.477115898297606922e-01
-3.479552958998617385e-01
-3.481989968098689880e-01
-3.484426738767643084e-01
-3.486863059241434026e-01
-3.489298708754662304e-01
-3.491733475159127797e-01
-3.494167171278605988e-01
-3.496599647615271644e-01
-3.499030800254898654e-01
-3.501460574097743916e-01
-3.503888962379346772e-01
-3.506316003692305228e-01
-3.508741777512114912e-01
-3.511166398816815692e-01
-3.513590012005488594e-01
-3.516012784123293544e-01
-3.518434897444036036e-01
-3.520856541676193330e-01
-3.523277906282138439e-01
-3.525699173471249503e-01
-3.528120512292501898e-01
-3.530542073994285546e-01
-3.532963988584890136e-01
-3.535386362426169993e-01
-3.537809276748968834e-01
-3.540232787137665427e-01
-3.542656924190589751e-01
-3.545081695606220884e-01
-3.547507089786776091e-01
-3.549933080698864374e-01
-3.552359633320912868e-01
-3.554786708749046453e-01
-3.557214268076281938e-01
-3.559642274487079261e-01
-3.562070693461923954e-01
-3.564499491390663577e-01
-3.566928633160894591e-01
-3.569358079422620955e-01
-3.571787784266741705e-01
-3.574217693997843170e-01
-3.576647747496537466e-01
-3.579077878324766204e-01
-3.581508018277568817e-01
-3.583938101678590393e-01
-3.586368069536746694e-01
-3.588797872810645662e-01
-3.591227474381196161e-01
-3.593656849725323510e-01
-3.596085986555798142e-01
-3.598514883787838903e-01
-3.600943550147145400e-01
-3.603372002619045777e-01
-3.605800264823181278e-01
-3.608228365329487208e-01
-3.610656335927999727e-01
-3.613084209914363409e-01
-3.615512020514780600e-01
-3.617939799602882256e-01
-3.620367576833664613e-01
-3.622795379247790160e-01
-3.625223231314024797e-01
-3.627651155303724950e-01
-3.630079171837231611e-01
-3.632507300405653505e-01
-3.634935559654333681e-01
-3.637363967229287898e-01
-3.639792539052472131e-01
-3.642221288007740365e-01
-3.644650222154920960e-01
-3.647079342686311842e-01
-3.649508641851424429e-01
-3.651938101005360870e-01
-3.654367688838493500e-01
-3.656797359789547008e-01
-3.659227052675207426e-01
-3.661656689689682387e-01
-3.664086176098677039e-01
-3.666515401099158522e-01
-3.668944240341850960e-01
-3.671372560439680743e-01
-3.673800225422040322e-01
-3.676227104680047653e-01
-3.678653081691442561e-01
-3.681078062848651689e-01
-3.683501985983386739e-01
-3.685924828471703329e-01
-3.688346614884057684e-01
-3.690767423894485977e-01
-3.693187393618423409e-01
-3.695606723908330671e-01
-3.698025673744575470e-01
-3.700444552120665254e-01
-3.702863701976654709e-01
-3.705283478562437782e-01
-3.707704225357312255e-01
-3.710126251429315958e-01
-3.712549813482154404e-01
-3.714975104210234136e-01
-3.717402246832605117e-01
-3.719831294525186016e-01
-3.722262233149006283e-01
-3.724694985995085639e-01
-3.727129419875926941e-01
-3.729565352441387982e-01
-3.732002560831065296e-01
-3.734440791599958898e-01
-3.736879771382071724e-01
-3.739319217283396668e-01
-3.741758845832849345e-01
-3.744198379583185687e-01
-3.746637551001225086e-01
-3.749076103855709108e-01
-3.751513792711496653e-01
-3.753950381329435593e-01
-3.756385640809769000e-01
-3.758819348268911953e-01
-3.761251286725836862e-01
-3.763681246679405623e-01
-3.766109029581923284e-01
-3.768534453121029082e-01
-3.770957358026689743e-01
-3.773377616102958632e-01
-3.775795139305862524e-01
-3.778209889790055120e-01
-3.780621890734544577e-01
-3.783031237304245176e-01
-3.785438106316895701e-01
-3.787842762261799945e-01
-3.790245556684732064e-01
-3.792646918199484296e-01
-3.795047331959130466e-01
-3.797447310152814448e-01
-3.799847357959831307e-01
-3.802247940955476024e-01
-3.804649459374768727e-01
-3.807052232292308935e-01
-3.809456491942752598e-01
-3.811862386284013415e-01
-3.814269986976039362e-01
-3.816679300024077848e-01
-3.819090276963960084e-01
-3.821502825261580694e-01
-3.823916817344749086e-01
-3.826332098291567729e-01
-3.828748492618309074e-01
-3.831165810807532490e-01
-3.833583856195450501e-01
-3.836002432654017635e-01
-3.838421353242406631e-01
-3.840840449714779670e-01
-3.843259582442263844e-01
-3.845678649891882128e-01
-3.848097596308998058e-01
-3.850516415810699700e-01
-3.852935151010951631e-01
-3.855353884905938777e-01
-3.857772726165689114e-01
-3.860191789822388087e-01
-3.862611176784148670e-01
-3.865030955864837692e-01
-3.867451150986006558e-01
-3.869871734487998483e-01
-3.872292625931595955e-01
-3.874713694909711625e-01
-3.877134766270154964e-01
-3.879555626527179668e-01
-3.881976030808456657e-01
-3.884395710214975095e-01
-3.886814379828334998e-01
-3.889231747734246958e-01
-3.891647525382049277e-01
-3.894061439476204645e-01
-3.896473245504994964e-01
-3.898882742970373738e-01
-3.901289792280204782e-01
-3.903694332913044684e-01
-3.906096401706537491e-01
-3.908496148937821157e-01
-3.910893848510833548e-01
-3.913289897652088012e-01
-3.915684801914386948e-01
-3.918079143658169672e-01
-3.920473536241095847e-01
-3.922868570320553472e-01
-3.925264760822786414e-01
-3.927662502091284202e-01
-3.930062035234981876e-01
-3.932463427773078557e-01
-3.934866563144657214e-01
-3.937271137208908089e-01
-3.939676660107832018e-01
-3.942082463813948445e-01
-3.944487717180651942e-01
-3.946891450311162397e-01
-3.949292588066282139e-01
-3.951689989094251398e-01
-3.954082483526006331e-01
-3.956468901272414129e-01
-3.958848084438755244e-01
-3.961218880952166455e-01
-3.963580120584873079e-01
-3.965930578119185590e-01
-3.968268931286900725e-01
-3.970593723544465492e-01
-3.972903343487167449e-01
-3.975196032659554235e-01
-3.977469930180710933e-01
-3.979723155471454610e-01
-3.981953921369149607e-01
-3.984160663114177936e-01
-3.986342167678404436e-01
-3.988497692844812925e-01
-3.990627072770031591e-01
-3.992730811733877228e-01
-3.994810167349749364e-01
-3.996867218416977896e-01
-3.998904903132182165e-01
-4.000927004952745669e-01
-4.002938061843738238e-01
-4.004943184892730823e-01
-4.006947794297614496e-01
-4.008957306513067365e-01
-4.010976822837640232e-01
-4.013010867703188933e-01
-4.015063206153751674e-01
-4.017136745417684285e-01
-4.019233506665658706e-01
-4.021354645480793022e-01
-4.023500502085915476e-01
-4.025670670412593299e-01
-4.027864083667839212e-01
-4.030079119150051237e-01
-4.032313724433623792e-01
-4.034565561136968515e-01
-4.036832154827256769e-01
-4.039111035088078228e-01
-4.041399851353629225e-01
-4.043696456773386849e-01
-4.045998960281533829e-01
-4.048305752582196382e-01
-4.050615513485155139e-01
-4.052927206586762754e-01
-4.055240064332618077e-01
-4.057553563772585692e-01
-4.059867392220772309e-01
-4.062181403210033959e-01
-4.064495566048541009e-01
-4.066809915255459318e-01
-4.069124507273283453e-01
-4.071439390349367304e-01
-4.073754590173357948e-01
-4.076070110344852115e-01
-4.078385944183751666e-01
-4.080702093016921883e-01
-4.083018585543369827e-01
-4.085335492914555777e-01
-4.087652934891655154e-01
-4.089971074256910644e-01
-4.092290099683146276e-01
-4.094610200787135446e-01
-4.096931541631988472e-01
-4.099254239206977513e-01
-4.101578351324878247e-01
-4.103903875135751500e-01
-4.106230754573138575e-01
-4.108558893385586552e-01
-4.110888169981116169e-01
-4.113218450708361340e-01
-4.115549599016858906e-01
-4.117881478978616672e-01
-4.120213952838752136e-01
-4.122546873488152630e-01
-4.124880073787148826e-01
-4.127213355225148317e-01
-4.129546478295179623e-01
-4.131879156262007746e-01
-4.134211053006159320e-01
-4.136541784696837198e-01
-4.138870924433588061e-01
-4.141198008762380089e-01
-4.143522545035332461e-01
-4.145844018809441978e-01
-4.148161900749435804e-01
-4.150475652740041044e-01
-4.152784733093294323e-01
-4.155088600854856540e-01
-4.157386719280936060e-01
-4.159678558588869590e-01
-4.161963598092831562e-01
-4.164241327831365025e-01
-4.166511249782148818e-01
-4.168772878745791166e-01
-4.171025742966790184e-01
-4.173269384547336758e-01
-4.175503359698823358e-01
-4.177727238866857373e-01
-4.179940606758142940e-01
-4.182143062291591717e-01
-4.184334218491239099e-01
-4.186513702334730969e-01
-4.188681154568162923e-01
-4.190836229495691900e-01
-4.192978594750502719e-01
-4.195107931052262096e-01
-4.197223931955064158e-01
-4.199326303588978293e-01
-4.201414764397620183e-01
-4.203489044873604530e-01
-4.205548887293305005e-01
-4.207594045451971687e-01
-4.209624284399972050e-01
-4.211639380180633441e-01
-4.213639119569921321e-01
-4.215623299817911618e-01
-4.217591728391713590e-01
-4.219544222719099347e-01
-4.221480609931575478e-01
-4.223400726604891742e-01
-4.225304418493910363e-01
-4.227191540257192459e-01
-4.229061955164339359e-01
-4.230915534775671061e-01
-4.232752158578679813e-01
-4.234571713558010764e-01
-4.236374093664235785e-01
-4.238159199129544752e-01
-4.239926935552943976e-01
-4.241677212639606287e-01
-4.243409942423000403e-01
-4.245125036716383415e-01
-4.246822403421828818e-01
-4.248501941157821205e-01
-4.250163531439368203e-01
-4.251807027355989366e-01
-4.253432237372205549e-01
-4.255038902627302777e-01
-4.256626666198739528e-01
-4.258195033752072978e-01
-4.259743327704803018e-01
-4.261270642428497957e-01
-4.262775815965085813e-01
-4.264257440738158378e-01
-4.265713933581212203e-01
-4.267143666183654815e-01
-4.268545125935495066e-01
-4.269917056901562646e-01
-4.271258540590048280e-01
-4.272569007834699506e-01
-4.273848200430115374e-01
-4.275096109571203118e-01
-4.276312912112350539e-01
-4.277498915682622083e-01
-4.278654516037557198e-01
-4.279780165938337766e-01
-4.280876353336754980e-01
-4.281943586482017117e-01
-4.282982383934288428e-01
-4.283993267954850914e-01
-4.284976760176831823e-01
-4.285933378797889270e-01
-4.286863636780798292e-01
-4.287768040718164531e-01
-4.288647090133286821e-01
-4.289501277066767870e-01
-4.290331085849962700e-01
-4.291136993000342348e-01
-4.291919467196206317e-01
-4.292678969302836101e-01
-4.293415952431801075e-01
-4.294130862021430239e-01
-4.294824135930586650e-01
-4.295496204540588669e-01
-4.296147490861900176e-01
-4.296778410643370405e-01
-4.297389372482570691e-01
-4.297980777936280528e-01
-4.298553021630504567e-01
-4.299106491369616423e-01
-4.299641568244377821e-01
-4.300158626738665446e-01
-4.300658034834807242e-01
-4.301140154117470971e-01
-4.301605339876072298e-01
-4.302053941205689069e-01
-4.302486301106481226e-01
-4.302902756581623023e-01
-4.303303638733755321e-01
-4.303689272859979598e-01
-4.304059978545404785e-01
-4.304416069755266916e-01
-4.304757854925640448e-01
-4.305085637052761816e-01
-4.305399713780983517e-01
-4.305700377489379838e-01
-4.305987915377019193e-01
-4.306262609546930853e-01
-4.306524737088777144e-01
-4.306774570160255000e-01
-4.307012376067244075e-01
-4.307238417342718617e-01
-4.307452951824445320e-01
-4.307656232731481571e-01
-4.307848508739492988e-01
-4.308030024054907980e-01
-4.308201018487928247e-01
-4.308361727524407936e-01
-4.308512382396623153e-01
-4.308653210152946778e-01
-4.308784433726441376e-01
-4.308906272002392401e-01
-4.309018939884794452e-01
-4.309122648361804475e-01
-4.309217604570179105e-01
-4.309304011858714478e-01
-4.309382069850696828e-01
-4.309451974505383864e-01
-4.309513918178529690e-01
-4.309568089681967140e-01
-4.309614674342263640e-01
-4.309653854058461131e-01
-4.309685807358915599e-01
-4.309710709457252320e-01
-4.309728732307445132e-01
-4.309740044658035840e-01
-4.309744812105505973e-01
-4.309743197146815863e-01
-4.309735359231118279e-01
-4.309721454810664376e-01
-4.309701637390910833e-01
-4.309676057579842623e-01
-4.309644863136520843e-01
-4.309608199018868380e-01
-4.309566207430705065e-01
-4.309519027868044527e-01
-4.309466797164661078e-01
-4.309409649536940501e-01
-4.309347716628024183e-01
-4.309281127551256585e-01
-4.309210008932948810e-01
-4.309134484954466604e-01
-4.309054677393654442e-01
-4.308970705665603473e-01
-4.308882686862775535e-01
-4.308790735794493232e-01
-4.308694965025802737e-01
-4.308595484915722640e-01
-4.308492403654884395e-01
-4.308385827302576576e-01
-4.308275859823201825e-01
-4.308162603122151491e-01
-4.308046157081113492e-01
-4.307926619592814532e-01
-4.307804086595211635e-01
-4.307678652105138561e-01
-4.307550408251413776e-01
-4.307419445307422712e-01
-4.307285851723177128e-01
-4.307149714156862097e-01
-4.307011117505882281e-01
-4.306870144937404166e-01
-4.306726877918417018e-01
-4.306581396245304227e-01
-4.306433778072946694e-01
-4.306284099943354371e-01
-4.306132436813839837e-01
-4.305978862084738346e-01
-4.305823447626681011e-01
-4.305666263807430005e-01
-4.305507379518279110e-01
-4.305346862200031821e-01
-4.305184777868555912e-01
-4.305021191139926651e-01
-4.304856165255165346e-01
-4.304689762104574324e-01
-4.304522042251678893e-01
-4.304353064956782382e-01
-4.304182888200136503e-01
-4.304011568704737556e-01
-4.303839161958750714e-01
-4.303665722237571267e-01
-4.303491302625522819e-01
-4.303315955037206875e-01
-4.303139730238499938e-01
-4.302962677867211427e-01
-4.302784846453399648e-01
-4.302606283439360801e-01
-4.302427035199285488e-01
-4.302247147058597121e-01
-4.302066663312971717e-01
-4.301885627247044597e-01
-4.301704081152811221e-01
-4.301522066347724937e-01
-4.301339623192496076e-01
-4.301156791108598498e-01
-4.300973608595488051e-01
-4.300790113247535684e-01
-4.300606341770680796e-01
-4.300422329998809801e-01
-4.300238112909863242e-01
-4.300053724641675901e-01
-4.299869198507553780e-01
-4.299684567011592962e-01
-4.299499861863744776e-01
-4.299315113994627846e-01
-4.299130353570095320e-01
-4.298945610005558970e-01
-4.298760911980072930e-01
-4.298576287450184830e-01
-4.298391763663552134e-01
-4.298207367172331983e-01
-4.298023123846347882e-01
-4.297839058886032682e-01
-4.297655196835156177e-01
-4.297471561593338429e-01
-4.297288176428352147e-01
-4.297105063988216345e-01
-4.296922246313089055e-01
-4.296739744846956865e-01
-4.296557580449126834e-01
-4.296375773405525234e-01
-4.296194343439803665e-01
-4.296013309724255880e-01
-4.295832690890551975e-01
-4.295652505040287727e-01
-4.295472769755354081e-01
-4.295293502108131767e-01
-4.295114718671509957e-01
-4.294936435528735053e-01
-4.294758668283089609e-01
-4.294581432067407500e-01
-4.294404741553422555e-01
-4.294228610960961201e-01
-4.294053054066973019e-01
-4.293878084214406976e-01
-4.293703714320935005e-01
-4.293529956887526255e-01
-4.293356824006869799e-01
-4.293184327371655229e-01
-4.293012478282706712e-01
-4.292841287656977145e-01
-4.292670766035404650e-01
-4.292500923590630291e-01
-4.292331770134581448e-01
-4.292163315125924750e-01
-4.291995567677386325e-01
-4.291828536562946050e-01
-4.291662230224904673e-01
-4.291496656780826591e-01
-4.291331824030360509e-01
-4.291167739461942410e-01
-4.291004410259376955e-01
-4.290841843308305092e-01
-4.290680045202555637e-01
-4.290519022250385839e-01
-4.290358780480610923e-01
-4.290199325648624273e-01
-4.290040663242310481e-01
-4.289882798487853477e-01
-4.289725736355441410e-01
-4.289569481564868281e-01
-4.289414038591036760e-01
-4.289259411669360533e-01
-4.289105604801071170e-01
-4.288952621758430062e-01
-4.288800466089843777e-01
-4.288649141124890041e-01
-4.288498649979249899e-01
-4.288348995559553845e-01
-4.288200180568136899e-01
-4.288052207507709879e-01
-4.287905078685943505e-01
-4.287758796219969804e-01
-4.287613362040801346e-01
-4.287468777897670003e-01
-4.287325045362284093e-01
-4.287182165833010039e-01
-4.287040140538975197e-01
-4.286898970544095744e-01
-4.286758656751030183e-01
-4.286619199905057909e-01
-4.286480600597889490e-01
-4.286342859271402572e-01
-4.286205976221309499e-01
-4.286069951600756656e-01
-4.285934785423856086e-01
-4.285800477569152167e-01
-4.285667027783021665e-01
-4.285534435683008847e-01
-4.285402700761101746e-01
-4.285271822386942375e-01
-4.285141799810977536e-01
-4.285012632167550239e-01
-4.284884318477932275e-01
-4.284756857653298501e-01
-4.284630248497643956e-01
-4.284504489710646569e-01
-4.284379579890473799e-01
-4.284255517536533775e-01
-4.284132301052177572e-01
-4.284009928747344320e-01
-4.283888398841159129e-01
-4.283767709464477158e-01
-4.283647858662381624e-01
-4.283528844396629065e-01
-4.283410664548049640e-01
-4.283293316918900251e-01
-4.283176799235169918e-01
-4.283061109148839640e-01
-4.282946244240098954e-01
-4.282832202019518086e-01
-4.282718979930175141e-01
-4.282606575349744427e-01
-4.282494985592538717e-01
-4.282384207911513752e-01
-4.282274239500231672e-01
-4.282165077494783922e-01
-4.282056718975675857e-01
-4.281949160969673596e-01
-4.281842400451611463e-01
-4.281736434346165576e-01
-4.281631259529588007e-01
-4.281526872831407649e-01
-4.281423271036093325e-01
-4.281320450884686379e-01
-4.281218409076396059e-01
-4.281117142270162712e-01
-4.281016647086188787e-01
-4.280916920107437074e-01
-4.280817957881097868e-01
-4.280719756920026153e-01
-4.280622313704145476e-01
-4.280525624681825736e-01
-4.280429686271227663e-01
-4.280334494861622319e-01
-4.280240046814678956e-01
-4.280146338465727340e-01
-4.280053366124992320e-01
-4.279961126078800637e-01
-4.279869614590761095e-01
-4.279778827902921967e-01
-4.279688762236898980e-01
-4.279599413794979990e-01
-4.279510778761206891e-01
-4.279422853302429774e-01
-4.279335633569340547e-01
-4.279249115697482675e-01
-4.279163295808237066e-01
-4.279078170009786297e-01
-4.278993734398057192e-01
-4.278909985057641197e-01
-4.278826918062693663e-01
-4.278744529477812586e-01
-4.278662815358897364e-01
-4.278581771753987018e-01
-4.278501394704077310e-01
-4.278421680243922331e-01
-4.278342624402812766e-01
-4.278264223205338612e-01
-4.278186472672131924e-01
-4.278109368820594005e-01
-4.278032907665600404e-01
-4.277957085220194799e-01
-4.277881897496260133e-01
-4.277807340505177525e-01
-4.277733410258466318e-01
-4.277660102768408024e-01
-4.277587414048657499e-01
-4.277515340114834141e-01
-4.277443876985102533e-01
-4.277373020680735327e-01
-4.277302767226662250e-01
-4.277233112652005231e-01
-4.277164052990599097e-01
-4.277095584281498941e-01
-4.277027702569474177e-01
-4.276960403905488151e-01
-4.276893684347166658e-01
-4.276827539959251467e-01
-4.276761966814044413e-01
-4.276696960991835939e-01
-4.276632518581323650e-01
-4.276568635680019770e-01
-4.276505308394643601e-01
-4.276442532841508437e-01
-4.276380305146890715e-01
-4.276318621447393609e-01
-4.276257477890297309e-01
-4.276196870633900415e-01
-4.276136795847848560e-01
-4.276077249713456374e-01
-4.276018228424017242e-01
-4.275959728185104169e-01
-4.275901745214860661e-01
-4.275844275744283829e-01
-4.275787316017496953e-01
-4.275730862292013712e-01
-4.275674910838993537e-01
-4.275619457943488633e-01
-4.275564499904682680e-01
-4.275510033036121760e-01
-4.275456053665936396e-01
-4.275402558137055276e-01
-4.275349542807413972e-01
-4.275297004050152005e-01
-4.275244938253807692e-01
-4.275193341822500770e-01
-4.275142211176110596e-01
-4.275091542750447671e-01
-4.275041332997416843e-01
-4.274991578385175517e-01
-4.274942275398283531e-01
-4.274893420537849154e-01
-4.274845010321665639e-01
-4.274797041284346122e-01
-4.274749509977446849e-01
-4.274702412969590415e-01
-4.274655746846579008e-01
-4.274609508211503761e-01
-4.274563693684849675e-01
-4.274518299904593310e-01
-4.274473323526295498e-01
-4.274428761223191264e-01
-4.274384609686270320e-01
-4.274340865624358665e-01
-4.274297525764189087e-01
-4.274254586850472215e-01
-4.274212045645959801e-01
-4.274169898931504674e-01
-4.274128143506117361e-01
-4.274086776187015491e-01
-4.274045793809673199e-01
-4.274005193227862209e-01
-4.273964971313692351e-01
-4.273925124957645982e-01
-4.273885651068610736e-01
-4.273846546573905614e-01
-4.273807808419307075e-01
-4.273769433569067910e-01
-4.273731419005935561e-01
-4.273693761731166552e-01
-4.273656458764536481e-01
-4.273619507144346685e-01
-4.273582903927430898e-01
-4.273546646189155251e-01
-4.273510731023415499e-01
-4.273475155542634796e-01
-4.273439916877755373e-01
-4.273405012178228546e-01
-4.273370438612002498e-01
-4.273336193365505631e-01
-4.273302273643630467e-01
-4.273268676669712551e-01
-4.273235399685508251e-01
-4.273202439951168663e-01
-4.273169794745214078e-01
-4.273137461364502898e-01
-4.273105437124200545e-01
-4.273073719357746159e-01
-4.273042305416815956e-01
-4.273011192671287151e-01
-4.272980378509195765e-01
-4.272949860336697214e-01
-4.272919635578022457e-01
-4.272889701675431917e-01
-4.272860056089169412e-01
-4.272830696297413855e-01
-4.272801619796228745e-01
-4.272772824099510536e-01
-4.272744306738935904e-01
-4.272716065263905683e-01
-4.272688097241489902e-01
-4.272660400256370616e-01
-4.272632971910782507e-01
-4.272605809824451817e-01
-4.272578911634537513e-01
-4.272552274995565225e-01
-4.272525897579367293e-01
-4.272499777075014493e-01
-4.272473911188751639e-01
-4.272448297643930970e-01
