2.199990000000000112e+00
2.199990000000000112e+00
2.199990684973836874e+00
2.199992624057285795e+00
2.199996279188960902e+00
2.200002014501943659e+00
2.200010107102613688e+00
2.200020759752345789e+00
2.200034115782214528e+00
2.200050276174502439e+00
2.200069317885053000e+00
2.200091310880784246e+00
2.200116329150982875e+00
2.200144449550242687e+00
2.200175734905007729e+00
2.200210206404596747e+00
2.200247819882823030e+00
2.200288460530890777e+00
2.200331958741045035e+00
2.200378117735223515e+00
2.200426741069639647e+00
2.200477652751547719e+00
2.200530707843994627e+00
2.200585794004461526e+00
2.200642825169219385e+00
2.200701729209910251e+00
2.200762432501866428e+00
2.200824845413501762e+00
2.200888852808192908e+00
2.200954312289423065e+00
2.201021060529829487e+00
2.201088925575033883e+00
2.201157741389593969e+00
2.201227360507778119e+00
2.201297661394581162e+00
2.201368548709154993e+00
2.201439946698948713e+00
2.201511787950725552e+00
2.201584001116281275e+00
2.201656501529420940e+00
2.201729187683236777e+00
2.201801944655290111e+00
2.201874653402617898e+00
2.201947203084875238e+00
2.202019502683185248e+00
2.202091488344553039e+00
2.202163124033797104e+00
2.202234394956116059e+00
2.202305295368484295e+00
2.202375814213449967e+00
2.202445922872288797e+00
2.202515568892081443e+00
2.202584677890149667e+00
2.202653163498992317e+00
2.202720942891355449e+00
2.202787953740899862e+00
2.202854167826032494e+00
2.202919597037885868e+00
2.202984289259882100e+00
2.203048314141899500e+00
2.203111741580778382e+00
2.203174617885723663e+00
2.203236945343674869e+00
2.203298669823347211e+00
2.203359678416813239e+00
2.203419805661682052e+00
2.203478843496340378e+00
2.203536547474567620e+00
2.203592630328904178e+00
2.203646733936235336e+00
2.203698372111381421e+00
2.203746839068615238e+00
2.203791080862071095e+00
2.203829528003109495e+00
2.203859884831283811e+00
2.203878863506765651e+00
2.203881836888772927e+00
2.203862364942865693e+00
2.203811523874966483e+00
2.203716936422696282e+00
2.203561367202331756e+00
2.203320712550187910e+00
2.202961186735540533e+00
2.202435494640143876e+00
2.201677793262261318e+00
2.200597285948193704e+00
2.199070367632708134e+00
2.196931355108575623e+00
2.193962014846176256e+00
2.189880376539728779e+00
2.184329724917881688e+00
2.176869190673702992e+00
2.166967929042799668e+00
2.154005283925334524e+00
2.137279290589864100e+00
2.116025083036690901e+00
2.089443163045499929e+00
2.056735377001111864e+00
2.017144548927931602e+00
1.969992825848238871e+00
1.914714297014764810e+00
1.850879077577024301e+00
1.778208035869359271e+00
1.696578906679003573e+00
1.606025257756201974e+00
1.506729721486295359e+00
1.399012451731189488e+00
1.283315398090796755e+00
1.160183071570068281e+00
1.030241092818658277e+00
8.941747062050392492e-01
7.527101095150009469e-01
6.066014257143735877e-01
4.566252786749125381e-01
3.035834520266988967e-01
1.483124180145319326e-01
-8.303030050496901238e-03
-1.653160238402090199e-01
-3.217084573937422642e-01
-4.763911358140913155e-01
-6.282169100760032210e-01
-7.760081923557158312e-01
-9.185970491579229513e-01
-1.054872922686328707e+00
-1.183831187821102526e+00
-1.304615998562307588e+00
-1.416552975784387325e+00
-1.519170125323151765e+00
-1.612207684802306140e+00
-1.695618638711312132e+00
-1.769561417989341301e+00
-1.834385370094293366e+00
-1.890608728759280543e+00
-1.938888717587977206e+00
-1.979984394077860976e+00
-2.014714591597508875e+00
-2.043915012974225842e+00
-2.068399229046612664e+00
-2.088927589817680452e+00
-2.106186195381348547e+00
-2.120775936501392067e+00
-2.133209985294972189e+00
-2.143917346906229593e+00
-2.153250086579525213e+00
-2.161492315402598230e+00
-2.168869637434822195e+00
-2.175558314862776843e+00
-2.181693793945607140e+00
-2.187378441537119578e+00
-2.192688418178760035e+00
-2.197679631168921510e+00
-2.202392728847516690e+00
-2.206857139405188573e+00
-2.211094214818038139e+00
-2.215119591329401505e+00
-2.218944906843678844e+00
-2.222579020017189766e+00
-2.226028861990779539e+00
-2.229300028294340930e+00
-2.232397192492298288e+00
-2.235324399037518450e+00
-2.238085272988183050e+00
-2.240683169861262147e+00
-2.243121279976246552e+00
-2.245402697132621750e+00
-2.247530459651907009e+00
-2.249507571065767486e+00
-2.251337007039978300e+00
-2.253021714165591494e+00
-2.254564605084540041e+00
-2.255968553175502045e+00
-2.257236388761199475e+00
-2.258370897530688204e+00
-2.259374820696984365e+00
-2.260250855545702819e+00
-2.261001654700122376e+00
-2.261629822699453118e+00
-2.262137909202997399e+00
-2.262528399023264747e+00
-2.262803700046074340e+00
-2.262966130835436740e+00
-2.263017910317688841e+00
-2.262961152279041155e+00
-2.262797867229398907e+00
-2.262529973180839260e+00
-2.262159315006880167e+00
-2.261687689752164943e+00
-2.261116873471444411e+00
-2.260448644754569081e+00
-2.259684801238481811e+00
-2.258827167513825618e+00
-2.257877594956904321e+00
-2.256837955470432977e+00
-2.255710131723256406e+00
-2.254496006426471411e+00
-2.253197452735364426e+00
-2.251816327189515743e+00
-2.250354465766576606e+00
-2.248813682711180650e+00
-2.247195770995513708e+00
-2.245502502823216062e+00
-2.243735628661732040e+00
-2.241896873819802405e+00
-2.239987932340385957e+00
-2.238010458712079931e+00
-2.235966058494226250e+00
-2.233856279394121458e+00
-2.231682604620932153e+00
-2.229446450361536769e+00
-2.227149168777219579e+00
-2.224792056866176537e+00
-2.222376370020129777e+00
-2.219903337645570129e+00
-2.217374177491088005e+00
-2.214790105693419608e+00
-2.212152340829014019e+00
-2.209462101840904857e+00
-2.206720601040840446e+00
-2.203929034219975325e+00
-2.201088570277390577e+00
-2.198200342801290841e+00
-2.195265445713459052e+00
-2.192284934306807820e+00
-2.189259831728569861e+00
-2.186191139427460239e+00
-2.183079848836676273e+00
-2.179926951169179894e+00
-2.176733442837156307e+00
-2.173500325336928718e+00
-2.170228599880140496e+00
-2.166919258163799267e+00
-2.163573271333404602e+00
-2.160191579482942270e+00
-2.156775084015203792e+00
-2.153324644780732822e+00
-2.149841082979495610e+00
-2.146325189354322482e+00
-2.142777735589251442e+00
-2.139199485694047276e+00
-2.135591204051970227e+00
-2.131953657775497391e+00
-2.128287612583697808e+00
-2.124593822976638791e+00
-2.120873018672991162e+00
-2.117125890052528270e+00
-2.113353075777437251e+00
-2.109555155801011939e+00
-2.105732652359243673e+00
-2.101886040027418190e+00
-2.098015763623890528e+00
-2.094122260368087574e+00
-2.090205981300796267e+00
-2.086267407251633177e+00
-2.082307056411669244e+00
-2.078325482945552860e+00
-2.074323268123093644e+00
-2.070301006713953118e+00
-2.066259291917284191e+00
-2.062198702113146709e+00
-2.058119792319956787e+00
-2.054023092326372257e+00
-2.049909111944634876e+00
-2.045778351916867521e+00
-2.041631317321662031e+00
-2.037468529617760371e+00
-2.033290534053791898e+00
-2.029097900724496917e+00
-2.024891219328656788e+00
-2.020671089073750704e+00
-2.016438105975959072e+00
-2.012192850125092303e+00
-2.007935875457134589e+00
-2.003667704181887999e+00
-1.999388827102761113e+00
-1.995099709591781512e+00
-1.990800801246669360e+00
-1.986492545911990648e+00
-1.982175388430679419e+00
-1.977849775361742779e+00
-1.973516148528809078e+00
-1.969174932009219559e+00
-1.964826514617321385e+00
-1.960471231010687543e+00
-1.956109345319484660e+00
-1.951741041562458312e+00
-1.947366424671837848e+00
-1.942985534235778911e+00
-1.938598370056783038e+00
-1.934204925169333844e+00
-1.929805219572482633e+00
-1.925399327830708884e+00
-1.920987395877250092e+00
-1.916569645628760421e+00
-1.912146368941024743e+00
-1.907717914185245611e+00
-1.903284669287693021e+00
-1.898847044840701548e+00
-1.894405460197781998e+00
-1.889960334412283283e+00
-1.885512082452803329e+00
-1.881061115463212863e+00
-1.876607842366774470e+00
-1.872152669413983173e+00
-1.867695994653106650e+00
-1.863238195574087097e+00
-1.858779609839532165e+00
-1.854320510658534760e+00
-1.849861079866755409e+00
-1.845401383189107181e+00
-1.840941353331116748e+00
-1.836480786891556471e+00
-1.832019359729940344e+00
-1.827556661808737770e+00
-1.823092247293307100e+00
-1.818625690876451984e+00
-1.814156639305347651e+00
-1.809684848961534032e+00
-1.805210204956508857e+00
-1.800732722228084226e+00
-1.796252532682286018e+00
-1.791769863960185116e+00
-1.787285015370567498e+00
-1.782798335621941455e+00
-1.778310205648036657e+00
-1.773821028164195734e+00
-1.769331223680829401e+00
-1.764841230844643949e+00
-1.760351507750244293e+00
-1.755862530744903838e+00
-1.751374788232061608e+00
-1.746888768563536809e+00
-1.742404942696025527e+00
-1.737923743559681267e+00
-1.733445545057207937e+00
-1.728970644359276720e+00
-1.724499251534786781e+00
-1.720031490084413139e+00
-1.715567410116989544e+00
-1.711107012722340004e+00
-1.706650280510019435e+00
-1.702197206930702533e+00
-1.697747817116013191e+00
-1.693302175475923654e+00
-1.688860378905290727e+00
-1.684422537748892834e+00
-1.679988748958258782e+00
-1.675559067208205910e+00
-1.671133480396955084e+00
-1.666711895856982650e+00
-1.662294142226346860e+00
-1.657879988761603141e+00
-1.653469179228457486e+00
-1.649061472949286067e+00
-1.644656683249853257e+00
-1.640254704624738213e+00
-1.635855523749603302e+00
-1.631459214054643336e+00
-1.627065917180617660e+00
-1.622675816620908762e+00
-1.618289109500454792e+00
-1.613905982256057303e+00
-1.609526595116888670e+00
-1.605151078503398665e+00
-1.600779541585639842e+00
-1.596412089728985739e+00
-1.592048844650236550e+00
-1.587689960163075398e+00
-1.583335627852985539e+00
-1.578986070080946380e+00
-1.574641521008209200e+00
-1.570302198916775582e+00
-1.565968274807114868e+00
-1.561639843329603039e+00
-1.557316902596716846e+00
-1.552999348859695372e+00
-1.548686989675521097e+00
-1.544379574812441591e+00
-1.540076838826254457e+00
-1.535778545246307525e+00
-1.531484521689435718e+00
-1.527194678243067649e+00
-1.522909006460660075e+00
-1.518627561078012222e+00
-1.514350429787103325e+00
-1.510077698036269789e+00
-1.505809416371918008e+00
-1.501545577552507504e+00
-1.497286109220480776e+00
-1.493030884767222455e+00
-1.488779750264900503e+00
-1.484532560336466522e+00
-1.480289212793628906e+00
-1.476049672331788631e+00
-1.471813977192195422e+00
-1.467582227607468592e+00
-1.463354559115219722e+00
-1.459131106620823681e+00
-1.454911966617921104e+00
-1.450697165674911471e+00
-1.446486643120204141e+00
-1.442280254154061137e+00
-1.438077795744869380e+00
-1.433879052044321423e+00
-1.429683850640630416e+00
-1.425492118359045879e+00
-1.421303926844340371e+00
-1.417119522782153362e+00
-1.412939342780528573e+00
-1.408764016428428745e+00
-1.404594362134673924e+00
-1.400431379614028193e+00
-1.396276241514806893e+00
-1.392130285882174690e+00
-1.387995011808980106e+00
-1.383872082985191820e+00
-1.379763347231786952e+00
-1.375670882996369082e+00
-1.371597084615525208e+00
-1.367544796064799506e+00
-1.363517497834676240e+00
-1.359519543361778826e+00
-1.355556429324232592e+00
-1.351635067280518188e+00
-1.347764003874925010e+00
-1.343953519138651576e+00
-1.340215528840417392e+00
-1.336563240291687604e+00
-1.333010565328923480e+00
-1.329571363898619074e+00
-1.326258644596530534e+00
-1.323083856084282361e+00
-1.320056362726049537e+00
-1.317183133814706197e+00
-1.314468620851880098e+00
-1.311914770895733495e+00
-1.309521126743443897e+00
-1.307284985673648148e+00
-1.305201613344486589e+00
-1.303264525348371894e+00
-1.301465847232886830e+00
-1.299796743800009313e+00
-1.298247880030683810e+00
-1.296809855684487811e+00
-1.295473556203364573e+00
-1.294230383688602881e+00
-1.293072361620733135e+00
-1.291992132362745016e+00
-1.290982880779604214e+00
-1.290038221365815030e+00
-1.289152083987943120e+00
-1.288318627469136723e+00
-1.287532201071605931e+00
-1.286787360912787115e+00
-1.286078932870669655e+00
-1.285402100232136746e+00
-1.284752488851622187e+00
-1.284126227177201818e+00
-1.283519969962396035e+00
-1.282930886624851885e+00
-1.282356623207735913e+00
-1.281795249456124219e+00
-1.281245201056554484e+00
-1.280705223799939674e+00
-1.280174323023150817e+00
-1.279651719091696949e+00
-1.279136808245356915e+00
-1.278629127785193109e+00
-1.278128324972680696e+00
-1.277634129602969626e+00
-1.277146330547751063e+00
-1.276664756487741581e+00
-1.276189260724063468e+00
-1.275719709631816023e+00
-1.275255974171403794e+00
-1.274797923929235743e+00
-1.274345423335745631e+00
-1.273898329875224000e+00
-1.273456494138386796e+00
-1.273019761423502816e+00
-1.272587974330786187e+00
-1.272160975583552567e+00
-1.271738610308010387e+00
-1.271320727244721338e+00
-1.270907178738398313e+00
-1.270497819702282705e+00
-1.270092505981462727e+00
-1.269691092633757235e+00
-1.269293432638473496e+00
-1.268899376459618811e+00
-1.268508772738098811e+00
-1.268121470170065823e+00
-1.267737320372199550e+00
-1.267356181301386053e+00
-1.266977920664402291e+00
-1.266602418773918881e+00
-1.266229570469433963e+00
-1.265859285956687064e+00
-1.265491490639989669e+00
-1.265126124168129085e+00
-1.264763138970041778e+00
-1.264402498540170505e+00
-1.264044175677679016e+00
-1.263688150817174005e+00
-1.263334410529115770e+00
-1.262982946223145664e+00
-1.262633753057724073e+00
-1.262286829042096992e+00
-1.261942174308181119e+00
-1.261599790527276888e+00
-1.261259680447187392e+00
-1.260921847527677553e+00
-1.260586295655234279e+00
-1.260253028921184404e+00
-1.259922051450098390e+00
-1.259593367267912933e+00
-1.259266980201318775e+00
-1.258942893801699547e+00
-1.258621111288318550e+00
-1.258301635506575256e+00
-1.257984468898050157e+00
-1.257669613479763360e+00
-1.257357070830627865e+00
-1.257046842083515692e+00
-1.256738927921695170e+00
-1.256433328578666631e+00
-1.256130043840631538e+00
-1.255829073050995559e+00
-1.255530415116432374e+00
-1.255234068514137880e+00
-1.254940031299980330e+00
-1.254648301117317510e+00
-1.254358875206297297e+00
-1.254071750413499720e+00
-1.253786923201807291e+00
-1.253504389660413221e+00
-1.253224145514901355e+00
-1.252946186137341211e+00
-1.252670506556358809e+00
-1.252397101467153551e+00
-1.252125965241440042e+00
-1.251857091937304656e+00
-1.251590475308975936e+00
-1.251326108816518623e+00
-1.251063985635474607e+00
-1.250804098666495445e+00
-1.250546440545033944e+00
-1.250291003651205601e+00
-1.250037780119978903e+00
-1.249786761851944039e+00
-1.249537940525020430e+00
-1.249291307607637513e+00
-1.249046854374164184e+00
-1.248804571923686657e+00
-1.248564451203650671e+00
-1.248326483040342660e+00
-1.248090658178544254e+00
-1.247856967332563682e+00
-1.247625401249476962e+00
-1.247395950781527985e+00
-1.247168606956890802e+00
-1.246943361026585428e+00
-1.246720204455282976e+00
-1.246499128826833669e+00
-1.246280125662936333e+00
-1.246063186198035799e+00
-1.245848301182597373e+00
-1.245635460772658076e+00
-1.245424654518117125e+00
-1.245215871423019260e+00
-1.245009100039009109e+00
-1.244804328561795126e+00
-1.244601544914784474e+00
-1.244400736815038266e+00
-1.244201891822567907e+00
-1.244004997376161770e+00
-1.243810040819165241e+00
-1.243617009418111152e+00
-1.243425890376395282e+00
-1.243236670844575231e+00
-1.243049337928381126e+00
-1.242863878695180224e+00
-1.242680280179388363e+00
-1.242498529387160211e+00
-1.242318613300573915e+00
-1.242140518881454714e+00
-1.241964233074932977e+00
-1.241789742812799524e+00
-1.241617035016698845e+00
-1.241446096601190430e+00
-1.241276914476695747e+00
-1.241109475552343078e+00
-1.240943766738721532e+00
-1.240779774950548919e+00
-1.240617487109258565e+00
-1.240456890145509972e+00
-1.240297971001624422e+00
-1.240140716633949092e+00
-1.239985114015151657e+00
-1.239831150136446736e+00
-1.239678812009756603e+00
-1.239528086669807294e+00
-1.239378961176160976e+00
-1.239231422615187261e+00
-1.239085458101973902e+00
-1.238941054782178641e+00
-1.238798199833823110e+00
-1.238656880469030996e+00
-1.238517083935709140e+00
-1.238378797519177343e+00
-1.238242008543742445e+00
-1.238106704374222877e+00
-1.237972872417421488e+00
-1.237840500123549070e+00
-1.237709574987599703e+00
-1.237580084550679027e+00
-1.237452016401285437e+00
-1.237325358176546430e+00
-1.237200097563411205e+00
-1.237076222299799300e+00
-1.236953720175706817e+00
-1.236832579034272461e+00
-1.236712786772801609e+00
-1.236594331343752406e+00
-1.236477200755681904e+00
-1.236361383074155329e+00
-1.236246866422618274e+00
-1.236133638983232919e+00
-1.236021688997678725e+00
-1.235911004767919819e+00
-1.235801574656936852e+00
-1.235693387089428663e+00
-1.235586430552479298e+00
-1.235480693596195945e+00
-1.235376164834314894e+00
-1.235272832944778409e+00
-1.235170686670282292e+00
-1.235069714818795017e+00
-1.234969906264049344e+00
-1.234871249946006833e+00
-1.234773734871295492e+00
-1.234677350113622563e+00
-1.234582084814161540e+00
-1.234487928181914995e+00
-1.234394869494053415e+00
-1.234302898096230505e+00
-1.234212003402876290e+00
-1.234122174897467561e+00
-1.234033402132777457e+00
-1.233945674731102837e+00
-1.233858982384472780e+00
-1.233773314854835101e+00
-1.233688661974225331e+00
-1.233605013644915926e+00
-1.233522359839546390e+00
-1.233440690601236955e+00
-1.233359996043682738e+00
-1.233280266351233445e+00
-1.233201491778953551e+00
-1.233123662652669150e+00
-1.233046769368997264e+00
-1.232970802395360499e+00
-1.232895752269986822e+00
-1.232821609601895130e+00
-1.232748365070866381e+00
-1.232676009427401631e+00
-1.232604533492666077e+00
-1.232533928158420888e+00
-1.232464184386942385e+00
-1.232395293210929221e+00
-1.232327245733396914e+00
-1.232260033127562382e+00
-1.232193646636716267e+00
-1.232128077574085045e+00
-1.232063317322682039e+00
-1.231999357335149758e+00
-1.231936189133590487e+00
-1.231873804309388865e+00
-1.231812194523025150e+00
-1.231751351503878489e+00
-1.231691267050022631e+00
-1.231631933028013437e+00
-1.231573341372667274e+00
-1.231515484086832313e+00
-1.231458353241152492e+00
-1.231401940973823494e+00
-1.231346239490342498e+00
-1.231291241063250386e+00
-1.231236938031868622e+00
-1.231183322802027691e+00
-1.231130387845791985e+00
-1.231078125701176917e+00
-1.231026528971861378e+00
-1.230975590326894409e+00
-1.230925302500396779e+00
-1.230875658291257446e+00
-1.230826650562825808e+00
-1.230778272242597948e+00
-1.230730516321900225e+00
-1.230683375855567085e+00
-1.230636843961615989e+00
-1.230590913820917898e+00
-1.230545578676863760e+00
-1.230500831835028341e+00
-1.230456666662829823e+00
-1.230413076589186749e+00
-1.230370055104172078e+00
-1.230327595758663239e+00
-1.230285692163991085e+00
-1.230244337991584613e+00
-1.230203526972614814e+00
-1.230163252897634729e+00
-1.230123509616218636e+00
-1.230084291036598110e+00
-1.230045591125296989e+00
-1.230007403906763885e+00
-1.229969723463003817e+00
-1.229932543933207612e+00
-1.229895859513379985e+00
-1.229859664455966950e+00
-1.229823953069481002e+00
-1.229788719718126311e+00
-1.229753958821421911e+00
-1.229719664853824668e+00
-1.229685832344351581e+00
-1.229652455876200756e+00
-1.229619530086372148e+00
-1.229587049665288312e+00
-1.229555009356413375e+00
-1.229523403955873562e+00
-1.229492228312075941e+00
-1.229461477325327845e+00
-1.229431145947455839e+00
-1.229401229181424915e+00
-1.229371722080957685e+00
-1.229342619750154020e+00
-1.229313917343110241e+00
-1.229285610063539647e+00
-1.229257693164392151e+00
-1.229230161947475919e+00
-1.229203011763077669e+00
-1.229176238009585198e+00
-1.229149836133109686e+00
-1.229123801627108659e+00
-1.229098130032010516e+00
-1.229072816934838608e+00
-1.229047857968837087e+00
-1.229023248813097435e+00
-1.228998985192185867e+00
-1.228975062875771629e+00
-1.228951477678256854e+00
-1.228928225458406853e+00
-1.228905302118982190e+00
-1.228882703606371196e+00
-1.228860425910224707e+00
-1.228838465063091245e+00
-1.228816817140053530e+00
-1.228795478258367213e+00
-1.228774444577099390e+00
-1.228753712296770662e+00
-1.228733277658996537e+00
-1.228713136946131934e+00
-1.228693286480915914e+00
-1.228673722626119291e+00
-1.228654441784192475e+00
-1.228635440396915968e+00
-1.228616714945051758e+00
-1.228598261947996928e+00
-1.228580077963438155e+00
-1.228562159587009317e+00
-1.228544503451949099e+00
-1.228527106228761490e+00
-1.228509964624878048e+00
-1.228493075384321065e+00
-1.228476435287369606e+00
-1.228460041150226445e+00
-1.228443889824687663e+00
-1.228427978197813575e+00
-1.228412303191601440e+00
-1.228396861762660386e+00
-1.228381650901888333e+00
-1.228366667634150255e+00
-1.228351909017958876e+00
-1.228337372145157369e+00
-1.228323054140603610e+00
-1.228308952161856427e+00
-1.228295063398863851e+00
-1.228281385073653587e+00
-1.228267914440025699e+00
-1.228254648783246417e+00
-1.228241585419744375e+00
-1.228228721696809078e+00
-1.228216054992291362e+00
-1.228203582714305409e+00
-1.228191302300933208e+00
-1.228179211219930789e+00
-1.228167306968436900e+00
-1.228155587072683019e+00
-1.228144049087706247e+00
-1.228132690597063537e+00
-1.228121509212547924e+00
-1.228110502573907414e+00
-1.228099668348565654e+00
-1.228089004231344372e+00
-1.228078507944188269e+00
-1.228068177235891234e+00
-1.228058009881825452e+00
-1.228048003683672285e+00
-1.228038156469154707e+00
-1.228028466091772408e+00
-1.228018930430538891e+00
-1.228009547389719680e+00
-1.228000314898574086e+00
-1.227991230911097187e+00
-1.227982293405765812e+00
-1.227973500385284966e+00
-1.227964849876336473e+00
-1.227956339929330953e+00
-1.227947968618159802e+00
-1.227939734039950492e+00
-1.227931634314824105e+00
-1.227923667585653744e+00
-1.227915832017825171e+00
-1.227908125799000549e+00
-1.227900547138882414e+00
-1.227893094268981411e+00
-1.227885765442384258e+00
-1.227878558933525044e+00
-1.227871473037957406e+00
-1.227864506072129602e+00
-1.227857656373160911e+00
-1.227850922298619807e+00
-1.227844302226304363e+00
-1.227837794554024642e+00
-1.227831397699387095e+00
-1.227825110099579620e+00
-1.227818930211160842e+00
-1.227812856509848505e+00
-1.227806887490311860e+00
-1.227801021665965164e+00
-1.227795257568762510e+00
-1.227789593748995101e+00
-1.227784028775090741e+00
-1.227778561233413779e+00
-1.227773189728068148e+00
-1.227767912880701529e+00
-1.227762729330311942e+00
-1.227757637733054796e+00
-1.227752636762053484e+00
-1.227747725107209975e+00
-1.227742901475018522e+00
-1.227738164588380698e+00
-1.227733513186421321e+00
-1.227728946024307266e+00
-1.227724461873067607e+00
-1.227720059519415319e+00
-1.227715737765570081e+00
-1.227711495429084199e+00
-1.227707331342668740e+00
-1.227703244354022116e+00
-1.227699233325660444e+00
-1.227695297134748564e+00
-1.227691434672933735e+00
-1.227687644846180426e+00
-1.227683926574607121e+00
-1.227680278792323554e+00
-1.227676700447271063e+00
-1.227673190501063605e+00
-1.227669747928830546e+00
-1.227666371719060789e+00
-1.227663060873448675e+00
-1.227659814406741434e+00
-1.227656631346587979e+00
-1.227653510733389464e+00
-1.227650451620150740e+00
-1.227647453072333805e+00
-1.227644514167712808e+00
-1.227641633996230164e+00
-1.227638811659854001e+00
-1.227636046272437831e+00
-1.227633336959580879e+00
-1.227630682858489530e+00
-1.227628083117841440e+00
-1.227625536897649861e+00
-1.227623043369129752e+00
-1.227620601714565662e+00
-1.227618211127180281e+00
-1.227615870811004761e+00
-1.227613579980749936e+00
-1.227611337861679530e+00
-1.227609143689484483e+00
-1.227606996710158160e+00
-1.227604896179873339e+00
-1.227602841364859865e+00
-1.227600831541284299e+00
-1.227598865995130906e+00
-1.227596944022082637e+00
-1.227595064927405000e+00
-1.227593228025830152e+00
-1.227591432641442326e+00
-1.227589678107564586e+00
-1.227587963766647139e+00
-1.227586288970156092e+00
-1.227584653078463761e+00
-1.227583055460740757e+00
-1.227581495494848074e+00
-1.227579972567230948e+00
-1.227578486072814279e+00
-1.227577035414898043e+00
-1.227575620005055157e+00
-1.227574239263029332e+00
-1.227572892616634936e+00
-1.227571579501656851e+00
-1.227570299361752770e+00
-1.227569051648355281e+00
-1.227567835820576159e+00
-1.227566651345110671e+00
-1.227565497696143426e+00
-1.227564374355255783e+00
-1.227563280811332813e+00
-1.227562216560472930e+00
-1.227561181105897736e+00
-1.227560173957862544e+00
-1.227559194633568440e+00
-1.227558242657075027e+00
-1.227557317559214711e+00
-1.227556418877506994e+00
-1.227555546156074096e+00
-1.227554698945558354e+00
-1.227553876803039179e+00
-1.227553079291951788e+00
-1.227552305982006597e+00
-1.227551556449109738e+00
-1.227550830275284222e+00
-1.227550127048592010e+00
-1.227549446363057184e+00
-1.227548787818589560e+00
-1.227548151020910083e+00
-1.227547535581475557e+00
-1.227546941117405810e+00
-1.227546367251410642e+00
-1.227545813611718106e+00
-1.227545279832003455e+00
-1.227544765551318973e+00
-1.227544270414024030e+00
-1.227543794069717364e+00
-1.227543336173168464e+00
-1.227542896384250959e+00
-1.227542474367876224e+00
-1.227542069793927659e+00
-1.227541682337196072e+00
-1.227541311677315949e+00
-1.227540957498701957e+00
-1.227540619490486318e+00
-1.227540297346457310e+00
-1.227539990764997757e+00
-1.227539699449025301e+00
-1.227539423105932004e+00
-1.227539161447526173e+00
-1.227538914189973740e+00
-1.227538681053740310e+00
-1.227538461763535205e+00
-1.227538256048254395e+00
-1.227538063640925214e+00
-1.227537884278651514e+00
-1.227537717702559705e+00
-1.227537563657744801e+00
-1.227537421893217351e+00
-1.227537292161851701e+00
-1.227537174220333371e+00
-1.227537067829108874e+00
-1.227536972752334643e+00
-1.227536888757827738e+00
-1.227536815617015886e+00
-1.227536753104889300e+00
-1.227536700999952490e+00
-1.227536659084176529e+00
-1.227536627142952641e+00
-1.227536604965045131e+00
-1.227536592342546085e+00
-1.227536589070829853e+00
-1.227536594948508641e+00
-1.227536609777387877e+00
-1.227536633362423357e+00
-1.227536665511677283e+00
-1.227536706036276293e+00
-1.227536754750369274e+00
-1.227536811471085620e+00
-1.227536876018494594e+00
-1.227536948215564472e+00
-1.227537027888122578e+00
-1.227537114864816203e+00
-1.227537208977073080e+00
-1.227537310059062747e+00
-1.227537417947658804e+00
-1.227537532482401383e+00
-1.227537653505459847e+00
-1.227537780861595929e+00
-1.227537914398127761e+00
-1.227538053964894127e+00
-1.227538199414218933e+00
