-5.854790000000000233e-05
-5.854790000000000233e-05
-5.870359889167157616e-05
-5.913445465151425165e-05
-5.992792087895972036e-05
-6.114438264854872064e-05
-6.282327449643617897e-05
-6.499073371249343021e-05
-6.766894577598965967e-05
-7.088695666592433379e-05
-7.469196351408421237e-05
-7.915876483205487037e-05
-8.439334397840595641e-05
-9.052574866219242574e-05
-9.769004867018620279e-05
-1.059964469103101434e-04
-1.155079335651131310e-04
-1.262327328701781659e-04
-1.381335930703210437e-04
-1.511457600182541049e-04
-1.651944624271320047e-04
-1.802071670522332298e-04
-1.961200692004136685e-04
-2.128800222653087727e-04
-2.304431816142556871e-04
-2.487714073180497388e-04
-2.678275460902621984e-04
-2.875709486741854452e-04
-3.079545797860421333e-04
-3.289246270303493249e-04
-3.504227194310571272e-04
-3.723900392980250161e-04
-3.947720523644372161e-04
-4.175224327986958939e-04
-4.406050106498027633e-04
-4.639931262586516466e-04
-4.876665055883010864e-04
-5.116064955967129270e-04
-5.357910075099938003e-04
-5.601906246195109684e-04
-5.847669814098761278e-04
-6.094738281094240484e-04
-6.342603999754464154e-04
-6.590760662166885754e-04
-6.838749090935891499e-04
-7.086189395309838799e-04
-7.332790625506793551e-04
-7.578335667894139796e-04
-7.822646659589247960e-04
-8.065542534924862415e-04
-8.306803340487333180e-04
-8.546154452159131568e-04
-8.783278124181871215e-04
-9.017851679034851690e-04
-9.249603548266838301e-04
-9.478372482165623066e-04
-9.704153000633135772e-04
-9.927112218599219978e-04
-1.014756945395176978e-03
-1.036593947803463468e-03
-1.058265069539994279e-03
-1.079805784657261345e-03
-1.101237209987960533e-03
-1.122562831140329863e-03
-1.143770080952981848e-03
-1.164836815139736349e-03
-1.185741717859855899e-03
-1.206476983957778483e-03
-1.227061392833618926e-03
-1.247552148346558207e-03
-1.268054581131659734e-03
-1.288729878422057275e-03
-1.309802173484439156e-03
-1.331567214988110294e-03
-1.354405045873090198e-03
-1.378798395360091760e-03
-1.405356825760793477e-03
-1.434844308511020773e-03
-1.468205186364577187e-03
-1.506580830405859946e-03
-1.551307259221215706e-03
-1.603883285537133609e-03
-1.665900218863635438e-03
-1.738928283261351486e-03
-1.824361282890597270e-03
-1.923228004776536288e-03
-2.035984006566131550e-03
-2.162299000381120821e-03
-2.300853042657516247e-03
-2.449151159771752358e-03
-2.603363623777858824e-03
-2.758199642023779433e-03
-2.906825412749052418e-03
-3.040840679239368693e-03
-3.150326934839646400e-03
-3.223971432227716247e-03
-3.249253114873348371e-03
-3.212653482511934264e-03
-3.099835927263699855e-03
-2.895730946929538259e-03
-2.584477270884167916e-03
-2.149198589996978957e-03
-1.571635269191075726e-03
-8.316923158222322768e-04
9.299702895900841329e-05
1.227363828299893930e-03
2.598912114187629067e-03
4.237320100480761013e-03
6.173563982220120309e-03
8.438582159394343238e-03
1.106159736506633941e-02
1.406828920949458779e-02
1.747902908839121805e-02
2.130734865643886880e-02
2.555873824833007277e-02
3.022980299336319038e-02
3.530777272203020761e-02
4.077037421583506321e-02
4.658611400100000355e-02
5.271505435103005649e-02
5.911015946001858118e-02
6.571922170357624715e-02
7.248725854599440133e-02
7.935914293194207270e-02
8.628215405176750674e-02
9.320815118717498682e-02
1.000951738903063798e-01
1.069084088953763667e-01
1.136205812793807529e-01
1.202118903376557246e-01
1.266696171648655500e-01
1.329875010384829193e-01
1.391649425892119707e-01
1.452060662000439206e-01
1.511186734007049504e-01
1.569131396478125329e-01
1.626013324926435522e-01
1.681956400281466590e-01
1.737081839660669647e-01
1.791502563277107551e-01
1.845319777123066163e-01
1.898621433905439415e-01
1.951482081172086769e-01
2.003963602179040515e-01
2.056116444262738041e-01
2.107981050908107612e-01
2.159589325154139539e-01
2.210966032846909679e-01
2.262130101187043718e-01
2.313095788951896881e-01
2.363873712406933114e-01
2.414471716241979038e-01
2.464895586964145069e-01
2.515149616332402194e-01
2.565237031365816267e-01
2.615160312693649569e-01
2.664921424102609238e-01
2.714521974212822375e-01
2.763963327917194346e-01
2.813246681870689159e-01
2.862373115575627680e-01
2.911343627496883468e-01
2.960159163812153271e-01
3.008820645509070468e-01
3.057328997466268738e-01
3.105685180993787431e-01
3.153890229187511496e-01
3.201945282431727380e-01
3.249851619552192594e-01
3.297610678820818153e-01
3.345224062961317246e-01
3.392693524377878855e-01
3.440020931395250670e-01
3.487208222452969908e-01
3.534257360647624080e-01
3.581170303162307667e-01
3.627948997704727452e-01
3.674595411956516622e-01
3.721111594351784735e-01
3.767499757107066194e-01
3.813762366108422452e-01
3.859902217256983570e-01
3.905922475967660290e-01
3.951826657644608165e-01
3.997618534425554371e-01
4.043301967779597828e-01
4.088880684195020931e-01
4.134358025205008280e-01
4.179736706793308332e-01
4.225018615423810631e-01
4.270204653555305652e-01
4.315294634385769545e-01
4.360287219549950910e-01
4.405179895916540023e-01
4.449968995784435166e-01
4.494649773498705647e-01
4.539216554893699129e-01
4.583662969558935929e-01
4.627982259548817923e-01
4.672167637772682847e-01
4.716212654874712973e-01
4.760111532725809780e-01
4.803859435654944665e-01
4.847452669529052627e-01
4.890888813995820650e-01
4.934166798654456842e-01
4.977286929424190043e-01
5.020250861251538410e-01
5.063061504155508263e-01
5.105722848213994913e-01
5.148239703576791282e-01
5.190617372243585548e-01
5.232861290541540589e-01
5.274976693392058325e-01
5.316968346623903718e-01
5.358840374349964630e-01
5.400596184431808444e-01
5.442238475958419697e-01
5.483769302950635138e-01
5.525190167352721504e-01
5.566502118568106283e-01
5.607705843423018699e-01
5.648801737865191130e-01
5.689789959088986659e-01
5.730670463198442866e-01
5.771443037672866483e-01
5.812107338735483797e-01
5.852662941311183031e-01
5.893109404844620869e-01
5.933446353373953430e-01
5.973673563795321995e-01
6.013791052297816631e-01
6.053799145503490076e-01
6.093698520714846412e-01
6.133490200735561837e-01
6.173175495060850837e-01
6.212755891107295536e-01
6.252232913318078733e-01
6.291607978345019614e-01
6.330882275799747383e-01
6.370056695683899983e-01
6.409131809942663072e-01
6.448107902560789029e-01
6.486985033958840852e-01
6.525763121636888320e-01
6.564442018760793252e-01
6.603021574561732665e-01
6.641501664925529846e-01
6.679882188744361571e-01
6.718163034883380957e-01
6.756344033478179911e-01
6.794424910182241817e-01
6.832405260702184568e-01
6.870284556315793267e-01
6.908062182233447590e-01
6.945737502786937245e-01
6.983309941927029474e-01
7.020779064218137799e-01
7.058144640024189842e-01
7.095406679379627768e-01
7.132565423547502226e-01
7.169621292459456008e-01
7.206574798717828578e-01
7.243426450207344214e-01
7.280176668292922537e-01
7.316825744544132037e-01
7.353373848036738325e-01
7.389821082398545515e-01
7.426167580932442336e-01
7.462413620706052075e-01
7.498559731931483396e-01
7.534606777000556477e-01
7.570555975540963489e-01
7.606408860225906121e-01
7.642167163725654966e-01
7.677832656737563211e-01
7.713406972745551204e-01
7.748891459359362743e-01
7.784287086782525344e-01
7.819594426302439727e-01
7.854813693775053451e-01
7.889944840493525735e-01
7.924987667696079541e-01
7.959941939649767262e-01
7.994807472182386965e-01
8.029584178727984245e-01
8.064272065344569862e-01
8.098871179491908823e-01
8.133381531338021997e-01
8.167803015435702862e-01
8.202135360486741966e-01
8.236378125877491518e-01
8.270530750239670770e-01
8.304592644635941934e-01
8.338563313764544294e-01
8.372442482761562887e-01
8.406230203961982950e-01
8.439926917911304560e-01
8.473533448318121275e-01
8.507050923726733327e-01
8.540480638302548888e-01
8.573823883849727157e-01
8.607081795951939673e-01
8.640255253394837354e-01
8.673344853968628643e-01
8.706350969181095856e-01
8.739273862784425750e-01
8.772113846363207568e-01
8.804871438753247848e-01
8.837547493416627598e-01
8.870143259862339757e-01
8.902660354675520082e-01
8.935100636716910572e-01
8.967466006533236778e-01
8.999758172653543609e-01
9.031978436423182544e-01
9.064127537960755543e-01
9.096205584229783980e-01
9.128212056985323120e-01
9.160145882095920289e-01
9.192005534929973409e-01
9.223789156941167855e-01
9.255494662966928798e-01
9.287119824986762584e-01
9.318662325585470585e-01
9.350119782824208858e-01
9.381489756299331573e-01
9.412769749422965626e-01
9.443957223361560960e-01
9.475049633685288519e-01
9.506044493773129211e-01
9.536939461921966066e-01
9.567732443202991988e-01
9.598421692315766141e-01
9.629005899780100908e-01
9.659484241752391842e-01
9.689856376081786848e-01
9.720122376613083981e-01
9.750282614156465799e-01
9.780337611003375731e-01
9.810287907960506537e-01
9.840133982181737959e-01
9.869876240944422952e-01
9.899515097277818976e-01
9.929051115012755835e-01
9.958485196693634967e-01
9.987818777549632987e-01
1.001705398164038918e+00
1.004619369439860410e+00
1.007524151419484815e+00
1.010420156873286457e+00
1.013307821770850881e+00
1.016187569882724961e+00
1.019059779292144308e+00
1.021924757582735044e+00
1.024782729508090240e+00
1.027633837385429239e+00
1.030478151701217593e+00
1.033315688007856892e+00
1.036146425896486312e+00
1.038970326198567884e+00
1.041787343350124795e+00
1.044597431072367799e+00
1.047400541233862281e+00
1.050196617710838165e+00
1.052985588612382672e+00
1.055767360704680025e+00
1.058541819055446531e+00
1.061308833274201779e+00
1.064068269963473590e+00
1.066820009599261931e+00
1.069563965093969005e+00
1.072300098631839838e+00
1.075028433008863304e+00
1.077749053962319570e+00
1.080462101298038435e+00
1.083167749161892290e+00
1.085866178921621961e+00
1.088557550485063086e+00
1.091241978261181966e+00
1.093919516210147380e+00
1.096590153530669021e+00
1.099253819844351776e+00
1.101910397068239567e+00
1.104559734567572837e+00
1.107201664294609644e+00
1.109836013129103849e+00
1.112462610465631219e+00
1.115081290310136142e+00
1.117691888693491453e+00
1.120294238698177125e+00
1.122888166233198648e+00
1.125473489493230117e+00
1.128050023928884427e+00
1.130617593057285930e+00
1.133176044047279563e+00
1.135725265896092351e+00
1.138265207098685172e+00
1.140795888960912219e+00
1.143317410374953713e+00
1.145829940497181232e+00
1.148333697797697006e+00
1.150828917164663512e+00
1.153315809956834359e+00
1.155794523504994453e+00
1.158265105722581678e+00
1.160727477806096752e+00
1.163181415060327462e+00
1.165626534078629817e+00
1.168062284356320868e+00
1.170487943546336673e+00
1.172902617082504984e+00
1.175305243679516387e+00
1.177694607244253122e+00
1.180069352588648313e+00
1.182427997802699471e+00
1.184768932195020330e+00
1.187090387455938645e+00
1.189390372060772583e+00
1.191666564311159027e+00
1.193916166754797503e+00
1.196135733696067627e+00
1.198320994438422105e+00
1.200466707269067124e+00
1.202566589660304830e+00
1.204613371789721388e+00
1.206599005355652121e+00
1.208515025434127033e+00
1.210353019453826562e+00
1.212105124308631376e+00
1.213764467966097493e+00
1.215325497334113214e+00
1.216784174086020354e+00
1.218138054301157513e+00
1.219386284029341017e+00
1.220529540779432542e+00
1.221569937403850004e+00
1.222510888998341150e+00
1.223356933565922455e+00
1.224113498936109101e+00
1.224786622209335318e+00
1.225382647225646382e+00
1.225907939139985858e+00
1.226368654693909876e+00
1.226770592502510082e+00
1.227119127576917990e+00
1.227419217272774254e+00
1.227675456243998875e+00
1.227892155195374535e+00
1.228073419668376021e+00
1.228223208973167058e+00
1.228345361572947159e+00
1.228443582168661230e+00
1.228521396463089665e+00
1.228582088850934673e+00
1.228628642120764614e+00
1.228663695054965865e+00
1.228689525792783899e+00
1.228708060295768068e+00
1.228720899599668792e+00
1.228729357656182408e+00
1.228734502479183588e+00
1.228737195503037061e+00
1.228738126393868146e+00
1.228737842445144279e+00
1.228736772933612720e+00
1.228735249395133566e+00
1.228733522804971390e+00
1.228731778329540392e+00
1.228730147929687266e+00
1.228728720850873701e+00
1.228727552000119516e+00
1.228726668328500526e+00
1.228726073518068951e+00
1.228725751440732594e+00
1.228725668966572204e+00
1.228725778707165261e+00
1.228726022143670438e+00
1.228726333303827634e+00
1.228726642792493884e+00
1.228726881697361772e+00
1.228726984821336021e+00
1.228726892855054098e+00
1.228726553388544973e+00
1.228725920923412707e+00
1.228724956197641216e+00
1.228723625167956968e+00
1.228721897949781594e+00
1.228719747934968520e+00
1.228717151218129411e+00
1.228714086373785985e+00
1.228710534545369493e+00
1.228706479743599811e+00
1.228701909218934407e+00
1.228696813777810926e+00
1.228691187949952246e+00
1.228685029967229170e+00
1.228678341563945731e+00
1.228671127640818428e+00
1.228663395847263917e+00
1.228655156133338977e+00
1.228646420310980591e+00
1.228637201650311761e+00
1.228627514524512909e+00
1.228617374107655591e+00
1.228606796124009470e+00
1.228595796644077032e+00
1.228584391921189178e+00
1.228572598262246629e+00
1.228560431926580154e+00
1.228547909047606579e+00
1.228535045572753948e+00
1.228521857217903968e+00
1.228508359433300390e+00
1.228494567378470848e+00
1.228480495904210379e+00
1.228466159540082092e+00
1.228451572486219279e+00
1.228436748608474405e+00
1.228421701436165581e+00
1.228406444161835420e+00
1.228390989642564879e+00
1.228375350402481692e+00
1.228359538636184523e+00
1.228343566212863225e+00
1.228327444680941127e+00
1.228311185273108785e+00
1.228294798911638841e+00
1.228278296213903831e+00
1.228261687498030108e+00
1.228244982788637474e+00
1.228228191822626547e+00
1.228211324054985010e+00
1.228194388664588299e+00
1.228177394559982094e+00
1.228160350385135713e+00
1.228143264525164646e+00
1.228126145112024226e+00
1.228109000030188636e+00
1.228091836922336366e+00
1.228074663195079852e+00
1.228057486024799916e+00
1.228040312363673836e+00
1.228023148946035592e+00
1.228006002295271681e+00
1.227988878731561817e+00
1.227971784380923914e+00
1.227954725186247709e+00
1.227937706921336414e+00
1.227920735209460323e+00
1.227903815548633037e+00
1.227886953346811305e+00
1.227870153971569067e+00
1.227853422820509799e+00
1.227836765420587728e+00
1.227820187565979770e+00
1.227803695503628223e+00
1.227787296169884579e+00
1.227770997465619685e+00
1.227754808525110874e+00
1.227738739886792274e+00
1.227722803432348631e+00
1.227707011973452778e+00
1.227691378479611517e+00
1.227675915125411299e+00
1.227660632455728651e+00
1.227645538908471279e+00
1.227630640746406820e+00
1.227615942287376694e+00
1.227601446272230667e+00
1.227587154245665113e+00
1.227573066884417585e+00
1.227559184252740909e+00
1.227545505989367403e+00
1.227532031439162008e+00
1.227518759743621235e+00
1.227505689902187669e+00
1.227492820813470775e+00
1.227480151302881017e+00
1.227467680141186346e+00
1.227455406057043730e+00
1.227443327745548762e+00
1.227431443874157146e+00
1.227419753086873344e+00
1.227408254007293920e+00
1.227396945240890824e+00
1.227385825376789974e+00
1.227374892989210542e+00
1.227364146638673548e+00
1.227353584873053016e+00
1.227343206228515227e+00
1.227333009230380023e+00
1.227322992393921064e+00
1.227313154225122105e+00
1.227303493221397090e+00
1.227294007872280046e+00
1.227284696660089214e+00
1.227275558060568539e+00
1.227266590543508729e+00
1.227257792573348993e+00
1.227249162609760358e+00
1.227240699108211874e+00
1.227232400520520628e+00
1.227224265295385086e+00
1.227216291878903132e+00
1.227208478715075435e+00
1.227200824246293065e+00
1.227193326913811777e+00
1.227185985158212089e+00
1.227178797419844702e+00
1.227171762139263711e+00
1.227164877757646266e+00
1.227158142717198919e+00
1.227151555461552856e+00
1.227145114436145157e+00
1.227138818088589156e+00
1.227132664869033052e+00
1.227126653230506959e+00
1.227120781629258639e+00
1.227115048525078578e+00
1.227109452381613730e+00
1.227103991666671945e+00
1.227098664852515730e+00
1.227093470416145138e+00
1.227088406839572432e+00
1.227083472610086101e+00
1.227078666220506431e+00
1.227073986169431086e+00
1.227069430961472474e+00
1.227064999107486676e+00
1.227060689124792603e+00
1.227056499537385159e+00
1.227052428876137524e+00
1.227048475678998329e+00
1.227044638491179063e+00
1.227040915865334814e+00
1.227037306361738134e+00
1.227033808548444682e+00
1.227030421001452876e+00
1.227027142304856211e+00
1.227023971050988926e+00
1.227020905840565446e+00
1.227017945282813383e+00
1.227015087995600107e+00
1.227012332605553979e+00
1.227009677748178929e+00
1.227007122067963918e+00
1.227004664218486418e+00
1.227002302862510774e+00
1.227000036672081240e+00
1.226997864328609245e+00
1.226995784522956656e+00
1.226993795955513278e+00
1.226991897336270121e+00
1.226990087384888017e+00
1.226988364830760680e+00
1.226986728413075323e+00
1.226985176880866613e+00
1.226983708993068856e+00
1.226982323518562179e+00
1.226981019236215831e+00
1.226979794934926815e+00
1.226978649413656308e+00
1.226977581481460078e+00
1.226976589957517794e+00
1.226975673671157452e+00
1.226974831461876247e+00
1.226974062179359670e+00
1.226973364683495493e+00
1.226972737844386652e+00
1.226972180542359458e+00
1.226971691667970266e+00
1.226971270122007907e+00
1.226970914815494806e+00
1.226970624669684984e+00
1.226970398616058722e+00
1.226970235596315684e+00
1.226970134562365367e+00
1.226970094476314888e+00
1.226970114310454996e+00
1.226970193047243640e+00
1.226970329679287319e+00
1.226970523209320207e+00
1.226970772650181951e+00
1.226971077024793022e+00
1.226971435366127849e+00
1.226971846717187065e+00
1.226972310130967525e+00
1.226972824670430340e+00
1.226973389408468007e+00
1.226974003427868887e+00
1.226974665821281674e+00
1.226975375691176762e+00
1.226976132149807608e+00
1.226976934319169432e+00
1.226977781330958139e+00
1.226978672326526354e+00
1.226979606456839678e+00
1.226980582882430282e+00
1.226981600773351389e+00
1.226982659309128199e+00
1.226983757678710152e+00
1.226984895080420745e+00
1.226986070721906685e+00
1.226987283820086372e+00
1.226988533601097275e+00
1.226989819300242868e+00
1.226991140161938443e+00
1.226992495439655828e+00
1.226993884395868095e+00
1.226995306301993605e+00
1.226996760438338274e+00
1.226998246094038958e+00
1.226999762567004160e+00
1.227001309163856746e+00
1.227002885199873328e+00
1.227004489998925640e+00
1.227006122893419482e+00
1.227007783224234982e+00
1.227009470340665098e+00
1.227011183600354105e+00
1.227012922369236092e+00
1.227014686021472789e+00
1.227016473939391394e+00
1.227018285513421514e+00
1.227020120142032544e+00
1.227021977231670613e+00
1.227023856196694851e+00
1.227025756459313888e+00
1.227027677449522791e+00
1.227029618605038230e+00
1.227031579371235415e+00
1.227033559201083257e+00
1.227035557555080647e+00
1.227037573901192058e+00
1.227039607714783154e+00
1.227041658478556618e+00
1.227043725682487763e+00
1.227045808823759909e+00
1.227047907406700666e+00
1.227050020942716868e+00
1.227052148950231070e+00
1.227054290954616489e+00
1.227056446488133501e+00
1.227058615089865468e+00
1.227060796305654788e+00
1.227062989688038952e+00
1.227065194796186809e+00
1.227067411195835289e+00
1.227069638459225676e+00
1.227071876165040543e+00
1.227074123898340252e+00
1.227076381250501003e+00
1.227078647819150881e+00
1.227080923208108354e+00
1.227083207027319434e+00
1.227085498892795723e+00
1.227087798426552689e+00
1.227090105256547714e+00
1.227092419016619473e+00
1.227094739346425767e+00
1.227097065891383343e+00
1.227099398302607502e+00
1.227101736236851259e+00
1.227104079356445387e+00
1.227106427329239136e+00
1.227108779828540275e+00
1.227111136533056257e+00
1.227113497126835373e+00
1.227115861299208355e+00
1.227118228744729533e+00
1.227120599163119996e+00
1.227122972259208966e+00
1.227125347742877626e+00
1.227127725329001162e+00
1.227130104737393257e+00
1.227132485692749242e+00
1.227134867924590589e+00
1.227137251167209175e+00
1.227139635159612219e+00
1.227142019645467652e+00
1.227144404373049724e+00
1.227146789095184820e+00
1.227149173569197727e+00
1.227151557556858341e+00
1.227153940824329270e+00
1.227156323142112315e+00
1.227158704284996960e+00
1.227161084032008631e+00
1.227163462166356966e+00
1.227165838475384962e+00
1.227168212750518128e+00
1.227170584787214302e+00
1.227172954384913917e+00
1.227175321346990255e+00
1.227177685480700609e+00
1.227180046597137641e+00
1.227182404511180547e+00
1.227184759041447526e+00
1.227187110010248272e+00
1.227189457243536674e+00
1.227191800570863967e+00
1.227194139825332542e+00
1.227196474843550211e+00
1.227198805465584019e+00
1.227201131534915390e+00
1.227203452898395497e+00
1.227205769406200631e+00
1.227208080911788013e+00
1.227210387271852721e+00
1.227212688346283942e+00
1.227214983998122344e+00
1.227217274093517663e+00
1.227219558501686736e+00
1.227221837094871093e+00
1.227224109748296765e+00
1.227226376340132763e+00
1.227228636751450663e+00
1.227230890866184199e+00
1.227233138571089954e+00
1.227235379755707845e+00
1.227237614312322034e+00
1.227239842135922299e+00
1.227242063124165838e+00
1.227244277177339749e+00
1.227246484198322829e+00
1.227248684092548947e+00
1.227250876767970400e+00
1.227253062135021278e+00
1.227255240106581491e+00
1.227257410597941023e+00
1.227259573526765069e+00
1.227261728813058950e+00
1.227263876379133256e+00
1.227266016149569872e+00
1.227268148051188446e+00
1.227270272013012420e+00
1.227272387966236167e+00
1.227274495844192126e+00
1.227276595582318386e+00
1.227278687118126932e+00
1.227280770391171449e+00
1.227282845343016238e+00
1.227284911917204901e+00
1.227286970059229931e+00
1.227289019716502283e+00
1.227291060838321402e+00
1.227293093375845245e+00
1.227295117282060977e+00
1.227297132511756539e+00
1.227299139021490904e+00
1.227301136769566536e+00
1.227303125716000975e+00
1.227305105822499298e+00
1.227307077052426587e+00
1.227309039370780397e+00
1.227310992744164775e+00
1.227312937140763394e+00
1.227314872530312906e+00
1.227316798884077853e+00
1.227318716174824909e+00
1.227320624376797120e+00
1.227322523465689263e+00
1.227324413418623639e+00
1.227326294214124758e+00
1.227328165832096252e+00
1.227330028253796446e+00
1.227331881461814822e+00
1.227333725440049150e+00
1.227335560173682172e+00
1.227337385649159618e+00
1.227339201854167339e+00
1.227341008777608877e+00
1.227342806409584375e+00
1.227344594741368589e+00
1.227346373765389576e+00
1.227348143475208042e+00
1.227349903865496028e+00
1.227351654932017144e+00
1.227353396671605479e+00
1.227355129082146501e+00
1.227356852162556855e+00
1.227358565912764821e+00
1.227360270333691217e+00
1.227361965427230750e+00
1.227363651196232697e+00
1.227365327644482695e+00
1.227366994776684983e+00
1.227368652598443743e+00
1.227370301116245344e+00
1.227371940337441680e+00
1.227373570270231529e+00
1.227375190923644777e+00
1.227376802307524661e+00
1.227378404432512005e+00
1.227379997310027893e+00
1.227381580952258133e+00
1.227383155372137047e+00
1.227384720583332367e+00
1.227386276600228587e+00
1.227387823437912751e+00
1.227389361112158683e+00
1.227390889639412341e+00
1.227392409036777376e+00
1.227393919322000038e+00
1.227395420513455848e+00
1.227396912630134729e+00
1.227398395691627231e+00
1.227399869718111214e+00
1.227401334730338300e+00
1.227402790749620332e+00
1.227404237797816489e+00
1.227405675897320192e+00
1.227407105071046667e+00
1.227408525342420287e+00
1.227409936735362139e+00
1.227411339274277813e+00
1.227412732984045629e+00
1.227414117890004430e+00
1.227415494017942477e+00
1.227416861394085457e+00
1.227418220045085384e+00
1.227419569998009496e+00
1.227420911280329596e+00
1.227422243919910283e+00
1.227423567944999627e+00
1.227424883384217402e+00
1.227426190266545758e+00
1.227427488621318563e+00
1.227428778478211413e+00
1.227430059867231860e+00
1.227431332818709642e+00
1.227432597363287359e+00
1.227433853531910923e+00
1.227435101355820013e+00
1.227436340866539632e+00
1.227437572095870344e+00
1.227438795075880051e+00
1.227440009838894897e+00
1.227441216417491265e+00
1.227442414844486684e+00
1.227443605152932049e+00
1.227444787376103186e+00
1.227445961547493303e+00
1.227447127700804330e+00
1.227448285869939593e+00
1.227449436088996704e+00
1.227450578392259128e+00
1.227451712814189522e+00
1.227452839389421957e+00
1.227453958152755265e+00
1.227455069139145705e+00
1.227456172383700084e+00
1.227457267921669093e+00
1.227458355788440647e+00
1.227459436019533223e+00
1.227460508650589643e+00
1.227461573717370413e+00
1.227462631255747949e+00
1.227463681301700138e+00
1.227464723891304343e+00
1.227465759060731632e+00
1.227466786846240998e+00
1.227467807284173817e+00
1.227468820410947625e+00
1.227469826263051234e+00
1.227470824877039401e+00
1.227471816289527062e+00
1.227472800537184439e+00
1.227473777656732157e+00
1.227474747684935696e+00
1.227475710658600949e+00
1.227476666614568890e+00
1.227477615589711801e+00
1.227478557620927280e+00
1.227479492745135126e+00
1.227480420999271571e+00
1.227481342420285726e+00
1.227482257045135139e+00
1.227483164910781355e+00
1.227484066054185918e+00
1.227484960512306156e+00
1.227485848322091844e+00
1.227486729520480324e+00
1.227487604144393396e+00
1.227488472230733541e+00
1.227489333816379702e+00
1.227490188938184623e+00
1.227491037632970183e+00
1.227491879937525177e+00
1.227492715888600872e+00
1.227493545522908569e+00
1.227494368877115605e+00
1.227495185987842685e+00
1.227495996891660557e+00
1.227496801625087341e+00
1.227497600224585206e+00
1.227498392726557475e+00
1.227499179167345966e+00
1.227499959583227884e+00
