1.999799999999999911e-01
1.999799999999999911e-01
1.999799780374064140e-01
1.999799134066290729e-01
1.999797868882422780e-01
1.999795810640686011e-01
1.999792807700501163e-01
1.999788737223008872e-01
1.999783513269103585e-01
1.999777096375192631e-01
1.999769503351286337e-01
1.999760814536031828e-01
1.999751173886160083e-01
1.999740776569394196e-01
1.999729841987317458e-01
1.999718578514486367e-01
1.999707154135931531e-01
1.999695685208592033e-01
1.999684243782334225e-01
1.999672873950558427e-01
1.999661607229080151e-01
1.999650472340217533e-01
1.999639499532124276e-01
1.999628721328183534e-01
1.999618171385099952e-01
1.999607882470015585e-01
1.999597884158842709e-01
1.999588200711950314e-01
1.999578849493960642e-01
1.999569840155261680e-01
1.999561174598858404e-01
1.999552847591536120e-01
1.999544847797974367e-01
1.999537159022774790e-01
1.999529761501856462e-01
1.999522633147904072e-01
1.999515750697183902e-01
1.999509090721931504e-01
1.999502630474687404e-01
1.999496348534419154e-01
1.999490225239499708e-01
1.999484242919524757e-01
1.999478385967980720e-01
1.999472640820514346e-01
1.999466995912343725e-01
1.999461441682051088e-01
1.999455970670518667e-01
1.999450577737906798e-01
1.999445260393782620e-01
1.999440019211066455e-01
1.999434858277366056e-01
1.999429785628565603e-01
1.999424813606779372e-01
1.999419959083378606e-01
1.999415243484294891e-01
1.999410692550103452e-01
1.999406335763944387e-01
1.999402205396162147e-01
1.999398335154199957e-01
1.999394758490603274e-01
1.999391506700065324e-01
1.999388607008170948e-01
1.999386080900686924e-01
1.999383942957221882e-01
1.999382200450384728e-01
1.999380853977215378e-01
1.999379899426210749e-01
1.999379331654596303e-01
1.999379150335026945e-01
1.999379368486982333e-01
1.999380024190625382e-01
1.999381195865239658e-01
1.999383021296670948e-01
1.999385720374481923e-01
1.999389621313291399e-01
1.999395190005613943e-01
1.999403062036740342e-01
1.999414076693205311e-01
1.999429311957829636e-01
1.999450119080304900e-01
1.999478155111850119e-01
1.999515412239086243e-01
1.999564244308588701e-01
1.999627393779079831e-01
1.999708026025701357e-01
1.999809781243738482e-01
1.999936855506286859e-01
2.000094120415041588e-01
2.000287284691315837e-01
2.000523091369304785e-01
2.000809531948291309e-01
2.001156045297771968e-01
2.001573656450695016e-01
2.002075002381467073e-01
2.002674193798998636e-01
2.003386479090338290e-01
2.004227710035754728e-01
2.005213652163446436e-01
2.006359221235095580e-01
2.007677745512093659e-01
2.009180343352182652e-01
2.010875472888097593e-01
2.012768670399310289e-01
2.014862462284046918e-01
2.017156420644665993e-01
2.019647333471248918e-01
2.022329469912939048e-01
2.025194929927974508e-01
2.028234068568703918e-01
2.031435976215203165e-01
2.034788981387319062e-01
2.038281130860371548e-01
2.041900600642454489e-01
2.045636003319176999e-01
2.049476577904918717e-01
2.053412269813283675e-01
2.057433724444659717e-01
2.061532225721009470e-01
2.065699611543990455e-01
2.069928193702582631e-01
2.074210701962487247e-01
2.078540262158986296e-01
2.082910407532415076e-01
2.087315113504600028e-01
2.091748841046951468e-01
2.096206574017384361e-01
2.100683840447614692e-01
2.105176714123702941e-01
2.109681798141868625e-01
2.114196194875810897e-01
2.118717466947629968e-01
2.123243592372364430e-01
2.127772915377634522e-01
2.132304093577953863e-01
2.136836042706597993e-01
2.141367881692919362e-01
2.145898882563230248e-01
2.150428430320799333e-01
2.154955997019398772e-01
2.159481131917623253e-01
2.164003466680100574e-01
2.168522731855233587e-01
2.173038778730666254e-01
2.177551599315286635e-01
2.182061336856835898e-01
2.186568280451192392e-01
2.191072840397695065e-01
2.195575505852865039e-01
2.200076791773484530e-01
2.204577186023393975e-01
2.209077108067933892e-01
2.213576887632016654e-01
2.218076766446580028e-01
2.222576920773778608e-01
2.227077498220421670e-01
2.231578659856509883e-01
2.236080617713315788e-01
2.240583658289956592e-01
2.245088145041742311e-01
2.249594497222105749e-01
2.254103148387442968e-01
2.258614493640290211e-01
2.263128837973966412e-01
2.267646357416955583e-01
2.272167080480753110e-01
2.276690891681143747e-01
2.281217553804785469e-01
2.285746742330593828e-01
2.290278084069490572e-01
2.294811192225416352e-01
2.299345691399326541e-01
2.303881228551333538e-01
2.308417469562425717e-01
2.312954085203443311e-01
2.317490733745836973e-01
2.322027048747408451e-01
2.326562639141306621e-01
2.331097105293247207e-01
2.335630070515307133e-01
2.340161223767092957e-01
2.344690366393749892e-01
2.349217453784036846e-01
2.353742621987753858e-01
2.358266190317683808e-01
2.362788634663048337e-01
2.367310532773730936e-01
2.371832490567540030e-01
2.376355064508859638e-01
2.380878696458582078e-01
2.385403673461971574e-01
2.389930117718505609e-01
2.394458004558401021e-01
2.398987200856994573e-01
2.403517513531407968e-01
2.408048737109324822e-01
2.412580690318288090e-01
2.417113234190278181e-01
2.421646268519316858e-01
2.426179709300473053e-01
2.430713455528760170e-01
2.435247357232293575e-01
2.439781196285568665e-01
2.444314687624829230e-01
2.448847502779318008e-01
2.453379312181089011e-01
2.457909838634073363e-01
2.462438911712488687e-01
2.466966511557927288e-01
2.471492790878863088e-01
2.476018066819476726e-01
2.480542780414466408e-01
2.485067429767024161e-01
2.489592491071547509e-01
2.494118345571289808e-01
2.498645228538931284e-01
2.503173209511146413e-01
2.507702204543306168e-01
2.512232014231022825e-01
2.516762376989768457e-01
2.521293025347910444e-01
2.525823733128912951e-01
2.530354343223043534e-01
2.534884769583218289e-01
2.539414973266730935e-01
2.543944919647168068e-01
2.548474529792581489e-01
2.553003640828750420e-01
2.557531987064268209e-01
2.562059207340932621e-01
2.566584877215908334e-01
2.571108559208488131e-01
2.575629861011395905e-01
2.580148489934288580e-01
2.584664291721699980e-01
2.589177263786333061e-01
2.593687537663672549e-01
2.598195333114707850e-01
2.602700894864087289e-01
2.607204429002315527e-01
2.611706056673590570e-01
2.616205797560601232e-01
2.620703587381491562e-01
2.625199325414026008e-01
2.629692941936545014e-01
2.634184471669357430e-01
2.638674117366665017e-01
2.643162287773911934e-01
2.647649597323341597e-01
2.652136822342921474e-01
2.656624819637764534e-01
2.661114424677586410e-01
2.665606353292068187e-01
2.670101129426181719e-01
2.674599053015485062e-01
2.679100210667978987e-01
2.683604522025140882e-01
2.688111808555324611e-01
2.692621868886165837e-01
2.697134544583801863e-01
2.701649762156343448e-01
2.706167541552432776e-01
2.710687969041321588e-01
2.715211142029004820e-01
2.719737101897661269e-01
2.724265774563194298e-01
2.728796935431014870e-01
2.733330207508478660e-01
2.737865092311212445e-01
2.742401025941076931e-01
2.746937448321567499e-01
2.751473871547952532e-01
2.756009933055573735e-01
2.760545421120658149e-01
2.765080265055104847e-01
2.769614490696117870e-01
2.774148151714135313e-01
2.778681255070115652e-01
2.783213700911174593e-01
2.787745252389188799e-01
2.792275541882421330e-01
2.796804110831486168e-01
2.801330473528829135e-01
2.805854191215126359e-01
2.810374941051596021e-01
2.814892564602018421e-01
2.819407083077664633e-01
2.823918672923498296e-01
2.828427605296357505e-01
2.832934163951307815e-01
2.837438563404546255e-01
2.841940889338040455e-01
2.846441076137505855e-01
2.850938925832756099e-01
2.855434162815422283e-01
2.859926511843892127e-01
2.864415783010254013e-01
2.868901945728731806e-01
2.873385174384257557e-01
2.877865852241091593e-01
2.882344528809800410e-01
2.886821838343124891e-01
2.891298399504698691e-01
2.895774722942556778e-01
2.900251151125165516e-01
2.904727844782123425e-01
2.909204817536829024e-01
2.913682009465730638e-01
2.918159383244688931e-01
2.922637022736845336e-01
2.927115212462786942e-01
2.931594477776773844e-01
2.936075571448905075e-01
2.940559403897135549e-01
2.945046929675055880e-01
2.949539016402978886e-01
2.954036327657803551e-01
2.958539245782834115e-01
2.963047847400197554e-01
2.967561930016078264e-01
2.972081077511276592e-01
2.976604746899639276e-01
2.981132357327818672e-01
2.985663363411345528e-01
2.990197298374832613e-01
2.994733778821696002e-01
2.999272472508144882e-01
3.003813041275590900e-01
3.008355079236157970e-01
3.012898067671044289e-01
3.017441362358938561e-01
3.021984219245408276e-01
3.026525854618160594e-01
3.031065528736485160e-01
3.035602637360351741e-01
3.040136793076723132e-01
3.044667877729612671e-01
3.049196050052316864e-01
3.053721700612817003e-01
3.058245359343883529e-01
3.062767575431599720e-01
3.067288798748065703e-01
3.071809291498331929e-01
3.076329088795465294e-01
3.080848012713801598e-01
3.085365731811643975e-01
3.089881850040617217e-01
3.094396005083117074e-01
3.098907955113355817e-01
3.103417634378585199e-01
3.107925162969099042e-01
3.112430805959027214e-01
3.116934890792426027e-01
3.121437704916650291e-01
3.125939402232705278e-01
3.130439943650406565e-01
3.134939085912241685e-01
3.139436419400509770e-01
3.143931444723876423e-01
3.148423671186809103e-01
3.152912716970464047e-01
3.157398389929975124e-01
3.161880729692643777e-01
3.166359997913806290e-01
3.170836615214646659e-01
3.175311058485150162e-01
3.179783745200071565e-01
3.184254935870838299e-01
3.188724679522139116e-01
3.193192813686714371e-01
3.197659016119370756e-01
3.202122894745870751e-01
3.206584096214716850e-01
3.211042410594193153e-01
3.215497849383504581e-01
3.219950676966192860e-01
3.224401383895193485e-01
3.228850604529810986e-01
3.233298998204689467e-01
3.237747125411969407e-01
3.242195352241491468e-01
3.246643806839712432e-01
3.251092396082520541e-01
3.255540875766729791e-01
3.259988957297960122e-01
3.264436428196582640e-01
3.268883261260735473e-01
3.273329687426967394e-01
3.277776211770072612e-01
3.282223562841559694e-01
3.286672582399667308e-01
3.291124080572611077e-01
3.295578692569720025e-01
3.300036771539585634e-01
3.304498339272173846e-01
3.308963099070658664e-01
3.313430500478079521e-01
3.317899836897175159e-01
3.322370353795428000e-01
3.326841345142358408e-01
3.331312218110427104e-01
3.335782511719189158e-01
3.340251865116038998e-01
3.344719944522548949e-01
3.349186350181404537e-01
3.353650530278873276e-01
3.358111725016591498e-01
3.362568953119450255e-01
3.367021040555405187e-01
3.371466681605795324e-01
3.375904516968049052e-01
3.380333211189365805e-01
3.384751511018719294e-01
3.389158267055503160e-01
3.393552404465460248e-01
3.397932835477206481e-01
3.402298315752739777e-01
3.406647254852738782e-01
3.410977493831408580e-01
3.415286059586271628e-01
3.419568899654938376e-01
3.423820598943430604e-01
3.428034086672345215e-01
3.432200359453804750e-01
3.436308271827293592e-01
3.440344469695494900e-01
3.444293549868990278e-01
3.448138504456244591e-01
3.451861447304617747e-01
3.455444539142252802e-01
3.458870966243979828e-01
3.462125818083868212e-01
3.465196756130904387e-01
3.468074439790067021e-01
3.470752738213383481e-01
3.473228785139014785e-01
3.475502926933353165e-01
3.477578585015293489e-01
3.479462021350463452e-01
3.481161977719448575e-01
3.482689168774745214e-01
3.484055646188813915e-01
3.485274100155255073e-01
3.486357197979569889e-01
3.487317057253582764e-01
3.488164914622121082e-01
3.488911000576075949e-01
3.489564588090115493e-01
3.490134158769295225e-01
3.490627622760935078e-01
3.491052531623561328e-01
3.491416232593814173e-01
3.491725928590126982e-01
3.491988632379028901e-01
3.492211032965799045e-01
3.492399318192831448e-01
3.492559008365082596e-01
3.492694846692188104e-01
3.492810769458363218e-01
3.492909954063121436e-01
3.492994925745586121e-01
3.493067696351368490e-01
3.493129908314459575e-01
3.493182960592084996e-01
3.493228098897007694e-01
3.493266460441328269e-01
3.493299073891296680e-01
3.493326826701041443e-01
3.493350420498450015e-01
3.493370336885999183e-01
3.493386830299474721e-01
3.493399954692519294e-01
3.493409621255957886e-01
3.493415677798241692e-01
3.493417996876359011e-01
3.493416558110828407e-01
3.493411509735138143e-01
3.493403196127325416e-01
3.493392143469700173e-01
3.493379005333109300e-01
3.493364481500458862e-01
3.493349231703588020e-01
3.493333806689687404e-01
3.493318611809314023e-01
3.493303907115174467e-01
3.493289837870722225e-01
3.493276483331559379e-01
3.493263909811353263e-01
3.493252215088856749e-01
3.493241553970698465e-01
3.493232138781118823e-01
3.493224213518272836e-01
3.493218005886632449e-01
3.493213666214984858e-01
3.493211204910815493e-01
3.493210439630420328e-01
3.493210960028790835e-01
3.493212113199756774e-01
3.493213008465910208e-01
3.493212537235937387e-01
3.493209402525782048e-01
3.493202153055421366e-01
3.493189217935288582e-01
3.493168939272243700e-01
3.493139601199088951e-01
3.493099454716466767e-01
3.493046738320246813e-01
3.492979694724749895e-01
3.492896584152768713e-01
3.492795694710730259e-01
3.492675350349445651e-01
3.492533916860334209e-01
3.492369806294046142e-01
3.492181480124647575e-01
3.491967451423882429e-01
3.491726286258946543e-01
3.491456604484273196e-01
3.491157080062542994e-01
3.490826441021604443e-01
3.490463469131170338e-01
3.490066999365066813e-01
3.489635919200529401e-01
3.489169167794802240e-01
3.488665735070500817e-01
3.488124660734283067e-01
3.487545033247964610e-01
3.486925988766956808e-01
3.486266710057552287e-01
3.485566425401913637e-01
3.484824407497467691e-01
3.484039972355637560e-01
3.483212478203313034e-01
3.482341324389068293e-01
3.481425950294751992e-01
3.480465834251553203e-01
3.479460492457824294e-01
3.478409477893553148e-01
3.477312379223098104e-01
3.476168819673123300e-01
3.474978455865866400e-01
3.473740976577845974e-01
3.472456101379247095e-01
3.471123579087080913e-01
3.469743185932170904e-01
3.468314723290654156e-01
3.466838014756928876e-01
3.465312902224869096e-01
3.463739240480047665e-01
3.462116889562015243e-01
3.460445703795726469e-01
3.458725515864219946e-01
3.456956113533837249e-01
3.455137205569592806e-01
3.453268371919369639e-01
3.451348991391613996e-01
3.449378137990698479e-01
3.447354435481813084e-01
3.445275860319976236e-01
3.443139489235619299e-01
3.440941205144091297e-01
3.438675409718738307e-01
3.436334842050878247e-01
3.433910647822692175e-01
3.431392829549248513e-01
3.428771084961913518e-01
3.426035840678681721e-01
3.423179158212499851e-01
3.420195253188251239e-01
3.417080572000470440e-01
3.413833545659131774e-01
3.410454194610375023e-01
3.406943719544571758e-01
3.403304149093417941e-01
3.399538066134363268e-01
3.395648408146025310e-01
3.391638327342453296e-01
3.387511095270824835e-01
3.383270038926788348e-01
3.378918498557523242e-01
3.374459800111065944e-01
3.369897237458428507e-01
3.365234061086042061e-01
3.360473471050097194e-01
3.355618612728225592e-01
3.350672574402350778e-01
3.345638386037366740e-01
3.340519018838633558e-01
3.335317385314871541e-01
3.330036339667260537e-01
3.324678678387321118e-01
3.319247140986628097e-01
3.313744410807921703e-01
3.308173115884563420e-01
3.302535829826688807e-01
3.296835072719871973e-01
3.291073312027044673e-01
3.285252963487635403e-01
3.279376392010012187e-01
3.273445912554722170e-01
3.267463791006932627e-01
3.261432245037090838e-01
3.255353444949224406e-01
3.249229514516557282e-01
3.243062531804300486e-01
3.236854529979592554e-01
3.230607498108630238e-01
3.224323381941088251e-01
3.218004084681954091e-01
3.211651467750928912e-01
3.205267351529552111e-01
3.198853516096217264e-01
3.192411701949255387e-01
3.185943610718257046e-01
3.179450905863809296e-01
3.172935213365821738e-01
3.166398122400613246e-01
3.159841186006933089e-01
3.153265921741085775e-01
3.146673812321324482e-01
3.140066306261681262e-01
3.133444818495395578e-01
3.126810730988103249e-01
3.120165393340940674e-01
3.113510123383725348e-01
3.106846207758363065e-01
3.100174902492635054e-01
3.093497433564511567e-01
3.086814997457144050e-01
3.080128761704675755e-01
3.073439865429016260e-01
3.066749419867720872e-01
3.060058508893110929e-01
3.053368189522773779e-01
3.046679492421576207e-01
3.039993422395324552e-01
3.033310958876197505e-01
3.026633056400087618e-01
3.019960645075972505e-01
3.013294631047439553e-01
3.006635896946493469e-01
2.999985302339759352e-01
2.993343684167206198e-01
2.986711857173507401e-01
2.980090614332148724e-01
2.973480727262406420e-01
2.966882946639299856e-01
2.960298002596631339e-01
2.953726605123225268e-01
2.947169444452467646e-01
2.940627191445256972e-01
2.934100497966468102e-01
2.927589997255030108e-01
2.921096304287720824e-01
2.914620016136777458e-01
2.908161712321419845e-01
2.901721955153384047e-01
2.895301290076558454e-01
2.888900246000819516e-01
2.882519335630156498e-01
2.876159055785176277e-01
2.869819887720077567e-01
2.863502297434183386e-01
2.857206735978117251e-01
2.850933639754707483e-01
2.844683430814706204e-01
2.838456517147402991e-01
2.832253292966215863e-01
2.826074138989339568e-01
2.819919422715531643e-01
2.813789498695108970e-01
2.807684708796239770e-01
2.801605382466595962e-01
2.795551836990450845e-01
2.789524377741287586e-01
2.783523298429991799e-01
2.777548881348704257e-01
2.771601397610394812e-01
2.765681107384235227e-01
2.759788260126832538e-01
2.753923094809390681e-01
2.748085840140868652e-01
2.742276714787197922e-01
2.736495927586621302e-01
2.730743677761219845e-01
2.725020155124684984e-01
2.719325540286399723e-01
2.713660004851888852e-01
2.708023711619694796e-01
2.702416814774738496e-01
2.696839460078222506e-01
2.691291785054133467e-01
2.685773919172397273e-01
2.680285984028740742e-01
2.674828093521319783e-01
2.669400354024156208e-01
2.664002864557447614e-01
2.658635716954789174e-01
2.653298996027369516e-01
2.647992779725179546e-01
2.642717139295291950e-01
2.637472139437254115e-01
2.632257838455643872e-01
2.627074288409835257e-01
2.621921535261016456e-01
2.616799619016513256e-01
2.611708573871450723e-01
2.606648428347810298e-01
2.601619205430912851e-01
2.596620922703379852e-01
2.591653592476609869e-01
2.586717221919811460e-01
2.581811813186632998e-01
2.576937363539433257e-01
2.572093865471226648e-01
2.567281306825343612e-01
2.562499670912847805e-01
2.557748936627739500e-01
2.553029078559992393e-01
2.548340067106451001e-01
2.543681868579628080e-01
2.539054445314440356e-01
2.534457755772911436e-01
2.529891754646878543e-01
2.525356392958738594e-01
2.520851618160263041e-01
2.516377374229515906e-01
2.511933601765908297e-01
2.507520238083416619e-01
2.503137217302001116e-01
2.498784470437250549e-01
2.494461925488285214e-01
2.490169507523946890e-01
2.485907138767307067e-01
2.481674738678518177e-01
2.477472224036040005e-01
2.473299509016265718e-01
2.469156505271577484e-01
2.465043122006856102e-01
2.460959266054473515e-01
2.456904841947791518e-01
2.452879751993195245e-01
2.448883896340683930e-01
2.444917173053044734e-01
2.440979478173635198e-01
2.437070705792796499e-01
2.433190748112921964e-01
2.429339495512204683e-01
2.425516836607085058e-01
2.421722658313423537e-01
2.417956845906418795e-01
2.414219283079293565e-01
2.410509852000770059e-01
2.406828433371354936e-01
2.403174906478456330e-01
2.399549149250351232e-01
2.395951038309025727e-01
2.392380449021905831e-01
2.388837255552499483e-01
2.385321330909967452e-01
2.381832546997645073e-01
2.378370774660529818e-01
2.374935883731754682e-01
2.371527743078065131e-01
2.368146220644317956e-01
2.364791183497017280e-01
2.361462497866907984e-01
2.358160029190639884e-01
2.354883642151521239e-01
2.351633200719378536e-01
2.348408568189536694e-01
2.345209607220935799e-01
2.342036179873401291e-01
2.338888147644081483e-01
2.335765371503066845e-01
2.332667711928208265e-01
2.329595028939146495e-01
2.326547182130567493e-01
2.323524030704698096e-01
2.320525433503056179e-01
2.317551249037467509e-01
2.314601335520364844e-01
2.311675550894379538e-01
2.308773752861241202e-01
2.305895798909997074e-01
2.303041546344562485e-01
2.300210852310616838e-01
2.297403573821855949e-01
2.294619567785612102e-01
2.291858691027855721e-01
2.289120800317586413e-01
2.286405752390628932e-01
2.283713403972842393e-01
2.281043611802754389e-01
2.278396232653630837e-01
2.275771123354991543e-01
2.273168140813584259e-01
2.270587142033823336e-01
2.268027984137706565e-01
2.265490524384219106e-01
2.262974620188233088e-01
2.260480129138913996e-01
2.258006909017642172e-01
2.255554817815458579e-01
2.253123713750045942e-01
2.250713455282250808e-01
2.248323901132158464e-01
2.245954910294727380e-01
2.243606342054991765e-01
2.241278056002842523e-01
2.238969912047392152e-01
2.236681770430933025e-01
2.234413491742497926e-01
2.232164936931028132e-01
2.229935967318158185e-01
2.227726444610626522e-01
2.225536230912315006e-01
2.223365188735929865e-01
2.221213181014326243e-01
2.219080071111488028e-01
2.216965722833165453e-01
2.214870000437180741e-01
2.212792768643406516e-01
2.210733892643424181e-01
2.208693238109869228e-01
2.206670671205467893e-01
2.204666058591774613e-01
2.202679267437611943e-01
2.200710165427224307e-01
2.198758620768146710e-01
2.196824502198796991e-01
2.194907678995796363e-01
2.193008020981023487e-01
2.191125398528409041e-01
2.189259682570474930e-01
2.187410744604622870e-01
2.185578456699179828e-01
2.183762691499203379e-01
2.181963322232052249e-01
2.180180222712728433e-01
2.178413267348994486e-01
2.176662331146270446e-01
2.174927289712316469e-01
2.173208019261704538e-01
2.171504396620084765e-01
2.169816299228249645e-01
2.168143605146001796e-01
2.166486193055827958e-01
2.164843942266385934e-01
2.163216732715805557e-01
2.161604444974809802e-01
2.160006960249660213e-01
2.158424160384928847e-01
2.156855927866102030e-01
2.155302145822019511e-01
2.153762698027152089e-01
2.152237468903721862e-01
2.150726343523668982e-01
2.149229207610467707e-01
2.147745947540795342e-01
2.146276450346057685e-01
2.144820603713775142e-01
2.143378295988830617e-01
2.141949416174584453e-01
2.140533853933858643e-01
2.139131499589793650e-01
2.137742244126580038e-01
2.136365979190070208e-01
2.135002597088269671e-01
2.133651990791713970e-01
2.132314053933732356e-01
2.130988680810600999e-01
2.129675766381589619e-01
2.128375206268902087e-01
2.127086896757516554e-01
2.125810734794924550e-01
2.124546617990773767e-01
2.123294444616416199e-01
2.122054113604363856e-01
2.120825524547655105e-01
2.119608577699133023e-01
2.118403173970638820e-01
2.117209214932123107e-01
2.116026602810674728e-01
2.114855240489472710e-01
2.113695031506660216e-01
2.112545880054146064e-01
2.111407690976332130e-01
2.110280369768770536e-01
2.109163822576753944e-01
2.108057956193837845e-01
2.106962678060298744e-01
2.105877896261529603e-01
2.104803519526374789e-01
2.103739457225405340e-01
2.102685619369136227e-01
2.101641916606189486e-01
2.100608260221402124e-01
2.099584562133881560e-01
2.098570734895011114e-01
2.097566691686405527e-01
2.096572346317818747e-01
2.095587613225006474e-01
2.094612407467542625e-01
2.093646644726593620e-01
2.092690241302650744e-01
2.091743114113221724e-01
2.090805180690482601e-01
2.089876359178894083e-01
2.088956568332778763e-01
2.088045727513865302e-01
2.087143756688797369e-01
2.086250576426610936e-01
2.085366107896179377e-01
2.084490272863628590e-01
2.083622993689723535e-01
2.082764193327225621e-01
2.081913795318224569e-01
2.081071723791443340e-01
2.080237903459518922e-01
2.079412259616259806e-01
2.078594718133879860e-01
2.077785205460211115e-01
2.076983648615895739e-01
2.076189975191559123e-01
2.075404113344961887e-01
2.074625991798136337e-01
2.073855539834505435e-01
2.073092687295984282e-01
2.072337364580067454e-01
2.071589502636902447e-01
2.070849032966348147e-01
2.070115887615020800e-01
2.069389999173328887e-01
2.068671300772496058e-01
2.067959726081572691e-01
2.067255209304439123e-01
2.066557685176799164e-01
2.065867088963164733e-01
2.065183356453833552e-01
2.064506423961859349e-01
2.063836228320015398e-01
2.063172706877753337e-01
2.062515797498155334e-01
2.061865438554882912e-01
2.061221568929121062e-01
2.060584128006519578e-01
2.059953055674131062e-01
2.059328292317346987e-01
2.058709778816831815e-01
2.058097456545455728e-01
2.057491267365227361e-01
2.056891153624225144e-01
2.056297058153530588e-01
2.055708924264160187e-01
2.055126695744000365e-01
2.054550316854743541e-01
2.053979732328825858e-01
2.053414887366367403e-01
2.052855727632116323e-01
2.052302199252394876e-01
2.051754248812050485e-01
2.051211823351410113e-01
2.050674870363239921e-01
2.050143337789708253e-01
2.049617174019355836e-01
2.049096327884069590e-01
2.048580748656064210e-01
2.048070386044868185e-01
2.047565190194317875e-01
2.047065111679556848e-01
2.046570101504044115e-01
2.046080111096568177e-01
2.045595092308269969e-01
2.045114997409673285e-01
2.044639779087722709e-01
2.044169390442832079e-01
2.043703784985939631e-01
2.043242916635572559e-01
2.042786739714922417e-01
2.042335208948927727e-01
2.041888279461367417e-01
2.041445906771964802e-01
2.041008046793499897e-01
2.040574655828933659e-01
2.040145690568541947e-01
2.039721108087060031e-01
2.039300865840838750e-01
2.038884921665010952e-01
2.038473233770669302e-01
2.038065760742055477e-01
2.037662461533761571e-01
2.037263295467941493e-01
2.036868222231536241e-01
2.036477201873509724e-01
2.036090194802097353e-01
2.035707161782065733e-01
2.035328063931986786e-01
2.034952862721522426e-01
2.034581519968722829e-01
2.034213997837336918e-01
2.033850258834135616e-01
