2.199959999999999916e+00
2.199959999999999916e+00
2.199960461714097537e+00
2.199961743813573012e+00
2.199964112938572303e+00
2.199967756356123960e+00
2.199972797438022987e+00
2.199979314837084754e+00
2.199987365792380967e+00
2.199997013108057065e+00
2.200008353552974416e+00
2.200021542254936513e+00
2.200036803523748752e+00
2.200054416429546578e+00
2.200074669475390543e+00
2.200097796021900809e+00
2.200123919884215518e+00
2.200153038325788568e+00
2.200185045514065241e+00
2.200219777140083544e+00
2.200257053945367414e+00
2.200296712196598392e+00
2.200338619229118997e+00
2.200382676542208760e+00
2.200428813403134232e+00
2.200476973754194709e+00
2.200527099823763155e+00
2.200579116711537164e+00
2.200632922222018006e+00
2.200688384783334506e+00
2.200745349803892026e+00
2.200803652285028722e+00
2.200863131837420106e+00
2.200923645840771492e+00
2.200985077256476963e+00
2.201047335230396751e+00
2.201110348699160557e+00
2.201174055242698380e+00
2.201238388835825788e+00
2.201303270454501693e+00
2.201368604535768103e+00
2.201434282390962505e+00
2.201500191485478375e+00
2.201566227717633772e+00
2.201632306929525384e+00
2.201698372046600127e+00
2.201764393407199094e+00
2.201830361745662934e+00
2.201896275472868592e+00
2.201962125735778653e+00
2.202027883613710380e+00
2.202093493366492627e+00
2.202158873987678067e+00
2.202223928960619581e+00
2.202288561779278897e+00
2.202352693104859149e+00
2.202416274778312477e+00
2.202479296456349989e+00
2.202541782330172282e+00
2.202603777916018579e+00
2.202665329663918925e+00
2.202726462271651364e+00
2.202787159317638466e+00
2.202847351761398897e+00
2.202906916247338032e+00
2.202965681722308666e+00
2.203023439508667192e+00
2.203079949356431921e+00
2.203134932559167591e+00
2.203188043180296596e+00
2.203238809817996913e+00
2.203286542776746515e+00
2.203330204022785122e+00
2.203368238224780562e+00
2.203398360579237991e+00
2.203417289405348090e+00
2.203420397864082947e+00
2.203401239503742115e+00
2.203350876871114750e+00
2.203256911663130424e+00
2.203102080379796934e+00
2.202862244995367647e+00
2.202503580593737187e+00
2.201978750082295377e+00
2.201221868273732785e+00
2.200142099070499846e+00
2.198615803791949652e+00
2.196477274407154567e+00
2.193508263979639938e+00
2.189426802356158053e+00
2.183876189547043989e+00
2.176415587570204924e+00
2.166514199163566357e+00
2.153551431079479439e+00
2.136825394792401411e+00
2.115571310551088491e+00
2.088989771819051100e+00
2.056282716453379678e+00
2.016693053532180979e+00
1.969543002537464504e+00
1.914266706988235089e+00
1.850434313456322366e+00
1.777766695328682145e+00
1.696141563726473400e+00
1.605592432892031685e+00
1.506301852106822103e+00
1.398589864400385130e+00
1.282898284572274950e+00
1.159771470629163082e+00
1.029834879585472152e+00
8.937735902557895074e-01
7.523136418783964441e-01
6.062090139966002100e-01
4.562362087090350293e-01
3.031969140658439255e-01
1.479275354978776547e-01
-8.687170871885474543e-03
-1.657003448153614167e-01
-3.220938610885141218e-01
-4.767784808967507337e-01
-6.286069905035155392e-01
-7.764017213109385418e-01
-9.189946484424472706e-01
-1.055275117828349707e+00
-1.184238408589924463e+00
-1.305028584047683182e+00
-1.416971182850197630e+00
-1.519594139147986134e+00
-1.612637630339859962e+00
-1.696054592143899864e+00
-1.770003417504528720e+00
-1.834833425516792182e+00
-1.891062829692121472e+00
-1.939348839771045885e+00
-1.980450503692051445e+00
-2.015186647264233688e+00
-2.044392965242221916e+00
-2.068883017218697606e+00
-2.089417136035592204e+00
-2.106681395951738534e+00
-2.121276650529102081e+00
-2.133716020833985816e+00
-2.144428445094577640e+00
-2.153765904619848293e+00
-2.162012409755111442e+00
-2.169393449090482484e+00
-2.176085158873984682e+00
-2.182222855316933607e+00
-2.187908779034761775e+00
-2.193218976714932822e+00
-2.198209262435663280e+00
-2.202920219115975797e+00
-2.207381243030050122e+00
-2.211613691937556414e+00
-2.215633248319910820e+00
-2.219451638035547347e+00
-2.223077848861626293e+00
-2.226518979309834112e+00
-2.229780824668508910e+00
-2.232868281590188797e+00
-2.235785629087623239e+00
-2.238536724713860782e+00
-2.241125140779924862e+00
-2.243554256497349630e+00
-2.245827316912026639e+00
-2.247947466995536825e+00
-2.249917767980340155e+00
-2.251741202151759325e+00
-2.253420671508666651e+00
-2.254958994875357003e+00
-2.256358907084595078e+00
-2.257623062588857366e+00
-2.258754044200916855e+00
-2.259754375804256643e+00
-2.260626536324175095e+00
-2.261372971599240778e+00
-2.261996101290251193e+00
-2.262498319331306629e+00
-2.262881988069840311e+00
-2.263149427645505529e+00
-2.263302903111908293e+00
-2.263344612329882377e+00
-2.263276677783972346e+00
-2.263101145083966426e+00
-2.262819989821158728e+00
-2.262435132639956770e+00
-2.261948460272997341e+00
-2.261361848671283870e+00
-2.260677183978100580e+00
-2.259896378092764557e+00
-2.259021377386468021e+00
-2.258054164909962136e+00
-2.256996757552302668e+00
-2.255851199922288775e+00
-2.254619556435860428e+00
-2.253303902530638947e+00
-2.251906315376754009e+00
-2.250428864089343506e+00
-2.248873599333117035e+00
-2.247242542290126543e+00
-2.245537673107614207e+00
-2.243760919026887013e+00
-2.241914142382214425e+00
-2.239999128634426739e+00
-2.238017574711097968e+00
-2.235971078273386148e+00
-2.233861129113321464e+00
-2.231689104532851076e+00
-2.229456270919332628e+00
-2.227163793374087319e+00
-2.224812753887825068e+00
-2.222404176386675090e+00
-2.219939054797883671e+00
-2.217418379154446395e+00
-2.214843155274718089e+00
-2.212214415437568693e+00
-2.209533219816296246e+00
-2.206800650355027482e+00
-2.204017799875982231e+00
-2.201185759564418198e+00
-2.198305607819316165e+00
-2.195378402909767601e+00
-2.192405180922930352e+00
-2.189386959131377264e+00
-2.186324743379703062e+00
-2.183219536892487600e+00
-2.180072347543087208e+00
-2.176884191237653976e+00
-2.173656090327482193e+00
-2.170389067314028253e+00
-2.167084135150663560e+00
-2.163742286066908882e+00
-2.160364481121075819e+00
-2.156951642680040138e+00
-2.153504651650072876e+00
-2.150024350394365236e+00
-2.146511550875433549e+00
-2.142967046001656772e+00
-2.139391621062799231e+00
-2.135786062038014244e+00
-2.132151158494643095e+00
-2.128487700308649533e+00
-2.124796468932769855e+00
-2.121078225059093381e+00
-2.117333695225184886e+00
-2.113563560275668163e+00
-2.109768448584521394e+00
-2.105948936358434942e+00
-2.102105555961959471e+00
-2.098238811136564408e+00
-2.094349195862732493e+00
-2.090437212371219378e+00
-2.086503384066779709e+00
-2.082548260724955913e+00
-2.078572415470719470e+00
-2.074576434925877511e+00
-2.070560905127736717e+00
-2.066526396412185385e+00
-2.062473450587746004e+00
-2.058402573424272575e+00
-2.054314234572479858e+00
-2.050208875385054252e+00
-2.046086922963462840e+00
-2.041948806833235874e+00
-2.037794973824294864e+00
-2.033625897399637950e+00
-2.029442079455433312e+00
-2.025244044668068177e+00
-2.021032329088469748e+00
-2.016807465646393460e+00
-2.012569969642727941e+00
-2.008320327324574883e+00
-2.004058990219374614e+00
-1.999786376863468718e+00
-1.995502881829000152e+00
-1.991208889885119016e+00
-1.986904791508770307e+00
-1.982590995555385538e+00
-1.978267935893553764e+00
-1.973936070663447007e+00
-1.969595874715691419e+00
-1.965247827169911865e+00
-1.960892396797518922e+00
-1.956530028229882312e+00
-1.952161131914523784e+00
-1.947786080178252055e+00
-1.943405210506490066e+00
-1.939018835233667470e+00
-1.934627254763516602e+00
-1.930230770063332324e+00
-1.925829690181791287e+00
-1.921424331912827466e+00
-1.917015010809208553e+00
-1.912602024773185860e+00
-1.908185633022746019e+00
-1.903766034352497583e+00
-1.899343349352115018e+00
-1.894917611422882064e+00
-1.890488770537019469e+00
-1.886056711253218499e+00
-1.881621282749703861e+00
-1.877182334812469211e+00
-1.872739751599014735e+00
-1.868293475682810456e+00
-1.863843517950172668e+00
-1.859389952825601933e+00
-1.854932901553348445e+00
-1.850472508236944646e+00
-1.846008914197872164e+00
-1.841542236319739567e+00
-1.837072554457795714e+00
-1.832599911427162276e+00
-1.828124326312146275e+00
-1.823645818286776743e+00
-1.819164435051472628e+00
-1.814680278803900260e+00
-1.810193523931137971e+00
-1.805704423568080363e+00
-1.801213305344642412e+00
-1.796720558898341702e+00
-1.792226618742567501e+00
-1.787731946144164530e+00
-1.783237013178785135e+00
-1.778742291291189437e+00
-1.774248245473569074e+00
-1.769755333600313785e+00
-1.765264008815607744e+00
-1.760774721730141934e+00
-1.756287919048243218e+00
-1.751804036167883716e+00
-1.747323482850899001e+00
-1.742846622720565675e+00
-1.738373748836231414e+00
-1.733905058929854359e+00
-1.729440635078480781e+00
-1.724980433317665929e+00
-1.720524288254884127e+00
-1.716071935364365419e+00
-1.711623049318207412e+00
-1.707177291759897964e+00
-1.702734358631077916e+00
-1.698294017262214739e+00
-1.693856126810936447e+00
-1.689420640462832912e+00
-1.684987592036380377e+00
-1.680557072200268287e+00
-1.676129200498544192e+00
-1.671704099330670878e+00
-1.667281875271412694e+00
-1.662862611525669720e+00
-1.658446372670522084e+00
-1.654033219396864318e+00
-1.649623227777171186e+00
-1.645216506047106897e+00
-1.640813202734842546e+00
-1.636413502698539579e+00
-1.632017610940204033e+00
-1.627625726845098431e+00
-1.623238013393910828e+00
-1.618854567097980590e+00
-1.614475395061044427e+00
-1.610100405351380992e+00
-1.605729415067073784e+00
-1.601362176656355718e+00
-1.596998417899664346e+00
-1.592637886467020314e+00
-1.588280388365166385e+00
-1.583925811699061104e+00
-1.579574131775133283e+00
-1.575225398469782156e+00
-1.570879710365623572e+00
-1.566537182063281408e+00
-1.562197911747900791e+00
-1.557861955930757381e+00
-1.553529317181928882e+00
-1.549199948147012895e+00
-1.544873771072751589e+00
-1.540550707382545292e+00
-1.536230708434000114e+00
-1.531913778137627080e+00
-1.527599980788840295e+00
-1.523289431830868290e+00
-1.518982273478588718e+00
-1.514678640153402922e+00
-1.510378620496390933e+00
-1.506082223720460300e+00
-1.501789358247615613e+00
-1.497499829338169164e+00
-1.493213358972634630e+00
-1.488929625664207723e+00
-1.484648315840331190e+00
-1.480369174677773847e+00
-1.476092044754494959e+00
-1.471816885211402415e+00
-1.467543769964810396e+00
-1.463272868428933560e+00
-1.459004415076426531e+00
-1.454738675215889065e+00
-1.450475914303678948e+00
-1.446216377296134281e+00
-1.441960282794163772e+00
-1.437707833716851846e+00
-1.433459242261060584e+00
-1.429214763240024055e+00
-1.424974728212231145e+00
-1.420739573914824749e+00
-1.416509861640284695e+00
-1.412286287605861723e+00
-1.408069686593636627e+00
-1.403861031722695607e+00
-1.399661432599250910e+00
-1.395472133163658812e+00
-1.391294510263227036e+00
-1.387130075056225209e+00
-1.382980481971851638e+00
-1.378847553422870575e+00
-1.374733331338251041e+00
-1.370640167346097282e+00
-1.366570861308360918e+00
-1.362528852819256509e+00
-1.358518462067921595e+00
-1.354545164295445359e+00
-1.350615865113691694e+00
-1.346739123491902390e+00
-1.342925251318669133e+00
-1.339186214800651031e+00
-1.335535286615996631e+00
-1.331986452585654623e+00
-1.328553647024284912e+00
-1.325249944391077905e+00
-1.322086842508595428e+00
-1.319073731627121049e+00
-1.316217579000334315e+00
-1.313522803209030254e+00
-1.310991285818874807e+00
-1.308622470846394048e+00
-1.306413523805217247e+00
-1.304359547320490087e+00
-1.302453866341449773e+00
-1.300688394054973385e+00
-1.299054068997409939e+00
-1.297541324654629680e+00
-1.296140532056750949e+00
-1.294842356506355152e+00
-1.293637991280386590e+00
-1.292519261822637544e+00
-1.291478619997510568e+00
-1.290509062722032141e+00
-1.289604013605214261e+00
-1.288757204056256045e+00
-1.287962584406823208e+00
-1.287214286116929340e+00
-1.286506642438295378e+00
-1.285834258465827107e+00
-1.285192107300640485e+00
-1.284575623151937407e+00
-1.283980767089178299e+00
-1.283404053424121782e+00
-1.282842537738898558e+00
-1.282293776204385782e+00
-1.281755768661300143e+00
-1.281226896470846421e+00
-1.280705862712469223e+00
-1.280191638698596313e+00
-1.279683417930603362e+00
-1.279180576872503305e+00
-1.278682641256389863e+00
-1.278189256796849138e+00
-1.277700163740995709e+00
-1.277215175166242389e+00
-1.276734159106905908e+00
-1.276257024458242961e+00
-1.275783710341354960e+00
-1.275314178375481777e+00
-1.274848407170469766e+00
-1.274386388327337416e+00
-1.273928123303650350e+00
-1.273473620652705529e+00
-1.273022893365556518e+00
-1.272575956286297938e+00
-1.272132823756515041e+00
-1.271693507708431703e+00
-1.271258016363125298e+00
-1.270826353559931121e+00
-1.270398518623049533e+00
-1.269974506607226328e+00
-1.269554308758700012e+00
-1.269137913058314027e+00
-1.268725304756550543e+00
-1.268316466849921165e+00
-1.267911380478535355e+00
-1.267510025245061955e+00
-1.267112379466960759e+00
-1.266718420378438736e+00
-1.266328124297910085e+00
-1.265941466772911195e+00
-1.265558422709645026e+00
-1.265178966490270174e+00
-1.264803072078549029e+00
-1.264430713113483318e+00
-1.264061862990616181e+00
-1.263696494931190628e+00
-1.263334582039923104e+00
-1.262976097352561666e+00
-1.262621013874603459e+00
-1.262269304612579912e+00
-1.261920942599223716e+00
-1.261575900913685322e+00
-1.261234152697787048e+00
-1.260895671169132592e+00
-1.260560429631734758e+00
-1.260228401484686955e+00
-1.259899560229297499e+00
-1.259573879475009539e+00
-1.259251332944365531e+00
-1.258931894477210323e+00
-1.258615538034289827e+00
-1.258302237700362536e+00
-1.257991967686918011e+00
-1.257684702334574300e+00
-1.257380416115209565e+00
-1.257079083633874106e+00
-1.256780679630514985e+00
-1.256485178981541662e+00
-1.256192556701252405e+00
-1.255902787943140142e+00
-1.255615848001089052e+00
-1.255331712310471692e+00
-1.255050356449155080e+00
-1.254771756138418848e+00
-1.254495887243789021e+00
-1.254222725775786085e+00
-1.253952247890582905e+00
-1.253684429890564056e+00
-1.253419248224772131e+00
-1.253156679489214831e+00
-1.252896700426996635e+00
-1.252639287928216660e+00
-1.252384419029548113e+00
-1.252132070913366535e+00
-1.251882220906234577e+00
-1.251634846476452623e+00
-1.251389925230238731e+00
-1.251147434905889311e+00
-1.250907353364948404e+00
-1.250669658578930532e+00
-1.250434328609430601e+00
-1.250201341578385916e+00
-1.249970675623686578e+00
-1.249742308833025728e+00
-1.249516219145564877e+00
-1.249292384206295958e+00
-1.249070781151613740e+00
-1.248851386296516486e+00
-1.248634174684856823e+00
-1.248419119457109039e+00
-1.248206190992579456e+00
-1.247995355809872642e+00
-1.247786575285292576e+00
-1.247579804400255066e+00
-1.247374990951838347e+00
-1.247172075857104323e+00
-1.246970995121259751e+00
-1.246771683500537131e+00
-1.246574079017711556e+00
-1.246378126920109297e+00
-1.246183781948638991e+00
-1.245991008674337097e+00
-1.245799780425299597e+00
-1.245610077562835816e+00
-1.245421885696369690e+00
-1.245235194146677937e+00
-1.245049994752300382e+00
-1.244866280999227248e+00
-1.244684047411546590e+00
-1.244503289136180024e+00
-1.244324001665180646e+00
-1.244146180652671019e+00
-1.243969821795680053e+00
-1.243794920757596234e+00
-1.243621473119820742e+00
-1.243449474351979278e+00
-1.243278919794296389e+00
-1.243109804647917871e+00
-1.242942123970405266e+00
-1.242775872674585447e+00
-1.242611045529560920e+00
-1.242447637163099472e+00
-1.242285642064892892e+00
-1.242125054590348610e+00
-1.241965868964694852e+00
-1.241808079287258337e+00
-1.241651679535817232e+00
-1.241496663570972769e+00
-1.241343025140495326e+00
-1.241190757883624762e+00
-1.241039855335304143e+00
-1.240890310930339968e+00
-1.240742118007480910e+00
-1.240595269813413726e+00
-1.240449759506672578e+00
-1.240305580161461529e+00
-1.240162724771392666e+00
-1.240021186253136953e+00
-1.239880957449992493e+00
-1.239742031135367961e+00
-1.239604400016185437e+00
-1.239468056736201751e+00
-1.239332993879251887e+00
-1.239199203972414010e+00
-1.239066679489098544e+00
-1.238935412852062434e+00
-1.238805396436351236e+00
-1.238676622572167263e+00
-1.238549083547669794e+00
-1.238422771611704221e+00
-1.238297678976464589e+00
-1.238173797820089961e+00
-1.238051120289194618e+00
-1.237929638501336083e+00
-1.237809344547418977e+00
-1.237690230494039367e+00
-1.237572288385767605e+00
-1.237455510247373658e+00
-1.237339888085993822e+00
-1.237225413893241921e+00
-1.237112079647263885e+00
-1.236999877314739704e+00
-1.236888798852831206e+00
-1.236778836211077870e+00
-1.236669981333242685e+00
-1.236562226159106936e+00
-1.236455562626216143e+00
-1.236349982671579362e+00
-1.236245478233320094e+00
-1.236142041252282109e+00
-1.236039663673590194e+00
-1.235938337448166724e+00
-1.235838054534204478e+00
-1.235738806898599051e+00
-1.235640586518337525e+00
-1.235543385381848269e+00
-1.235447195490311012e+00
-1.235352008858927153e+00
-1.235257817518153223e+00
-1.235164613514895926e+00
-1.235072388913672103e+00
-1.234981135797732277e+00
-1.234890846270149112e+00
-1.234801512454873018e+00
-1.234713126497752445e+00
-1.234625680567523531e+00
-1.234539166856766235e+00
-1.234453577582829809e+00
-1.234368904988728088e+00
-1.234285141344004355e+00
-1.234202278945566444e+00
-1.234120310118494546e+00
-1.234039227216820134e+00
-1.233959022624277369e+00
-1.233879688755028514e+00
-1.233801218054361826e+00
-1.233723602999365676e+00
-1.233646836099576483e+00
-1.233570909897601764e+00
-1.233495816969720771e+00
-1.233421549926460248e+00
-1.233348101413148656e+00
-1.233275464110446862e+00
-1.233203630734857947e+00
-1.233132594039215046e+00
-1.233062346813149412e+00
-1.232992881883536507e+00
-1.232924192114923878e+00
-1.232856270409938837e+00
-1.232789109709676811e+00
-1.232722702994072161e+00
-1.232657043282250342e+00
-1.232592123632862524e+00
-1.232527937144403118e+00
-1.232464476955510202e+00
-1.232401736245250179e+00
-1.232339708233385567e+00
-1.232278386180627905e+00
-1.232217763388875120e+00
-1.232157833201434016e+00
-1.232098589003228772e+00
-1.232040024220994123e+00
-1.231982132323456103e+00
-1.231924906821498578e+00
-1.231868341268317124e+00
-1.231812429259559361e+00
-1.231757164433453733e+00
-1.231702540470926088e+00
-1.231648551095703370e+00
-1.231595190074407542e+00
-1.231542451216636413e+00
-1.231490328375035137e+00
-1.231438815445356383e+00
-1.231387906366510077e+00
-1.231337595120603146e+00
-1.231287875732969717e+00
-1.231238742272191322e+00
-1.231190188850108447e+00
-1.231142209621822525e+00
-1.231094798785689060e+00
-1.231047950583303185e+00
-1.231001659299475692e+00
-1.230955919262201492e+00
-1.230910724842620541e+00
-1.230866070454971206e+00
-1.230821950556535427e+00
-1.230778359647577203e+00
-1.230735292271274872e+00
-1.230692743013645174e+00
-1.230650706503461977e+00
-1.230609177412167687e+00
-1.230568150453779319e+00
-1.230527620384788356e+00
-1.230487582004054614e+00
-1.230448030152694550e+00
-1.230408959713963801e+00
-1.230370365613135508e+00
-1.230332242817372856e+00
-1.230294586335595852e+00
-1.230257391218345431e+00
-1.230220652557640904e+00
-1.230184365486834075e+00
-1.230148525180458696e+00
-1.230113126854076144e+00
-1.230078165764116216e+00
-1.230043637207715479e+00
-1.230009536522550517e+00
-1.229975859086668288e+00
-1.229942600318312707e+00
-1.229909755675748784e+00
-1.229877320657082329e+00
-1.229845290800076985e+00
-1.229813661681968817e+00
-1.229782428919278026e+00
-1.229751588167616649e+00
-1.229721135121495834e+00
-1.229691065514128656e+00
-1.229661375117231614e+00
-1.229632059740823458e+00
-1.229603115233022015e+00
-1.229574537479838803e+00
-1.229546322404972303e+00
-1.229518465969597907e+00
-1.229490964172157419e+00
-1.229463813048146337e+00
-1.229437008669900022e+00
-1.229410547146376986e+00
-1.229384424622942840e+00
-1.229358637281150690e+00
-1.229333181338521985e+00
-1.229308053048325133e+00
-1.229283248699353681e+00
-1.229258764615702937e+00
-1.229234597156545705e+00
-1.229210742715907800e+00
-1.229187197722441338e+00
-1.229163958639198917e+00
-1.229141021963406022e+00
-1.229118384226233207e+00
-1.229096041992566946e+00
-1.229073991860781589e+00
-1.229052230462509554e+00
-1.229030754462411279e+00
-1.229009560557945413e+00
-1.228988645479138109e+00
-1.228968005988352541e+00
-1.228947638880058202e+00
-1.228927540980599753e+00
-1.228907709147966099e+00
-1.228888140271559681e+00
-1.228868831271964890e+00
-1.228849779100717576e+00
-1.228830980740074574e+00
-1.228812433202782106e+00
-1.228794133531846411e+00
-1.228776078800303040e+00
-1.228758266110986819e+00
-1.228740692596302697e+00
-1.228723355417996155e+00
-1.228706251766924495e+00
-1.228689378862828585e+00
-1.228672733954104590e+00
-1.228656314317577047e+00
-1.228640117258271269e+00
-1.228624140109187746e+00
-1.228608380231075659e+00
-1.228592835012208173e+00
-1.228577501868157951e+00
-1.228562378241572883e+00
-1.228547461601953605e+00
-1.228532749445430339e+00
-1.228518239294541958e+00
-1.228503928698014613e+00
-1.228489815230541682e+00
-1.228475896492564612e+00
-1.228462170110054430e+00
-1.228448633734294138e+00
-1.228435285041661995e+00
-1.228422121733416139e+00
-1.228409141535478755e+00
-1.228396342198222913e+00
-1.228383721496259406e+00
-1.228371277228224701e+00
-1.228359007216569321e+00
-1.228346909307348911e+00
-1.228334981370014178e+00
-1.228323221297203283e+00
-1.228311627004535111e+00
-1.228300196430403002e+00
-1.228288927535769792e+00
-1.228277818303964430e+00
-1.228266866740479246e+00
-1.228256070872767891e+00
-1.228245428750045498e+00
-1.228234938443088620e+00
-1.228224598044037830e+00
-1.228214405666199882e+00
-1.228204359443852312e+00
-1.228194457532048256e+00
-1.228184698106423056e+00
-1.228175079363001521e+00
-1.228165599518006967e+00
-1.228156256807670932e+00
-1.228147049488044207e+00
-1.228137975834808993e+00
-1.228129034143092602e+00
-1.228120222727282052e+00
-1.228111539920839768e+00
-1.228102984076120840e+00
-1.228094553564190949e+00
-1.228086246774646506e+00
-1.228078062115434799e+00
-1.228069998012675912e+00
-1.228062052910486202e+00
-1.228054225270802435e+00
-1.228046513573207266e+00
-1.228038916314756479e+00
-1.228031432009806689e+00
-1.228024059189844808e+00
-1.228016796403318178e+00
-1.228009642215466712e+00
-1.228002595208155467e+00
-1.227995653979709445e+00
-1.227988817144748612e+00
-1.227982083334024033e+00
-1.227975451194256662e+00
-1.227968919387975921e+00
-1.227962486593360047e+00
-1.227956151504077775e+00
-1.227949912829130907e+00
-1.227943769292698217e+00
-1.227937719633980906e+00
-1.227931762607048949e+00
-1.227925896980688325e+00
-1.227920121538250475e+00
-1.227914435077501754e+00
-1.227908836410475102e+00
-1.227903324363321724e+00
-1.227897897776165870e+00
-1.227892555502958283e+00
-1.227887296411333429e+00
-1.227882119382466053e+00
-1.227877023310929294e+00
-1.227872007104554797e+00
-1.227867069684293044e+00
-1.227862209984075248e+00
-1.227857426950676789e+00
-1.227852719543581106e+00
-1.227848086734844690e+00
-1.227843527508964083e+00
-1.227839040862743536e+00
-1.227834625805163560e+00
-1.227830281357250808e+00
-1.227826006551949289e+00
-1.227821800433992472e+00
-1.227817662059776715e+00
-1.227813590497235596e+00
-1.227809584825715117e+00
-1.227805644135850693e+00
-1.227801767529444810e+00
-1.227797954119345780e+00
-1.227794203029327846e+00
-1.227790513393971494e+00
-1.227786884358546438e+00
-1.227783315078893933e+00
-1.227779804721311319e+00
-1.227776352462437437e+00
-1.227772957489138506e+00
-1.227769618998395762e+00
-1.227766336197193553e+00
-1.227763108302408979e+00
-1.227759934540702647e+00
-1.227756814148409203e+00
-1.227753746371430532e+00
-1.227750730465129170e+00
-1.227747765694222615e+00
-1.227744851332678522e+00
-1.227741986663611895e+00
-1.227739170979181837e+00
-1.227736403580490521e+00
-1.227733683777481932e+00
-1.227731010888842844e+00
-1.227728384241903781e+00
-1.227725803172541541e+00
-1.227723267025081944e+00
-1.227720775152204569e+00
-1.227718326914847280e+00
-1.227715921682112521e+00
-1.227713558831174501e+00
-1.227711237747186157e+00
-1.227708957823188785e+00
-1.227706718460021440e+00
-1.227704519066231015e+00
-1.227702359057984083e+00
-1.227700237858978971e+00
-1.227698154900359384e+00
-1.227696109620627807e+00
-1.227694101465560683e+00
-1.227692129888124262e+00
-1.227690194348390884e+00
-1.227688294313456829e+00
-1.227686429257359935e+00
-1.227684598660999660e+00
-1.227682802012055818e+00
-1.227681038804910418e+00
-1.227679308540568170e+00
-1.227677610726579882e+00
-1.227675944876964742e+00
-1.227674310512134381e+00
-1.227672707158818266e+00
-1.227671134349987980e+00
-1.227669591624784617e+00
-1.227668078528445061e+00
-1.227666594612230044e+00
-1.227665139433352648e+00
-1.227663712554907693e+00
-1.227662313545801354e+00
-1.227660941980682319e+00
-1.227659597439872963e+00
-1.227658279509301842e+00
-1.227656987780435971e+00
-1.227655721850215098e+00
-1.227654481320985980e+00
-1.227653265800436877e+00
-1.227652074901533608e+00
-1.227650908242455818e+00
-1.227649765446534369e+00
-1.227648646142188271e+00
-1.227647549962864071e+00
-1.227646476546974119e+00
-1.227645425537836621e+00
-1.227644396583616127e+00
-1.227643389337264468e+00
-1.227642403456461917e+00
-1.227641438603559898e+00
-1.227640494445524144e+00
-1.227639570653877632e+00
-1.227638666904645071e+00
-1.227637782878297612e+00
-1.227636918259698229e+00
-1.227636072738047091e+00
-1.227635246006829162e+00
-1.227634437763760467e+00
-1.227633647710736131e+00
-1.227632875553778424e+00
-1.227632121002986132e+00
-1.227631383772483264e+00
-1.227630663580369541e+00
-1.227629960148671096e+00
-1.227629273203290738e+00
-1.227628602473960440e+00
-1.227627947694193145e+00
-1.227627308601235256e+00
-1.227626684936020229e+00
-1.227626076443122383e+00
-1.227625482870710494e+00
-1.227624903970503611e+00
-1.227624339497725314e+00
-1.227623789211060412e+00
-1.227623252872610760e+00
-1.227622730247851957e+00
-1.227622221105591160e+00
-1.227621725217924009e+00
-1.227621242360193765e+00
-1.227620772310949571e+00
-1.227620314851905814e+00
-1.227619869767901273e+00
-1.227619436846860257e+00
-1.227619015879752196e+00
-1.227618606660553224e+00
-1.227618208986207549e+00
-1.227617822656589031e+00
-1.227617447474464329e+00
-1.227617083245455154e+00
