1.500039999999999984e-01
1.500039999999999984e-01
1.500040505718349126e-01
1.500041963580324711e-01
1.500044761364320578e-01
1.500049228098057352e-01
1.500055632834890462e-01
1.500064182101100985e-01
1.500075016045443743e-01
1.500088203746819115e-01
1.500103738900632477e-01
1.500121538312887970e-01
1.500141446983504212e-01
1.500163253775375627e-01
1.500186718580626410e-01
1.500211605049094066e-01
1.500237707267625398e-01
1.500264861416841511e-01
1.500292943217251262e-01
1.500321859154723769e-01
1.500351538744430502e-01
1.500381930229432725e-01
1.500412998383101881e-01
1.500444722087928284e-01
1.500477090124343049e-01
1.500510094899890068e-01
1.500543725029462594e-01
1.500577958429228087e-01
1.500612757692177390e-01
1.500648068925141965e-01
1.500683824193032034e-01
1.500719946675281302e-01
1.500756356969182859e-01
1.500792978825653268e-01
1.500829742922636656e-01
1.500866587925033246e-01
1.500903458879546126e-01
1.500940303760263383e-01
1.500977069508909190e-01
1.501013699029248583e-01
1.501050130246988357e-01
1.501086297652417523e-01
1.501122135942841718e-01
1.501157584728521899e-01
1.501192592933887349e-01
1.501227121583872670e-01
1.501261144092405908e-01
1.501294643871089740e-01
1.501327609881088487e-01
1.501360031428884412e-01
1.501391893824784995e-01
1.501423176346747546e-01
1.501453853316629949e-01
1.501483898197487621e-01
1.501513289727556266e-01
1.501542018458801031e-01
1.501570091822562458e-01
1.501597536072720174e-01
1.501624394145987529e-01
1.501650719513951127e-01
1.501676567238738602e-01
1.501701984342032892e-01
1.501727001932899874e-01
1.501751631164802425e-01
1.501775864115062198e-01
1.501799679411310040e-01
1.501823051230136707e-01
1.501845959443058043e-01
1.501868398343577937e-01
1.501890381626115878e-01
1.501911942104087461e-01
1.501933125947300662e-01
1.501953982718416125e-01
1.501974553764780229e-01
1.501994862126493080e-01
1.502014906806733163e-01
1.502034663111764812e-01
1.502054089187566943e-01
1.502073137319524243e-01
1.502091767374040265e-01
1.502109959138478723e-01
1.502127720352056939e-01
1.502145087969354864e-01
1.502162121637498071e-01
1.502178890279401435e-01
1.502195454571520206e-01
1.502211849346153372e-01
1.502228070049443087e-01
1.502244066301236247e-01
1.502259743755080534e-01
1.502274973480426656e-01
1.502289606507672126e-01
1.502303490249015661e-01
1.502316483290506155e-01
1.502328465535416879e-01
1.502339341849361076e-01
1.502349039102086337e-01
1.502357498477554787e-01
1.502364666547689187e-01
1.502370489266222076e-01
1.502374912437992871e-01
1.502377890545873451e-01
1.502379403613504361e-01
1.502379479618421443e-01
1.502378218228346551e-01
1.502375810530992561e-01
1.502372549188637496e-01
1.502368824390058200e-01
1.502365103342032937e-01
1.502361894648173990e-01
1.502359702852897050e-01
1.502358981251589454e-01
1.502360091572265133e-01
1.502363277103320183e-01
1.502368652199455867e-01
1.502376207285373855e-01
1.502385825630641603e-01
1.502397306718026015e-01
1.502410390840704102e-01
1.502424780330113563e-01
1.502440154297090824e-01
1.502456175783004333e-01
1.502472492459550057e-01
1.502488733947444088e-01
1.502504509824935386e-01
1.502519412112532371e-01
1.502533024602996925e-01
1.502544939407445268e-01
1.502554779106493321e-01
1.502562221296683265e-01
1.502567021247336876e-01
1.502569027948065794e-01
1.502568189289625600e-01
1.502564543803634467e-01
1.502558199336799516e-01
1.502549302644971552e-01
1.502538006896532441e-01
1.502524445146764254e-01
1.502508716436751213e-01
1.502490887868328240e-01
1.502471012073662016e-01
1.502449156059074975e-01
1.502425434985498465e-01
1.502400043129386853e-01
1.502373274115417490e-01
1.502345523846759789e-01
1.502317272750769428e-01
1.502289048831847995e-01
1.502261378359613098e-01
1.502234734805014960e-01
1.502209497174133712e-01
1.502185925963349100e-01
1.502164159969325008e-01
1.502144232136276569e-01
1.502126098928746045e-01
1.502109675776728548e-01
1.502094870704512031e-01
1.502081609049060462e-01
1.502069844189903025e-01
1.502059552500682460e-01
1.502050714897086581e-01
1.502043291263202296e-01
1.502037196195431523e-01
1.502032283977636495e-01
1.502028347792769281e-01
1.502025134178541776e-01
1.502022370032121135e-01
1.502019796814542674e-01
1.502017205090400709e-01
1.502014462054712396e-01
1.502011525377593970e-01
1.502008438924447853e-01
1.502005309850086845e-01
1.502002271531267252e-01
1.501999441111988021e-01
1.501996882202119299e-01
1.501994581656928007e-01
1.501992445188105041e-01
1.501990311635886810e-01
1.501987981661552229e-01
1.501985254054650498e-01
1.501981961688975131e-01
1.501977999185040991e-01
1.501973335650755581e-01
1.501968008807298693e-01
1.501962101325796661e-01
1.501955705295304477e-01
1.501948884536456197e-01
1.501941645254322721e-01
1.501933922946027955e-01
1.501925588800430977e-01
1.501916473935610008e-01
1.501906406038254482e-01
1.501895250641711588e-01
1.501882948212951152e-01
1.501869538364268009e-01
1.501855164257448749e-01
1.501840054105003375e-01
1.501824482335941124e-01
1.501808718903908935e-01
1.501792978946208945e-01
1.501777384782168878e-01
1.501761948251366663e-01
1.501746575591526023e-01
1.501731091719349931e-01
1.501715277192074705e-01
1.501698909388927416e-01
1.501681799140036633e-01
1.501663814950705833e-01
1.501644889361845037e-01
1.501625006082294711e-01
1.501604171788704090e-01
1.501582381279523426e-01
1.501559586953455927e-01
1.501535682285190521e-01
1.501510504779440536e-01
1.501483858664581506e-01
1.501455553043515023e-01
1.501425448058051892e-01
1.501393499748986671e-01
1.501359793571845069e-01
1.501324557350078304e-01
1.501288147606844314e-01
1.501251009044897444e-01
1.501213614287414677e-01
1.501176397112531091e-01
1.501139694436534611e-01
1.501103709256209617e-01
1.501068500297524366e-01
1.501033997177589618e-01
1.501000034721114706e-01
1.500966397331265356e-01
1.500932863534111539e-01
1.500899241430883879e-01
1.500865387752067792e-01
1.500831206816570784e-01
1.500796630860468661e-01
1.500761588717437756e-01
1.500725973610746722e-01
1.500689621120540329e-01
1.500652305141667586e-01
1.500613754448479331e-01
1.500573687360980124e-01
1.500531858154751375e-01
1.500488106403147781e-01
1.500442399121769410e-01
1.500394855544190387e-01
1.500345746371125610e-01
1.500295464195566253e-01
1.500244469146277959e-01
1.500193221347280170e-01
1.500142116221482580e-01
1.500091437751818191e-01
1.500041339121120088e-01
1.499991852504153622e-01
1.499942923122085936e-01
1.499894458401453134e-01
1.499846381069876444e-01
1.499798674646386776e-01
1.499751410917483929e-01
1.499704752163003585e-01
1.499658926540921866e-01
1.499614182349758018e-01
1.499570733404420042e-01
1.499528710550634969e-01
1.499488132068733104e-01
1.499448899671746716e-01
1.499410819826599295e-01
1.499373644581838971e-01
1.499337122757253282e-01
1.499301050854902617e-01
1.499265312915432913e-01
1.499229899948051059e-01
1.499194903203891760e-01
1.499160481694633007e-01
1.499126811716229857e-01
1.499094031917212744e-01
1.499062198897910259e-01
1.499031264774183247e-01
1.499001081487410791e-01
1.498971429805105449e-01
1.498942065901679443e-01
1.498912775495852556e-01
1.498883424234222772e-01
1.498853993069791113e-01
1.498824589283305753e-01
1.498795428362171556e-01
1.498766789148918976e-01
1.498738952588565543e-01
1.498712139718774150e-01
1.498686464632684734e-01
1.498661913077234120e-01
1.498638349776610923e-01
1.498615550626257176e-01
1.498593251289595529e-01
1.498571201445858536e-01
1.498549213298314975e-01
1.498527193699805693e-01
1.498505151897613630e-01
1.498483180076120302e-01
1.498461411126938425e-01
1.498439965157417342e-01
1.498418900022999711e-01
1.498398179768213323e-01
1.498377669133432732e-01
1.498357155030916876e-01
1.498336389742847830e-01
1.498315146595003977e-01
1.498293276709887767e-01
1.498270754642882785e-01
1.498247701489019701e-01
1.498224377387528394e-01
1.498201141918601431e-01
1.498178389628867513e-01
1.498156475650219144e-01
1.498135649403598835e-01
1.498116011207074605e-01
1.498097499088635320e-01
1.498079904884206948e-01
1.498062912626933751e-01
1.498046149096292634e-01
1.498029235529183267e-01
1.498011830092498831e-01
1.497993652669054321e-01
1.497974487284820244e-01
1.497954163231583757e-01
1.497932522424161583e-01
1.497909385312550801e-01
1.497884528482519850e-01
1.497857683577338006e-01
1.497828561145272408e-01
1.497796896877975903e-01
1.497762512871546325e-01
1.497725383102510577e-01
1.497685689909315498e-01
1.497643857214280005e-01
1.497600547878916166e-01
1.497556618557624730e-01
1.497513035700054063e-01
1.497470767900203614e-01
1.497430677394183951e-01
1.497393433221875791e-01
1.497359460760548100e-01
1.497328931284246933e-01
1.497301785726043444e-01
1.497277781394119045e-01
1.497256548808265919e-01
1.497237646681832957e-01
1.497220605308396124e-01
1.497204952018028334e-01
1.497190217103477883e-01
1.497175924234871447e-01
1.497161574316495380e-01
1.497146633974866803e-01
1.497130538404113365e-01
1.497112713961624431e-01
1.497092620628820703e-01
1.497069809776703231e-01
1.497043989017778076e-01
1.497015083009246295e-01
1.496983276954342024e-01
1.496949029328210057e-01
1.496913043889646910e-01
1.496876199447774447e-01
1.496839447573949655e-01
1.496803698826583429e-01
1.496769721845832846e-01
1.496738074915023031e-01
1.496709079085467020e-01
1.496682830894570937e-01
1.496659244931668742e-01
1.496638112934896014e-01
1.496619165643705840e-01
1.496602124999166505e-01
1.496586737091099850e-01
1.496572780867096719e-01
1.496560054096144621e-01
1.496548345073312469e-01
1.496537403428641333e-01
1.496526923889582583e-01
1.496516552813149104e-01
1.496505920815345281e-01
1.496494698411616198e-01
1.496482666566885666e-01
1.496469790368124553e-01
1.496456281283562451e-01
1.496442632152079344e-01
1.496429610883566463e-01
1.496418205761831377e-01
1.496409527141512041e-01
1.496404683504025113e-01
1.496404658163412449e-01
1.496410211989620265e-01
1.496421828113051467e-01
1.496439701850164339e-01
1.496463768540243489e-01
1.496493756195129976e-01
1.496529248358768882e-01
1.496569743642603978e-01
1.496614700831796485e-01
1.496663562065779773e-01
1.496715751619327739e-01
1.496770653779984361e-01
1.496827578504017764e-01
1.496885725746614215e-01
1.496944157636984629e-01
1.497001783149777832e-01
1.497057354983570843e-01
1.497109474892262815e-01
1.497156602193075448e-01
1.497197059859012580e-01
1.497229032298144913e-01
1.497250547593610148e-01
1.497259434138758505e-01
1.497253237545787263e-01
1.497229079517742867e-01
1.497183437535400674e-01
1.497111824031798766e-01
1.497008347281699181e-01
1.496865145163503441e-01
1.496671700414906048e-01
1.496414076333912879e-01
1.496074157792584847e-01
1.495629039534237537e-01
1.495050753998216353e-01
1.494306540933649785e-01
1.493359794124895223e-01
1.492171666042091949e-01
1.490703113340176855e-01
1.488917016149324812e-01
1.486779983131224503e-01
1.484263570906840246e-01
1.481344832252885213e-01
1.478006273179647279e-01
1.474235392553794322e-01
1.470023998094598383e-01
1.465367466276044084e-01
1.460264068821459094e-01
1.454714441162187344e-01
1.448721224074262792e-01
1.442288871357177427e-01
1.435423588961447505e-01
1.428133360602326929e-01
1.420428022767332987e-01
1.412319370577089506e-01
1.403821292432034240e-01
1.394949935020300125e-01
1.385723886867507026e-01
1.376164340932974350e-01
1.366295163931514622e-01
1.356142777640253205e-01
1.345735764933708722e-01
1.335104164312350405e-01
1.324278503817172825e-01
1.313288713366570770e-01
1.302163097897228450e-01
1.290927528674827296e-01
1.279604933749616258e-01
1.268215083118172937e-01
1.256774605979441850e-01
1.245297158610741417e-01
1.233793673328527768e-01
1.222272645443288480e-01
1.210740441267529749e-01
1.199201626081496663e-01
1.187659312223317137e-01
1.176115516631970337e-01
1.164571502975121770e-01
1.153028076335385621e-01
1.141485803571147400e-01
1.129945147060112398e-01
1.118406516174239584e-01
1.106870253555663347e-01
1.095336580387799436e-01
1.083805527660163109e-01
1.072276880229390134e-01
1.060750156844177117e-01
1.049224640517476964e-01
1.037699459224019627e-01
1.026173700252712012e-01
1.014646529536586683e-01
1.003117285951231064e-01
9.915855302901424584e-02
9.800510438427104121e-02
9.685137852006520109e-02
9.569738220699115783e-02
9.454312573018301691e-02
9.338861668565749674e-02
9.223385635980613229e-02
9.107883953969697632e-02
8.992355792371574397e-02
8.876800655698277587e-02
8.761219206281227467e-02
8.645614108244352447e-02
8.529990739992987514e-02
8.414357668068563056e-02
8.298726839940702427e-02
8.183113513900845681e-02
8.067535984269612326e-02
7.952015175397264546e-02
7.836574173652982589e-02
7.721237751606009614e-02
7.606031920701937510e-02
7.490983532766298802e-02
7.376119938632065554e-02
7.261468704241161309e-02
7.147057379984704528e-02
7.032913316863623199e-02
6.919063522408723521e-02
6.805534549544325906e-02
6.692352412268857964e-02
6.579542522883344291e-02
6.467129646367020257e-02
6.355137868297963677e-02
6.243590573411897382e-02
6.132510432476952905e-02
6.021919395642503364e-02
5.911838690808539354e-02
5.802288825872589650e-02
5.693289593957532452e-02
5.584860080918007535e-02
5.477018674575949431e-02
5.369783075255600557e-02
5.263170307282262483e-02
5.157196731182591559e-02
5.051878056381933768e-02
4.947229354239530974e-02
4.843265071298252789e-02
4.739999042654050032e-02
4.637444505373412851e-02
4.535614111906277612e-02
4.434519943458431479e-02
4.334173523302794345e-02
4.234585830024402420e-02
4.135767310711095657e-02
4.037727894122888905e-02
3.940477003900585973e-02
3.844023571912485310e-02
3.748376051892771815e-02
3.653542433605165562e-02
3.559530257883401078e-02
3.466346633075360201e-02
3.373998253678864301e-02
3.282491422347007248e-02
3.191832077023153830e-02
3.102025825834832384e-02
3.013077993670650739e-02
2.924993686287453640e-02
2.837777880635344516e-02
2.751435554246754039e-02
2.665971872539218968e-02
2.581392461353825690e-02
2.497703803563618846e-02
2.414913813215835772e-02
2.333032656931140203e-02
2.252073904847609609e-02
2.172056088956851941e-02
2.093004698088916232e-02
2.014954501699872669e-02
1.937951821021942009e-02
1.862055963042243134e-02
1.787338677666472017e-02
1.713880607868244546e-02
1.641764677018444155e-02
1.571067935181345507e-02
1.501854412720852669e-02
1.434171025969437768e-02
1.368046975017520560e-02
1.303495688715762546e-02
1.240517945564508992e-02
1.179105105128110641e-02
1.119241890499993522e-02
1.060908550443150945e-02
1.004082437160244874e-02
9.487391123133381496e-03
8.948531021456549231e-03
8.423984038593936019e-03
7.913488208168050278e-03
7.416781821282775189e-03
6.933604850840230198e-03
6.463699864892694623e-03
6.006812603300492291e-03
5.562692333268131131e-03
5.131092060004355943e-03
4.711768642646541744e-03
4.304482848361076801e-03
3.908999366201157746e-03
3.525086794867867898e-03
3.152517613646197737e-03
2.791068142593962961e-03
2.440518495968953001e-03
2.100652531508093342e-03
1.771257797272944101e-03
1.452125477185606424e-03
1.143050335991431998e-03
8.438306641300951597e-04
5.542682228289052973e-04
2.741681896218031581e-04
3.339104424684817551e-06
-2.584071837503343870e-04
-5.112555693908158111e-04
-7.553877423600986827e-04
-9.909822390374897327e-04
-1.218214492715558907e-03
-1.437256883253579687e-03
-1.648278785990113689e-03
-1.851446619920322188e-03
-2.046923895145271247e-03
-2.234871259601564023e-03
-2.415446545080304156e-03
-2.588804812544794141e-03
-2.755098396756595989e-03
-2.914476950219673825e-03
-3.067087486452371031e-03
-3.213074422596935969e-03
-3.352579621376243924e-03
-3.485742432407278827e-03
-3.612699732880830707e-03
-3.733585967616751249e-03
-3.848533188503991398e-03
-3.957671093334524416e-03
-4.061127064040129415e-03
-4.159026204340889390e-03
-4.251491376814128115e-03
-4.338643239392397932e-03
-4.420600281298987799e-03
-4.497478858429321616e-03
-4.569393228186476377e-03
-4.636455583778947322e-03
-4.698776087988659755e-03
-4.756462906417110136e-03
-4.809622240217419249e-03
-4.858358358319945017e-03
-4.902773629159013109e-03
-4.942968551908196936e-03
-4.979041787231489220e-03
-5.011090187557573801e-03
-5.039208826884332589e-03
-5.063491030120594212e-03
-5.084028401972045044e-03
-5.100910855378107053e-03
-5.114226639506508007e-03
-5.124062367312152456e-03
-5.130503042666819530e-03
-5.133632087066106013e-03
-5.133531365919954265e-03
-5.130281214433001294e-03
-5.123960463080894263e-03
-5.114646462688637006e-03
-5.102415109116934140e-03
-5.087340867562418698e-03
-5.069496796477561580e-03
-5.048954571115968348e-03
-5.025784506708705530e-03
-5.000055581277193691e-03
-4.971835458088136837e-03
-4.941190507755873623e-03
-4.908185829997462057e-03
-4.872885275045721852e-03
-4.835351464725391735e-03
-4.795645813197478395e-03
-4.753828547376800877e-03
-4.709958727027661364e-03
-4.664094264542502193e-03
-4.616291944408331717e-03
-4.566607442365638349e-03
-4.515095344264444428e-03
-4.461809164622072658e-03
-4.406801364887140589e-03
-4.350123371414232713e-03
-4.291825593153624288e-03
-4.231957439060378932e-03
-4.170567335227070085e-03
-4.107702741744319146e-03
-4.043410169293279802e-03
-3.977735195474130410e-03
-3.910722480874594641e-03
-3.842415784882427781e-03
-3.772857981245768353e-03
-3.702091073385185751e-03
-3.630156209461201690e-03
-3.557093697201009052e-03
-3.482943018488052298e-03
-3.407742843718085043e-03
-3.331531045925264882e-03
-3.254344714681789170e-03
-3.176220169774531237e-03
-3.097192974662079257e-03
-3.017297949715532293e-03
-2.936569185246359036e-03
-2.855040054324572713e-03
-2.772743225390433570e-03
-2.689710674662833950e-03
-2.605973698347485885e-03
-2.521562924647971233e-03
-2.436508325582682766e-03
-2.350839228610628658e-03
-2.264584328069037689e-03
-2.177771696425649574e-03
-2.090428795348542312e-03
-2.002582486596297257e-03
-1.914259042731267279e-03
-1.825484157658668720e-03
-1.736282956994178147e-03
-1.646680008262676109e-03
-1.556699330930741941e-03
-1.466364406275459187e-03
-1.375698187092061530e-03
-1.284723107242904862e-03
-1.193461091050216239e-03
-1.101933562535035950e-03
-1.010161454504728646e-03
-9.181652174914098396e-04
-8.259648285435922371e-04
-7.335797998733287499e-04
-6.410291873610899586e-04
-5.483315989205833673e-04
-4.555052027256875115e-04
-3.625677353016418941e-04
-2.695365094826018479e-04
-1.764284222376356285e-04
-8.325996236721011612e-05
9.952781927818950421e-06
1.031941156027268693e-04
1.964487294489938841e-04
2.897016928960066944e-04
3.829384469324899169e-04
4.761447971457978979e-04
5.693069068772260927e-04
6.624112904915284124e-04
7.554448067588535962e-04
8.483946523473414377e-04
9.412483554246464179e-04
1.033993769366680152e-03
1.126619066571892241e-03
1.219112732379434069e-03
1.311463559089572507e-03
1.403660640084748593e-03
1.495693364049697702e-03
1.587551409289072665e-03
1.679224738141036569e-03
1.770703591485309723e-03
1.861978483344184799e-03
1.953040195575042343e-03
2.043879772652922294e-03
2.134488516541727717e-03
2.224857981652661292e-03
2.314979969888514982e-03
2.404846525772448996e-03
2.494449931659929905e-03
2.583782703032500017e-03
2.672837583872088654e-03
2.761607542114578612e-03
2.850085765181375325e-03
2.938265655587735808e-03
3.026140826626632675e-03
3.113705098126957980e-03
3.200952492284874721e-03
3.287877229567155897e-03
3.374473724685356224e-03
3.460736582639691115e-03
3.546660594831505323e-03
3.632240735243233171e-03
3.717472156684775274e-03
3.802350187105221421e-03
3.886870325968875758e-03
3.971028240694552541e-03
4.054819763157124606e-03
4.138240886250325358e-03
4.221287760509818965e-03
4.303956690795569459e-03
4.386244133032552069e-03
4.468146691008867410e-03
4.549661113230329609e-03
4.630784289830621944e-03
4.711513249536117103e-03
4.791845156684475596e-03
4.871777308296162783e-03
4.951307131198011934e-03
5.030432179198003270e-03
5.109150130310415039e-03
5.187458784030540837e-03
5.265356058658157874e-03
5.342839988668956000e-03
5.419908722133146006e-03
5.496560518180481324e-03
5.572793744510929834e-03
5.648606874950255069e-03
5.723998487049768678e-03
5.798967259729538581e-03
5.873511970964331169e-03
5.947631495511593661e-03
6.021324802680788797e-03
6.094590954143393191e-03
6.167429101782904467e-03
6.239838485584185863e-03
6.311818431561506439e-03
6.383368349724644585e-03
6.454487732082412124e-03
6.525176150682997916e-03
6.595433255690508201e-03
6.665258773497112141e-03
6.734652504870201895e-03
6.803614323133986078e-03
6.872144172384938958e-03
6.940242065740558075e-03
7.007908083620856959e-03
7.075142372062062993e-03
7.141945141061975706e-03
7.208316662956461632e-03
7.274257270826559214e-03
7.339767356935692454e-03
7.404847371196475458e-03
7.469497819666625661e-03
7.533719263073487826e-03
7.597512315366693539e-03
7.660877642298478257e-03
7.723815960031197095e-03
7.786328033771575292e-03
7.848414676431244089e-03
7.910076747313116163e-03
7.971315150823171311e-03
8.032130835207212591e-03
8.092524791312172283e-03
8.152498051371557392e-03
8.212051687814614018e-03
8.271186812098820298e-03
8.329904573565293305e-03
8.388206158316736938e-03
8.446092788117535305e-03
8.503565719315615140e-03
8.560626241785706039e-03
8.617275677893630748e-03
8.673515381481268147e-03
8.729346736871824650e-03
8.784771157895075733e-03
8.839790086932227189e-03
8.894404993980057836e-03
8.948617375734012336e-03
9.002428754689919752e-03
9.055840678264004753e-03
9.108854717930887912e-03
9.161472468379254150e-03
9.213695546684877100e-03
9.265525591500718347e-03
9.316964262263771959e-03
9.368013238418397559e-03
9.418674218655817554e-03
9.468948920169532185e-03
9.518839077926336684e-03
9.568346443952697664e-03
9.617472786636199061e-03
9.666219890041797408e-03
9.714589553242634901e-03
9.762583589665130984e-03
9.810203826448125192e-03
9.857452103815805833e-03
9.904330274464181669e-03
9.950840202960860650e-03
9.996983765157899798e-03
1.004276284761748683e-02
1.008817934705022457e-02
1.013323516976579949e-02
1.017793223113581079e-02
1.022227245506853073e-02
1.026625777349540053e-02
1.030989012586903085e-02
1.035317145867251792e-02
1.039610372493985323e-02
1.043868888378723762e-02
1.048092889995510223e-02
1.052282574336063127e-02
1.056438138866060659e-02
1.060559781482438464e-02
1.064647700471680648e-02
1.068702094469088475e-02
1.072723162419006275e-02
1.076711103535988624e-02
1.080666117266890908e-02
1.084588403253865935e-02
1.088478161298250466e-02
1.092335591325324998e-02
1.096160893349930332e-02
1.099954267442924960e-02
1.103715913698468526e-02
1.107446032202114364e-02
1.111144822999697926e-02
1.114812486067003929e-02
1.118449221280199898e-02
1.122055228387019640e-02
1.125630706978684135e-02
1.129175856462545299e-02
1.132690876035437853e-02
1.136175964657727862e-02
1.139631321028043709e-02
1.143057143558675291e-02
1.146453630351631364e-02
1.149820979175339430e-02
1.153159387441978802e-02
1.156469052185431570e-02
1.159750170039842293e-02
1.163002937218772861e-02
1.166227549494942145e-02
1.169424202180537574e-02
1.172593090108089466e-02
1.175734407611895606e-02
1.178848348509985502e-02
1.181935106086614423e-02
1.184994873075276289e-02
1.188027841642225191e-02
1.191034203370495287e-02
1.194014149244409899e-02
1.196967869634568866e-02
1.199895554283306361e-02
1.202797392290607531e-02
1.205673572100476702e-02
1.208524281487747057e-02
1.211349707545323479e-02
1.214150036671848842e-02
1.216925454559785597e-02
1.219676146183905352e-02
1.222402295790175723e-02
1.225104086885038870e-02
1.227781702225071679e-02
1.230435323807020642e-02
1.233065132858203461e-02
1.235671309827270255e-02
1.238254034375315706e-02
1.240813485367336412e-02
1.243349840864024260e-02
1.245863278113890950e-02
1.248353973545714493e-02
1.250822102761302811e-02
1.253267840528565769e-02
1.255691360774891484e-02
1.258092836580817012e-02
1.260472440173990988e-02
1.262830342923418510e-02
1.265166715333984268e-02
1.267481727041247161e-02
1.269775546806499976e-02
1.272048342512089453e-02
1.274300281156989963e-02
1.276531528852625427e-02
1.278742250818934445e-02
1.280932611380672902e-02
1.283102773963948166e-02
1.285252901092980536e-02
1.287383154387086726e-02
1.289493694557879329e-02
1.291584681406678613e-02
1.293656273822130741e-02
1.295708629778028788e-02
1.297741906331330297e-02
1.299756259620368608e-02
1.301751844863251704e-02
1.303728816356445296e-02
1.305687327473535608e-02
1.307627530664167044e-02
1.309549577453151224e-02
1.311453618439742917e-02
1.313339803297078508e-02
1.315208280771774235e-02
1.317059198683678822e-02
1.318892703925777198e-02
1.320708942464242711e-02
1.322508059338631768e-02
1.324290198662220024e-02
1.326055503622474395e-02
1.327804116481658483e-02
1.329536178577568270e-02
1.331251830324393058e-02
1.332951211213701144e-02
1.334634459815544315e-02
1.336301713779679615e-02
1.337953109836904388e-02
1.339588783800502864e-02
1.341208870567799430e-02
1.342813504121817374e-02
1.344402817533039106e-02
1.345976942961265785e-02
1.347536011657572870e-02
1.349080153966359871e-02
1.350609499327490824e-02
1.352124176278522716e-02
1.353624312457020473e-02
1.355110034602955045e-02
1.356581468561181975e-02
1.358038739283999249e-02
1.359481970833780265e-02
1.360911286385682074e-02
1.362326808230423375e-02
1.363728657777133445e-02
1.365116955556267518e-02
1.366491821222587215e-02
1.367853373558204633e-02
1.369201730475685941e-02
1.370537009021215863e-02
1.371859325377817150e-02
1.373168794868626433e-02
