0.149989
0.149994
0.149994
0.149993
0.14999
0.149988
0.149983
0.149979
0.149985
0.149997
0.149991
0.149989
0.149983
0.149986
0.149986
0.149988
0.15
0.149985
0.149999
0.150001
0.149991
0.149983
0.149993
0.150003
0.149994
0.150019
0.149997
0.149967
0.150049
0.150001
0.150026
0.149976
0.150044
0.149951
0.150022
0.150007
0.150023
0.149972
0.150039
0.149969
0.150039
0.150015
0.149961
0.15008
0.149964
0.149994
0.149977
0.149956
0.149993
0.149996
0.150006
0.150049
0.149972
0.150087
0.149996
0.149974
0.150024
0.150027
0.150011
0.149947
0.149964
0.150052
0.150024
0.150012
0.150071
0.149976
0.149972
0.150036
0.149987
0.149963
0.150018
0.150007
0.150029
0.149985
0.150016
0.150003
0.149951
0.149955
0.149983
0.149981
0.149996
0.149981
0.149993
0.15
0.150007
0.149999
0.150025
0.150021
0.150028
0.150036
0.149995
0.150031
0.15004
0.150034
0.150021
0.150022
0.150004
0.149994
0.150034
0.149991
0.150006
0.150015
0.149963
0.150008
0.149992
0.15006
0.149962
0.15002
0.149974
0.150002
0.149972
0.14993
0.150046
0.14999
0.149981
0.149985
0.150002
0.149971
0.150008
0.149975
0.150024
0.150009
0.149977
0.150044
0.149968
0.149973
0.149991
0.14997
0.149964
0.149966
0.149966
0.149976
0.149969
0.149983
0.149987
0.149973
0.149978
0.149981
0.149984
0.149979
0.149973
0.149973
0.149961
0.149978
0.149962
0.149972
0.149906
0.149974
0.150011
0.14997
0.149998
0.149943
0.149995
0.150002
0.150027
0.149989
0.150003
0.14998
0.150007
0.150022
0.149995
0.150006
0.149963
0.150043
0.150003
0.150021
0.15001
0.150021
0.150011
0.150008
0.150046
0.150008
0.149976
0.149978
0.150007
0.150024
0.150013
0.150001
0.14998
0.150025
0.150012
0.150021
0.150007
0.149991
0.149995
0.150024
0.150019
0.149983
0.150018
0.15
0.15
0.150018
0.150042
0.150048
0.149996
0.150002
0.150046
0.150019
0.149969
0.149977
0.150057
0.150001
0.150007
0.150002
0.150078
0.149953
0.149997
0.150007
0.149976
0.150004
0.150082
0.15
0.149961
0.15004
0.150027
0.149978
0.14997
0.150059
0.149978
0.14999
0.150089
0.150021
0.14995
0.150071
0.150027
0.149991
0.150069
0.150032
0.149951
0.15002
0.150091
0.149973
0.149981
0.150034
0.150069
0.150039
0.150058
0.150054
0.150011
0.150032
0.150016
0.150055
0.150082
0.150004
0.150011
0.150016
0.150014
0.150016
0.150017
0.150018
0.149976
0.149983
0.150061
0.14998
0.150004
0.149952
0.14996
0.149888
0.149969
0.150089
0.150142
0.150121
0.150019
0.149992
0.149974
0.150064
0.150061
0.148298
0.143449
0.138467
0.133516
0.128596
0.123785
0.118766
0.113843
0.108892
0.104117
0.0990226
0.0943644
0.0891646
0.084598
0.0795052
0.0747212
0.0696393
0.0650452
0.059845
0.055022
0.0499354
0.0453299
0.0402679
0.035501
0.0303085
0.0252809
0.0205305
0.0154861
0.0148415
0.0148815
0.0149361
0.0149956
0.0149625
0.014996
0.0149703
0.0149848
0.0150079
0.0149678
0.0149927
0.0150032
0.0149967
0.0149871
0.0149784
0.0149814
0.015012
0.0150317
0.015006
0.0150209
0.0150132
0.0149823
0.0149927
0.0150125
0.0150217
0.0149922
0.0149474
0.0149561
0.0150122
0.0150378
0.0150119
0.0150127
0.0150146
0.0150174
0.0150121
0.015002
0.0150157
0.0149961
0.0150136
0.0150137
0.0150232
0.0150235
0.015018
0.0150077
0.0150285
0.0150185
0.0150162
0.0150088
0.0150163
0.015019
0.015003
0.015026
0.0150021
0.0150111
0.015037
0.0150243
0.0150382
0.0149988
0.0149774
0.0149979
0.0150132
0.0150363
0.0150039
0.0150372
0.0150507
0.0150518
0.0150724
0.0150778
0.0150352
0.0150208
0.0150251
0.0150712
0.0150393
0.014992
0.0150363
0.0150164
0.0150173
0.0150673
0.0150064
0.0150742
0.0150116
0.014989
0.0158128
0.0176917
0.0194145
0.0211043
0.0228608
0.0246933
0.0261808
0.0281128
0.0297563
0.0314195
0.0332204
0.0348613
0.0363893
0.0381682
0.0399146
0.0417341
0.0434255
0.0451187
0.0467846
0.0486477
0.0501802
0.0520692
0.0537271
0.05547
0.0570408
0.0587752
0.060656
0.0622333
0.064119
0.0657161
0.0674833
0.0692223
0.0709478
0.0726093
0.0744703
0.0760235
0.0778115
0.0795537
0.0812076
0.0828707
0.0847235
0.0863606
0.088166
0.0898134
0.0915634
0.0932311
0.0950374
0.0965921
0.098378
0.100115
0.101885
0.103563
0.105423
0.106995
0.108681
0.110543
0.11218
0.113945
0.115563
0.117427
0.119031
0.120775
0.122461
0.124278
0.125883
0.127652
0.129278
0.131105
0.132752
0.134498
0.13613
0.137941
0.139611
0.14142
0.143054
0.144812
0.146443
0.148234
0.149877
0.150003
0.149994
0.149997
0.149984
0.149989
0.149987
0.149989
0.149994
0.149989
0.149992
0.149995
0.149988
0.15
0.149985
0.149993
0.14999
0.149995
0.149994
0.14999
0.149986
0.149988
0.149996
0.149986
0.149984
0.149985
0.149979
0.149988
0.149994
0.14999
0.149986
0.149983
0.149996
0.149995
0.149986
0.149989
0.149991
0.149983
0.149987
0.149989
0.149991
0.149988
0.149979
0.15
0.149983
0.149987
0.149988
0.149987
0.149989
0.149989
0.149993
0.149989
0.14999
0.149996
0.149984
0.149994
0.149977
0.149998
0.149994
0.149973
0.149988
0.149983
0.150001
0.14998
0.149981
0.149997
