-0.120008 0.149989 0.279978 2.19987 2.20001 -0.000170393
-0.12 0.149994 0.279981 2.19985 2.19999 -0.000110244
-0.120015 0.149994 0.279975 2.1999 2.20002 -0.000188045
-0.119999 0.149993 0.279981 2.19985 2.20001 -7.15874e-05
-0.120008 0.14999 0.279986 2.19993 2.20001 -0.000124659
-0.120015 0.149988 0.279971 2.19983 2.20005 -0.000196773
-0.120011 0.149983 0.279972 2.19979 2.20004 -0.000188945
-0.120015 0.149979 0.279974 2.19984 2.20003 -0.000180028
-0.120008 0.149985 0.279978 2.19983 2.20005 -0.000128239
-0.12001 0.149997 0.279992 2.19993 2.20005 -6.35679e-05
-0.120014 0.149991 0.279984 2.1999 2.20007 -0.000143381
-0.120003 0.149989 0.279975 2.1999 2.19996 -0.000166691
-0.120021 0.149983 0.279973 2.19983 2.20003 -0.00023202
-0.120015 0.149986 0.279968 2.19984 2.20001 -0.000218756
-0.120015 0.149986 0.279968 2.19983 2.2 -0.000240758
-0.120018 0.149988 0.279984 2.19989 2.20006 -0.000165161
-0.120007 0.15 0.279982 2.19988 2.20002 -0.000133127
-0.120011 0.149985 0.279973 2.19983 2.20005 -0.000155415
-0.120009 0.149999 0.279987 2.19989 2.20005 -9.85444e-05
-0.120006 0.150001 0.279976 2.19985 2.20002 -0.000139762
-0.120017 0.149991 0.279973 2.19979 2.20009 -0.000181251
-0.120012 0.149983 0.279961 2.19982 2.19998 -0.000264432
-0.120007 0.149993 0.27997 2.19981 2.20004 -0.00015157
-0.120011 0.150003 0.279979 2.19987 2.20004 -0.000120735
-0.120001 0.149994 0.279987 2.19987 2.20003 -3.66946e-05
-0.120193 0.150019 0.279987 2.20005 2.19996 1.43112e-05
-0.124648 0.149997 0.280006 2.20015 2.19994 0.000329198
-0.129928 0.149967 0.280057 2.2 2.20037 0.000431147
-0.134736 0.150049 0.28001 2.19987 2.20018 0.000162146
-0.139925 0.150001 0.28006 2.20014 2.20023 0.000411419
-0.144706 0.150026 0.279961 2.19978 2.19995 -4.25663e-05
-0.149894 0.149976 0.280035 2.19999 2.20013 0.000312202
-0.154741 0.150044 0.279985 2.19944 2.20034 0.000106751
-0.159941 0.149951 0.280008 2.19959 2.20052 0.000147661
-0.165135 0.150022 0.279966 2.19971 2.2001 -1.69477e-05
-0.169897 0.150007 0.280075 2.2003 2.20017 0.000244331
-0.175119 0.150023 0.279952 2.19967 2.20002 2.90636e-05
-0.179927 0.149972 0.280022 2.1999 2.20023 7.35712e-05
-0.185096 0.150039 0.27999 2.20015 2.19975 0.000104288
-0.18992 0.149969 0.279999 2.19991 2.20007 7.98309e-05
-0.195118 0.150039 0.280103 2.20014 2.20047 0.000376926
-0.19994 0.150015 0.279934 2.19987 2.1998 -4.5167e-05
-0.205136 0.149961 0.280096 2.19999 2.20055 0.000241875
-0.209932 0.15008 0.279871 2.19986 2.19943 -6.99623e-05
-0.215134 0.149964 0.280099 2.19989 2.20062 0.000232828
-0.219921 0.149994 0.279889 2.19945 2.19984 -7.38139e-05
-0.225114 0.149977 0.280061 2.19996 2.20018 0.000153898
-0.229887 0.149956 0.280038 2.19985 2.20019 0.000146185
-0.235136 0.149993 0.279917 2.19959 2.19991 7.70564e-06
-0.23992 0.149996 0.280149 2.20029 2.2005 0.000134116
-0.245121 0.150006 0.279993 2.1999 2.20004 0.000156363
-0.249918 0.150049 0.279961 2.20007 2.19971 4.21991e-05
-0.255144 0.149972 0.280111 2.20012 2.20052 9.9955e-05
-0.259914 0.150087 0.27988 2.19991 2.1995 6.90873e-05
-0.265128 0.149996 0.279874 2.19948 2.19983 1.54337e-05
-0.269901 0.149974 0.280072 2.20019 2.20011 7.68727e-05
-0.275141 0.150024 0.279909 2.19966 2.1999 3.62776e-05
-0.279979 0.150027 0.279943 2.19968 2.20012 -1.15562e-05
-0.285075 0.150011 0.280087 2.20017 2.2002 0.000189969
-0.289912 0.149947 0.280168 2.2002 2.20061 5.43369e-06
-0.295118 0.149964 0.28005 2.19995 2.20023 5.42511e-05
-0.299936 0.150052 0.279947 2.20007 2.19977 3.75913e-05
-0.305146 0.150024 0.279873 2.19953 2.19988 0.0001436
-0.310391 0.150012 0.279923 2.19975 2.19999 3.22361e-05
-0.315151 0.150071 0.280023 2.20019 2.20012 0.00013239
-0.319933 0.149976 0.279868 2.19954 2.19981 -5.37821e-05
-0.320052 0.149972 0.278844 2.19954 2.19986 -7.99848e-05
-0.320055 0.150036 0.273641 2.20002 2.19993 -0.000118935
-0.320023 0.149987 0.268758 2.19977 2.19968 -8.14339e-05
-0.31997 0.149963 0.263708 2.20015 2.19992 -0.000139795
-0.320005 0.150018 0.258835 2.20012 2.19978 -9.07548e-05
-0.319983 0.150007 0.25371 2.20026 2.1999 -5.91026e-05
-0.320001 0.150029 0.248855 2.20015 2.19984 -1.68647e-05
-0.319969 0.149985 0.243667 2.20001 2.1999 -1.424e-05
-0.32 0.150016 0.238858 2.2 2.1999 -3.89268e-05
-0.319992 0.150003 0.233683 2.20006 2.20004 -4.03177e-05
-0.319937 0.149951 0.22883 2.19985 2.19986 4.68073e-05
-0.319942 0.149955 0.223564 2.19969 2.19968 3.56341e-05
-0.319994 0.149983 0.218727 2.1997 2.19973 3.36595e-06
-0.319968 0.149981 0.213631 2.19991 2.19985 1.12811e-05
-0.319968 0.149996 0.208822 2.19991 2.19985 2.18316e-05
-0.319979 0.149981 0.203682 2.20003 2.20001 7.27869e-07
-0.319962 0.149993 0.198794 2.19992 2.19972 1.82408e-05
-0.319978 0.15 0.193576 2.19986 2.19979 5.25903e-05
-0.319987 0.150007 0.188792 2.19992 2.19983 3.85329e-05
-0.319974 0.149999 0.183603 2.19992 2.19984 5.24347e-05
-0.320012 0.150025 0.178891 2.20013 2.2001 1.17884e-05
-0.320011 0.150021 0.173712 2.20012 2.20008 2.70544e-05
-0.320022 0.150028 0.168906 2.20019 2.20011 -1.08465e-05
-0.320028 0.150036 0.163658 2.20005 2.20006 1.24893e-05
-0.319979 0.149995 0.158772 2.19987 2.19982 9.9981e-05
-0.320038 0.150031 0.153681 2.2001 2.20014 9.2467e-05
-0.320047 0.15004 0.148556 2.20024 2.20032 8.7901e-05
-0.320007 0.150034 0.143777 2.2003 2.2003 0.000106786
-0.319956 0.150021 0.138454 2.20007 2.20001 0.000172276
-0.319977 0.150022 0.13367 2.20007 2.19995 0.000140605
-0.31996 0.150004 0.128433 2.19995 2.19994 0.000139414
-0.319947 0.149994 0.123639 2.19994 2.19993 0.000116936
-0.319999 0.150034 0.118547 2.2002 2.2001 2.01757e-05
-0.319962 0.149991 0.113679 2.20001 2.20002 6.70549e-05
-0.319988 0.150006 0.108493 2.20004 2.20005 6.59158e-05
-0.31997 0.150015 0.103662 2.20004 2.19991 6.03378e-05
-0.319954 0.149963 0.0983915 2.19979 2.19976 2.8507e-05
-0.319991 0.150008 0.0936143 2.19996 2.19981 1.49726e-05
-0.319967 0.149992 0.0884754 2.19999 2.20002 4.81829e-05
-0.320043 0.15006 0.0837892 2.20041 2.20021 -1.50823e-05
-0.319945 0.149962 0.0784365 2.19984 2.19985 7.17696e-05
-0.320027 0.15002 0.073614 2.19999 2.19991 1.1601e-05
-0.319938 0.149974 0.0683852 2.19983 2.19976 0.000146606
-0.31999 0.150002 0.0637201 2.20005 2.20008 7.51756e-05
-0.319949 0.149972 0.0584462 2.19992 2.19992 7.38345e-05
-0.319907 0.14993 0.0535187 2.19964 2.19958 7.24105e-05
-0.320025 0.150046 0.0485694 2.20026 2.20019 2.40458e-05
-0.319972 0.14999 0.0436868 2.19997 2.20002 9.88893e-05
-0.319978 0.149981 0.0383978 2.19986 2.1998 -2.53336e-06
-0.319974 0.149985 0.0337043 2.20004 2.20006 -1.23975e-05
-0.319969 0.150002 0.0284582 2.19996 2.19999 9.11871e-05
-0.319969 0.149971 0.0235729 2.19971 2.19977 6.23439e-05
-0.319996 0.150008 0.0185142 2.2001 2.20013 6.43922e-06
-0.319946 0.149975 0.0135947 2.19986 2.19976 7.07334e-05
-0.319997 0.150024 0.00849756 2.20012 2.19995 4.73293e-05
-0.319967 0.150009 0.00324445 2.19999 2.19986 0.000109893
-0.319964 0.149977 -0.00156786 2.19987 2.19993 3.87013e-05
-0.320043 0.150044 -0.00666884 2.20022 2.20016 -5.11546e-05
-0.319969 0.149968 -0.010182 2.19983 2.19979 4.4273e-05
-0.319979 0.149973 -0.0101116 2.19982 2.19987 7.47665e-05
-0.319996 0.149991 -0.0100216 2.19995 2.20003 1.61139e-05
-0.319993 0.14997 -0.0100092 2.19992 2.19999 4.03415e-05
-0.320004 0.149964 -0.0100078 2.19993 2.20001 -1.74196e-05
-0.319985 0.149966 -0.0100161 2.19988 2.19998 5.1314e-06
-0.319997 0.149966 -0.0100072 2.1999 2.20003 1.6543e-06
-0.320004 0.149976 -0.0100029 2.19993 2.20003 1.83024e-05
-0.320003 0.149969 -0.00999972 2.19995 2.2 -3.71609e-05
-0.320008 0.149983 -0.00999799 2.19997 2.20002 -2.22333e-05
-0.319986 0.149987 -0.0100121 2.19995 2.19998 1.87277e-05
-0.320001 0.149973 -0.0100079 2.19993 2.20001 -3.76308e-05
-0.319982 0.149978 -0.0100145 2.19996 2.1999 -3.33102e-05
-0.319981 0.149981 -0.0100139 2.19995 2.19995 4.0125e-05
-0.320014 0.149984 -0.00999399 2.20001 2.20003 -4.35833e-05
-0.319981 0.149979 -0.0100097 2.19993 2.19996 2.05339e-06
-0.319983 0.149973 -0.0100163 2.19994 2.19991 -3.29336e-05
-0.320012 0.149973 -0.00999209 2.19994 2.20005 -6.02484e-05
-0.31999 0.149961 -0.0100098 2.19988 2.20001 -1.60656e-05
-0.319991 0.149978 -0.0100115 2.19992 2.19999 -1.81276e-05
-0.319999 0.149962 -0.0100055 2.19985 2.20006 -5.58958e-05
-0.320029 0.149972 -0.00766102 2.20001 2.20026 -0.000134954
-0.319995 0.149906 -0.00291161 2.19971 2.20006 -0.000279189
-0.320042 0.149974 0.00237248 2.1999 2.20019 -0.000188014
-0.320036 0.150011 0.00719643 2.20009 2.20017 -0.000198854
-0.319996 0.14997 0.0123156 2.19983 2.20002 -0.000103498
-0.320026 0.149998 0.0172094 2.20008 2.20021 -6.17378e-05
-0.319986 0.149943 0.0222772 2.19976 2.19987 -1.28379e-05
-0.320017 0.149995 0.0271778 2.20008 2.20013 -2.7271e-05
-0.320011 0.150002 0.0323706 2.20002 2.20014 2.86606e-05
-0.320011 0.150027 0.0370948 2.19994 2.19995 2.28805e-05
-0.319978 0.149989 0.0423419 2.19993 2.20007 4.37004e-05
-0.320012 0.150003 0.0471616 2.20002 2.20019 2.23094e-05
-0.319995 0.14998 0.0522658 2.19978 2.20004 3.30833e-05
-0.32003 0.150007 0.0571752 2.20002 2.20024 6.85871e-06
-0.320016 0.150022 0.0623824 2.20014 2.20015 2.70884e-06
-0.319991 0.149995 0.0670778 2.19988 2.19996 3.01312e-05
-0.320025 0.150006 0.0723305 2.19996 2.20013 2.7278e-05
-0.319968 0.149963 0.0771417 2.19991 2.20003 4.62217e-05
-0.32004 0.150043 0.0824198 2.20019 2.20035 3.34492e-05
-0.319981 0.150003 0.0871114 2.19998 2.20001 1.66177e-05
-0.320004 0.150021 0.0923196 2.19997 2.19999 4.18525e-05
-0.320009 0.15001 0.0971418 2.20001 2.20012 1.05717e-05
-0.320022 0.150021 0.102385 2.20008 2.20021 5.81598e-05
-0.320007 0.150011 0.107168 2.2001 2.20014 -1.82855e-06
-0.319975 0.150008 0.112324 2.19999 2.19993 5.01662e-05
-0.320035 0.150046 0.117166 2.20011 2.20012 3.88769e-05
-0.320007 0.150008 0.122288 2.19998 2.19993 -2.26879e-05
-0.319995 0.149976 0.127489 2.19987 2.20001 -2.7223e-06
-0.320006 0.149978 0.132318 2.19983 2.20008 4.33552e-05
-0.320004 0.150007 0.137525 2.20003 2.20008 5.5742e-06
-0.320002 0.150024 0.142389 2.20013 2.20013 1.90853e-05
-0.320002 0.150013 0.147523 2.2 2.19998 8.80392e-05
-0.319955 0.150001 0.152258 2.19986 2.19982 0.000181132
-0.319943 0.14998 0.157441 2.19969 2.19985 0.000216547
-0.320002 0.150025 0.162362 2.20004 2.20011 0.00015494
-0.319988 0.150012 0.167607 2.20013 2.20023 0.000164989
-0.319983 0.150021 0.172412 2.20019 2.2002 0.000135646
-0.319994 0.150007 0.177523 2.19994 2.20016 0.000177669
-0.319981 0.149991 0.1823 2.19987 2.20002 0.000105227
-0.319985 0.149995 0.187537 2.20001 2.20003 7.94579e-05
-0.320012 0.150024 0.192454 2.20026 2.20029 6.97144e-05
-0.320033 0.150019 0.197669 2.20024 2.20046 4.53296e-06
-0.319965 0.149983 0.200077 2.19994 2.19994 2.21063e-05
-0.32076 0.150018 0.201246 2.20709 2.20633 -0.01572
-0.321634 0.15 0.203147 2.21629 2.21627 -0.0370016
-0.322731 0.15 0.205085 -2.21571 -2.21582 0.0603061
-0.323727 0.150018 0.207094 -2.20547 -2.20548 0.0813783
-0.324702 0.150042 0.208945 -2.19533 -2.19476 0.10392
-0.325759 0.150048 0.210821 -2.185 -2.18458 0.124903
-0.326774 0.149996 0.212771 -2.17387 -2.17393 0.146793
-0.327799 0.150002 0.214581 -2.16363 -2.16366 0.167234
-0.328795 0.150046 0.216622 -2.15248 -2.15207 0.188912
-0.329813 0.150019 0.218357 -2.14223 -2.14192 0.20909
-0.330849 0.149969 0.220437 -2.13028 -2.13054 0.230335
-0.331831 0.149977 0.222203 -2.11991 -2.11993 0.249924
-0.332888 0.150057 0.224279 -2.10819 -2.10788 0.270771
-0.333892 0.150001 0.2261 -2.09726 -2.09725 0.29022
-0.334941 0.150007 0.228031 -2.0855 -2.08564 0.310645
-0.335969 0.150002 0.230058 -2.07353 -2.07353 0.331141
-0.336946 0.150078 0.231813 -2.06279 -2.06248 0.349695
-0.338041 0.149953 0.233845 -2.05037 -2.05045 0.369942
-0.339012 0.149997 0.235642 -2.03939 -2.03914 0.388179
-0.340061 0.150007 0.237572 -2.0272 -2.02693 0.40792
-0.341042 0.149976 0.239509 -2.01538 -2.01555 0.425703
-0.342104 0.150004 0.241342 -2.00331 -2.00338 0.444958
-0.343057 0.150082 0.243367 -1.99149 -1.99122 0.4623
-0.344114 0.15 0.24526 -1.97904 -1.97901 0.481241
-0.345143 0.149961 0.247069 -1.96732 -1.96739 0.498799
-0.346139 0.15004 0.249176 -1.95437 -1.95429 0.516841
-0.347138 0.150027 0.250853 -1.94292 -1.94272 0.534128
-0.348258 0.149978 0.252976 -1.92941 -1.92985 0.552172
-0.34917 0.14997 0.254768 -1.91766 -1.91781 0.568663
-0.350234 0.150059 0.256668 -1.90496 -1.90484 0.586388
-0.351201 0.149978 0.258476 -1.89288 -1.89274 0.602735
-0.35226 0.14999 0.260548 -1.87944 -1.87948 0.620127
-0.353205 0.150089 0.262268 -1.86761 -1.86724 0.635862
-0.354276 0.150021 0.264311 -1.85405 -1.85395 0.652953
-0.355278 0.14995 0.266186 -1.84148 -1.84171 0.66864
-0.356305 0.150071 0.268054 -1.82855 -1.82816 0.685238
-0.357314 0.150027 0.270011 -1.81569 -1.81565 0.700517
-0.358364 0.149991 0.272026 -1.80183 -1.80217 0.716703
-0.35931 0.150069 0.273733 -1.78991 -1.78952 0.731729
-0.360401 0.150032 0.27573 -1.77598 -1.77594 0.747836
-0.361373 0.149951 0.277689 -1.76286 -1.76333 0.762189
-0.362398 0.15002 0.279611 -1.74932 -1.74934 0.777898
-0.363397 0.150091 0.281465 -1.73672 -1.73634 0.792276
-0.364469 0.149973 0.283372 -1.72291 -1.72266 0.807893
-0.365437 0.149981 0.285347 -1.70963 -1.70962 0.821564
-0.366461 0.150034 0.287157 -1.69604 -1.69565 0.836725
-0.367543 0.150069 0.289173 -1.68178 -1.68163 0.851518
-0.368512 0.150039 0.29091 -1.66891 -1.6687 0.865157
-0.369558 0.150058 0.293007 -1.65436 -1.65448 0.879274
-0.370523 0.150054 0.294825 -1.64132 -1.64121 0.892651
-0.371616 0.150011 0.29682 -1.62711 -1.62698 0.907074
-0.372588 0.150032 0.298464 -1.61433 -1.61388 0.920077
-0.373662 0.150016 0.300623 -1.59946 -1.59943 0.933781
-0.374609 0.150055 0.302362 -1.58648 -1.58603 0.946514
-0.375659 0.150082 0.304446 -1.57172 -1.57153 0.959729
-0.37666 0.150004 0.30622 -1.55841 -1.55824 0.972433
-0.37772 0.150011 0.308264 -1.5437 -1.54364 0.985507
-0.378699 0.150016 0.309949 -1.53075 -1.53012 0.99789
-0.37975 0.150014 0.312137 -1.51531 -1.51551 1.01041
-0.3807 0.150016 0.313902 -1.50212 -1.50179 1.02225
-0.381775 0.150017 0.315923 -1.48707 -1.48717 1.03483
-0.382745 0.150018 0.317694 -1.4737 -1.47356 1.04621
-0.383808 0.149976 0.319772 -1.45846 -1.45884 1.05843
-0.384777 0.149983 0.321455 -1.44512 -1.44514 1.06978
-0.385861 0.150061 0.323419 -1.43039 -1.43015 1.08201
-0.386824 0.14998 0.325277 -1.41646 -1.41645 1.09279
-0.387888 0.150004 0.327321 -1.40143 -1.40139 1.10459
-0.388868 0.149952 0.329105 -1.38763 -1.38761 1.11527
-0.389969 0.14996 0.330999 -1.37299 -1.37251 1.12726
-0.390912 0.149888 0.333033 -1.35852 -1.35861 1.13714
-0.391958 0.149969 0.334974 -1.34343 -1.34349 1.1481
-0.392921 0.150089 0.336702 -1.33001 -1.32924 1.15857
-0.393956 0.150142 0.338715 -1.31475 -1.31397 1.16904
-0.394948 0.150121 0.340475 -1.30093 -1.29997 1.17907
-0.396003 0.150019 0.342591 -1.28512 -1.2849 1.18944
-0.397071 0.149992 0.344612 -1.26969 -1.2697 1.19975
-0.398057 0.149974 0.346411 -1.25538 -1.25575 1.20912
-0.399123 0.150064 0.348351 -1.24035 -1.24023 1.21914
-0.399986 0.150061 0.349912 -1.22796 -1.22756 1.22751
-0.400364 0.148298 0.349972 -1.22761 -1.22744 1.2276
-0.401325 0.143449 0.349956 -1.2277 -1.2276 1.22777
-0.402334 0.138467 0.349888 -1.22821 -1.22721 1.22753
-0.403294 0.133516 0.350014 -1.22745 -1.22775 1.22774
-0.404268 0.128596 0.350006 -1.22773 -1.22734 1.22731
-0.405259 0.123785 0.349914 -1.22781 -1.22764 1.22779
-0.406241 0.118766 0.350008 -1.22765 -1.2274 1.22727
-0.4072 0.113843 0.350073 -1.22715 -1.22787 1.22768
-0.408203 0.108892 0.350032 -1.22755 -1.22748 1.22743
-0.409177 0.104117 0.349933 -1.22778 -1.22769 1.22788
-0.410182 0.0990226 0.349998 -1.22753 -1.22769 1.22774
-0.411117 0.0943644 0.350022 -1.22755 -1.22756 1.22754
-0.412138 0.0891646 0.350047 -1.22736 -1.22783 1.22781
-0.413074 0.084598 0.350007 -1.22757 -1.22758 1.2275
-0.414114 0.0795052 0.349961 -1.22777 -1.22761 1.22767
-0.415054 0.0747212 0.349935 -1.2277 -1.22778 1.22782
-0.416067 0.0696393 0.349962 -1.22771 -1.22772 1.22773
-0.416996 0.0650452 0.350021 -1.22761 -1.22745 1.2273
-0.418017 0.059845 0.350068 -1.22731 -1.22765 1.22751
-0.418973 0.055022 0.35004 -1.22717 -1.22798 1.22783
-0.420017 0.0499354 0.350034 -1.22729 -1.22797 1.22781
-0.420957 0.0453299 0.349982 -1.22755 -1.22777 1.22759
-0.421944 0.0402679 0.349938 -1.22775 -1.22768 1.22747
-0.422857 0.035501 0.349962 -1.22772 -1.22766 1.22763
-0.423896 0.0303085 0.349932 -1.22755 -1.228 1.22787
-0.424935 0.0252809 0.349924 -1.22768 -1.22792 1.22774
-0.425874 0.0205305 0.35 -1.22739 -1.22791 1.22783
-0.426855 0.0154861 0.350121 -1.22701 -1.22776 1.22763
-0.426987 0.0148415 0.349698 -1.22699 -1.22782 1.22749
-0.427003 0.0148815 0.34451 -1.22731 -1.22783 1.22763
-0.426989 0.0149361 0.339674 -1.22747 -1.2277 1.22759
-0.427012 0.0149956 0.334407 -1.22773 -1.22766 1.2276
-0.426978 0.0149625 0.329742 -1.22733 -1.22755 1.2276
-0.427039 0.014996 0.324324 -1.22801 -1.22776 1.2277
-0.426959 0.0149703 0.319868 -1.22694 -1.22744 1.22749
-0.426999 0.0149848 0.314454 -1.22763 -1.22762 1.22759
-0.427023 0.0150079 0.309583 -1.22785 -1.22773 1.22757
-0.42697 0.0149678 0.304614 -1.22702 -1.22754 1.22749
-0.426992 0.0149927 0.299629 -1.22772 -1.22766 1.22759
-0.427026 0.0150032 0.29437 -1.22786 -1.2277 1.22763
-0.427004 0.0149967 0.289665 -1.22755 -1.22763 1.22756
-0.426979 0.0149871 0.284538 -1.22739 -1.22754 1.22756
-0.426973 0.0149784 0.279739 -1.22737 -1.22758 1.22753
-0.426998 0.0149814 0.274502 -1.22751 -1.22761 1.22759
-0.427035 0.015012 0.26958 -1.2279 -1.22771 1.22762
-0.427033 0.0150317 0.264379 -1.22794 -1.22765 1.22759
-0.427026 0.015006 0.259498 -1.22809 -1.22779 1.22765
-0.427026 0.0150209 0.254307 -1.22809 -1.22774 1.22761
-0.427022 0.0150132 0.249597 -1.22774 -1.22767 1.22756
-0.427018 0.0149823 0.24438 -1.22788 -1.22775 1.22764
-0.427 0.0149927 0.239687 -1.22748 -1.2276 1.22757
-0.427025 0.0150125 0.234505 -1.22742 -1.22754 1.22757
-0.427025 0.0150217 0.229761 -1.22722 -1.22748 1.22749
-0.427031 0.0149922 0.224501 -1.22733 -1.22762 1.22761
-0.426991 0.0149474 0.219667 -1.22749 -1.22773 1.22763
-0.426956 0.0149561 0.214343 -1.2281 -1.22778 1.22763
-0.426976 0.0150122 0.209171 -1.228 -1.22764 1.22753
-0.427003 0.0150378 0.20435 -1.22803 -1.22765 1.2275
-0.426994 0.0150119 0.199892 -1.22779 -1.22763 1.22754
-0.426999 0.0150127 0.199867 -1.22788 -1.22765 1.22757
-0.426997 0.0150146 0.199926 -1.22787 -1.22764 1.22757
-0.426994 0.0150174 0.199946 -1.22786 -1.22763 1.22757
-0.426998 0.0150121 0.199953 -1.22777 -1.22765 1.22755
-0.426995 0.015002 0.199957 -1.22778 -1.22768 1.22757
-0.427002 0.0150157 0.199973 -1.22778 -1.2276 1.22759
-0.426994 0.0149961 0.199961 -1.22777 -1.22766 1.22759
-0.426999 0.0150136 0.199961 -1.22778 -1.22762 1.22755
-0.426996 0.0150137 0.199974 -1.22773 -1.22761 1.22757
-0.426994 0.0150232 0.199976 -1.22774 -1.22759 1.22753
-0.426995 0.0150235 0.199967 -1.22776 -1.22763 1.22752
-0.426995 0.015018 0.19998 -1.22772 -1.22761 1.22754
-0.426996 0.0150077 0.199975 -1.22775 -1.22762 1.22758
-0.426995 0.0150285 0.199971 -1.22779 -1.22758 1.22753
-0.426992 0.0150185 0.199983 -1.22776 -1.22757 1.22757
-0.426994 0.0150162 0.199984 -1.22771 -1.2276 1.22756
-0.426993 0.0150088 0.19998 -1.22773 -1.22761 1.22756
-0.426993 0.0150163 0.199972 -1.22774 -1.22761 1.22755
-0.426996 0.015019 0.199988 -1.22769 -1.22761 1.22753
-0.427 0.015003 0.199981 -1.22767 -1.22764 1.22757
-0.427012 0.015026 0.201552 -1.22722 -1.22745 1.22756
-0.426992 0.0150021 0.206752 -1.22757 -1.22759 1.22766
-0.42698 0.0150111 0.211613 -1.22738 -1.2275 1.22763
-0.427002 0.015037 0.216828 -1.22732 -1.22744 1.22759
-0.427001 0.0150243 0.221672 -1.22717 -1.2274 1.22759
-0.426994 0.0150382 0.226833 -1.2273 -1.22741 1.22752
-0.426965 0.0149988 0.231628 -1.22736 -1.22745 1.22754
-0.426954 0.0149774 0.236713 -1.22783 -1.22761 1.22761
-0.426959 0.0149979 0.241504 -1.22789 -1.22756 1.22759
-0.426981 0.0150132 0.246731 -1.22772 -1.22758 1.22757
-0.426988 0.0150363 0.251514 -1.22787 -1.22754 1.22757
-0.426971 0.0150039 0.256775 -1.22757 -1.22754 1.22758
-0.426995 0.0150372 0.261625 -1.22737 -1.22742 1.22753
-0.426978 0.0150507 0.266774 -1.22757 -1.22744 1.2275
-0.427 0.0150518 0.271453 -1.22793 -1.22758 1.22754
-0.427014 0.0150724 0.276631 -1.22804 -1.22755 1.22756
-0.427027 0.0150778 0.281418 -1.22804 -1.22758 1.22755
-0.42699 0.0150352 0.286734 -1.2277 -1.22752 1.22754
-0.426956 0.0150208 0.291643 -1.22735 -1.22741 1.22749
-0.426969 0.0150251 0.296816 -1.22748 -1.22746 1.22753
-0.427014 0.0150712 0.301483 -1.22792 -1.22755 1.22752
-0.426999 0.0150393 0.306704 -1.22784 -1.22756 1.22753
-0.426951 0.014992 0.311604 -1.22752 -1.2275 1.22756
-0.427009 0.0150363 0.316713 -1.22779 -1.22757 1.22756
-0.426991 0.0150164 0.321461 -1.22793 -1.22762 1.22761
-0.426983 0.0150173 0.326761 -1.22759 -1.22758 1.2275
-0.427036 0.0150673 0.331821 -1.22809 -1.22762 1.22757
-0.426974 0.0150064 0.336777 -1.22762 -1.22753 1.22758
-0.427026 0.0150742 0.341837 -1.22806 -1.22758 1.22755
-0.426964 0.0150116 0.34673 -1.22774 -1.22755 1.22755
-0.427012 0.014989 0.349992 -1.22786 -1.22772 1.22767
-0.424875 0.0158128 0.34971 -1.23484 -1.23548 1.22233
-0.420883 0.0176917 0.348436 -1.25139 -1.25125 1.21238
-0.417136 0.0194145 0.347476 -1.26591 -1.26543 1.20294
-0.412952 0.0211043 0.346876 -1.28024 -1.28031 1.19255
-0.409258 0.0228608 0.345912 -1.29475 -1.29436 1.18278
-0.405228 0.0246933 0.344873 -1.31045 -1.30965 1.17227
-0.401436 0.0261808 0.344194 -1.32379 -1.32379 1.1624
-0.397454 0.0281128 0.343047 -1.33981 -1.33893 1.15152
-0.393656 0.0297563 0.342239 -1.3537 -1.35274 1.14134
-0.389539 0.0314195 0.341577 -1.36783 -1.36774 1.13006
-0.385846 0.0332204 0.340496 -1.38271 -1.38154 1.11966
-0.381772 0.0348613 0.339683 -1.39698 -1.39685 1.10818
-0.378001 0.0363893 0.338934 -1.4105 -1.41068 1.09753
-0.373976 0.0381682 0.337912 -1.42563 -1.42582 1.08599
-0.370236 0.0399146 0.337036 -1.43959 -1.43942 1.0747
-0.366177 0.0417341 0.336043 -1.45455 -1.45433 1.06256
-0.362438 0.0434255 0.33517 -1.46836 -1.46805 1.05123
-0.358361 0.0451187 0.334399 -1.48245 -1.48286 1.03871
-0.354611 0.0467846 0.333521 -1.49626 -1.49641 1.02707
-0.350569 0.0486477 0.332534 -1.51139 -1.51104 1.0145
-0.346801 0.0501802 0.331792 -1.52432 -1.52475 1.00234
-0.342727 0.0520692 0.33078 -1.53949 -1.53923 0.989209
-0.339012 0.0537271 0.329911 -1.5532 -1.55244 0.977643
-0.334974 0.05547 0.328991 -1.56756 -1.56703 0.964516
-0.331229 0.0570408 0.328121 -1.58092 -1.58063 0.952145
-0.327158 0.0587752 0.327236 -1.59496 -1.59521 0.938144
-0.323074 0.060656 0.326308 -1.60951 -1.60947 0.924019
-0.319378 0.0622333 0.325481 -1.62263 -1.62271 0.911625
-0.315297 0.064119 0.324484 -1.63737 -1.63707 0.897442
-0.311569 0.0657161 0.32365 -1.65025 -1.65014 0.884357
-0.307493 0.0674833 0.322759 -1.66412 -1.66456 0.86942
-0.303774 0.0692223 0.321911 -1.6773 -1.67742 0.856254
-0.299703 0.0709478 0.321015 -1.69135 -1.69161 0.841271
-0.295969 0.0726093 0.320182 -1.7042 -1.70446 0.827424
-0.291899 0.0744703 0.319155 -1.71884 -1.71834 0.812809
-0.288193 0.0760235 0.318389 -1.731 -1.73135 0.798475
-0.284111 0.0778115 0.317473 -1.74511 -1.74506 0.782872
-0.280334 0.0795537 0.316554 -1.75809 -1.75807 0.768507
-0.276333 0.0812076 0.315657 -1.77167 -1.77165 0.753065
-0.272569 0.0828707 0.314841 -1.78408 -1.7845 0.737881
-0.268504 0.0847235 0.313838 -1.79829 -1.79792 0.722319
-0.264782 0.0863606 0.313073 -1.81036 -1.81036 0.706784
-0.260674 0.088166 0.312065 -1.82423 -1.82406 0.690323
-0.256972 0.0898134 0.311218 -1.83665 -1.83647 0.675436
-0.252925 0.0915634 0.310367 -1.84957 -1.84985 0.658077
-0.249137 0.0932311 0.309464 -1.86208 -1.86239 0.642329
-0.245126 0.0950374 0.308516 -1.87556 -1.87542 0.625792
-0.241364 0.0965921 0.30771 -1.88747 -1.88777 0.609218
-0.237305 0.098378 0.306745 -1.90091 -1.90083 0.591966
-0.23357 0.100115 0.305887 -1.91315 -1.91268 0.575955
-0.22947 0.101885 0.305012 -1.92571 -1.9259 0.55729
-0.225761 0.103563 0.304147 -1.93761 -1.93759 0.540877
-0.221683 0.105423 0.303182 -1.95063 -1.95057 0.522771
-0.217906 0.106995 0.302376 -1.96241 -1.96232 0.50536
-0.213914 0.108681 0.301432 -1.97502 -1.97498 0.487199
-0.20984 0.110543 0.300456 -1.98796 -1.98763 0.46869
-0.206063 0.11218 0.299588 -1.99956 -1.99944 0.451038
-0.202056 0.113945 0.29873 -2.0117 -2.01157 0.431697
-0.198286 0.115563 0.297884 -2.02302 -2.02321 0.413585
-0.194194 0.117427 0.296875 -2.03576 -2.03557 0.394307
-0.190519 0.119031 0.29606 -2.0467 -2.04675 0.376261
-0.186419 0.120775 0.295161 -2.05873 -2.05894 0.355824
-0.182668 0.122461 0.294315 -2.0699 -2.06993 0.337218
-0.178653 0.124278 0.293358 -2.08196 -2.08185 0.317448
-0.174852 0.125883 0.292503 -2.09301 -2.0929 0.298139
-0.170822 0.127652 0.291579 -2.10456 -2.10461 0.277441
-0.167108 0.129278 0.290721 -2.11529 -2.11532 0.258294
-0.163003 0.131105 0.289752 -2.12713 -2.12712 0.237213
-0.159303 0.132752 0.288909 -2.13755 -2.13766 0.217661
-0.155234 0.134498 0.287987 -2.1489 -2.14894 0.196006
-0.151445 0.13613 0.287152 -2.15934 -2.15936 0.175671
-0.147404 0.137941 0.286215 -2.1706 -2.17039 0.153904
-0.143651 0.139611 0.285348 -2.18095 -2.18071 0.133602
-0.139597 0.14142 0.284483 -2.19182 -2.19145 0.111091
-0.135856 0.143054 0.283642 -2.20163 -2.20156 0.0901146
-0.131783 0.144812 0.282748 -2.21224 -2.21221 0.0670402
-0.12809 0.146443 0.281891 2.22037 2.22054 -0.0460646
-0.124012 0.148234 0.280898 2.21003 2.21019 -0.0228678
-0.120314 0.149877 0.28003 2.20063 2.20071 -0.00196651
-0.119919 0.150003 0.280002 2.1996 2.20004 0.0004233
-0.11996 0.149994 0.279999 2.19969 2.20008 0.000178551
-0.120012 0.149997 0.279993 2.19985 2.2001 -0.00016754
-0.120015 0.149984 0.279985 2.19991 2.20005 -0.000207727
-0.120018 0.149989 0.27999 2.19993 2.20005 -0.000184299
-0.120022 0.149987 0.28 2.19997 2.2001 -0.000130603
-0.120021 0.149989 0.279996 2.19995 2.20008 -0.000138358
-0.12002 0.149994 0.279995 2.19988 2.20012 -9.32268e-05
-0.120011 0.149989 0.279991 2.19992 2.20003 -0.000139515
-0.120018 0.149992 0.279996 2.19994 2.20007 -0.000108372
-0.120002 0.149995 0.280002 2.19998 2.20001 -5.33709e-05
-0.120012 0.149988 0.279994 2.19991 2.20008 -7.87551e-05
-0.120014 0.15 0.280006 2.19992 2.20014 -2.23952e-05
-0.12001 0.149985 0.27999 2.19991 2.20005 -0.000113283
-0.12001 0.149993 0.279987 2.19994 2.2 -0.000150892
-0.120018 0.14999 0.279995 2.19988 2.2001 -0.000131689
-0.120012 0.149995 0.279988 2.19994 2.20002 -0.000128136
-0.120007 0.149994 0.28 2.19997 2.20003 -6.83572e-05
-0.120002 0.14999 0.279994 2.19994 2.2 -5.62898e-05
-0.120002 0.149986 0.279992 2.19989 2.20004 -8.37015e-05
-0.120008 0.149988 0.280002 2.19992 2.20008 -2.53961e-05
-0.120017 0.149996 0.279994 2.19992 2.20009 -0.00010884
-0.120012 0.149986 0.279996 2.19991 2.2001 -6.77336e-05
-0.120012 0.149984 0.280005 2.19998 2.20004 -6.96346e-05
-0.120011 0.149985 0.280001 2.19991 2.20008 -5.19719e-05
-0.120008 0.149979 0.280001 2.19991 2.2001 -4.15593e-05
-0.120009 0.149988 0.280007 2.19997 2.20006 -1.73807e-05
-0.120003 0.149994 0.27999 2.19995 2.19999 -7.14605e-05
-0.120012 0.14999 0.28 2.19993 2.20007 -6.75137e-05
-0.120009 0.149986 0.279996 2.19993 2.20005 -6.33777e-05
-0.120005 0.149983 0.279991 2.19993 2.20001 -9.80336e-05
-0.120004 0.149996 0.279993 2.20001 2.19994 -8.61241e-05
-0.120005 0.149995 0.279997 2.19995 2.20003 -9.17499e-05
-0.120004 0.149986 0.279985 2.19988 2.20002 -0.000105835
-0.120009 0.149989 0.279997 2.19995 2.20001 -7.44661e-05
-0.120015 0.149991 0.279998 2.19993 2.20007 -9.35567e-05
-0.120009 0.149983 0.28 2.19993 2.20007 -5.22821e-05
-0.120014 0.149987 0.280002 2.1999 2.20009 -7.82034e-05
-0.120018 0.149989 0.279991 2.19995 2.20004 -0.000145678
-0.120017 0.149991 0.279996 2.19995 2.20006 -8.10987e-05
-0.120007 0.149988 0.279996 2.19993 2.20007 -5.29933e-05
-0.120015 0.149979 0.279989 2.19995 2.19998 -0.000148221
-0.120014 0.15 0.279998 2.19996 2.20005 -8.19179e-05
-0.120007 0.149983 0.279989 2.19991 2.20002 -0.000109506
-0.120009 0.149987 0.279981 2.19991 2.19999 -0.000131414
-0.120006 0.149988 0.28 2.20004 2.19997 -8.17518e-05
-0.120003 0.149987 0.279991 2.1999 2.20002 -6.76098e-05
-0.120007 0.149989 0.279999 2.19995 2.20003 -6.40191e-05
-0.120006 0.149989 0.279993 2.19997 2.19998 -0.000112909
-0.12001 0.149993 0.279993 2.19998 2.19999 -0.000100583
-0.120012 0.149989 0.279997 2.19991 2.20008 -7.91151e-05
-0.12 0.14999 0.279996 2.19995 2.20001 -3.38702e-05
-0.120006 0.149996 0.280001 2.19997 2.20003 -4.18085e-05
-0.120015 0.149984 0.27999 2.19997 2.2 -0.000141627
-0.120009 0.149994 0.279985 2.19993 2.19999 -0.000135663
-0.120013 0.149977 0.279988 2.19988 2.20005 -0.000134918
-0.120019 0.149998 0.279993 2.19996 2.20007 -9.65439e-05
-0.120009 0.149994 0.279999 2.19991 2.20007 -3.72075e-05
-0.120005 0.149973 0.279983 2.19987 2.19999 -0.00016624
-0.120008 0.149988 0.279993 2.19993 2.20005 -9.05635e-05
-0.120005 0.149983 0.279992 2.19993 2.20002 -7.03318e-05
-0.12001 0.150001 0.28 2.2 2.20003 -7.11773e-05
-0.120009 0.14998 0.279983 2.19988 2.2 -0.000169342
-0.120011 0.149981 0.279984 2.19992 2.19998 -0.000156958
-0.120001 0.149997 0.279988 2.19999 2.19994 -8.24699e-05
