2.19987
2.19985
2.1999
2.19985
2.19993
2.19983
2.19979
2.19984
2.19983
2.19993
2.1999
2.1999
2.19983
2.19984
2.19983
2.19989
2.19988
2.19983
2.19989
2.19985
2.19979
2.19982
2.19981
2.19987
2.19987
2.20005
2.20015
2.2
2.19987
2.20014
2.19978
2.19999
2.19944
2.19959
2.19971
2.2003
2.19967
2.1999
2.20015
2.19991
2.20014
2.19987
2.19999
2.19986
2.19989
2.19945
2.19996
2.19985
2.19959
2.20029
2.1999
2.20007
2.20012
2.19991
2.19948
2.20019
2.19966
2.19968
2.20017
2.2002
2.19995
2.20007
2.19953
2.19975
2.20019
2.19954
2.19954
2.20002
2.19977
2.20015
2.20012
2.20026
2.20015
2.20001
2.2
2.20006
2.19985
2.19969
2.1997
2.19991
2.19991
2.20003
2.19992
2.19986
2.19992
2.19992
2.20013
2.20012
2.20019
2.20005
2.19987
2.2001
2.20024
2.2003
2.20007
2.20007
2.19995
2.19994
2.2002
2.20001
2.20004
2.20004
2.19979
2.19996
2.19999
2.20041
2.19984
2.19999
2.19983
2.20005
2.19992
2.19964
2.20026
2.19997
2.19986
2.20004
2.19996
2.19971
2.2001
2.19986
2.20012
2.19999
2.19987
2.20022
2.19983
2.19982
2.19995
2.19992
2.19993
2.19988
2.1999
2.19993
2.19995
2.19997
2.19995
2.19993
2.19996
2.19995
2.20001
2.19993
2.19994
2.19994
2.19988
2.19992
2.19985
2.20001
2.19971
2.1999
2.20009
2.19983
2.20008
2.19976
2.20008
2.20002
2.19994
2.19993
2.20002
2.19978
2.20002
2.20014
2.19988
2.19996
2.19991
2.20019
2.19998
2.19997
2.20001
2.20008
2.2001
2.19999
2.20011
2.19998
2.19987
2.19983
2.20003
2.20013
2.2
2.19986
2.19969
2.20004
2.20013
2.20019
2.19994
2.19987
2.20001
2.20026
2.20024
2.19994
2.20709
2.21629
-2.21571
-2.20547
-2.19533
-2.185
-2.17387
-2.16363
-2.15248
-2.14223
-2.13028
-2.11991
-2.10819
-2.09726
-2.0855
-2.07353
-2.06279
-2.05037
-2.03939
-2.0272
-2.01538
-2.00331
-1.99149
-1.97904
-1.96732
-1.95437
-1.94292
-1.92941
-1.91766
-1.90496
-1.89288
-1.87944
-1.86761
-1.85405
-1.84148
-1.82855
-1.81569
-1.80183
-1.78991
-1.77598
-1.76286
-1.74932
-1.73672
-1.72291
-1.70963
-1.69604
-1.68178
-1.66891
-1.65436
-1.64132
-1.62711
-1.61433
-1.59946
-1.58648
-1.57172
-1.55841
-1.5437
-1.53075
-1.51531
-1.50212
-1.48707
-1.4737
-1.45846
-1.44512
-1.43039
-1.41646
-1.40143
-1.38763
-1.37299
-1.35852
-1.34343
-1.33001
-1.31475
-1.30093
-1.28512
-1.26969
-1.25538
-1.24035
-1.22796
-1.22761
-1.2277
-1.22821
-1.22745
-1.22773
-1.22781
-1.22765
-1.22715
-1.22755
-1.22778
-1.22753
-1.22755
-1.22736
-1.22757
-1.22777
-1.2277
-1.22771
-1.22761
-1.22731
-1.22717
-1.22729
-1.22755
-1.22775
-1.22772
-1.22755
-1.22768
-1.22739
-1.22701
-1.22699
-1.22731
-1.22747
-1.22773
-1.22733
-1.22801
-1.22694
-1.22763
-1.22785
-1.22702
-1.22772
-1.22786
-1.22755
-1.22739
-1.22737
-1.22751
-1.2279
-1.22794
-1.22809
-1.22809
-1.22774
-1.22788
-1.22748
-1.22742
-1.22722
-1.22733
-1.22749
-1.2281
-1.228
-1.22803
-1.22779
-1.22788
-1.22787
-1.22786
-1.22777
-1.22778
-1.22778
-1.22777
-1.22778
-1.22773
-1.22774
-1.22776
-1.22772
-1.22775
-1.22779
-1.22776
-1.22771
-1.22773
-1.22774
-1.22769
-1.22767
-1.22722
-1.22757
-1.22738
-1.22732
-1.22717
-1.2273
-1.22736
-1.22783
-1.22789
-1.22772
-1.22787
-1.22757
-1.22737
-1.22757
-1.22793
-1.22804
-1.22804
-1.2277
-1.22735
-1.22748
-1.22792
-1.22784
-1.22752
-1.22779
-1.22793
-1.22759
-1.22809
-1.22762
-1.22806
-1.22774
-1.22786
-1.23484
-1.25139
-1.26591
-1.28024
-1.29475
-1.31045
-1.32379
-1.33981
-1.3537
-1.36783
-1.38271
-1.39698
-1.4105
-1.42563
-1.43959
-1.45455
-1.46836
-1.48245
-1.49626
-1.51139
-1.52432
-1.53949
-1.5532
-1.56756
-1.58092
-1.59496
-1.60951
-1.62263
-1.63737
-1.65025
-1.66412
-1.6773
-1.69135
-1.7042
-1.71884
-1.731
-1.74511
-1.75809
-1.77167
-1.78408
-1.79829
-1.81036
-1.82423
-1.83665
-1.84957
-1.86208
-1.87556
-1.88747
-1.90091
-1.91315
-1.92571
-1.93761
-1.95063
-1.96241
-1.97502
-1.98796
-1.99956
-2.0117
-2.02302
-2.03576
-2.0467
-2.05873
-2.0699
-2.08196
-2.09301
-2.10456
-2.11529
-2.12713
-2.13755
-2.1489
-2.15934
-2.1706
-2.18095
-2.19182
-2.20163
-2.21224
2.22037
2.21003
2.20063
2.1996
2.19969
2.19985
2.19991
2.19993
2.19997
2.19995
2.19988
2.19992
2.19994
2.19998
2.19991
2.19992
2.19991
2.19994
2.19988
2.19994
2.19997
2.19994
2.19989
2.19992
2.19992
2.19991
2.19998
2.19991
2.19991
2.19997
2.19995
2.19993
2.19993
2.19993
2.20001
2.19995
2.19988
2.19995
2.19993
2.19993
2.1999
2.19995
2.19995
2.19993
2.19995
2.19996
2.19991
2.19991
2.20004
2.1999
2.19995
2.19997
2.19998
2.19991
2.19995
2.19997
2.19997
2.19993
2.19988
2.19996
2.19991
2.19987
2.19993
2.19993
2.2
2.19988
2.19992
2.19999
