2.20001
2.19999
2.20002
2.20001
2.20001
2.20005
2.20004
2.20003
2.20005
2.20005
2.20007
2.19996
2.20003
2.20001
2.2
2.20006
2.20002
2.20005
2.20005
2.20002
2.20009
2.19998
2.20004
2.20004
2.20003
2.19996
2.19994
2.20037
2.20018
2.20023
2.19995
2.20013
2.20034
2.20052
2.2001
2.20017
2.20002
2.20023
2.19975
2.20007
2.20047
2.1998
2.20055
2.19943
2.20062
2.19984
2.20018
2.20019
2.19991
2.2005
2.20004
2.19971
2.20052
2.1995
2.19983
2.20011
2.1999
2.20012
2.2002
2.20061
2.20023
2.19977
2.19988
2.19999
2.20012
2.19981
2.19986
2.19993
2.19968
2.19992
2.19978
2.1999
2.19984
2.1999
2.1999
2.20004
2.19986
2.19968
2.19973
2.19985
2.19985
2.20001
2.19972
2.19979
2.19983
2.19984
2.2001
2.20008
2.20011
2.20006
2.19982
2.20014
2.20032
2.2003
2.20001
2.19995
2.19994
2.19993
2.2001
2.20002
2.20005
2.19991
2.19976
2.19981
2.20002
2.20021
2.19985
2.19991
2.19976
2.20008
2.19992
2.19958
2.20019
2.20002
2.1998
2.20006
2.19999
2.19977
2.20013
2.19976
2.19995
2.19986
2.19993
2.20016
2.19979
2.19987
2.20003
2.19999
2.20001
2.19998
2.20003
2.20003
2.2
2.20002
2.19998
2.20001
2.1999
2.19995
2.20003
2.19996
2.19991
2.20005
2.20001
2.19999
2.20006
2.20026
2.20006
2.20019
2.20017
2.20002
2.20021
2.19987
2.20013
2.20014
2.19995
2.20007
2.20019
2.20004
2.20024
2.20015
2.19996
2.20013
2.20003
2.20035
2.20001
2.19999
2.20012
2.20021
2.20014
2.19993
2.20012
2.19993
2.20001
2.20008
2.20008
2.20013
2.19998
2.19982
2.19985
2.20011
2.20023
2.2002
2.20016
2.20002
2.20003
2.20029
2.20046
2.19994
2.20633
2.21627
-2.21582
-2.20548
-2.19476
-2.18458
-2.17393
-2.16366
-2.15207
-2.14192
-2.13054
-2.11993
-2.10788
-2.09725
-2.08564
-2.07353
-2.06248
-2.05045
-2.03914
-2.02693
-2.01555
-2.00338
-1.99122
-1.97901
-1.96739
-1.95429
-1.94272
-1.92985
-1.91781
-1.90484
-1.89274
-1.87948
-1.86724
-1.85395
-1.84171
-1.82816
-1.81565
-1.80217
-1.78952
-1.77594
-1.76333
-1.74934
-1.73634
-1.72266
-1.70962
-1.69565
-1.68163
-1.6687
-1.65448
-1.64121
-1.62698
-1.61388
-1.59943
-1.58603
-1.57153
-1.55824
-1.54364
-1.53012
-1.51551
-1.50179
-1.48717
-1.47356
-1.45884
-1.44514
-1.43015
-1.41645
-1.40139
-1.38761
-1.37251
-1.35861
-1.34349
-1.32924
-1.31397
-1.29997
-1.2849
-1.2697
-1.25575
-1.24023
-1.22756
-1.22744
-1.2276
-1.22721
-1.22775
-1.22734
-1.22764
-1.2274
-1.22787
-1.22748
-1.22769
-1.22769
-1.22756
-1.22783
-1.22758
-1.22761
-1.22778
-1.22772
-1.22745
-1.22765
-1.22798
-1.22797
-1.22777
-1.22768
-1.22766
-1.228
-1.22792
-1.22791
-1.22776
-1.22782
-1.22783
-1.2277
-1.22766
-1.22755
-1.22776
-1.22744
-1.22762
-1.22773
-1.22754
-1.22766
-1.2277
-1.22763
-1.22754
-1.22758
-1.22761
-1.22771
-1.22765
-1.22779
-1.22774
-1.22767
-1.22775
-1.2276
-1.22754
-1.22748
-1.22762
-1.22773
-1.22778
-1.22764
-1.22765
-1.22763
-1.22765
-1.22764
-1.22763
-1.22765
-1.22768
-1.2276
-1.22766
-1.22762
-1.22761
-1.22759
-1.22763
-1.22761
-1.22762
-1.22758
-1.22757
-1.2276
-1.22761
-1.22761
-1.22761
-1.22764
-1.22745
-1.22759
-1.2275
-1.22744
-1.2274
-1.22741
-1.22745
-1.22761
-1.22756
-1.22758
-1.22754
-1.22754
-1.22742
-1.22744
-1.22758
-1.22755
-1.22758
-1.22752
-1.22741
-1.22746
-1.22755
-1.22756
-1.2275
-1.22757
-1.22762
-1.22758
-1.22762
-1.22753
-1.22758
-1.22755
-1.22772
-1.23548
-1.25125
-1.26543
-1.28031
-1.29436
-1.30965
-1.32379
-1.33893
-1.35274
-1.36774
-1.38154
-1.39685
-1.41068
-1.42582
-1.43942
-1.45433
-1.46805
-1.48286
-1.49641
-1.51104
-1.52475
-1.53923
-1.55244
-1.56703
-1.58063
-1.59521
-1.60947
-1.62271
-1.63707
-1.65014
-1.66456
-1.67742
-1.69161
-1.70446
-1.71834
-1.73135
-1.74506
-1.75807
-1.77165
-1.7845
-1.79792
-1.81036
-1.82406
-1.83647
-1.84985
-1.86239
-1.87542
-1.88777
-1.90083
-1.91268
-1.9259
-1.93759
-1.95057
-1.96232
-1.97498
-1.98763
-1.99944
-2.01157
-2.02321
-2.03557
-2.04675
-2.05894
-2.06993
-2.08185
-2.0929
-2.10461
-2.11532
-2.12712
-2.13766
-2.14894
-2.15936
-2.17039
-2.18071
-2.19145
-2.20156
-2.21221
2.22054
2.21019
2.20071
2.20004
2.20008
2.2001
2.20005
2.20005
2.2001
2.20008
2.20012
2.20003
2.20007
2.20001
2.20008
2.20014
2.20005
2.2
2.2001
2.20002
2.20003
2.2
2.20004
2.20008
2.20009
2.2001
2.20004
2.20008
2.2001
2.20006
2.19999
2.20007
2.20005
2.20001
2.19994
2.20003
2.20002
2.20001
2.20007
2.20007
2.20009
2.20004
2.20006
2.20007
2.19998
2.20005
2.20002
2.19999
2.19997
2.20002
2.20003
2.19998
2.19999
2.20008
2.20001
2.20003
2.2
2.19999
2.20005
2.20007
2.20007
2.19999
2.20005
2.20002
2.20003
2.2
2.19998
2.19994
