-0.000170393
-0.000110244
-0.000188045
-7.15874e-05
-0.000124659
-0.000196773
-0.000188945
-0.000180028
-0.000128239
-6.35679e-05
-0.000143381
-0.000166691
-0.00023202
-0.000218756
-0.000240758
-0.000165161
-0.000133127
-0.000155415
-9.85444e-05
-0.000139762
-0.000181251
-0.000264432
-0.00015157
-0.000120735
-3.66946e-05
1.43112e-05
0.000329198
0.000431147
0.000162146
0.000411419
-4.25663e-05
0.000312202
0.000106751
0.000147661
-1.69477e-05
0.000244331
2.90636e-05
7.35712e-05
0.000104288
7.98309e-05
0.000376926
-4.5167e-05
0.000241875
-6.99623e-05
0.000232828
-7.38139e-05
0.000153898
0.000146185
7.70564e-06
0.000134116
0.000156363
4.21991e-05
9.9955e-05
6.90873e-05
1.54337e-05
7.68727e-05
3.62776e-05
-1.15562e-05
0.000189969
5.43369e-06
5.42511e-05
3.75913e-05
0.0001436
3.22361e-05
0.00013239
-5.37821e-05
-7.99848e-05
-0.000118935
-8.14339e-05
-0.000139795
-9.07548e-05
-5.91026e-05
-1.68647e-05
-1.424e-05
-3.89268e-05
-4.03177e-05
4.68073e-05
3.56341e-05
3.36595e-06
1.12811e-05
2.18316e-05
7.27869e-07
1.82408e-05
5.25903e-05
3.85329e-05
5.24347e-05
1.17884e-05
2.70544e-05
-1.08465e-05
1.24893e-05
9.9981e-05
9.2467e-05
8.7901e-05
0.000106786
0.000172276
0.000140605
0.000139414
0.000116936
2.01757e-05
6.70549e-05
6.59158e-05
6.03378e-05
2.8507e-05
1.49726e-05
4.81829e-05
-1.50823e-05
7.17696e-05
1.1601e-05
0.000146606
7.51756e-05
7.38345e-05
7.24105e-05
2.40458e-05
9.88893e-05
-2.53336e-06
-1.23975e-05
9.11871e-05
6.23439e-05
6.43922e-06
7.07334e-05
4.73293e-05
0.000109893
3.87013e-05
-5.11546e-05
4.4273e-05
7.47665e-05
1.61139e-05
4.03415e-05
-1.74196e-05
5.1314e-06
1.6543e-06
1.83024e-05
-3.71609e-05
-2.22333e-05
1.87277e-05
-3.76308e-05
-3.33102e-05
4.0125e-05
-4.35833e-05
2.05339e-06
-3.29336e-05
-6.02484e-05
-1.60656e-05
-1.81276e-05
-5.58958e-05
-0.000134954
-0.000279189
-0.000188014
-0.000198854
-0.000103498
-6.17378e-05
-1.28379e-05
-2.7271e-05
2.86606e-05
2.28805e-05
4.37004e-05
2.23094e-05
3.30833e-05
6.85871e-06
2.70884e-06
3.01312e-05
2.7278e-05
4.62217e-05
3.34492e-05
1.66177e-05
4.18525e-05
1.05717e-05
5.81598e-05
-1.82855e-06
5.01662e-05
3.88769e-05
-2.26879e-05
-2.7223e-06
4.33552e-05
5.5742e-06
1.90853e-05
8.80392e-05
0.000181132
0.000216547
0.00015494
0.000164989
0.000135646
0.000177669
0.000105227
7.94579e-05
6.97144e-05
4.53296e-06
2.21063e-05
-0.01572
-0.0370016
0.0603061
0.0813783
0.10392
0.124903
0.146793
0.167234
0.188912
0.20909
0.230335
0.249924
0.270771
0.29022
0.310645
0.331141
0.349695
0.369942
0.388179
0.40792
0.425703
0.444958
0.4623
0.481241
0.498799
0.516841
0.534128
0.552172
0.568663
0.586388
0.602735
0.620127
0.635862
0.652953
0.66864
0.685238
0.700517
0.716703
0.731729
0.747836
0.762189
0.777898
0.792276
0.807893
0.821564
0.836725
0.851518
0.865157
0.879274
0.892651
0.907074
0.920077
0.933781
0.946514
0.959729
0.972433
0.985507
0.99789
1.01041
1.02225
1.03483
1.04621
1.05843
1.06978
1.08201
1.09279
1.10459
1.11527
1.12726
1.13714
1.1481
1.15857
1.16904
1.17907
1.18944
1.19975
1.20912
1.21914
1.22751
1.2276
1.22777
1.22753
1.22774
1.22731
1.22779
1.22727
1.22768
1.22743
1.22788
1.22774
1.22754
1.22781
1.2275
1.22767
1.22782
1.22773
1.2273
1.22751
1.22783
1.22781
1.22759
1.22747
1.22763
1.22787
1.22774
1.22783
1.22763
1.22749
1.22763
1.22759
1.2276
1.2276
1.2277
1.22749
1.22759
1.22757
1.22749
1.22759
1.22763
1.22756
1.22756
1.22753
1.22759
1.22762
1.22759
1.22765
1.22761
1.22756
1.22764
1.22757
1.22757
1.22749
1.22761
1.22763
1.22763
1.22753
1.2275
1.22754
1.22757
1.22757
1.22757
1.22755
1.22757
1.22759
1.22759
1.22755
1.22757
1.22753
1.22752
1.22754
1.22758
1.22753
1.22757
1.22756
1.22756
1.22755
1.22753
1.22757
1.22756
1.22766
1.22763
1.22759
1.22759
1.22752
1.22754
1.22761
1.22759
1.22757
1.22757
1.22758
1.22753
1.2275
1.22754
1.22756
1.22755
1.22754
1.22749
1.22753
1.22752
1.22753
1.22756
1.22756
1.22761
1.2275
1.22757
1.22758
1.22755
1.22755
1.22767
1.22233
1.21238
1.20294
1.19255
1.18278
1.17227
1.1624
1.15152
1.14134
1.13006
1.11966
1.10818
1.09753
1.08599
1.0747
1.06256
1.05123
1.03871
1.02707
1.0145
1.00234
0.989209
0.977643
0.964516
0.952145
0.938144
0.924019
0.911625
0.897442
0.884357
0.86942
0.856254
0.841271
0.827424
0.812809
0.798475
0.782872
0.768507
0.753065
0.737881
0.722319
0.706784
0.690323
0.675436
0.658077
0.642329
0.625792
0.609218
0.591966
0.575955
0.55729
0.540877
0.522771
0.50536
0.487199
0.46869
0.451038
0.431697
0.413585
0.394307
0.376261
0.355824
0.337218
0.317448
0.298139
0.277441
0.258294
0.237213
0.217661
0.196006
0.175671
0.153904
0.133602
0.111091
0.0901146
0.0670402
-0.0460646
-0.0228678
-0.00196651
0.0004233
0.000178551
-0.00016754
-0.000207727
-0.000184299
-0.000130603
-0.000138358
-9.32268e-05
-0.000139515
-0.000108372
-5.33709e-05
-7.87551e-05
-2.23952e-05
-0.000113283
-0.000150892
-0.000131689
-0.000128136
-6.83572e-05
-5.62898e-05
-8.37015e-05
-2.53961e-05
-0.00010884
-6.77336e-05
-6.96346e-05
-5.19719e-05
-4.15593e-05
-1.73807e-05
-7.14605e-05
-6.75137e-05
-6.33777e-05
-9.80336e-05
-8.61241e-05
-9.17499e-05
-0.000105835
-7.44661e-05
-9.35567e-05
-5.22821e-05
-7.82034e-05
-0.000145678
-8.10987e-05
-5.29933e-05
-0.000148221
-8.19179e-05
-0.000109506
-0.000131414
-8.17518e-05
-6.76098e-05
-6.40191e-05
-0.000112909
-0.000100583
-7.91151e-05
-3.38702e-05
-4.18085e-05
-0.000141627
-0.000135663
-0.000134918
-9.65439e-05
-3.72075e-05
-0.00016624
-9.05635e-05
-7.03318e-05
-7.11773e-05
-0.000169342
-0.000156958
-8.24699e-05
