0.279978
0.279981
0.279975
0.279981
0.279986
0.279971
0.279972
0.279974
0.279978
0.279992
0.279984
0.279975
0.279973
0.279968
0.279968
0.279984
0.279982
0.279973
0.279987
0.279976
0.279973
0.279961
0.27997
0.279979
0.279987
0.279987
0.280006
0.280057
0.28001
0.28006
0.279961
0.280035
0.279985
0.280008
0.279966
0.280075
0.279952
0.280022
0.27999
0.279999
0.280103
0.279934
0.280096
0.279871
0.280099
0.279889
0.280061
0.280038
0.279917
0.280149
0.279993
0.279961
0.280111
0.27988
0.279874
0.280072
0.279909
0.279943
0.280087
0.280168
0.28005
0.279947
0.279873
0.279923
0.280023
0.279868
0.278844
0.273641
0.268758
0.263708
0.258835
0.25371
0.248855
0.243667
0.238858
0.233683
0.22883
0.223564
0.218727
0.213631
0.208822
0.203682
0.198794
0.193576
0.188792
0.183603
0.178891
0.173712
0.168906
0.163658
0.158772
0.153681
0.148556
0.143777
0.138454
0.13367
0.128433
0.123639
0.118547
0.113679
0.108493
0.103662
0.0983915
0.0936143
0.0884754
0.0837892
0.0784365
0.073614
0.0683852
0.0637201
0.0584462
0.0535187
0.0485694
0.0436868
0.0383978
0.0337043
0.0284582
0.0235729
0.0185142
0.0135947
0.00849756
0.00324445
-0.00156786
-0.00666884
-0.010182
-0.0101116
-0.0100216
-0.0100092
-0.0100078
-0.0100161
-0.0100072
-0.0100029
-0.00999972
-0.00999799
-0.0100121
-0.0100079
-0.0100145
-0.0100139
-0.00999399
-0.0100097
-0.0100163
-0.00999209
-0.0100098
-0.0100115
-0.0100055
-0.00766102
-0.00291161
0.00237248
0.00719643
0.0123156
0.0172094
0.0222772
0.0271778
0.0323706
0.0370948
0.0423419
0.0471616
0.0522658
0.0571752
0.0623824
0.0670778
0.0723305
0.0771417
0.0824198
0.0871114
0.0923196
0.0971418
0.102385
0.107168
0.112324
0.117166
0.122288
0.127489
0.132318
0.137525
0.142389
0.147523
0.152258
0.157441
0.162362
0.167607
0.172412
0.177523
0.1823
0.187537
0.192454
0.197669
0.200077
0.201246
0.203147
0.205085
0.207094
0.208945
0.210821
0.212771
0.214581
0.216622
0.218357
0.220437
0.222203
0.224279
0.2261
0.228031
0.230058
0.231813
0.233845
0.235642
0.237572
0.239509
0.241342
0.243367
0.24526
0.247069
0.249176
0.250853
0.252976
0.254768
0.256668
0.258476
0.260548
0.262268
0.264311
0.266186
0.268054
0.270011
0.272026
0.273733
0.27573
0.277689
0.279611
0.281465
0.283372
0.285347
0.287157
0.289173
0.29091
0.293007
0.294825
0.29682
0.298464
0.300623
0.302362
0.304446
0.30622
0.308264
0.309949
0.312137
0.313902
0.315923
0.317694
0.319772
0.321455
0.323419
0.325277
0.327321
0.329105
0.330999
0.333033
0.334974
0.336702
0.338715
0.340475
0.342591
0.344612
0.346411
0.348351
0.349912
0.349972
0.349956
0.349888
0.350014
0.350006
0.349914
0.350008
0.350073
0.350032
0.349933
0.349998
0.350022
0.350047
0.350007
0.349961
0.349935
0.349962
0.350021
0.350068
0.35004
0.350034
0.349982
0.349938
0.349962
0.349932
0.349924
0.35
0.350121
0.349698
0.34451
0.339674
0.334407
0.329742
0.324324
0.319868
0.314454
0.309583
0.304614
0.299629
0.29437
0.289665
0.284538
0.279739
0.274502
0.26958
0.264379
0.259498
0.254307
0.249597
0.24438
0.239687
0.234505
0.229761
0.224501
0.219667
0.214343
0.209171
0.20435
0.199892
0.199867
0.199926
0.199946
0.199953
0.199957
0.199973
0.199961
0.199961
0.199974
0.199976
0.199967
0.19998
0.199975
0.199971
0.199983
0.199984
0.19998
0.199972
0.199988
0.199981
0.201552
0.206752
0.211613
0.216828
0.221672
0.226833
0.231628
0.236713
0.241504
0.246731
0.251514
0.256775
0.261625
0.266774
0.271453
0.276631
0.281418
0.286734
0.291643
0.296816
0.301483
0.306704
0.311604
0.316713
0.321461
0.326761
0.331821
0.336777
0.341837
0.34673
0.349992
0.34971
0.348436
0.347476
0.346876
0.345912
0.344873
0.344194
0.343047
0.342239
0.341577
0.340496
0.339683
0.338934
0.337912
0.337036
0.336043
0.33517
0.334399
0.333521
0.332534
0.331792
0.33078
0.329911
0.328991
0.328121
0.327236
0.326308
0.325481
0.324484
0.32365
0.322759
0.321911
0.321015
0.320182
0.319155
0.318389
0.317473
0.316554
0.315657
0.314841
0.313838
0.313073
0.312065
0.311218
0.310367
0.309464
0.308516
0.30771
0.306745
0.305887
0.305012
0.304147
0.303182
0.302376
0.301432
0.300456
0.299588
0.29873
0.297884
0.296875
0.29606
0.295161
0.294315
0.293358
0.292503
0.291579
0.290721
0.289752
0.288909
0.287987
0.287152
0.286215
0.285348
0.284483
0.283642
0.282748
0.281891
0.280898
0.28003
0.280002
0.279999
0.279993
0.279985
0.27999
0.28
0.279996
0.279995
0.279991
0.279996
0.280002
0.279994
0.280006
0.27999
0.279987
0.279995
0.279988
0.28
0.279994
0.279992
0.280002
0.279994
0.279996
0.280005
0.280001
0.280001
0.280007
0.27999
0.28
0.279996
0.279991
0.279993
0.279997
0.279985
0.279997
0.279998
0.28
0.280002
0.279991
0.279996
0.279996
0.279989
0.279998
0.279989
0.279981
0.28
0.279991
0.279999
0.279993
0.279993
0.279997
0.279996
0.280001
0.27999
0.279985
0.279988
0.279993
0.279999
0.279983
0.279993
0.279992
0.28
0.279983
0.279984
0.279988
