-0.120008
-0.12
-0.120015
-0.119999
-0.120008
-0.120015
-0.120011
-0.120015
-0.120008
-0.12001
-0.120014
-0.120003
-0.120021
-0.120015
-0.120015
-0.120018
-0.120007
-0.120011
-0.120009
-0.120006
-0.120017
-0.120012
-0.120007
-0.120011
-0.120001
-0.120193
-0.124648
-0.129928
-0.134736
-0.139925
-0.144706
-0.149894
-0.154741
-0.159941
-0.165135
-0.169897
-0.175119
-0.179927
-0.185096
-0.18992
-0.195118
-0.19994
-0.205136
-0.209932
-0.215134
-0.219921
-0.225114
-0.229887
-0.235136
-0.23992
-0.245121
-0.249918
-0.255144
-0.259914
-0.265128
-0.269901
-0.275141
-0.279979
-0.285075
-0.289912
-0.295118
-0.299936
-0.305146
-0.310391
-0.315151
-0.319933
-0.320052
-0.320055
-0.320023
-0.31997
-0.320005
-0.319983
-0.320001
-0.319969
-0.32
-0.319992
-0.319937
-0.319942
-0.319994
-0.319968
-0.319968
-0.319979
-0.319962
-0.319978
-0.319987
-0.319974
-0.320012
-0.320011
-0.320022
-0.320028
-0.319979
-0.320038
-0.320047
-0.320007
-0.319956
-0.319977
-0.31996
-0.319947
-0.319999
-0.319962
-0.319988
-0.31997
-0.319954
-0.319991
-0.319967
-0.320043
-0.319945
-0.320027
-0.319938
-0.31999
-0.319949
-0.319907
-0.320025
-0.319972
-0.319978
-0.319974
-0.319969
-0.319969
-0.319996
-0.319946
-0.319997
-0.319967
-0.319964
-0.320043
-0.319969
-0.319979
-0.319996
-0.319993
-0.320004
-0.319985
-0.319997
-0.320004
-0.320003
-0.320008
-0.319986
-0.320001
-0.319982
-0.319981
-0.320014
-0.319981
-0.319983
-0.320012
-0.31999
-0.319991
-0.319999
-0.320029
-0.319995
-0.320042
-0.320036
-0.319996
-0.320026
-0.319986
-0.320017
-0.320011
-0.320011
-0.319978
-0.320012
-0.319995
-0.32003
-0.320016
-0.319991
-0.320025
-0.319968
-0.32004
-0.319981
-0.320004
-0.320009
-0.320022
-0.320007
-0.319975
-0.320035
-0.320007
-0.319995
-0.320006
-0.320004
-0.320002
-0.320002
-0.319955
-0.319943
-0.320002
-0.319988
-0.319983
-0.319994
-0.319981
-0.319985
-0.320012
-0.320033
-0.319965
-0.32076
-0.321634
-0.322731
-0.323727
-0.324702
-0.325759
-0.326774
-0.327799
-0.328795
-0.329813
-0.330849
-0.331831
-0.332888
-0.333892
-0.334941
-0.335969
-0.336946
-0.338041
-0.339012
-0.340061
-0.341042
-0.342104
-0.343057
-0.344114
-0.345143
-0.346139
-0.347138
-0.348258
-0.34917
-0.350234
-0.351201
-0.35226
-0.353205
-0.354276
-0.355278
-0.356305
-0.357314
-0.358364
-0.35931
-0.360401
-0.361373
-0.362398
-0.363397
-0.364469
-0.365437
-0.366461
-0.367543
-0.368512
-0.369558
-0.370523
-0.371616
-0.372588
-0.373662
-0.374609
-0.375659
-0.37666
-0.37772
-0.378699
-0.37975
-0.3807
-0.381775
-0.382745
-0.383808
-0.384777
-0.385861
-0.386824
-0.387888
-0.388868
-0.389969
-0.390912
-0.391958
-0.392921
-0.393956
-0.394948
-0.396003
-0.397071
-0.398057
-0.399123
-0.399986
-0.400364
-0.401325
-0.402334
-0.403294
-0.404268
-0.405259
-0.406241
-0.4072
-0.408203
-0.409177
-0.410182
-0.411117
-0.412138
-0.413074
-0.414114
-0.415054
-0.416067
-0.416996
-0.418017
-0.418973
-0.420017
-0.420957
-0.421944
-0.422857
-0.423896
-0.424935
-0.425874
-0.426855
-0.426987
-0.427003
-0.426989
-0.427012
-0.426978
-0.427039
-0.426959
-0.426999
-0.427023
-0.42697
-0.426992
-0.427026
-0.427004
-0.426979
-0.426973
-0.426998
-0.427035
-0.427033
-0.427026
-0.427026
-0.427022
-0.427018
-0.427
-0.427025
-0.427025
-0.427031
-0.426991
-0.426956
-0.426976
-0.427003
-0.426994
-0.426999
-0.426997
-0.426994
-0.426998
-0.426995
-0.427002
-0.426994
-0.426999
-0.426996
-0.426994
-0.426995
-0.426995
-0.426996
-0.426995
-0.426992
-0.426994
-0.426993
-0.426993
-0.426996
-0.427
-0.427012
-0.426992
-0.42698
-0.427002
-0.427001
-0.426994
-0.426965
-0.426954
-0.426959
-0.426981
-0.426988
-0.426971
-0.426995
-0.426978
-0.427
-0.427014
-0.427027
-0.42699
-0.426956
-0.426969
-0.427014
-0.426999
-0.426951
-0.427009
-0.426991
-0.426983
-0.427036
-0.426974
-0.427026
-0.426964
-0.427012
-0.424875
-0.420883
-0.417136
-0.412952
-0.409258
-0.405228
-0.401436
-0.397454
-0.393656
-0.389539
-0.385846
-0.381772
-0.378001
-0.373976
-0.370236
-0.366177
-0.362438
-0.358361
-0.354611
-0.350569
-0.346801
-0.342727
-0.339012
-0.334974
-0.331229
-0.327158
-0.323074
-0.319378
-0.315297
-0.311569
-0.307493
-0.303774
-0.299703
-0.295969
-0.291899
-0.288193
-0.284111
-0.280334
-0.276333
-0.272569
-0.268504
-0.264782
-0.260674
-0.256972
-0.252925
-0.249137
-0.245126
-0.241364
-0.237305
-0.23357
-0.22947
-0.225761
-0.221683
-0.217906
-0.213914
-0.20984
-0.206063
-0.202056
-0.198286
-0.194194
-0.190519
-0.186419
-0.182668
-0.178653
-0.174852
-0.170822
-0.167108
-0.163003
-0.159303
-0.155234
-0.151445
-0.147404
-0.143651
-0.139597
-0.135856
-0.131783
-0.12809
-0.124012
-0.120314
-0.119919
-0.11996
-0.120012
-0.120015
-0.120018
-0.120022
-0.120021
-0.12002
-0.120011
-0.120018
-0.120002
-0.120012
-0.120014
-0.12001
-0.12001
-0.120018
-0.120012
-0.120007
-0.120002
-0.120002
-0.120008
-0.120017
-0.120012
-0.120012
-0.120011
-0.120008
-0.120009
-0.120003
-0.120012
-0.120009
-0.120005
-0.120004
-0.120005
-0.120004
-0.120009
-0.120015
-0.120009
-0.120014
-0.120018
-0.120017
-0.120007
-0.120015
-0.120014
-0.120007
-0.120009
-0.120006
-0.120003
-0.120007
-0.120006
-0.12001
-0.120012
-0.12
-0.120006
-0.120015
-0.120009
-0.120013
-0.120019
-0.120009
-0.120005
-0.120008
-0.120005
-0.12001
-0.120009
-0.120011
-0.120001
