-1.36146
-1.36146
-1.36146
-1.36151
-1.36151
-1.36151
-1.36149
-1.36147
-1.3615
-1.36146
-1.36146
-1.36147
-1.36149
-1.36145
-1.36147
-1.3615
-1.36145
-1.36149
-1.36147
-1.36147
-1.3615
-1.36146
-1.36147
-1.36149
-1.36147
-1.36151
-1.37239
-1.38809
-1.40167
-1.41693
-1.4303
-1.44508
-1.4584
-1.47278
-1.48611
-1.49988
-1.51337
-1.52689
-1.53999
-1.5536
-1.56614
-1.57986
-1.59189
-1.60546
-1.61741
-1.63045
-1.64254
-1.65487
-1.66683
-1.67915
-1.69036
-1.70284
-1.71355
-1.72554
-1.73644
-1.74756
-1.75911
-1.76944
-1.7801
-1.79031
-1.80086
-1.81006
-1.82039
-1.8296
-1.83891
-1.84759
-1.85705
-1.8651
-1.8733
-1.88106
-1.8892
-1.89593
-1.90293
-1.90924
-1.91574
-1.92118
-1.92637
-1.93062
-1.93486
-1.9382
-1.94114
-1.94314
-1.94433
-1.94444
-1.94396
-1.94216
-1.9388
-1.93409
-1.92826
-1.91977
-1.90987
-1.89772
-1.88361
-1.86621
-1.84666
-1.8237
-1.79963
-1.77027
-1.74088
-1.70694
-1.67405
-1.63718
-1.60277
-1.56578
-1.5385
-1.54318
-1.55309
-1.56322
-1.57265
-1.58211
-1.59033
-1.59932
-1.60716
-1.61492
-1.6216
-1.62871
-1.63525
-1.64071
-1.6459
-1.65009
-1.65421
-1.65747
-1.66039
-1.66241
-1.66387
-1.66443
-1.66447
-1.66412
-1.66291
-1.66091
-1.65809
-1.65499
-1.65133
-1.64905
-1.6331
-1.61785
-1.60009
-1.58344
-1.56365
-1.5456
-1.52425
-1.50352
-1.48109
-1.45717
-1.43388
-1.40827
-1.38425
-1.35725
-1.33136
-1.3025
-1.2751
-1.24491
-1.21638
-1.18518
-1.15599
-1.12383
-1.094
-1.06123
-1.03086
-0.997701
-0.967084
-0.93393
-0.903241
-0.877066
-0.877294
-0.877737
-0.877833
-0.877845
-0.877821
-0.877857
-0.877833
-0.877833
-0.877845
-0.877845
-0.877845
-0.877857
-0.877833
-0.877868
-0.877845
-0.877857
-0.87788
-0.877893
-0.877857
-0.877868
-0.877857
-0.877857
-0.877868
-0.877845
-0.877821
-0.877845
-0.877857
-0.877857
-0.87788
-0.87788
-0.877868
-0.87788
-0.877833
-0.877845
-0.87788
-0.877857
-0.877845
-0.87788
-0.877857
-0.877857
-0.87788
-0.87788
-0.877893
-0.87788
-0.877868
-0.877857
-0.877868
-0.877857
-0.877868
-0.877857
-0.877868
-0.877868
-0.87788
-0.877893
-0.877905
