-0.31999
-0.319997
-0.32
-0.320004
-0.319995
-0.319986
-0.319994
-0.319996
-0.319992
-0.319992
-0.319999
-0.32
-0.320004
-0.319993
-0.319998
-0.320001
-0.319998
-0.319996
-0.320003
-0.320007
-0.320001
-0.32
-0.320003
-0.320011
-0.320004
-0.319988
-0.320884
-0.321846
-0.32288
-0.323894
-0.32486
-0.32595
-0.326925
-0.328025
-0.328923
-0.330052
-0.330956
-0.332046
-0.332996
-0.334093
-0.335037
-0.336078
-0.337058
-0.338134
-0.339119
-0.340129
-0.341115
-0.342174
-0.343136
-0.34419
-0.345222
-0.346217
-0.347224
-0.348334
-0.349238
-0.350345
-0.351378
-0.352366
-0.353396
-0.354407
-0.355445
-0.356412
-0.357458
-0.358458
-0.359497
-0.360511
-0.361556
-0.362506
-0.363594
-0.364573
-0.365596
-0.366582
-0.367659
-0.368645
-0.369687
-0.370651
-0.371718
-0.372704
-0.373776
-0.37472
-0.375765
-0.376747
-0.377817
-0.378792
-0.379835
-0.3808
-0.381862
-0.382909
-0.383891
-0.384957
-0.385954
-0.38699
-0.387991
-0.389029
-0.390065
-0.391106
-0.392035
-0.393074
-0.394037
-0.395085
-0.396056
-0.39715
-0.39812
-0.399206
-0.400003
-0.400451
-0.401398
-0.402405
-0.403352
-0.404329
-0.405325
-0.406303
-0.407257
-0.408267
-0.40924
-0.410244
-0.411244
-0.412194
-0.413225
-0.414174
-0.415203
-0.416146
-0.417151
-0.418085
-0.419116
-0.420078
-0.421104
-0.422001
-0.423003
-0.423964
-0.425009
-0.425955
-0.426903
-0.426978
-0.427002
-0.426971
-0.427006
-0.426959
-0.427023
-0.426958
-0.426968
-0.427027
-0.426983
-0.426986
-0.42704
-0.427046
-0.427001
-0.42698
-0.426989
-0.427005
-0.427022
-0.427006
-0.427026
-0.427036
-0.427013
-0.427042
-0.427036
-0.427042
-0.427027
-0.427011
-0.42699
-0.426997
-0.427022
-0.426993
-0.427005
-0.426994
-0.426992
-0.426988
-0.426987
-0.426989
-0.426993
-0.426988
-0.426992
-0.426988
-0.42699
-0.426992
-0.426997
-0.426988
-0.426993
-0.426992
-0.426989
-0.426988
-0.426991
-0.426991
-0.426987
-0.426989
-0.426991
-0.426993
-0.426993
-0.426994
-0.426994
-0.426995
-0.426988
-0.426987
-0.426985
-0.426988
-0.426991
-0.426986
-0.426991
-0.426993
-0.426992
-0.426991
-0.426992
-0.426991
-0.426989
-0.426989
-0.426992
-0.42699
-0.426984
-0.426991
-0.426988
-0.426989
-0.426988
-0.426987
-0.426987
-0.42699
-0.426991
-0.426989
-0.42699
