2.20005
2.20001
2.20004
2.20008
2.20004
2.20009
2.20007
2.2001
2.20013
2.19997
2.20006
2.20005
2.20007
2.19996
2.20011
2.20006
2.20006
2.20007
2.20002
2.20011
2.20008
2.20001
2.20003
2.20011
2.20005
2.20014
2.20755
2.21776
-2.21466
-2.20379
-2.19417
-2.18291
-2.1727
-2.1615
-2.15138
-2.14016
-2.12931
-2.11817
-2.10724
-2.09556
-2.08466
-2.07253
-2.0617
-2.04924
-2.03813
-2.02619
-2.01435
-2.00248
-1.9905
-1.97816
-1.96636
-1.95346
-1.9419
-1.92842
-1.91688
-1.90391
-1.89076
-1.87827
-1.86551
-1.85259
-1.83946
-1.82736
-1.81374
-1.80078
-1.78768
-1.77477
-1.76062
-1.74828
-1.73461
-1.72166
-1.70752
-1.69473
-1.6805
-1.66723
-1.6529
-1.63988
-1.62575
-1.61275
-1.5982
-1.58501
-1.57028
-1.55693
-1.54226
-1.52926
-1.51388
-1.50065
-1.48597
-1.47132
-1.45718
-1.4427
-1.42906
-1.41388
-1.40001
-1.38499
-1.37136
-1.35575
-1.34147
-1.32651
-1.31254
-1.29729
-1.28291
-1.26802
-1.25409
-1.23917
-1.22749
-1.22744
-1.22782
-1.22811
-1.22741
-1.22777
-1.22762
-1.22765
-1.22709
-1.22762
-1.22783
-1.2276
-1.22758
-1.22732
-1.22756
-1.22786
-1.22789
-1.22767
-1.22781
-1.22744
-1.22723
-1.22727
-1.22774
-1.22784
-1.22816
-1.22805
-1.22796
-1.22761
-1.22709
-1.22692
-1.22721
-1.22739
-1.22751
-1.2272
-1.22771
-1.22682
-1.22739
-1.22785
-1.22729
-1.2276
-1.22803
-1.22802
-1.2277
-1.22748
-1.22727
-1.22738
-1.22777
-1.2278
-1.228
-1.22781
-1.22791
-1.22773
-1.22765
-1.22767
-1.22755
-1.22827
-1.22851
-1.2283
-1.22815
-1.22765
-1.22789
-1.22768
-1.2275
-1.2276
-1.22765
-1.22759
-1.22764
-1.22772
-1.22763
-1.22767
-1.22772
-1.22764
-1.22768
-1.22767
-1.22768
-1.2277
-1.22766
-1.22763
-1.2277
-1.22767
-1.22763
-1.22769
-1.22764
-1.22774
-1.22778
-1.22768
-1.22768
-1.22764
-1.22771
-1.22773
-1.2278
-1.22761
-1.22775
-1.22772
-1.22767
-1.22767
-1.22774
-1.22763
-1.22771
-1.22773
-1.22771
-1.22767
-1.22766
-1.22765
-1.22771
-1.22775
-1.22771
-1.22771
-1.22766
-1.2277
-1.22769
-1.22773
-1.22772
-1.2277
-1.22772
