3.40593e-05
-5.43471e-05
-3.91076e-05
-7.31693e-06
-5.87586e-05
-3.50512e-06
-7.53527e-05
-4.02238e-05
-2.78371e-05
-1.51543e-05
-5.4014e-05
-4.02479e-05
-9.52235e-05
-3.05663e-05
-4.13163e-05
-9.54651e-05
-9.19648e-05
-2.3088e-05
-3.7671e-05
-7.66371e-05
-4.32912e-05
-2.05973e-05
-3.9359e-05
-0.00010131
-9.44116e-05
-2.44564e-05
-0.0173198
-0.0406566
0.0622602
0.0850104
0.10591
0.128416
0.148758
0.170839
0.190808
0.212624
0.2321
0.253375
0.272567
0.293658
0.312347
0.332689
0.351269
0.371417
0.389584
0.4093
0.427125
0.446537
0.463706
0.482751
0.500205
0.518259
0.535502
0.553568
0.570089
0.588008
0.605553
0.621534
0.638686
0.654392
0.671373
0.686625
0.703103
0.718052
0.734272
0.749164
0.7647
0.779283
0.794896
0.80913
0.823952
0.838079
0.852821
0.86636
0.880672
0.893983
0.908191
0.921205
0.935127
0.947688
0.960819
0.973437
0.986482
0.998812
1.01124
1.02318
1.03585
1.04817
1.05937
1.07169
1.08288
1.09453
1.10555
1.11699
1.12793
1.13867
1.1486
1.15957
1.1695
1.18005
1.1895
1.20016
1.2096
1.21988
1.2277
1.22769
1.22777
1.22742
1.22757
1.22711
1.22759
1.22711
1.22748
1.22733
1.22758
1.22749
1.22719
1.2276
1.22741
1.22733
1.22751
1.22749
1.22728
1.2272
1.22753
1.2275
1.22751
1.22716
1.22705
1.2274
1.22735
1.22746
1.22759
1.22752
1.22761
1.22763
1.22759
1.22758
1.22767
1.2276
1.22759
1.22758
1.22754
1.22757
1.22758
1.22758
1.22759
1.22762
1.22755
1.22751
1.22757
1.22755
1.22761
1.22753
1.22757
1.22758
1.2276
1.22762
1.22758
1.22756
1.22749
1.22756
1.22764
1.22757
1.22766
1.22762
1.22761
1.2276
1.22765
1.2276
1.22767
1.22763
1.22763
1.22766
1.22767
1.22768
1.22768
1.22766
1.22761
1.2277
1.22767
1.22774
1.22768
1.22766
1.22772
1.22767
1.22766
1.22765
1.22763
1.22767
1.22767
1.22766
1.22768
1.22767
1.22771
1.22765
1.2277
1.22768
1.22767
1.2277
1.22765
1.22765
1.22766
1.22768
1.22765
1.22763
1.22768
1.22766
1.22771
1.22768
1.22768
1.22768
1.22762
1.22768
1.22764
1.22767
1.22762
1.22768
1.22768
