1.15606
1.15606
1.15604
1.15604
1.15608
1.15608
1.15606
1.15603
1.15604
1.1561
1.15604
1.15605
1.15608
1.15608
1.15605
1.15606
1.15609
1.15604
1.15605
1.15605
1.15604
1.15604
1.15604
1.15603
1.15606
1.15605
1.16656
1.18155
1.19465
1.20939
1.2227
1.23718
1.2507
1.26508
1.27876
1.29308
1.30688
1.32135
1.33491
1.34943
1.36309
1.37769
1.39123
1.40613
1.41949
1.4346
1.44813
1.46325
1.47663
1.49167
1.50539
1.52024
1.53413
1.54896
1.56305
1.57786
1.59318
1.60689
1.62229
1.63609
1.65152
1.66543
1.68084
1.6949
1.71026
1.72447
1.73988
1.7544
1.76976
1.78436
1.79998
1.81467
1.83036
1.84528
1.8612
1.87616
1.8922
1.90748
1.9237
1.939
1.95545
1.97094
1.98749
2.00318
2.01972
2.03532
2.05197
2.0686
2.08354
2.09977
2.11393
2.12898
2.14171
2.15483
2.16526
2.17481
2.18175
2.18665
2.18839
2.18719
2.18283
2.17444
2.16379
2.14895
2.13581
2.14048
2.15099
2.16134
2.1705
2.18009
2.18836
2.19691
2.2043
2.21199
2.21851
2.22496
2.23086
2.23582
2.24064
2.24465
2.24836
2.25121
2.25365
2.25531
2.25657
2.25724
2.25741
2.25713
2.25618
2.25467
2.25214
2.24922
2.24569
2.24742
2.26303
2.27729
2.29183
2.30487
2.31857
2.33039
2.34325
2.3543
2.36558
2.37658
2.38594
2.39549
2.4038
2.41205
2.41896
2.42579
2.43159
2.43719
2.44152
2.44532
2.44843
2.45063
2.45215
2.45299
2.45316
2.45276
2.45158
2.44923
2.44622
2.4433
2.44335
2.4434
2.44336
2.4434
2.44342
2.44338
2.44337
2.44341
2.44338
2.44341
2.4434
2.44337
2.44335
2.4434
2.44336
2.44337
2.4434
2.4434
2.44337
2.44337
2.4434
2.4434
2.44337
2.44337
2.44337
2.44336
2.44336
2.44335
2.44341
2.44341
2.44344
2.44337
2.4434
2.44342
2.44337
2.44336
2.44338
2.44337
2.44337
2.4434
2.4434
2.44337
2.44336
2.44337
2.44344
2.4434
2.44341
2.4434
2.44338
2.44341
2.4434
2.44338
2.44338
2.44338
2.4434
