2.19992
2.1999
2.19993
2.19999
2.19993
2.1999
2.19988
2.19988
2.19992
2.19991
2.19987
2.19993
2.19991
2.19988
2.19989
2.19992
2.19985
2.19993
2.19994
2.19989
2.19995
2.19995
2.19995
2.19995
2.19991
2.19987
2.20767
2.21818
-2.2149
-2.20401
-2.19393
-2.1829
-2.17296
-2.16167
-2.15123
-2.14004
-2.1296
-2.11809
-2.10704
-2.0954
-2.08473
-2.07255
-2.06163
-2.0496
-2.0382
-2.02591
-2.01451
-2.00249
-1.99034
-1.97796
-1.9664
-1.95325
-1.94167
-1.92878
-1.91684
-1.9038
-1.89077
-1.87849
-1.86532
-1.85303
-1.83976
-1.82721
-1.81367
-1.80118
-1.7875
-1.77486
-1.7611
-1.74823
-1.73425
-1.72159
-1.70738
-1.69451
-1.68052
-1.66773
-1.65344
-1.64012
-1.62595
-1.6128
-1.59835
-1.58489
-1.57047
-1.55709
-1.54256
-1.52904
-1.51446
-1.50074
-1.48607
-1.4713
-1.45772
-1.4429
-1.42912
-1.41426
-1.4004
-1.38543
-1.37157
-1.35658
-1.3426
-1.32732
-1.31322
-1.29806
-1.28413
-1.26884
-1.2546
-1.23915
-1.22735
-1.22759
-1.22757
-1.22719
-1.22765
-1.22719
-1.22761
-1.22727
-1.22778
-1.22738
-1.22751
-1.22753
-1.22733
-1.22767
-1.22753
-1.22738
-1.22751
-1.22764
-1.22737
-1.22743
-1.22768
-1.22774
-1.22761
-1.22733
-1.22715
-1.22758
-1.22759
-1.22769
-1.2277
-1.22779
-1.2277
-1.22772
-1.22765
-1.22752
-1.22774
-1.22746
-1.22751
-1.22766
-1.2275
-1.22765
-1.22771
-1.22774
-1.22766
-1.22759
-1.22761
-1.22752
-1.22765
-1.22771
-1.22778
-1.22767
-1.22766
-1.22766
-1.22765
-1.22764
-1.22774
-1.22782
-1.22779
-1.22782
-1.22781
-1.22773
-1.22783
-1.22777
-1.22774
-1.22768
-1.22771
-1.22766
-1.22769
-1.22763
-1.22769
-1.22767
-1.22764
-1.22766
-1.22765
-1.22763
-1.22758
-1.2276
-1.22764
-1.22767
-1.2276
-1.2276
-1.22766
-1.22763
-1.22763
-1.2276
-1.22757
-1.22763
-1.22763
-1.22764
-1.22763
-1.22759
-1.22763
-1.2276
-1.22764
-1.22763
-1.2276
-1.22761
-1.22762
-1.22763
-1.22759
-1.22763
-1.2276
-1.22756
-1.22759
-1.2276
-1.22768
-1.22764
-1.22763
-1.22763
-1.22759
-1.22762
-1.22758
-1.22758
-1.22758
-1.22758
-1.2276
