-0.725798 -1.36146 1.15606 -1.33563 -1.57639 0.0591523
-0.725774 -1.36146 1.15606 -1.3356 -1.57634 0.0591642
-0.725774 -1.36146 1.15604 -1.33561 -1.57635 0.0591642
-0.725738 -1.36151 1.15604 -1.33563 -1.57637 0.0591886
-0.725774 -1.36151 1.15608 -1.33561 -1.57634 0.0591642
-0.725798 -1.36151 1.15608 -1.33561 -1.57637 0.0591766
-0.725798 -1.36149 1.15606 -1.3356 -1.57632 0.0591766
-0.725798 -1.36147 1.15603 -1.3356 -1.57635 0.0591886
-0.725834 -1.3615 1.15604 -1.33563 -1.57636 0.0591523
-0.725762 -1.36146 1.1561 -1.33561 -1.57636 0.0591523
-0.725762 -1.36146 1.15604 -1.33559 -1.57634 0.0592126
-0.725774 -1.36147 1.15605 -1.33562 -1.57635 0.0591642
-0.725774 -1.36149 1.15608 -1.33563 -1.57631 0.0591886
-0.72575 -1.36145 1.15608 -1.33557 -1.57635 0.0591766
-0.725798 -1.36147 1.15605 -1.33563 -1.57635 0.0591886
-0.725774 -1.3615 1.15606 -1.33561 -1.57631 0.0591766
-0.72581 -1.36145 1.15609 -1.33563 -1.57631 0.0591766
-0.725786 -1.36149 1.15604 -1.33561 -1.57636 0.0591642
-0.725738 -1.36147 1.15605 -1.33561 -1.57635 0.0591886
-0.725762 -1.36147 1.15605 -1.33563 -1.57632 0.0592245
-0.725774 -1.3615 1.15604 -1.33562 -1.57635 0.0591766
-0.725762 -1.36146 1.15604 -1.33561 -1.57636 0.0591523
-0.72575 -1.36147 1.15604 -1.33561 -1.57635 0.0591766
-0.725786 -1.36149 1.15603 -1.33565 -1.57631 0.0591766
-0.725774 -1.36147 1.15606 -1.33562 -1.57631 0.0591766
-0.725822 -1.36151 1.15605 -1.33561 -1.57636 0.0591886
-0.731056 -1.37239 1.16656 -1.34661 -1.56606 0.0536152
-0.738708 -1.38809 1.18155 -1.36134 -1.55212 0.0457962
-0.745749 -1.40167 1.19465 -1.37467 -1.53888 0.0389862
-0.753509 -1.41693 1.20939 -1.38915 -1.52452 0.0316114
-0.761018 -1.4303 1.2227 -1.40234 -1.511 0.0248373
-0.769041 -1.44508 1.23718 -1.41668 -1.49608 0.0174992
-0.77649 -1.4584 1.2507 -1.42977 -1.48227 0.0108214
-0.784765 -1.47278 1.26508 -1.44384 -1.46692 0.00378327
-0.79274 -1.48611 1.27876 -1.45669 -1.45268 -0.00277406
-0.801315 -1.49988 1.29308 -1.4705 -1.43681 -0.00977594
-0.809206 -1.51337 1.30688 -1.48318 -1.42225 -0.0162013
-0.818127 -1.52689 1.32135 -1.49685 -1.40603 -0.0229753
-0.82645 -1.53999 1.33491 -1.50949 -1.39099 -0.0291842
-0.835491 -1.5536 1.34943 -1.52283 -1.37418 -0.035837
-0.843886 -1.56614 1.36309 -1.53522 -1.35888 -0.0419744
-0.853358 -1.57986 1.37769 -1.54854 -1.34181 -0.0485795
-0.862076 -1.59189 1.39123 -1.56074 -1.32596 -0.0545242
-0.871441 -1.60546 1.40613 -1.57396 -1.30837 -0.0608533
-0.880374 -1.61741 1.41949 -1.58597 -1.29214 -0.0665091
-0.890265 -1.63045 1.4346 -1.599 -1.27421 -0.0726698
-0.899247 -1.64254 1.44813 -1.61091 -1.25753 -0.0783137
-0.909066 -1.65487 1.46325 -1.62377 -1.23929 -0.0841983
-0.91843 -1.66683 1.47663 -1.63573 -1.22235 -0.0894945
-0.928453 -1.67915 1.49167 -1.64842 -1.20365 -0.0951865
-0.937674 -1.69036 1.50539 -1.66022 -1.18613 -0.100314
-0.948044 -1.70284 1.52024 -1.67297 -1.16727 -0.105742
-0.957492 -1.71355 1.53413 -1.68462 -1.14941 -0.110701
-0.967587 -1.72554 1.54896 -1.69742 -1.12998 -0.115865
-0.977131 -1.73644 1.56305 -1.70891 -1.11209 -0.120392
-0.987501 -1.74756 1.57786 -1.72161 -1.0923 -0.125243
-0.997751 -1.75911 1.59318 -1.73435 -1.07251 -0.129878
-1.00737 -1.76944 1.60689 -1.74612 -1.05399 -0.134093
-1.01776 -1.7801 1.62229 -1.75909 -1.03406 -0.138356
-1.02711 -1.79031 1.63609 -1.771 -1.01526 -0.142114
-1.03734 -1.80086 1.65152 -1.78399 -0.994943 -0.145909
-1.04692 -1.81006 1.66543 -1.79624 -0.976198 -0.149175
-1.05703 -1.82039 1.68084 -1.80964 -0.955654 -0.152441
-1.06626 -1.8296 1.6949 -1.82232 -0.936587 -0.155311
-1.07636 -1.83891 1.71026 -1.83608 -0.915984 -0.157988
-1.08542 -1.84759 1.72447 -1.84922 -0.896667 -0.160186
-1.09508 -1.85705 1.73988 -1.86369 -0.875935 -0.162191
-1.10413 -1.8651 1.7544 -1.87736 -0.856668 -0.163692
-1.11365 -1.8733 1.76976 -1.89265 -0.835746 -0.164809
-1.1221 -1.88106 1.78436 -1.90711 -0.816456 -0.165565
-1.13136 -1.8892 1.79998 -1.92347 -0.79562 -0.165793
-1.13972 -1.89593 1.81467 -1.93903 -0.776189 -0.165781
-1.14844 -1.90293 1.83036 -1.95671 -0.755343 -0.165085
-1.15619 -1.90924 1.84528 -1.97378 -0.736117 -0.16398
-1.1645 -1.91574 1.8612 -1.9931 -0.715381 -0.161807
-1.17202 -1.92118 1.87616 -2.01188 -0.696205 -0.159106
-1.17969 -1.92637 1.8922 -2.03315 -0.675699 -0.155467
-1.18651 -1.93062 1.90748 -2.05427 -0.656885 -0.151264
-1.19368 -1.93486 1.9237 -2.07827 -0.636393 -0.145717
-1.20018 -1.9382 1.939 -2.10187 -0.617737 -0.139689
-1.2067 -1.94114 1.95545 -2.12927 -0.597846 -0.132028
-1.21236 -1.94314 1.97094 -2.15605 -0.579408 -0.12373
-1.21807 -1.94433 1.98749 -2.18742 -0.559915 -0.113223
-1.22307 -1.94444 2.00318 -2.21832 -0.542113 -0.102115
-1.22819 -1.94396 2.01972 -2.25449 -0.522981 -0.0886896
-1.23251 -1.94216 2.03532 -2.29038 -0.505709 -0.0742071
-1.23677 -1.9388 2.05197 -2.33216 -0.487323 -0.056866
-1.24051 -1.93409 2.0686 -2.37765 -0.46956 -0.0370024
-1.24363 -1.92826 2.08354 -2.42303 -0.453321 -0.0166457
-1.24653 -1.91977 2.09977 -2.47613 -0.43646 0.00810733
-1.24887 -1.90987 2.11393 -2.52909 -0.4213 0.0335933
-1.25088 -1.89772 2.12898 -2.59102 -0.405638 0.0642931
-1.25236 -1.88361 2.14171 -2.6526 -0.391654 0.0957989
-1.25346 -1.86621 2.15483 -2.72422 -0.377611 0.133299
-1.25395 -1.84666 2.16526 -2.79505 -0.365353 0.171402
-1.25405 -1.8237 2.17481 -2.87673 -0.353384 0.21657
-1.25405 -1.79963 2.18175 -2.9561 -0.343116 0.261438
-1.25353 -1.77027 2.18665 -3.04599 -0.333304 0.313949
-1.25256 -1.74088 2.18839 -3.13203 -0.325577 0.365884
-1.25098 -1.70694 2.18719 -3.22738 -0.318735 0.425186
-1.24908 -1.67405 2.18283 -3.31655 -0.313907 0.482458
-1.24648 -1.63718 2.17444 -3.41224 -0.310397 0.546867
-1.24387 -1.60277 2.16379 -3.49971 -0.308768 0.607684
-1.24048 -1.56578 2.14895 -3.59124 -0.308852 0.674158
-1.23762 -1.5385 2.13581 -3.65872 -0.310038 0.725073
-1.23168 -1.54318 2.14048 -3.65977 -0.315812 0.726106
-1.21837 -1.55309 2.15099 -3.66293 -0.329135 0.729038
-1.2037 -1.56322 2.16134 -3.66637 -0.344266 0.732389
-1.18932 -1.57265 2.1705 -3.6694 -0.358093 0.735309
-1.17374 -1.58211 2.18009 -3.67239 -0.374268 0.738288
-1.15826 -1.59033 2.18836 -3.67485 -0.389149 0.740883
-1.14135 -1.59932 2.19691 -3.67732 -0.406525 0.74367
-1.12481 -1.60716 2.2043 -3.67943 -0.422379 0.746073
-1.10662 -1.61492 2.21199 -3.68155 -0.441001 0.748704
-1.08901 -1.6216 2.21851 -3.6832 -0.458403 0.750878
-1.06941 -1.62871 2.22496 -3.68498 -0.477975 0.753221
-1.04918 -1.63525 2.23086 -3.68661 -0.498482 0.755419
-1.02971 -1.64071 2.23582 -3.68802 -0.51742 0.757438
-1.00812 -1.6459 2.24064 -3.68938 -0.539236 0.759372
-0.987609 -1.65009 2.24465 -3.69072 -0.559939 0.761186
-0.964581 -1.65421 2.24836 -3.69194 -0.582764 0.763072
-0.942691 -1.65747 2.25121 -3.69316 -0.604524 0.764634
-0.918574 -1.66039 2.25365 -3.69434 -0.628947 0.766423
-0.89563 -1.66241 2.25531 -3.69565 -0.6518 0.767877
-0.870064 -1.66387 2.25657 -3.69693 -0.676958 0.769511
-0.845958 -1.66443 2.25724 -3.69819 -0.701038 0.77082
-0.819552 -1.66447 2.25741 -3.69932 -0.727602 0.772358
-0.794717 -1.66412 2.25713 -3.70058 -0.752824 0.773596
-0.767209 -1.66291 2.25618 -3.70185 -0.780555 0.774989
-0.741295 -1.66091 2.25467 -3.70319 -0.80596 0.776107
-0.712912 -1.65809 2.25214 -3.70459 -0.834331 0.777284
-0.686327 -1.65499 2.24922 -3.70592 -0.860699 0.778353
-0.658161 -1.65133 2.24569 -3.70738 -0.888653 0.779471
-0.655981 -1.64905 2.24742 -3.71153 -0.890753 0.779435
-0.656364 -1.6331 2.26303 -3.74306 -0.890224 0.779783
-0.656532 -1.61785 2.27729 -3.77253 -0.889877 0.779999
-0.656676 -1.60009 2.29183 -3.80492 -0.889624 0.780239
-0.656867 -1.58344 2.30487 -3.83507 -0.889264 0.780492
-0.656939 -1.56365 2.31857 -3.86817 -0.888917 0.780708
-0.657071 -1.5456 2.33039 -3.89906 -0.888629 0.78096
-0.657286 -1.52425 2.34325 -3.93295 -0.888317 0.781249
-0.65743 -1.50352 2.3543 -3.96443 -0.888017 0.781453
-0.657574 -1.48109 2.36558 -3.99886 -0.887693 0.781741
-0.657693 -1.45717 2.37658 -4.03361 -0.887357 0.781993
-0.657861 -1.43388 2.38594 -4.06606 -0.887081 0.782294
-0.657981 -1.40827 2.39549 -4.10141 -0.886782 0.782594
-0.658101 -1.38425 2.4038 -4.13424 -0.886494 0.782919
-0.658244 -1.35725 2.41205 -4.16993 -0.886182 0.783291
-0.658412 -1.33136 2.41896 -4.20306 -0.88587 0.783519
-0.658615 -1.3025 2.42579 -4.23893 -0.885641 0.783916
-0.658759 -1.2751 2.43159 -4.27195 -0.885353 0.784252
-0.658915 -1.24491 2.43719 -4.3079 -0.885078 0.784564
-0.659035 -1.21638 2.44152 -4.34077 -0.884826 0.784924
-0.659274 -1.18518 2.44532 -4.37623 -0.884574 0.785297
-0.659406 -1.15599 2.44843 -4.40869 -0.88437 0.785693
-0.659562 -1.12383 2.45063 -4.44343 -0.884106 0.786054
-0.659717 -1.094 2.45215 -4.47507 -0.883878 0.786402
-0.659861 -1.06123 2.45299 -4.50891 -0.883686 0.786798
-0.660017 -1.03086 2.45316 -4.53967 -0.883434 0.787027
-0.660196 -0.997701 2.45276 -4.57203 -0.88335 0.787411
-0.660328 -0.967084 2.45158 -4.60149 -0.883314 0.787735
-0.660436 -0.93393 2.44923 -4.63268 -0.883098 0.788096
-0.660592 -0.903241 2.44622 -4.66071 -0.88287 0.788468
-0.660723 -0.877066 2.4433 -4.68456 -0.882726 0.788673
-0.660651 -0.877294 2.44335 -4.68414 -0.882738 0.788697
-0.660687 -0.877737 2.4434 -4.68394 -0.882714 0.788685
-0.660687 -0.877833 2.44336 -4.68397 -0.882702 0.788673
-0.660723 -0.877845 2.4434 -4.68396 -0.882726 0.788721
-0.660699 -0.877821 2.44342 -4.68396 -0.882714 0.788745
-0.660687 -0.877857 2.44338 -4.68396 -0.882774 0.788733
-0.660699 -0.877833 2.44337 -4.68392 -0.882714 0.788769
-0.660723 -0.877833 2.44341 -4.68394 -0.882762 0.788793
-0.660687 -0.877845 2.44338 -4.68392 -0.88275 0.788745
-0.660699 -0.877845 2.44341 -4.68394 -0.882738 0.788781
-0.660735 -0.877845 2.4434 -4.68391 -0.882726 0.788817
-0.660699 -0.877857 2.44337 -4.68394 -0.882726 0.788805
-0.660687 -0.877833 2.44335 -4.68391 -0.88275 0.788817
-0.660723 -0.877868 2.4434 -4.68394 -0.882738 0.788805
-0.660747 -0.877845 2.44336 -4.68394 -0.882774 0.788805
-0.660687 -0.877857 2.44337 -4.68394 -0.882774 0.788865
-0.660699 -0.87788 2.4434 -4.68392 -0.88275 0.788805
-0.660651 -0.877893 2.4434 -4.68394 -0.882726 0.788841
-0.660699 -0.877857 2.44337 -4.68394 -0.882774 0.788853
-0.660711 -0.877868 2.44337 -4.68394 -0.882762 0.788829
-0.660675 -0.877857 2.4434 -4.68397 -0.882726 0.788829
-0.660711 -0.877857 2.4434 -4.68394 -0.88275 0.788817
-0.660699 -0.877868 2.44337 -4.68394 -0.88275 0.788805
-0.660747 -0.877845 2.44337 -4.6839 -0.88275 0.788829
-0.660759 -0.877821 2.44337 -4.68391 -0.882774 0.788841
-0.660723 -0.877845 2.44336 -4.68392 -0.882738 0.788817
-0.660711 -0.877857 2.44336 -4.68391 -0.88275 0.788817
-0.660723 -0.877857 2.44335 -4.68391 -0.882726 0.788793
-0.660711 -0.87788 2.44341 -4.68391 -0.88275 0.788829
-0.660723 -0.87788 2.44341 -4.68392 -0.882774 0.788853
-0.660711 -0.877868 2.44344 -4.6839 -0.88275 0.788865
-0.660711 -0.87788 2.44337 -4.68397 -0.882762 0.788817
-0.660723 -0.877833 2.4434 -4.68391 -0.882726 0.788841
-0.660711 -0.877845 2.44342 -4.68395 -0.88275 0.788829
-0.660747 -0.87788 2.44337 -4.68392 -0.882726 0.788841
-0.660723 -0.877857 2.44336 -4.68394 -0.882726 0.788853
-0.660759 -0.877845 2.44338 -4.6839 -0.882726 0.788817
-0.660723 -0.87788 2.44337 -4.68392 -0.882738 0.788793
-0.660747 -0.877857 2.44337 -4.68392 -0.88275 0.788841
-0.660699 -0.877857 2.4434 -4.6839 -0.882762 0.788829
-0.660723 -0.87788 2.4434 -4.68391 -0.882774 0.788829
-0.660759 -0.87788 2.44337 -4.68395 -0.882762 0.788841
-0.660735 -0.877893 2.44336 -4.68392 -0.882738 0.788853
-0.660723 -0.87788 2.44337 -4.68394 -0.88275 0.788829
-0.660687 -0.877868 2.44344 -4.68392 -0.882726 0.788817
-0.660723 -0.877857 2.4434 -4.68389 -0.882738 0.788829
-0.660711 -0.877868 2.44341 -4.68392 -0.88275 0.788829
-0.660723 -0.877857 2.4434 -4.68392 -0.882738 0.788829
-0.660747 -0.877868 2.44338 -4.68395 -0.882762 0.788805
-0.660723 -0.877857 2.44341 -4.68395 -0.882738 0.788829
-0.660723 -0.877868 2.4434 -4.68395 -0.882786 0.788829
-0.660735 -0.877868 2.44338 -4.68392 -0.882762 0.788865
-0.660747 -0.87788 2.44338 -4.6839 -0.882774 0.788817
-0.660711 -0.877893 2.44338 -4.68392 -0.882774 0.788865
-0.660723 -0.877905 2.4434 -4.68389 -0.88275 0.788853
