-0.725798
-0.725774
-0.725774
-0.725738
-0.725774
-0.725798
-0.725798
-0.725798
-0.725834
-0.725762
-0.725762
-0.725774
-0.725774
-0.72575
-0.725798
-0.725774
-0.72581
-0.725786
-0.725738
-0.725762
-0.725774
-0.725762
-0.72575
-0.725786
-0.725774
-0.725822
-0.731056
-0.738708
-0.745749
-0.753509
-0.761018
-0.769041
-0.77649
-0.784765
-0.79274
-0.801315
-0.809206
-0.818127
-0.82645
-0.835491
-0.843886
-0.853358
-0.862076
-0.871441
-0.880374
-0.890265
-0.899247
-0.909066
-0.91843
-0.928453
-0.937674
-0.948044
-0.957492
-0.967587
-0.977131
-0.987501
-0.997751
-1.00737
-1.01776
-1.02711
-1.03734
-1.04692
-1.05703
-1.06626
-1.07636
-1.08542
-1.09508
-1.10413
-1.11365
-1.1221
-1.13136
-1.13972
-1.14844
-1.15619
-1.1645
-1.17202
-1.17969
-1.18651
-1.19368
-1.20018
-1.2067
-1.21236
-1.21807
-1.22307
-1.22819
-1.23251
-1.23677
-1.24051
-1.24363
-1.24653
-1.24887
-1.25088
-1.25236
-1.25346
-1.25395
-1.25405
-1.25405
-1.25353
-1.25256
-1.25098
-1.24908
-1.24648
-1.24387
-1.24048
-1.23762
-1.23168
-1.21837
-1.2037
-1.18932
-1.17374
-1.15826
-1.14135
-1.12481
-1.10662
-1.08901
-1.06941
-1.04918
-1.02971
-1.00812
-0.987609
-0.964581
-0.942691
-0.918574
-0.89563
-0.870064
-0.845958
-0.819552
-0.794717
-0.767209
-0.741295
-0.712912
-0.686327
-0.658161
-0.655981
-0.656364
-0.656532
-0.656676
-0.656867
-0.656939
-0.657071
-0.657286
-0.65743
-0.657574
-0.657693
-0.657861
-0.657981
-0.658101
-0.658244
-0.658412
-0.658615
-0.658759
-0.658915
-0.659035
-0.659274
-0.659406
-0.659562
-0.659717
-0.659861
-0.660017
-0.660196
-0.660328
-0.660436
-0.660592
-0.660723
-0.660651
-0.660687
-0.660687
-0.660723
-0.660699
-0.660687
-0.660699
-0.660723
-0.660687
-0.660699
-0.660735
-0.660699
-0.660687
-0.660723
-0.660747
-0.660687
-0.660699
-0.660651
-0.660699
-0.660711
-0.660675
-0.660711
-0.660699
-0.660747
-0.660759
-0.660723
-0.660711
-0.660723
-0.660711
-0.660723
-0.660711
-0.660711
-0.660723
-0.660711
-0.660747
-0.660723
-0.660759
-0.660723
-0.660747
-0.660699
-0.660723
-0.660759
-0.660735
-0.660723
-0.660687
-0.660723
-0.660711
-0.660723
-0.660747
-0.660723
-0.660723
-0.660735
-0.660747
-0.660711
-0.660723
