0.199976
0.199972
0.19998
0.199999
0.199986
0.199986
0.19998
0.199987
0.199995
0.199963
0.199978
0.199982
0.19998
0.199963
0.199983
0.199985
0.199964
0.199989
0.199981
0.199982
0.199993
0.199981
0.199984
0.199994
0.199978
0.199993
0.201421
0.203488
0.205322
0.207385
0.209156
0.211215
0.212988
0.215017
0.216809
0.21873
0.220614
0.22249
0.224419
0.226392
0.228164
0.230252
0.231985
0.234028
0.235881
0.23777
0.239715
0.241459
0.243526
0.245404
0.247217
0.249328
0.25102
0.253134
0.254881
0.256842
0.258808
0.260749
0.262554
0.264561
0.266455
0.268238
0.270254
0.272171
0.274039
0.275926
0.278034
0.279767
0.281748
0.283566
0.285659
0.287394
0.289398
0.291188
0.293256
0.29508
0.297033
0.298737
0.300798
0.302605
0.304645
0.306445
0.308472
0.310161
0.312331
0.314109
0.316062
0.318018
0.319952
0.321787
0.32359
0.325619
0.327485
0.329449
0.331185
0.333332
0.335235
0.337179
0.339028
0.340999
0.342855
0.344788
0.346547
0.348449
0.349988
0.350006
0.349921
0.349928
0.350052
0.350019
0.34998
0.350041
0.350103
0.350021
0.349944
0.350007
0.350049
0.350067
0.350021
0.349955
0.34994
0.349964
0.35
0.350066
0.350085
0.350041
0.349971
0.349976
0.349935
0.349867
0.349887
0.349965
0.3501
0.349442
0.344172
0.339301
0.33406
0.329377
0.323983
0.319486
0.314111
0.309162
0.304164
0.298865
0.293928
0.288727
0.284037
0.27892
0.274151
0.268934
0.264015
0.258774
0.253906
0.248758
0.243948
0.238776
0.234009
0.228801
0.224004
0.218665
0.213828
0.208667
0.203882
0.199847
0.199838
0.199944
0.199991
0.199986
0.199973
0.199992
0.199979
0.199974
0.199981
0.199978
0.199976
0.199989
0.199981
0.199989
0.199987
0.199988
0.19999
0.199997
0.199988
0.199993
0.199991
0.199984
0.199993
0.199978
0.199972
0.199985
0.199987
0.199989
0.199986
0.199988
0.199972
0.200004
0.199971
0.199978
0.199995
0.199991
0.199976
0.199995
0.199986
0.199977
0.199988
0.199999
0.200001
0.199997
0.199977
0.199975
0.199984
0.199982
0.199993
0.199984
0.19999
0.199988
0.199988
0.199996
0.199992
