-0.31999 0.15002 0.199976 2.20005 2.19992 3.40593e-05
-0.319997 0.149996 0.199972 2.20001 2.1999 -5.43471e-05
-0.32 0.150003 0.19998 2.20004 2.19993 -3.91076e-05
-0.320004 0.149998 0.199999 2.20008 2.19999 -7.31693e-06
-0.319995 0.149995 0.199986 2.20004 2.19993 -5.87586e-05
-0.319986 0.150009 0.199986 2.20009 2.1999 -3.50512e-06
-0.319994 0.150001 0.19998 2.20007 2.19988 -7.53527e-05
-0.319996 0.15001 0.199987 2.2001 2.19988 -4.02238e-05
-0.319992 0.150027 0.199995 2.20013 2.19992 -2.78371e-05
-0.319992 0.149994 0.199963 2.19997 2.19991 -1.51543e-05
-0.319999 0.149994 0.199978 2.20006 2.19987 -5.4014e-05
-0.32 0.150003 0.199982 2.20005 2.19993 -4.02479e-05
-0.320004 0.149995 0.19998 2.20007 2.19991 -9.52235e-05
-0.319993 0.149986 0.199963 2.19996 2.19988 -3.05663e-05
-0.319998 0.150013 0.199983 2.20011 2.19989 -4.13163e-05
-0.320001 0.149993 0.199985 2.20006 2.19992 -9.54651e-05
-0.319998 0.150007 0.199964 2.20006 2.19985 -9.19648e-05
-0.319996 0.150009 0.199989 2.20007 2.19993 -2.3088e-05
-0.320003 0.14999 0.199981 2.20002 2.19994 -3.7671e-05
-0.320007 0.149997 0.199982 2.20011 2.19989 -7.66371e-05
-0.320001 0.150004 0.199993 2.20008 2.19995 -4.32912e-05
-0.32 0.150002 0.199981 2.20001 2.19995 -2.05973e-05
-0.320003 0.149995 0.199984 2.20003 2.19995 -3.9359e-05
-0.320011 0.150007 0.199994 2.20011 2.19995 -0.00010131
-0.320004 0.149996 0.199978 2.20005 2.19991 -9.44116e-05
-0.319988 0.150018 0.199993 2.20014 2.19987 -2.44564e-05
-0.320884 0.149983 0.201421 2.20755 2.20767 -0.0173198
-0.321846 0.149971 0.203488 2.21776 2.21818 -0.0406566
-0.32288 0.149974 0.205322 -2.21466 -2.2149 0.0622602
-0.323894 0.14994 0.207385 -2.20379 -2.20401 0.0850104
-0.32486 0.150016 0.209156 -2.19417 -2.19393 0.10591
-0.32595 0.150011 0.211215 -2.18291 -2.1829 0.128416
-0.326925 0.14999 0.212988 -2.1727 -2.17296 0.148758
-0.328025 0.14999 0.215017 -2.1615 -2.16167 0.170839
-0.328923 0.150021 0.216809 -2.15138 -2.15123 0.190808
-0.330052 0.150041 0.21873 -2.14016 -2.14004 0.212624
-0.330956 0.149948 0.220614 -2.12931 -2.1296 0.2321
-0.332046 0.150008 0.22249 -2.11817 -2.11809 0.253375
-0.332996 0.150032 0.224419 -2.10724 -2.10704 0.272567
-0.334093 0.149987 0.226392 -2.09556 -2.0954 0.293658
-0.335037 0.14998 0.228164 -2.08466 -2.08473 0.312347
-0.336078 0.150025 0.230252 -2.07253 -2.07255 0.332689
-0.337058 0.150063 0.231985 -2.0617 -2.06163 0.351269
-0.338134 0.149957 0.234028 -2.04924 -2.0496 0.371417
-0.339119 0.150015 0.235881 -2.03813 -2.0382 0.389584
-0.340129 0.15002 0.23777 -2.02619 -2.02591 0.4093
-0.341115 0.149988 0.239715 -2.01435 -2.01451 0.427125
-0.342174 0.149954 0.241459 -2.00248 -2.00249 0.446537
-0.343136 0.150052 0.243526 -1.9905 -1.99034 0.463706
-0.34419 0.150009 0.245404 -1.97816 -1.97796 0.482751
-0.345222 0.14997 0.247217 -1.96636 -1.9664 0.500205
-0.346217 0.150047 0.249328 -1.95346 -1.95325 0.518259
-0.347224 0.150038 0.25102 -1.9419 -1.94167 0.535502
-0.348334 0.149993 0.253134 -1.92842 -1.92878 0.553568
-0.349238 0.149953 0.254881 -1.91688 -1.91684 0.570089
-0.350345 0.150015 0.256842 -1.90391 -1.9038 0.588008
-0.351378 0.149943 0.258808 -1.89076 -1.89077 0.605553
-0.352366 0.149975 0.260749 -1.87827 -1.87849 0.621534
-0.353396 0.150039 0.262554 -1.86551 -1.86532 0.638686
-0.354407 0.149955 0.264561 -1.85259 -1.85303 0.654392
-0.355445 0.149908 0.266455 -1.83946 -1.83976 0.671373
-0.356412 0.150036 0.268238 -1.82736 -1.82721 0.686625
-0.357458 0.149985 0.270254 -1.81374 -1.81367 0.703103
-0.358458 0.14997 0.272171 -1.80078 -1.80118 0.718052
-0.359497 0.150048 0.274039 -1.78768 -1.7875 0.734272
-0.360511 0.150013 0.275926 -1.77477 -1.77486 0.749164
-0.361556 0.149953 0.278034 -1.76062 -1.7611 0.7647
-0.362506 0.149996 0.279767 -1.74828 -1.74823 0.779283
-0.363594 0.150061 0.281748 -1.73461 -1.73425 0.794896
-0.364573 0.149954 0.283566 -1.72166 -1.72159 0.80913
-0.365596 0.149987 0.285659 -1.70752 -1.70738 0.823952
-0.366582 0.150007 0.287394 -1.69473 -1.69451 0.838079
-0.367659 0.150035 0.289398 -1.6805 -1.68052 0.852821
-0.368645 0.149968 0.291188 -1.66723 -1.66773 0.86636
-0.369687 0.149964 0.293256 -1.6529 -1.65344 0.880672
-0.370651 0.149984 0.29508 -1.63988 -1.64012 0.893983
-0.371718 0.149986 0.297033 -1.62575 -1.62595 0.908191
-0.372704 0.149993 0.298737 -1.61275 -1.6128 0.921205
-0.373776 0.149982 0.300798 -1.5982 -1.59835 0.935127
-0.37472 0.150036 0.302605 -1.58501 -1.58489 0.947688
-0.375765 0.150061 0.304645 -1.57028 -1.57047 0.960819
-0.376747 0.150002 0.306445 -1.55693 -1.55709 0.973437
-0.377817 0.150005 0.308472 -1.54226 -1.54256 0.986482
-0.378792 0.150007 0.310161 -1.52926 -1.52904 0.998812
-0.379835 0.149999 0.312331 -1.51388 -1.51446 1.01124
-0.3808 0.150001 0.314109 -1.50065 -1.50074 1.02318
-0.381862 0.150011 0.316062 -1.48597 -1.48607 1.03585
-0.382909 0.149996 0.318018 -1.47132 -1.4713 1.04817
-0.383891 0.149968 0.319952 -1.45718 -1.45772 1.05937
-0.384957 0.149986 0.321787 -1.4427 -1.4429 1.07169
-0.385954 0.150062 0.32359 -1.42906 -1.42912 1.08288
-0.38699 0.149978 0.325619 -1.41388 -1.41426 1.09453
-0.387991 0.149998 0.327485 -1.40001 -1.4004 1.10555
-0.389029 0.149937 0.329449 -1.38499 -1.38543 1.11699
-0.390065 0.14998 0.331185 -1.37136 -1.37157 1.12793
-0.391106 0.149882 0.333332 -1.35575 -1.35658 1.13867
-0.392035 0.149891 0.335235 -1.34147 -1.3426 1.1486
-0.393074 0.149965 0.337179 -1.32651 -1.32732 1.15957
-0.394037 0.149992 0.339028 -1.31254 -1.31322 1.1695
-0.395085 0.149973 0.340999 -1.29729 -1.29806 1.18005
-0.396056 0.149942 0.342855 -1.28291 -1.28413 1.1895
-0.39715 0.149956 0.344788 -1.26802 -1.26884 1.20016
-0.39812 0.150016 0.346547 -1.25409 -1.2546 1.2096
-0.399206 0.150089 0.348449 -1.23917 -1.23915 1.21988
-0.400003 0.150046 0.349988 -1.22749 -1.22735 1.2277
-0.400451 0.147851 0.350006 -1.22744 -1.22759 1.22769
-0.401398 0.143073 0.349921 -1.22782 -1.22757 1.22777
-0.402405 0.138108 0.349928 -1.22811 -1.22719 1.22742
-0.403352 0.133165 0.350052 -1.22741 -1.22765 1.22757
-0.404329 0.128265 0.350019 -1.22777 -1.22719 1.22711
-0.405325 0.123424 0.34998 -1.22762 -1.22761 1.22759
-0.406303 0.118428 0.350041 -1.22765 -1.22727 1.22711
-0.407257 0.113512 0.350103 -1.22709 -1.22778 1.22748
-0.408267 0.108565 0.350021 -1.22762 -1.22738 1.22733
-0.40924 0.10384 0.349944 -1.22783 -1.22751 1.22758
-0.410244 0.0987202 0.350007 -1.2276 -1.22753 1.22749
-0.411244 0.0936919 0.350049 -1.22758 -1.22733 1.22719
-0.412194 0.0888447 0.350067 -1.22732 -1.22767 1.2276
-0.413225 0.0838413 0.350021 -1.22756 -1.22753 1.22741
-0.414174 0.0792192 0.349955 -1.22786 -1.22738 1.22733
-0.415203 0.0740698 0.34994 -1.22789 -1.22751 1.22751
-0.416146 0.0693105 0.349964 -1.22767 -1.22764 1.22749
-0.417151 0.0643012 0.35 -1.22781 -1.22737 1.22728
-0.418085 0.0595683 0.350066 -1.22744 -1.22743 1.2272
-0.419116 0.0543592 0.350085 -1.22723 -1.22768 1.22753
-0.420078 0.0496528 0.350041 -1.22727 -1.22774 1.2275
-0.421104 0.0446355 0.349971 -1.22774 -1.22761 1.22751
-0.422001 0.0400093 0.349976 -1.22784 -1.22733 1.22716
-0.423003 0.0349537 0.349935 -1.22816 -1.22715 1.22705
-0.423964 0.0301251 0.349867 -1.22805 -1.22758 1.2274
-0.425009 0.0250404 0.349887 -1.22796 -1.22759 1.22735
-0.425955 0.0202659 0.349965 -1.22761 -1.22769 1.22746
-0.426903 0.0152266 0.3501 -1.22709 -1.2277 1.22759
-0.426978 0.0148301 0.349442 -1.22692 -1.22779 1.22752
-0.427002 0.0149183 0.344172 -1.22721 -1.2277 1.22761
-0.426971 0.0149096 0.339301 -1.22739 -1.22772 1.22763
-0.427006 0.0149654 0.33406 -1.22751 -1.22765 1.22759
-0.426959 0.0149489 0.329377 -1.2272 -1.22752 1.22758
-0.427023 0.01497 0.323983 -1.22771 -1.22774 1.22767
-0.426958 0.0149281 0.319486 -1.22682 -1.22746 1.2276
-0.426968 0.0149744 0.314111 -1.22739 -1.22751 1.22759
-0.427027 0.0150271 0.309162 -1.22785 -1.22766 1.22758
-0.426983 0.0149941 0.304164 -1.22729 -1.2275 1.22754
-0.426986 0.0149813 0.298865 -1.2276 -1.22765 1.22757
-0.42704 0.0150409 0.293928 -1.22803 -1.22771 1.22758
-0.427046 0.0150346 0.288727 -1.22802 -1.22774 1.22758
-0.427001 0.0149888 0.284037 -1.2277 -1.22766 1.22759
-0.42698 0.0149646 0.27892 -1.22748 -1.22759 1.22762
-0.426989 0.0149719 0.274151 -1.22727 -1.22761 1.22755
-0.427005 0.0150165 0.268934 -1.22738 -1.22752 1.22751
-0.427022 0.0150199 0.264015 -1.22777 -1.22765 1.22757
-0.427006 0.0150026 0.258774 -1.2278 -1.22771 1.22755
-0.427026 0.0150017 0.253906 -1.228 -1.22778 1.22761
-0.427036 0.0150413 0.248758 -1.22781 -1.22767 1.22753
-0.427013 0.0150189 0.243948 -1.22791 -1.22766 1.22757
-0.427042 0.0150295 0.238776 -1.22773 -1.22766 1.22758
-0.427036 0.0150212 0.234009 -1.22765 -1.22765 1.2276
-0.427042 0.0150208 0.228801 -1.22767 -1.22764 1.22762
-0.427027 0.0149964 0.224004 -1.22755 -1.22774 1.22758
-0.427011 0.0150172 0.218665 -1.22827 -1.22782 1.22756
-0.42699 0.0150254 0.213828 -1.22851 -1.22779 1.22749
-0.426997 0.0149981 0.208667 -1.2283 -1.22782 1.22756
-0.427022 0.0150038 0.203882 -1.22815 -1.22781 1.22764
-0.426993 0.0149809 0.199847 -1.22765 -1.22773 1.22757
-0.427005 0.0149613 0.199838 -1.22789 -1.22783 1.22766
-0.426994 0.0149635 0.199944 -1.22768 -1.22777 1.22762
-0.426992 0.0149595 0.199991 -1.2275 -1.22774 1.22761
-0.426988 0.014977 0.199986 -1.2276 -1.22768 1.2276
-0.426987 0.0149626 0.199973 -1.22765 -1.22771 1.22765
-0.426989 0.0149736 0.199992 -1.22759 -1.22766 1.2276
-0.426993 0.0149678 0.199979 -1.22764 -1.22769 1.22767
-0.426988 0.0149853 0.199974 -1.22772 -1.22763 1.22763
-0.426992 0.0149698 0.199981 -1.22763 -1.22769 1.22763
-0.426988 0.0149693 0.199978 -1.22767 -1.22767 1.22766
-0.42699 0.0149836 0.199976 -1.22772 -1.22764 1.22767
-0.426992 0.0149691 0.199989 -1.22764 -1.22766 1.22768
-0.426997 0.0149733 0.199981 -1.22768 -1.22765 1.22768
-0.426988 0.0149796 0.199989 -1.22767 -1.22763 1.22766
-0.426993 0.015002 0.199987 -1.22768 -1.22758 1.22761
-0.426992 0.0149747 0.199988 -1.2277 -1.2276 1.2277
-0.426989 0.0149724 0.19999 -1.22766 -1.22764 1.22767
-0.426988 0.0149451 0.199997 -1.22763 -1.22767 1.22774
-0.426991 0.0149799 0.199988 -1.2277 -1.2276 1.22768
-0.426991 0.0149819 0.199993 -1.22767 -1.2276 1.22766
-0.426987 0.014955 0.199991 -1.22763 -1.22766 1.22772
-0.426989 0.0149776 0.199984 -1.22769 -1.22763 1.22767
-0.426991 0.0149743 0.199993 -1.22764 -1.22763 1.22766
-0.426993 0.0149968 0.199978 -1.22774 -1.2276 1.22765
-0.426993 0.0150078 0.199972 -1.22778 -1.22757 1.22763
-0.426994 0.0149838 0.199985 -1.22768 -1.22763 1.22767
-0.426994 0.0149817 0.199987 -1.22768 -1.22763 1.22767
-0.426995 0.0149825 0.199989 -1.22764 -1.22764 1.22766
-0.426988 0.0149768 0.199986 -1.22771 -1.22763 1.22768
-0.426987 0.0149869 0.199988 -1.22773 -1.22759 1.22767
-0.426985 0.0149744 0.199972 -1.2278 -1.22763 1.22771
-0.426988 0.01498 0.200004 -1.22761 -1.2276 1.22765
-0.426991 0.0149787 0.199971 -1.22775 -1.22764 1.2277
-0.426986 0.0149752 0.199978 -1.22772 -1.22763 1.22768
-0.426991 0.014989 0.199995 -1.22767 -1.2276 1.22767
-0.426993 0.0149799 0.199991 -1.22767 -1.22761 1.2277
-0.426992 0.0149956 0.199976 -1.22774 -1.22762 1.22765
-0.426991 0.0149819 0.199995 -1.22763 -1.22763 1.22765
-0.426992 0.0149953 0.199986 -1.22771 -1.22759 1.22766
-0.426991 0.0149768 0.199977 -1.22773 -1.22763 1.22768
-0.426989 0.0149886 0.199988 -1.22771 -1.2276 1.22765
-0.426989 0.0150015 0.199999 -1.22767 -1.22756 1.22763
-0.426992 0.0149873 0.200001 -1.22766 -1.22759 1.22768
-0.42699 0.0149839 0.199997 -1.22765 -1.2276 1.22766
-0.426984 0.0149579 0.199977 -1.22771 -1.22768 1.22771
-0.426991 0.014982 0.199975 -1.22775 -1.22764 1.22768
-0.426988 0.0149766 0.199984 -1.22771 -1.22763 1.22768
-0.426989 0.0149803 0.199982 -1.22771 -1.22763 1.22768
-0.426988 0.0149958 0.199993 -1.22766 -1.22759 1.22762
-0.426987 0.0149782 0.199984 -1.2277 -1.22762 1.22768
-0.426987 0.0149901 0.19999 -1.22769 -1.22758 1.22764
-0.42699 0.0149914 0.199988 -1.22773 -1.22758 1.22767
-0.426991 0.0150005 0.199988 -1.22772 -1.22758 1.22762
-0.426989 0.0149834 0.199996 -1.2277 -1.22758 1.22768
-0.42699 0.0149832 0.199992 -1.22772 -1.2276 1.22768
