-1.57639
-1.57634
-1.57635
-1.57637
-1.57634
-1.57637
-1.57632
-1.57635
-1.57636
-1.57636
-1.57634
-1.57635
-1.57631
-1.57635
-1.57635
-1.57631
-1.57631
-1.57636
-1.57635
-1.57632
-1.57635
-1.57636
-1.57635
-1.57631
-1.57631
-1.57636
-1.56606
-1.55212
-1.53888
-1.52452
-1.511
-1.49608
-1.48227
-1.46692
-1.45268
-1.43681
-1.42225
-1.40603
-1.39099
-1.37418
-1.35888
-1.34181
-1.32596
-1.30837
-1.29214
-1.27421
-1.25753
-1.23929
-1.22235
-1.20365
-1.18613
-1.16727
-1.14941
-1.12998
-1.11209
-1.0923
-1.07251
-1.05399
-1.03406
-1.01526
-0.994943
-0.976198
-0.955654
-0.936587
-0.915984
-0.896667
-0.875935
-0.856668
-0.835746
-0.816456
-0.79562
-0.776189
-0.755343
-0.736117
-0.715381
-0.696205
-0.675699
-0.656885
-0.636393
-0.617737
-0.597846
-0.579408
-0.559915
-0.542113
-0.522981
-0.505709
-0.487323
-0.46956
-0.453321
-0.43646
-0.4213
-0.405638
-0.391654
-0.377611
-0.365353
-0.353384
-0.343116
-0.333304
-0.325577
-0.318735
-0.313907
-0.310397
-0.308768
-0.308852
-0.310038
-0.315812
-0.329135
-0.344266
-0.358093
-0.374268
-0.389149
-0.406525
-0.422379
-0.441001
-0.458403
-0.477975
-0.498482
-0.51742
-0.539236
-0.559939
-0.582764
-0.604524
-0.628947
-0.6518
-0.676958
-0.701038
-0.727602
-0.752824
-0.780555
-0.80596
-0.834331
-0.860699
-0.888653
-0.890753
-0.890224
-0.889877
-0.889624
-0.889264
-0.888917
-0.888629
-0.888317
-0.888017
-0.887693
-0.887357
-0.887081
-0.886782
-0.886494
-0.886182
-0.88587
-0.885641
-0.885353
-0.885078
-0.884826
-0.884574
-0.88437
-0.884106
-0.883878
-0.883686
-0.883434
-0.88335
-0.883314
-0.883098
-0.88287
-0.882726
-0.882738
-0.882714
-0.882702
-0.882726
-0.882714
-0.882774
-0.882714
-0.882762
-0.88275
-0.882738
-0.882726
-0.882726
-0.88275
-0.882738
-0.882774
-0.882774
-0.88275
-0.882726
-0.882774
-0.882762
-0.882726
-0.88275
-0.88275
-0.88275
-0.882774
-0.882738
-0.88275
-0.882726
-0.88275
-0.882774
-0.88275
-0.882762
-0.882726
-0.88275
-0.882726
-0.882726
-0.882726
-0.882738
-0.88275
-0.882762
-0.882774
-0.882762
-0.882738
-0.88275
-0.882726
-0.882738
-0.88275
-0.882738
-0.882762
-0.882738
-0.882786
-0.882762
-0.882774
-0.882774
-0.88275
