0.0591523
0.0591642
0.0591642
0.0591886
0.0591642
0.0591766
0.0591766
0.0591886
0.0591523
0.0591523
0.0592126
0.0591642
0.0591886
0.0591766
0.0591886
0.0591766
0.0591766
0.0591642
0.0591886
0.0592245
0.0591766
0.0591523
0.0591766
0.0591766
0.0591766
0.0591886
0.0536152
0.0457962
0.0389862
0.0316114
0.0248373
0.0174992
0.0108214
0.00378327
-0.00277406
-0.00977594
-0.0162013
-0.0229753
-0.0291842
-0.035837
-0.0419744
-0.0485795
-0.0545242
-0.0608533
-0.0665091
-0.0726698
-0.0783137
-0.0841983
-0.0894945
-0.0951865
-0.100314
-0.105742
-0.110701
-0.115865
-0.120392
-0.125243
-0.129878
-0.134093
-0.138356
-0.142114
-0.145909
-0.149175
-0.152441
-0.155311
-0.157988
-0.160186
-0.162191
-0.163692
-0.164809
-0.165565
-0.165793
-0.165781
-0.165085
-0.16398
-0.161807
-0.159106
-0.155467
-0.151264
-0.145717
-0.139689
-0.132028
-0.12373
-0.113223
-0.102115
-0.0886896
-0.0742071
-0.056866
-0.0370024
-0.0166457
0.00810733
0.0335933
0.0642931
0.0957989
0.133299
0.171402
0.21657
0.261438
0.313949
0.365884
0.425186
0.482458
0.546867
0.607684
0.674158
0.725073
0.726106
0.729038
0.732389
0.735309
0.738288
0.740883
0.74367
0.746073
0.748704
0.750878
0.753221
0.755419
0.757438
0.759372
0.761186
0.763072
0.764634
0.766423
0.767877
0.769511
0.77082
0.772358
0.773596
0.774989
0.776107
0.777284
0.778353
0.779471
0.779435
0.779783
0.779999
0.780239
0.780492
0.780708
0.78096
0.781249
0.781453
0.781741
0.781993
0.782294
0.782594
0.782919
0.783291
0.783519
0.783916
0.784252
0.784564
0.784924
0.785297
0.785693
0.786054
0.786402
0.786798
0.787027
0.787411
0.787735
0.788096
0.788468
0.788673
0.788697
0.788685
0.788673
0.788721
0.788745
0.788733
0.788769
0.788793
0.788745
0.788781
0.788817
0.788805
0.788817
0.788805
0.788805
0.788865
0.788805
0.788841
0.788853
0.788829
0.788829
0.788817
0.788805
0.788829
0.788841
0.788817
0.788817
0.788793
0.788829
0.788853
0.788865
0.788817
0.788841
0.788829
0.788841
0.788853
0.788817
0.788793
0.788841
0.788829
0.788829
0.788841
0.788853
0.788829
0.788817
0.788829
0.788829
0.788829
0.788805
0.788829
0.788829
0.788865
0.788817
0.788865
0.788853
