0.15002
0.149996
0.150003
0.149998
0.149995
0.150009
0.150001
0.15001
0.150027
0.149994
0.149994
0.150003
0.149995
0.149986
0.150013
0.149993
0.150007
0.150009
0.14999
0.149997
0.150004
0.150002
0.149995
0.150007
0.149996
0.150018
0.149983
0.149971
0.149974
0.14994
0.150016
0.150011
0.14999
0.14999
0.150021
0.150041
0.149948
0.150008
0.150032
0.149987
0.14998
0.150025
0.150063
0.149957
0.150015
0.15002
0.149988
0.149954
0.150052
0.150009
0.14997
0.150047
0.150038
0.149993
0.149953
0.150015
0.149943
0.149975
0.150039
0.149955
0.149908
0.150036
0.149985
0.14997
0.150048
0.150013
0.149953
0.149996
0.150061
0.149954
0.149987
0.150007
0.150035
0.149968
0.149964
0.149984
0.149986
0.149993
0.149982
0.150036
0.150061
0.150002
0.150005
0.150007
0.149999
0.150001
0.150011
0.149996
0.149968
0.149986
0.150062
0.149978
0.149998
0.149937
0.14998
0.149882
0.149891
0.149965
0.149992
0.149973
0.149942
0.149956
0.150016
0.150089
0.150046
0.147851
0.143073
0.138108
0.133165
0.128265
0.123424
0.118428
0.113512
0.108565
0.10384
0.0987202
0.0936919
0.0888447
0.0838413
0.0792192
0.0740698
0.0693105
0.0643012
0.0595683
0.0543592
0.0496528
0.0446355
0.0400093
0.0349537
0.0301251
0.0250404
0.0202659
0.0152266
0.0148301
0.0149183
0.0149096
0.0149654
0.0149489
0.01497
0.0149281
0.0149744
0.0150271
0.0149941
0.0149813
0.0150409
0.0150346
0.0149888
0.0149646
0.0149719
0.0150165
0.0150199
0.0150026
0.0150017
0.0150413
0.0150189
0.0150295
0.0150212
0.0150208
0.0149964
0.0150172
0.0150254
0.0149981
0.0150038
0.0149809
0.0149613
0.0149635
0.0149595
0.014977
0.0149626
0.0149736
0.0149678
0.0149853
0.0149698
0.0149693
0.0149836
0.0149691
0.0149733
0.0149796
0.015002
0.0149747
0.0149724
0.0149451
0.0149799
0.0149819
0.014955
0.0149776
0.0149743
0.0149968
0.0150078
0.0149838
0.0149817
0.0149825
0.0149768
0.0149869
0.0149744
0.01498
0.0149787
0.0149752
0.014989
0.0149799
0.0149956
0.0149819
0.0149953
0.0149768
0.0149886
0.0150015
0.0149873
0.0149839
0.0149579
0.014982
0.0149766
0.0149803
0.0149958
0.0149782
0.0149901
0.0149914
0.0150005
0.0149834
0.0149832
