-1.33563
-1.3356
-1.33561
-1.33563
-1.33561
-1.33561
-1.3356
-1.3356
-1.33563
-1.33561
-1.33559
-1.33562
-1.33563
-1.33557
-1.33563
-1.33561
-1.33563
-1.33561
-1.33561
-1.33563
-1.33562
-1.33561
-1.33561
-1.33565
-1.33562
-1.33561
-1.34661
-1.36134
-1.37467
-1.38915
-1.40234
-1.41668
-1.42977
-1.44384
-1.45669
-1.4705
-1.48318
-1.49685
-1.50949
-1.52283
-1.53522
-1.54854
-1.56074
-1.57396
-1.58597
-1.599
-1.61091
-1.62377
-1.63573
-1.64842
-1.66022
-1.67297
-1.68462
-1.69742
-1.70891
-1.72161
-1.73435
-1.74612
-1.75909
-1.771
-1.78399
-1.79624
-1.80964
-1.82232
-1.83608
-1.84922
-1.86369
-1.87736
-1.89265
-1.90711
-1.92347
-1.93903
-1.95671
-1.97378
-1.9931
-2.01188
-2.03315
-2.05427
-2.07827
-2.10187
-2.12927
-2.15605
-2.18742
-2.21832
-2.25449
-2.29038
-2.33216
-2.37765
-2.42303
-2.47613
-2.52909
-2.59102
-2.6526
-2.72422
-2.79505
-2.87673
-2.9561
-3.04599
-3.13203
-3.22738
-3.31655
-3.41224
-3.49971
-3.59124
-3.65872
-3.65977
-3.66293
-3.66637
-3.6694
-3.67239
-3.67485
-3.67732
-3.67943
-3.68155
-3.6832
-3.68498
-3.68661
-3.68802
-3.68938
-3.69072
-3.69194
-3.69316
-3.69434
-3.69565
-3.69693
-3.69819
-3.69932
-3.70058
-3.70185
-3.70319
-3.70459
-3.70592
-3.70738
-3.71153
-3.74306
-3.77253
-3.80492
-3.83507
-3.86817
-3.89906
-3.93295
-3.96443
-3.99886
-4.03361
-4.06606
-4.10141
-4.13424
-4.16993
-4.20306
-4.23893
-4.27195
-4.3079
-4.34077
-4.37623
-4.40869
-4.44343
-4.47507
-4.50891
-4.53967
-4.57203
-4.60149
-4.63268
-4.66071
-4.68456
-4.68414
-4.68394
-4.68397
-4.68396
-4.68396
-4.68396
-4.68392
-4.68394
-4.68392
-4.68394
-4.68391
-4.68394
-4.68391
-4.68394
-4.68394
-4.68394
-4.68392
-4.68394
-4.68394
-4.68394
-4.68397
-4.68394
-4.68394
-4.6839
-4.68391
-4.68392
-4.68391
-4.68391
-4.68391
-4.68392
-4.6839
-4.68397
-4.68391
-4.68395
-4.68392
-4.68394
-4.6839
-4.68392
-4.68392
-4.6839
-4.68391
-4.68395
-4.68392
-4.68394
-4.68392
-4.68389
-4.68392
-4.68392
-4.68395
-4.68395
-4.68395
-4.68392
-4.6839
-4.68392
-4.68389
