-1.335630000000037620e+00
-1.335630000000037620e+00
-1.335629772570199103e+00
-1.335629182267632276e+00
-1.335628179537208249e+00
-1.335626794652103655e+00
-1.335625131447161662e+00
-1.335623360489238465e+00
-1.335621711173496484e+00
-1.335620462057677260e+00
-1.335619928633619669e+00
-1.335620447897075236e+00
-1.335622359859880870e+00
-1.335625987761607014e+00
-1.335631620483441084e+00
-1.335639500472804775e+00
-1.335649816866853135e+00
-1.335662699057154290e+00
-1.335678205679367903e+00
-1.335696308550881950e+00
-1.335716875954485072e+00
-1.335739661510817022e+00
-1.335764303999863456e+00
-1.335790341420523664e+00
-1.335817239941769818e+00
-1.335844435059818869e+00
-1.335871378562260681e+00
-1.335897582200689770e+00
-1.335922648961391790e+00
-1.335946286048210752e+00
-1.335968298932625364e+00
-1.335988570861686764e+00
-1.336007035244048735e+00
-1.336023648796360375e+00
-1.336038371704912464e+00
-1.336051158209714762e+00
-1.336061957779783427e+00
-1.336070724144783339e+00
-1.336077427538977513e+00
-1.336082065083302295e+00
-1.336084665358058254e+00
-1.336085285457792704e+00
-1.336084001372867869e+00
-1.336080894608324909e+00
-1.336076039010053895e+00
-1.336069491651963759e+00
-1.336061290451665107e+00
-1.336051459231835548e+00
-1.336040018716028621e+00
-1.336027000069065496e+00
-1.336012456678067783e+00
-1.335996470271455516e+00
-1.335979149089071560e+00
-1.335960618125303423e+00
-1.335941003763263080e+00
-1.335920416783096032e+00
-1.335898938371692601e+00
-1.335876613227968246e+00
-1.335853452200149505e+00
-1.335829444405056021e+00
-1.335804576053829518e+00
-1.335778851056484084e+00
-1.335752307662023242e+00
-1.335725026263788084e+00
-1.335697125806658336e+00
-1.335668749243194675e+00
-1.335640041346223050e+00
-1.335611124227038315e+00
-1.335582076738900614e+00
-1.335552923379967005e+00
-1.335523636327705210e+00
-1.335494151079342995e+00
-1.335464392499412734e+00
-1.335434304947491047e+00
-1.335403878689614521e+00
-1.335373165600664880e+00
-1.335342280008609661e+00
-1.335311384472718688e+00
-1.335280664187228794e+00
-1.335250296690206673e+00
-1.335220425162856328e+00
-1.335191143596966334e+00
-1.335162500348448855e+00
-1.335134523124313244e+00
-1.335107263785559661e+00
-1.335080856665095572e+00
-1.335055580947929865e+00
-1.335031917211130237e+00
-1.335010590549861265e+00
-1.334992596737507364e+00
-1.334979211994282933e+00
-1.334971989935651804e+00
-1.334972750718196544e+00
-1.334983567596712328e+00
-1.335006755681994006e+00
-1.335044867216558240e+00
-1.335100697449140394e+00
-1.335177305121645119e+00
-1.335278051345291095e+00
-1.335406659788519468e+00
-1.335567299228282323e+00
-1.335764686338210661e+00
-1.336004201907363020e+00
-1.336292007469101373e+00
-1.336635142005229371e+00
-1.337041571394950834e+00
-1.337520159390397811e+00
-1.338080531888703462e+00
-1.338732819148120257e+00
-1.339487282866238305e+00
-1.340353860797521612e+00
-1.341341681012315767e+00
-1.342458602548101343e+00
-1.343710827643036509e+00
-1.345102609720166154e+00
-1.346636061356211833e+00
-1.348311055761757915e+00
-1.350125215910466858e+00
-1.352073993531671903e+00
-1.354150848283502961e+00
-1.356347537673011194e+00
-1.358654515930642681e+00
-1.361061416769805632e+00
-1.363557569755610821e+00
-1.366132485249911932e+00
-1.368776246948206099e+00
-1.371479772752608239e+00
-1.374234934726768387e+00
-1.377034555982089348e+00
-1.379872319657464930e+00
-1.382742631577917214e+00
-1.385640476072106608e+00
-1.388561296580352211e+00
-1.391500920903709471e+00
-1.394455536640546445e+00
-1.397421707876307595e+00
-1.400396413175239108e+00
-1.403377080816404110e+00
-1.406361601005441830e+00
-1.409348304145479958e+00
-1.412335905014080906e+00
-1.415323421371552648e+00
-1.418310080660087458e+00
-1.421295230253084130e+00
-1.424278265832782164e+00
-1.427258589139324130e+00
-1.430235600450347144e+00
-1.433208723183056588e+00
-1.436177449786864679e+00
-1.439141392496110283e+00
-1.442100321894350001e+00
-1.445054180794242971e+00
-1.448003068547068173e+00
-1.450947198645176517e+00
-1.453886838347645316e+00
-1.456822242474689499e+00
-1.459753594726088233e+00
-1.462680969007227105e+00
-1.465604319926721466e+00
-1.468523505523668726e+00
-1.471438337114738371e+00
-1.474348643276388149e+00
-1.477254330558213535e+00
-1.480155424581046208e+00
-1.483052081150290524e+00
-1.485944565241153148e+00
-1.488833203287500240e+00
-1.491718319533775761e+00
-1.494600170105965242e+00
-1.497478889222156218e+00
-1.500354460474658369e+00
-1.503226721749091999e+00
-1.506095404845031016e+00
-1.508960201524494504e+00
-1.511820839657793902e+00
-1.514677149848940418e+00
-1.517529105935341738e+00
-1.520376830540718593e+00
-1.523220566035519585e+00
-1.526060618873576358e+00
-1.528897290119921371e+00
-1.531730807243248949e+00
-1.534561272294540535e+00
-1.537388639176146654e+00
-1.540212727147033611e+00
-1.543033269062010326e+00
-1.545849983041639009e+00
-1.548662648943923692e+00
-1.551471169477026013e+00
-1.554275600718712402e+00
-1.557076145751642215e+00
-1.559873114408482975e+00
-1.562666859158837962e+00
-1.565457701293519133e+00
-1.568245863211766622e+00
-1.571031422055873872e+00
-1.573814296651800504e+00
-1.576594272989898959e+00
-1.579371063791803698e+00
-1.582144387711932332e+00
-1.584914047467143039e+00
-1.587679986615956107e+00
-1.590442311492934913e+00
-1.593201274675399848e+00
-1.595957225539528457e+00
-1.598710539833507305e+00
-1.601461543589980607e+00
-1.604210447716076793e+00
-1.606957308327065848e+00
-1.609702023610864563e+00
-1.612444370127348758e+00
-1.615184070999392096e+00
-1.617920878776075488e+00
-1.620654651042755967e+00
-1.623385399360740333e+00
-1.626113300452678212e+00
-1.628838668845060678e+00
-1.631561898856599857e+00
-1.634283389366016470e+00
-1.637003467471181084e+00
-1.639722327576260019e+00
-1.642440000448519566e+00
-1.645156361484349850e+00
-1.647871178462922748e+00
-1.650584188152369070e+00
-1.653295182203050162e+00
-1.656004079905193827e+00
-1.658710969930855317e+00
-1.661416112705971670e+00
-1.664119905343357297e+00
-1.666822818926180005e+00
-1.669525322468074613e+00
-1.672227809694347256e+00
-1.674930544458565373e+00
-1.677633637785064913e+00
-1.680337063352412619e+00
-1.683040708774100835e+00
-1.685744449591163319e+00
-1.688448225588039531e+00
-1.691152098338766452e+00
-1.693856275018498447e+00
-1.696561093375156704e+00
-1.699266972339920079e+00
-1.701974339646853185e+00
-1.704683551755504789e+00
-1.707394822994854122e+00
-1.710108180318729465e+00
-1.712823456495914831e+00
-1.715540326918223224e+00
-1.718258384085878943e+00
-1.720977232554702585e+00
-1.723696580587830152e+00
-1.726416306156397296e+00
-1.729136483376172206e+00
-1.731857366748208449e+00
-1.734579340344696963e+00
-1.737302845278340113e+00
-1.740028301639559905e+00
-1.742756041535250322e+00
-1.745486268158129128e+00
-1.748219051236264754e+00
-1.750954361155560246e+00
-1.753692133657894114e+00
-1.756432347772157954e+00
-1.759175095688205737e+00
-1.761920626514977828e+00
-1.764669354422024217e+00
-1.767421831497058893e+00
-1.770178693392443492e+00
-1.772940590358358826e+00
-1.775708118140274516e+00
-1.778481763202469645e+00
-1.781261874713878202e+00
-1.784048670866585251e+00
-1.786842279087735408e+00
-1.789642800179795490e+00
-1.792450378976990555e+00
-1.795265262258179506e+00
-1.798087829237070112e+00
-1.800918588483244154e+00
-1.803758143836384997e+00
-1.806607138211483443e+00
-1.809466187693859363e+00
-1.812335819695692907e+00
-1.815216428658939840e+00
-1.818108260380666641e+00
-1.821011430604991155e+00
-1.823925975130024524e+00
-1.826851919514920430e+00
-1.829789350352703181e+00
-1.832738469998123731e+00
-1.835699622489502802e+00
-1.838673287103634202e+00
-1.841660043903630806e+00
-1.844660520813631077e+00
-1.847675334196335672e+00
-1.850705035458298786e+00
-1.853750075264045005e+00
-1.856810794055674396e+00
-1.859887442120761181e+00
-1.862980224896205295e+00
-1.866089361847914185e+00
-1.869215143354623354e+00
-1.872357971454747139e+00
-1.875518376157407019e+00
-1.878697006291747851e+00
-1.881894599755279396e+00
-1.885111941370879896e+00
-1.888349817733665059e+00
-1.891608978211988035e+00
-1.894890109980415627e+00
-1.898193832320790531e+00
-1.901520711159147670e+00
-1.904871289534804779e+00
-1.908246125214217104e+00
-1.911645825000363397e+00
-1.915071067208324873e+00
-1.918522608135994068e+00
-1.922001273028316692e+00
-1.925507935386093550e+00
-1.929043490080432965e+00
-1.932608826031892990e+00
-1.936204803746585545e+00
-1.939832241960073977e+00
-1.943491915882587184e+00
-1.947184567013150236e+00
-1.950910921685469868e+00
-1.954671713458442595e+00
-1.958467704112001551e+00
-1.962299699445781309e+00
-1.966168558430808844e+00
-1.970075196347051083e+00
-1.974020583599222833e+00
-1.978005741867079781e+00
-1.982031738508514884e+00
-1.986099679248716221e+00
-1.990210698678926970e+00
-1.994365948313491455e+00
-1.998566582946816883e+00
-2.002813747400130406e+00
-2.007108566732683119e+00
-2.011452143021528638e+00
-2.015845560812323800e+00
-2.020289901711827429e+00
-2.024786266805824297e+00
-2.029335803864856569e+00
-2.033939734657060683e+00
-2.038599376264276675e+00
-2.043316149686678962e+00
-2.048091570228903979e+00
-2.052927217983913089e+00
-2.057824692749084861e+00
-2.062785563775623832e+00
-2.067811327930265008e+00
-2.072903388426788229e+00
-2.078063061030033687e+00
-2.083291607982056259e+00
-2.088590294011775317e+00
-2.093960454413050343e+00
-2.099403562048691718e+00
-2.104921278204621160e+00
-2.110515472523542879e+00
-2.116188201679321423e+00
-2.121941646114709812e+00
-2.127778017271017674e+00
-2.133699459179563718e+00
-2.139707972360612942e+00
-2.145805382536963624e+00
-2.151993364628752126e+00
-2.158273519154320308e+00
-2.164647487293402062e+00
-2.171117083219438637e+00
-2.177684417071980683e+00
-2.184351979245879427e+00
-2.191122658908162713e+00
-2.197999680317045623e+00
-2.204986460646426227e+00
-2.212086417582816100e+00
-2.219302773472783485e+00
-2.226638405733776249e+00
-2.234095779259176240e+00
-2.241676973207082479e+00
-2.249383791927533238e+00
-2.257217933710080171e+00
-2.265181181768828544e+00
-2.273275577364476607e+00
-2.281503534827891588e+00
-2.289867865315067252e+00
-2.298371694091789763e+00
-2.307018284530611307e+00
-2.315810812368781946e+00
-2.324752152491015522e+00
-2.333844737915586887e+00
-2.343090528603170686e+00
-2.352491097468126124e+00
-2.362047814195768591e+00
-2.371762089240271099e+00
-2.381635629585888481e+00
-2.391670652252554596e+00
-2.401870002304094864e+00
-2.412237134454927823e+00
-2.422775945902475581e+00
-2.433490489500485854e+00
-2.444384636268781108e+00
-2.455461775370875621e+00
-2.466724628119664864e+00
-2.478175217233070882e+00
-2.489814990907082137e+00
-2.501645067954634261e+00
-2.513666549790867677e+00
-2.525880834504511174e+00
-2.538289864581884103e+00
-2.550896244981360805e+00
-2.563703188422270074e+00
-2.576714283706907693e+00
-2.589933133407495536e+00
-2.603362949631461198e+00
-2.617006209767350544e+00
-2.630864451658302183e+00
-2.644938242657169702e+00
-2.659227310981096881e+00
-2.673730795438825414e+00
-2.688447553353440433e+00
-2.703376461473932402e+00
-2.718516646756321098e+00
-2.733867594106328180e+00
-2.749429100876194187e+00
-2.765201084180065827e+00
-2.781183288313222590e+00
-2.797374968643636883e+00
-2.813774630763723028e+00
-2.830379879124936160e+00
-2.847187391906322862e+00
-2.864193005731030084e+00
-2.881391874502841066e+00
-2.898778660740676472e+00
-2.916347720170652913e+00
-2.934093246588029391e+00
-2.952009352848418811e+00
-2.970090075978372379e+00
-2.988329309408111367e+00
-3.006720679518000594e+00
-3.025257391304382093e+00
-3.043932065611951732e+00
-3.062736580385066798e+00
-3.081661917572800835e+00
-3.100698012448656282e+00
-3.119833606301678941e+00
-3.139056115338829667e+00
-3.158351542769804343e+00
-3.177704468483973255e+00
-3.197098140975545899e+00
-3.216514662744599740e+00
-3.235935208712200417e+00
-3.255340167303298227e+00
-3.274709070966125513e+00
-3.294020200564248491e+00
-3.313249800476441465e+00
-3.332370912804853536e+00
-3.351351920262999773e+00
-3.370154979230906456e+00
-3.388734627466410299e+00
-3.407036945221335156e+00
-3.424999682164494796e+00
-3.442553665998889123e+00
-3.459625545486644249e+00
-3.476141549344996751e+00
-3.492031623380755345e+00
-3.507233210578099225e+00
-3.521694111855797615e+00
-3.535374199838555942e+00
-3.548246077709821034e+00
-3.560294957204609201e+00
-3.571518052342148586e+00
-3.581923697792960493e+00
-3.591530273805621398e+00
-3.600364917275177490e+00
-3.608461966182845870e+00
-3.615861137450790075e+00
-3.622605548011354593e+00
-3.628739789792670312e+00
-3.634308296410321937e+00
-3.639354174389550778e+00
-3.643918552507191322e+00
-3.648040388205190165e+00
-3.651756598810327326e+00
-3.655102363263079024e+00
-3.658111453014978753e+00
-3.660816482375980119e+00
-3.663249009055417282e+00
-3.665439460450541809e+00
-3.667416906037227253e+00
-3.669208733408586109e+00
-3.670840305812885784e+00
-3.672334676870022463e+00
-3.673712416033888317e+00
-3.674991566301349266e+00
-3.676187725645554405e+00
-3.677314223872605758e+00
-3.678382359131059598e+00
-3.679401660498526017e+00
-3.680380150517442495e+00
-3.681324590385760764e+00
-3.682240698347457375e+00
-3.683133337697920062e+00
-3.684006674660727843e+00
-3.684864308576090153e+00
-3.685709377847289137e+00
-3.686544645348069693e+00
-3.687372566823692743e+00
-3.688195345439091888e+00
-3.689014975173964483e+00
-3.689833275312772720e+00
-3.690651917865725107e+00
-3.691472449400245548e+00
-3.692296308463778765e+00
-3.693124839534092541e+00
-3.693959304235816976e+00
-3.694800890404374094e+00
-3.695650719453601685e+00
-3.696509852404973540e+00
-3.697379294859048482e+00
-3.698260001129237473e+00
-3.699152877710606635e+00
-3.700058786219395213e+00
-3.700978545909986206e+00
-3.701912935853429509e+00
-3.702862696843939982e+00
-3.703828533085970154e+00
-3.704811113703671221e+00
-3.705811074106183156e+00
-3.706829017235712787e+00
-3.707865514720461775e+00
-3.708921107950865714e+00
-3.709996309095173750e+00
-3.711091602069085837e+00
-3.712207443474031532e+00
-3.713344263519913646e+00
-3.714502466951145276e+00
-3.715682434000202150e+00
-3.716884521401692787e+00
-3.718109063513665991e+00
-3.719356373613845523e+00
-3.720626745470206220e+00
-3.721920455333054711e+00
-3.723237764567289165e+00
-3.724578923250317253e+00
-3.725944175219876975e+00
-3.727333765290661294e+00
-3.728747949702301501e+00
-3.730187011357465554e+00
-3.731651282109157641e+00
-3.733141175307963966e+00
-3.734657233029375689e+00
-3.736200193745439435e+00
-3.737771087243666468e+00
-3.739371363228986667e+00
-3.741003056027429885e+00
-3.742668976475701736e+00
-3.744372899462439452e+00
-3.746119682262680328e+00
-3.747915219449843516e+00
-3.749766149217657052e+00
-3.751679306498998390e+00
-3.753661048690103641e+00
-3.755716664654922265e+00
-3.757850036051443965e+00
-3.760063587359506521e+00
-3.762358446492930497e+00
-3.764734702626578500e+00
-3.767191673163524879e+00
-3.769728133590001917e+00
-3.772342496050395511e+00
-3.775032939614712646e+00
-3.777797501548971759e+00
-3.780634139579517328e+00
-3.783540773596426376e+00
-3.786515313208543176e+00
-3.789555675743622842e+00
-3.792659797872785177e+00
-3.795825643013639006e+00
-3.799051205952744592e+00
-3.802334515642822321e+00
-3.805673636804984827e+00
-3.809066670750469896e+00
-3.812511755693911653e+00
-3.816007066736518460e+00
-3.819550815636065355e+00
-3.823141250440299288e+00
-3.826776655033971686e+00
-3.830455348632393342e+00
-3.834175685243088161e+00
-3.837936053109670453e+00
-3.841734874147203715e+00
-3.845570603375087160e+00
-3.849441728351411296e+00
-3.853346768611342288e+00
-3.857284275111177774e+00
-3.861252829679117315e+00
-3.865251044473394959e+00
-3.869277561448158043e+00
-3.873331051827305416e+00
-3.877410215586382769e+00
-3.881513780942561276e+00
-3.885640503852670236e+00
-3.889789167519230428e+00
-3.893958581904403360e+00
-3.898147583251772907e+00
-3.902355033615850122e+00
-3.906579820399203484e+00
-3.910820855897099602e+00
-3.915077076849551752e+00
-3.919347444000661262e+00
-3.923630941665142480e+00
-3.927926577301927402e+00
-3.932233381094734970e+00
-3.936550405539505082e+00
-3.940876725038586770e+00
-3.945211435501579267e+00
-3.949553653952723842e+00
-3.953902518144743361e+00
-3.958257186179030995e+00
-3.962616836132090370e+00
-3.966980665688129015e+00
-3.971347891777710526e+00
-3.975717750222371727e+00
-3.980089495385112031e+00
-3.984462399826663059e+00
-3.988835753967450160e+00
-3.993208865755155657e+00
-3.997581060337798586e+00
-4.001951679742242973e+00
-4.006320082558050721e+00
-4.010685643626597852e+00
-4.015047753735368374e+00
-4.019405819317348083e+00
-4.023759262155437000e+00
-4.028107519091801869e+00
-4.032450041742091429e+00
-4.036786296214443404e+00
-4.041115762833195291e+00
-4.045437935867241208e+00
-4.049752323262952203e+00
-4.054058446381588077e+00
-4.058355839741135007e+00
-4.062644050762497017e+00
-4.066922639519972016e+00
-4.071191178495945806e+00
-4.075449252339739203e+00
-4.079696457630540785e+00
-4.083932402644358639e+00
-4.088156707124934286e+00
-4.092369002058552141e+00
-4.096568929452680585e+00
-4.100756142118386904e+00
-4.104930303456471030e+00
-4.109091087247247032e+00
-4.113238177443928834e+00
-4.117371267969549109e+00
-4.121490062517370490e+00
-4.125594274354717150e+00
-4.129683626130185914e+00
-4.133757849684176477e+00
-4.137816685862688360e+00
-4.141859884334334829e+00
-4.145887203410521415e+00
-4.149898409868735705e+00
-4.153893278778904907e+00
-4.157871593332764348e+00
-4.161833144676199581e+00
-4.165777731744499945e+00
-4.169705161100491608e+00
-4.173615246775493226e+00
-4.177507810113055164e+00
-4.181382679615434306e+00
-4.185239690792763589e+00
-4.189078686014867436e+00
-4.192899514365687530e+00
-4.196702031500272767e+00
-4.200486099504288973e+00
-4.204251586756018177e+00
-4.207998367790795946e+00
-4.211726323167851227e+00
-4.215435339339514087e+00
-4.219125308522748696e+00
-4.222796128572971597e+00
-4.226447702860125055e+00
-4.230079940146963757e+00
-4.233692754469520203e+00
-4.237286065019713277e+00
-4.240859796030065354e+00
-4.244413876660495966e+00
-4.247948240887152060e+00
-4.251462827393245547e+00
-4.254957579461870587e+00
-4.258432444870755340e+00
-4.261887375788930399e+00
-4.265322328675269503e+00
-4.268737264178886548e+00
-4.272132147041343586e+00
-4.275506946000649400e+00
-4.278861633697018441e+00
-4.282196186580354613e+00
-4.285510584819441249e+00
-4.288804812212801743e+00
-4.292078856101205986e+00
-4.295332707281794171e+00
-4.298566359923793989e+00
-4.301779811485801908e+00
-4.304973062634603664e+00
-4.308146117165509992e+00
-4.311298981924178264e+00
-4.314431666729898751e+00
-4.317544184300322385e+00
-4.320636550177602508e+00
-4.323708782655928395e+00
-4.326760902710426571e+00
-4.329792933927410381e+00
-4.332804902435952066e+00
-4.335796836840752455e+00
-4.338768768156295863e+00
-4.341720729742259088e+00
-4.344652757240155871e+00
-4.347564888511201708e+00
-4.350457163575368824e+00
-4.353329624551622423e+00
-4.356182315599306243e+00
-4.359015282860667639e+00
-4.361828574404498227e+00
-4.364622240170873191e+00
-4.367396331916967966e+00
-4.370150903163936285e+00
-4.372886009144832720e+00
-4.375601706753559306e+00
-4.378298054494816682e+00
-4.380975112435050889e+00
-4.383632942154369161e+00
-4.386271606699414072e+00
-4.388891170537180919e+00
-4.391491699509752600e+00
-4.394073260789950197e+00
-4.396635922837869970e+00
-4.399179755358303190e+00
-4.401704829259013962e+00
-4.404211216609867918e+00
-4.406698990602789578e+00
-4.409168225512543060e+00
-4.411618996658311254e+00
-4.414051380366069921e+00
-4.416465453931736285e+00
-4.418861295585078786e+00
-4.421238984454379128e+00
-4.423598600531830627e+00
-4.425940224639659526e+00
-4.428263938396954202e+00
-4.430569824187198691e+00
-4.432857965126488331e+00
-4.435128445032422206e+00
-4.437381348393653724e+00
-4.439616760340096668e+00
-4.441834766613766305e+00
-4.444035453540252867e+00
-4.446218908000806103e+00
-4.448385217405029124e+00
-4.450534469664166437e+00
-4.452666753164978175e+00
-4.454782156744182764e+00
-4.456880769663469799e+00
-4.458962681585062704e+00
-4.461027982547824955e+00
-4.463076762943902764e+00
-4.465109113495889126e+00
-4.467125125234504779e+00
-4.469124889476783657e+00
-4.471108497804754833e+00
-4.473076042044612066e+00
-4.475027614246362972e+00
-4.476963306663945374e+00
-4.478883211735807279e+00
-4.480787422065939829e+00
-4.482676030405353451e+00
-4.484549129633990994e+00
-4.486406812743069850e+00
-4.488249172817845078e+00
-4.490076303020781978e+00
-4.491888296575140771e+00
-4.493685246748950313e+00
-4.495467246839379705e+00
-4.497234390157489159e+00
-4.498986770013356562e+00
-4.500724479701575298e+00
-4.502447612487112671e+00
-4.504156261591524490e+00
-4.505850520179516039e+00
-4.507530481345848550e+00
-4.509196238102578747e+00
-4.510847883366629674e+00
-4.512485509947681273e+00
-4.514109210536382477e+00
-4.515719077692870620e+00
-4.517315203835598147e+00
-4.518897681230455099e+00
-4.520466601980190013e+00
-4.522022058014114165e+00
-4.523564141078092682e+00
-4.525092942724806555e+00
-4.526608554304290877e+00
-4.528111066954738639e+00
-4.529600571593562996e+00
-4.531077158908717983e+00
-4.532540919350271480e+00
-4.533991943122217982e+00
-4.535430320174541841e+00
-4.536856140195509646e+00
-4.538269492604195321e+00
-4.539670466543237026e+00
-4.541059150871812555e+00
-4.542435634158833224e+00
-4.543800004676355364e+00
-4.545152350393196095e+00
-4.546492758968759595e+00
-4.547821317747061443e+00
-4.549138113750950119e+00
-4.550443233676525701e+00
-4.551736763887743287e+00
-4.553018790411203831e+00
-4.554289398931127053e+00
-4.555548674784501983e+00
-4.556796702956411593e+00
-4.558033568075528841e+00
-4.559259354409778808e+00
-4.560474145862164264e+00
-4.561678025966755534e+00
-4.562871077884831372e+00
-4.564053384401176139e+00
-4.565225027920530643e+00
-4.566386090464185088e+00
-4.567536653666717683e+00
-4.568676798772877135e+00
-4.569806606634599255e+00
-4.570926157708162130e+00
-4.572035532051469175e+00
-4.573134809321468097e+00
-4.574224068771687968e+00
-4.575303389249908648e+00
-4.576372849195943893e+00
-4.577432526639548804e+00
-4.578482499198439193e+00
-4.579522844076425514e+00
-4.580553638061656940e+00
-4.581574957524974678e+00
-4.582586878418371867e+00
-4.583589476273554730e+00
-4.584582826200604089e+00
-4.585567002886739019e+00
-4.586542080595177318e+00
-4.587508133164083901e+00
-4.588465234005619564e+00
-4.589413456105073230e+00
-4.590352872020088348e+00
-4.591283553879967450e+00
-4.592205573385068185e+00
-4.593119001806275747e+00
-4.594023909984558784e+00
-4.594920368330599914e+00
-4.595808446824505289e+00
-4.596688215015587886e+00
-4.597559742022220952e+00
-4.598423096531765175e+00
-4.599278346800563355e+00
-4.600125560654002577e+00
-4.600964805486641218e+00
-4.601796148262399910e+00
-4.602619655514817332e+00
-4.603435393347363735e+00
-4.604243427433813096e+00
-4.605043823018677429e+00
-4.605836644917690847e+00
-4.606621957518354904e+00
-4.607399824780531894e+00
-4.608170310237093226e+00
-4.608933476994614864e+00
-4.609689387734126953e+00
-4.610438104711906071e+00
-4.611179689760317224e+00
-4.611914204288699359e+00
-4.612641709284295288e+00
-4.613362265313223354e+00
-4.614075932521493506e+00
-4.614782770636059794e+00
-4.615482838965913714e+00
-4.616176196403215748e+00
-4.616862901424465093e+00
-4.617543012091701371e+00
-4.618216586053743633e+00
-4.618883680547463122e+00
-4.619544352399088893e+00
-4.620198658025541860e+00
-4.620846653435802587e+00
-4.621488394232309282e+00
-4.622123935612381551e+00
-4.622753332369673451e+00
-4.623376638895653201e+00
-4.623993909181110418e+00
-4.624605196817683783e+00
-4.625210554999418910e+00
-4.625810036524344859e+00
-4.626403693796075522e+00
-4.626991578825432327e+00
-4.627573743232086478e+00
-4.628150238246223402e+00
-4.628721114710225848e+00
-4.629286423080374746e+00
-4.629846213428569612e+00
-4.630400535444064936e+00
-4.630949438435221666e+00
-4.631492971331278241e+00
-4.632031182684134940e+00
-4.632564120670150665e+00
-4.633091833091956602e+00
-4.633614367380282317e+00
-4.634131770595794286e+00
-4.634644089430944192e+00
-4.635151370211834099e+00
-4.635653658900086072e+00
-4.636151001094727775e+00
-4.636643442034082518e+00
-4.637131026597673511e+00
-4.637613799308134332e+00
-4.638091804333126511e+00
-4.638565085487266870e+00
-4.639033686234061982e+00
-4.639497649687846170e+00
-4.639957018615731954e+00
-4.640411835439558708e+00
-4.640862142237852872e+00
-4.641307980747790829e+00
-4.641749392367163551e+00
-4.642186418156350136e+00
-4.642619098840293113e+00
-4.643047474810474640e+00
-4.643471586126898032e+00
-4.643891472520072838e+00
-4.644307173392997257e+00
-4.644718727823149429e+00
-4.645126174564472521e+00
-4.645529552049366906e+00
-4.645928898390679684e+00
-4.646324251383695092e+00
-4.646715648508127572e+00
-4.647103126930109518e+00
-4.647486723504183459e+00
-4.647866474775291579e+00
-4.648242416980761682e+00
-4.648614586052296715e+00
-4.648983017617958069e+00
-4.649347747004148879e+00
-4.649708809237596441e+00
-4.650066239047328409e+00
-4.650420070866649880e+00
-4.650770338835116924e+00
-4.651117076800503902e+00
-4.651460318320770781e+00
-4.651800096666027784e+00
-4.652136444820490269e+00
-4.652469395484435388e+00
-4.652798981076152529e+00
-4.653125233733889310e+00
-4.653448185317792252e+00
-4.653767867411843007e+00
-4.654084311325790146e+00
-4.654397548097074733e+00
-4.654707608492752335e+00
-4.655014523011407945e+00
-4.655318321885064670e+00
-4.655619035081087098e+00
-4.655916692304081117e+00
-4.656211322997783064e+00
-4.656502956346946220e+00
-4.656791621279220195e+00
-4.657077346467021428e+00
-4.657360160329400145e+00
-4.657640091033899310e+00
-4.657917166498405592e+00
-4.658191414392994112e+00
-4.658462862141766081e+00
-4.658731536924679340e+00
-4.658997465679370897e+00
-4.659260675102974147e+00
-4.659521191653923644e+00
-4.659779041553758105e+00
-4.660034250788910981e+00
-4.660286845112495691e+00
-4.660536850046083757e+00
-4.660784290881470504e+00
-4.661029192682438094e+00
-4.661271580286506122e+00
-4.661511478306677780e+00
-4.661748911133173578e+00
-4.661983902935160629e+00
