-3.199900000000042155e-01
-3.199900000000042155e-01
-3.199899651379542465e-01
-3.199898648427825787e-01
-3.199896725416445653e-01
-3.199893653368740543e-01
-3.199889236310802798e-01
-3.199883306859770404e-01
-3.199875721112604987e-01
-3.199866352997292607e-01
-3.199855088626283872e-01
-3.199841821822038690e-01
-3.199826452747109307e-01
-3.199808891832694457e-01
-3.199789069788787632e-01
-3.199766950958973233e-01
-3.199742544023655988e-01
-3.199715904953638890e-01
-3.199687132065811013e-01
-3.199656357124336381e-01
-3.199623736533137586e-01
-3.199589444383311165e-01
-3.199553667174015459e-01
-3.199516599384039095e-01
-3.199478439292803289e-01
-3.199439384870941816e-01
-3.199399629838236003e-01
-3.199359360064081836e-01
-3.199318750427761482e-01
-3.199277962158102451e-01
-3.199237140622243070e-01
-3.199196413575534081e-01
-3.199155889998569480e-01
-3.199115659759542152e-01
-3.199075794361367353e-01
-3.199036348900821114e-01
-3.198997365081466260e-01
-3.198958874765568949e-01
-3.198920903270197624e-01
-3.198883471559899605e-01
-3.198846596733826986e-01
-3.198810290693198666e-01
-3.198774557448224032e-01
-3.198739389998555005e-01
-3.198704767956918604e-01
-3.198670657010385110e-01
-3.198637010925102220e-01
-3.198603776165540591e-01
-3.198570898464277446e-01
-3.198538330055727963e-01
-3.198506035994694296e-01
-3.198473998143953057e-01
-3.198442215997334692e-01
-3.198410704318251363e-01
-3.198379488368849333e-01
-3.198348598070701598e-01
-3.198318062652572569e-01
-3.198287907169257704e-01
-3.198258151751623424e-01
-3.198228813674938720e-01
-3.198199911493511127e-01
-3.198171469827113533e-01
-3.198143523123583298e-01
-3.198116116965648015e-01
-3.198089306164075829e-01
-3.198063149769098112e-01
-3.198037703985313618e-01
-3.198013014591060132e-01
-3.197989110718683636e-01
-3.197966001683676396e-01
-3.197943677944772856e-01
-3.197922116303996698e-01
-3.197901288319798807e-01
-3.197881169940975377e-01
-3.197861749925107744e-01
-3.197843034878464774e-01
-3.197825049674257736e-01
-3.197807833279924239e-01
-3.197791431295640141e-01
-3.197775887501401182e-01
-3.197761237273810675e-01
-3.197747505779968691e-01
-3.197734713321643274e-01
-3.197722889083914333e-01
-3.197712092996529698e-01
-3.197702443827702412e-01
-3.197694150513129552e-01
-3.197687543461747994e-01
-3.197683103180477548e-01
-3.197681484628270288e-01
-3.197683536687944139e-01
-3.197690316637005203e-01
-3.197703099473729327e-01
-3.197723381746190308e-01
-3.197752879683635752e-01
-3.197793522434099200e-01
-3.197847443198500450e-01
-3.197916973549275177e-01
-3.198004648206957956e-01
-3.198113227870861830e-01
-3.198245745668528150e-01
-3.198405578471413269e-01
-3.198596538351853313e-01
-3.198822972607578974e-01
-3.199089853854363841e-01
-3.199402835854054383e-01
-3.199768248017224037e-01
-3.200193004640104477e-01
-3.200684416093887430e-01
-3.201249907816609008e-01
-3.201896674193560610e-01
-3.202631310261138675e-01
-3.203459467790740756e-01
-3.204385572541920690e-01
-3.205412621754655245e-01
-3.206542063767063300e-01
-3.207773751569690246e-01
-3.209105960972551408e-01
-3.210535469186929780e-01
-3.212057695774815369e-01
-3.213666909646515912e-01
-3.215356499764493448e-01
-3.217119294231546855e-01
-3.218947897861184071e-01
-3.220835009654197112e-01
-3.222773683972969261e-01
-3.224757512033535334e-01
-3.226780718006329596e-01
-3.228838179795592844e-01
-3.230925394296075837e-01
-3.233038410022739395e-01
-3.235173748145584449e-01
-3.237328328235206665e-01
-3.239499408962999705e-01
-3.241684547588245535e-01
-3.243881576232707786e-01
-3.246088588795810193e-01
-3.248303930811197171e-01
-3.250526185684504132e-01
-3.252754153674626281e-01
-3.254986823292062015e-01
-3.257223337379394623e-01
-3.259462957588033505e-01
-3.261705031390969567e-01
-3.263948965440101047e-01
-3.266194208126282361e-01
-3.268440242647615013e-01
-3.270686589862197291e-01
-3.272932818143182154e-01
-3.275178556069338609e-01
-3.277423503638879354e-01
-3.279667438807191693e-01
-3.281910217959277398e-01
-3.284151770674064719e-01
-3.286392090297828306e-01
-3.288631222298566970e-01
-3.290869252281256596e-01
-3.293106295128890304e-01
-3.295342486154093087e-01
-3.297577974489193653e-01
-3.299812918293669739e-01
-3.302047480846198035e-01
-3.304281826358211882e-01
-3.306516114468771583e-01
-3.308750492802537413e-01
-3.310985087555414763e-01
-3.313219992690082938e-01
-3.315455258916709114e-01
-3.317690884172805887e-01
-3.319926807709654426e-01
-3.322162909930356789e-01
-3.324399019533146871e-01
-3.326634928160314697e-01
-3.328870410890221732e-01
-3.331105249219881159e-01
-3.333339252453129120e-01
-3.335572273997146620e-01
-3.337804220656823140e-01
-3.340035054848185525e-01
-3.342264791050338357e-01
-3.344493488498792022e-01
-3.346721242177809752e-01
-3.348948173830511577e-01
-3.351174424172486677e-01
-3.353400146878003918e-01
-3.355625504277183202e-01
-3.357850664153720355e-01
-3.360075796695918826e-01
-3.362301070625831056e-01
-3.364526647802634773e-01
-3.366752676055142501e-01
-3.368979280513788033e-01
-3.371206554211892970e-01
-3.373434549193223275e-01
-3.375663269764376251e-01
-3.377892669736381470e-01
-3.380122655278411381e-01
-3.382353094149866957e-01
-3.384583830626499701e-01
-3.386814703834762907e-01
-3.389045566159641365e-01
-3.391276298421858626e-01
-3.393506819598114954e-01
-3.395737090428417315e-01
-3.397967111652553385e-01
-3.400196918456021011e-01
-3.402426572959604822e-01
-3.404656156432183112e-01
-3.406885762524113903e-01
-3.409115492305768158e-01
-3.411345451295632603e-01
-3.413575748046968616e-01
-3.415806493374932695e-01
-3.418037799108434305e-01
-3.420269775409955915e-01
-3.422502526140551726e-01
-3.424736142290755181e-01
-3.426970694018616759e-01
-3.429206222289477024e-01
-3.431442731497187926e-01
-3.433680184711220829e-01
-3.435918503178514993e-01
-3.438157571197303364e-01
-3.440397246378995022e-01
-3.442637373855161331e-01
-3.444877801741049739e-01
-3.447118394742232361e-01
-3.449359043402643876e-01
-3.451599667809428507e-01
-3.453840215984454454e-01
-3.456080658231348024e-01
-3.458320979229795866e-01
-3.460561169775023815e-01
-3.462801219886208481e-01
-3.465041114598444438e-01
-3.467280833081064495e-01
-3.469520350817712484e-01
-3.471759643641985082e-01
-3.473998691791184701e-01
-3.476237482100563159e-01
-3.478476007018742600e-01
-3.480714260017083728e-01
-3.482952227864490324e-01
-3.485189880958257658e-01
-3.487427163423250653e-01
-3.489663985040730165e-01
-3.491900217169547349e-01
-3.494135694469504005e-01
-3.496370223231680674e-01
-3.498603595534129918e-01
-3.500835606775326569e-01
-3.503066073141605230e-01
-3.505294845740693499e-01
-3.507521819353326409e-01
-3.509746935371695353e-01
-3.511970179820246840e-01
-3.514191578050797626e-01
-3.516411187811792072e-01
-3.518629092136255632e-01
-3.520845393085458852e-01
-3.523060206942307260e-01
-3.525273661018070714e-01
-3.527485891859753475e-01
-3.529697044389518146e-01
-3.531907271433918361e-01
-3.534116733209612393e-01
-3.536325596544723227e-01
-3.538534033819384361e-01
-3.540742221726270733e-01
-3.542950339964313078e-01
-3.545158569914381719e-01
-3.547367093249610970e-01
-3.549576090349101376e-01
-3.551785738346731613e-01
-3.553996208673568802e-01
-3.556207664030243687e-01
-3.558420254812186267e-01
-3.560634115058245452e-01
-3.562849357987633026e-01
-3.565066071168985773e-01
-3.567284311399854246e-01
-3.569504099529743901e-01
-3.571725415755447886e-01
-3.573948196300357205e-01
-3.576172332709959267e-01
-3.578397675019379665e-01
-3.580624039551388305e-01
-3.582851221057166136e-01
-3.585079007640283866e-01
-3.587307195994381970e-01
-3.589535604420295845e-01
-3.591764081885329141e-01
-3.593992512596841382e-01
-3.596220816621152339e-01
-3.598448947658549057e-01
-3.600676889175161710e-01
-3.602904649867013087e-01
-3.605132259088750235e-01
-3.607359762558807192e-01
-3.609587218425064914e-01
-3.611814693660115871e-01
-3.614042260735049750e-01
-3.616269994551964961e-01
-3.618497969649867585e-01
-3.620726257707850282e-01
-3.622954925355906797e-01
-3.625184032290078573e-01
-3.627413629696718544e-01
-3.629643759026109362e-01
-3.631874451202323772e-01
-3.634105726378721313e-01
-3.636337594304654974e-01
-3.638570055235646472e-01
-3.640803101122541685e-01
-3.643036716635892347e-01
-3.645270879514574958e-01
-3.647505559816909826e-01
-3.649740717867174244e-01
-3.651976300962317956e-01
-3.654212239186445110e-01
-3.656448440967965952e-01
-3.658684789304050833e-01
-3.660921139812213232e-01
-3.663157321808188649e-01
-3.665393143276119425e-01
-3.667628399823003593e-01
-3.669862886687562664e-01
-3.672096412046960134e-01
-3.674328809661158712e-01
-3.676559949399526572e-01
-3.678789745078109297e-01
-3.681018159806276890e-01
-3.683245209358679828e-01
-3.685470963895595142e-01
-3.687695547822773534e-01
-3.689919137008879635e-01
-3.692141952309241359e-01
-3.694364248660610972e-01
-3.696586299952251964e-01
-3.698808381098666609e-01
-3.701030749617564841e-01
-3.703253629056968421e-01
-3.705477195823100867e-01
-3.707701569826389876e-01
-3.709926808483647309e-01
-3.712152903332225917e-01
-3.714379778819842381e-01
-3.716607293481077323e-01
-3.718835244331003542e-01
-3.721063375512738691e-01
-3.723291391763445257e-01
-3.725518976164343132e-01
-3.727745810385669212e-01
-3.729971594907083299e-01
-3.732196066907190746e-01
-3.734419014508559287e-01
-3.736640287232981250e-01
-3.738859803266237902e-01
-3.741077554183817599e-01
-3.743293607245362087e-01
-3.745508104564158058e-01
-3.747721257858893651e-01
-3.749933337559068214e-01
-3.752144656011188739e-01
-3.754355546191822102e-01
-3.756566338923555959e-01
-3.758777342236879759e-01
-3.760988825855603457e-01
-3.763201012206730534e-01
-3.765414073681347951e-01
-3.767628134739500201e-01
-3.769843277034725659e-01
-3.772059545857397445e-01
-3.774276956591364196e-01
-3.776495500353223567e-01
-3.778715148450284556e-01
-3.780935855713574156e-01
-3.783157563088385689e-01
-3.785380200033220399e-01
-3.787603687254906260e-01
-3.789827940129944506e-01
-3.792052872916816253e-01
-3.794278403625108709e-01
-3.796504459193983383e-01
-3.798730980425160664e-01
-3.800957925911200852e-01
-3.803185274063290433e-01
-3.805413022412717505e-01
-3.807641183776042659e-01
-3.809869779634258435e-01
-3.812098831934634946e-01
-3.814328355071934795e-01
-3.816558349746170808e-01
-3.818788799770889697e-01
-3.821019672053705962e-01
-3.823250919247715984e-01
-3.825482484147033624e-01
-3.827714304743912721e-01
-3.829946318881406464e-01
-3.832178467576844993e-01
-3.834410696389786155e-01
-3.836642954708247566e-01
-3.838875193474016179e-01
-3.841107362454607155e-01
-3.843339408432399629e-01
-3.845571275490188290e-01
-3.847802908028052360e-01
-3.850034256482013917e-01
-3.852265285109093829e-01
-3.854495980693550816e-01
-3.856726360578832113e-01
-3.858956478067353535e-01
-3.861186423140932078e-01
-3.863416316930923800e-01
-3.865646299578843759e-01
-3.867876512832659208e-01
-3.870107080214547635e-01
-3.872338088100684139e-01
-3.874569570324255530e-01
-3.876801497430304999e-01
-3.879033770301160700e-01
-3.881266217145264430e-01
-3.883498592942465910e-01
-3.885730581133583494e-01
-3.887961798218309561e-01
-3.890191802519498698e-01
-3.892420108284414537e-01
-3.894646205387796711e-01
-3.896869583504558032e-01
-3.899089758460807520e-01
-3.901306298226334679e-01
-3.903518846776042883e-01
-3.905727145254175858e-01
-3.907931050716541566e-01
-3.910130552656913006e-01
-3.912325786476282818e-01
-3.914517041413419496e-01
-3.916704758993004298e-01
-3.918889517791226962e-01
-3.921072002144153634e-01
-3.923252956322712537e-01
-3.925433130253234704e-01
-3.927613225768490368e-01
-3.929793851999192067e-01
-3.931975495166892820e-01
-3.934158503636004944e-01
-3.936343085646555329e-01
-3.938529315618083948e-01
-3.940717145067591520e-01
-3.942906415238725537e-01
-3.945096869707124809e-01
-3.947288165958993678e-01
-3.949479884988092437e-01
-3.951671537402923762e-01
-3.953862563771972094e-01
-3.956052326482816794e-01
-3.958240090626254370e-01
-3.960424992433182467e-01
-3.962605995548225124e-01
-3.964781837979551860e-01
-3.966950976084596125e-01
-3.969111536337531221e-01
-3.971261289915148929e-01
-3.973397667134160871e-01
-3.975517825607113309e-01
-3.977618776104097087e-01
-3.979697555742847670e-01
-3.981751425593547111e-01
-3.983778065801762414e-01
-3.985775747814491732e-01
-3.987743475664276005e-01
-3.989681098988628327e-01
-3.991589403984439066e-01
-3.993470183535703932e-01
-3.995326276791026920e-01
-3.997161556632619628e-01
-3.998980837666140653e-01
-4.000789684270367741e-01
-4.002594120096740204e-01
-4.004400270527316286e-01
-4.006213993469130985e-01
-4.008040558142667020e-01
-4.009884414255280305e-01
-4.011749065696345595e-01
-4.013637037876713887e-01
-4.015549914497882900e-01
-4.017488418045410126e-01
-4.019452513986151998e-01
-4.021441526282784618e-01
-4.023454257891538877e-01
-4.025489112919907186e-01
-4.027544217295089823e-01
-4.029617533423787146e-01
-4.031706963088464990e-01
-4.033810432994336947e-01
-4.035925959246429162e-01
-4.038051689921743348e-01
-4.040185927720947312e-01
-4.042327136592342440e-01
-4.044473936939056435e-01
-4.046625093755345515e-01
-4.048779501208740195e-01
-4.050936166184223586e-01
-4.053094192390436223e-01
-4.055252765910738466e-01
-4.057411142581285324e-01
-4.059568637262228052e-01
-4.061724614889471452e-01
-4.063878483108374629e-01
-4.066029686262243592e-01
-4.068177700512506934e-01
-4.070322029887969983e-01
-4.072462203087551802e-01
-4.074597770888899184e-01
-4.076728304041326578e-01
-4.078853391544429718e-01
-4.080972639233102495e-01
-4.083085668605718754e-01
-4.085192115845290295e-01
-4.087291630993882263e-01
-4.089383877248944921e-01
-4.091468530356834887e-01
-4.093545278084051997e-01
-4.095613819750831275e-01
-4.097673865814974170e-01
-4.099725137496355032e-01
-4.101767366434532214e-01
-4.103800294373463609e-01
-4.105823672868543772e-01
-4.107837263012150131e-01
-4.109840835174613516e-01
-4.111834168758106700e-01
-4.113817051961361493e-01
-4.115789281553422496e-01
-4.117750662654831584e-01
-4.119701008524688235e-01
-4.121640140351964798e-01
-4.123567887049210956e-01
-4.125484085046320359e-01
-4.127388578081258030e-01
-4.129281216983428648e-01
-4.131161859443482909e-01
-4.133030369760514189e-01
-4.134886618553296200e-01
-4.136730482415759691e-01
-4.138561843487253977e-01
-4.140380588893726732e-01
-4.142186609994537583e-01
-4.143979801337975277e-01
-4.145760059182202473e-01
-4.147527279371442388e-01
-4.149281354262780441e-01
-4.151022168270624424e-01
-4.152749591432798870e-01
-4.154463470220988164e-01
-4.156163614678192730e-01
-4.157849781015365287e-01
-4.159521649341068050e-01
-4.161178797726368672e-01
-4.162820676857121871e-01
-4.164446594019316494e-01
-4.166055719121789513e-01
-4.167647124240538292e-01
-4.169219857306666888e-01
-4.170773032973608130e-01
-4.172305912255616089e-01
-4.173817948143432877e-01
-4.175308792291564930e-01
-4.176778273310688405e-01
-4.178226361952206425e-01
-4.179653135061204283e-01
-4.181058744534594807e-01
-4.182443393194852921e-01
-4.183807317178526164e-01
-4.185150773584056516e-01
-4.186474032031691772e-01
-4.187777368996697391e-01
-4.189061064051175509e-01
-4.190325397395079365e-01
-4.191570648247716080e-01
-4.192797093809226272e-01
-4.194005008597765372e-01
-4.195194664033541909e-01
-4.196366328184714667e-01
-4.197520265619243407e-01
-4.198656737326005306e-01
-4.199776000681108012e-01
-4.200878309443626946e-01
-4.201963913770425108e-01
-4.203033060243275276e-01
-4.204085991903834807e-01
-4.205122948293557039e-01
-4.206144165496620846e-01
-4.207149876184620441e-01
-4.208140309662190548e-01
-4.209115691913024038e-01
-4.210076245645930082e-01
-4.211022190340696358e-01
-4.211953742293610414e-01
-4.212871114662539163e-01
-4.213774517511509887e-01
-4.214664157854748350e-01
-4.215540239700159564e-01
-4.216402964092231254e-01
-4.217252529154361662e-01
-4.218089130130606712e-01
-4.218912959426848741e-01
-4.219724206651394582e-01
-4.220523058655001325e-01
-4.221309699570344187e-01
-4.222084310850927058e-01
-4.222847071309445144e-01
-4.223598157155606381e-01
-4.224337742033418275e-01
-4.225065997057949052e-01
-4.225783090851567558e-01
-4.226489189579672456e-01
-4.227184456985915162e-01
-4.227869054426922624e-01
-4.228543140906533271e-01
-4.229206873109542797e-01
-4.229860405434976989e-01
-4.230503890028889380e-01
-4.231137476816697607e-01
-4.231761313535060687e-01
-4.232375545763302771e-01
-4.232980316954394473e-01
-4.233575768465493994e-01
-4.234162039588055260e-01
-4.234739267577508071e-01
-4.235307587682520247e-01
-4.235867133173841781e-01
-4.236418035372742641e-01
-4.236960423679044796e-01
-4.237494425598758441e-01
-4.238020166771323538e-01
-4.238537770996468335e-01
-4.239047360260684294e-01
-4.239549054763325220e-01
-4.240042972942335564e-01
-4.240529231499615692e-01
-4.241007945426023551e-01
-4.241479228026024395e-01
-4.241943190941987463e-01
-4.242399944178140148e-01
-4.242849596124178002e-01
-4.243292253578543893e-01
-4.243728021771372427e-01
-4.244157004387109633e-01
-4.244579303586810681e-01
-4.244995020030120636e-01
-4.245404252896942676e-01
-4.245807099908797677e-01
-4.246203657349879590e-01
-4.246594020087811061e-01
-4.246978281594105953e-01
-4.247356533964335989e-01
-4.247728867938014852e-01
-4.248095372918195833e-01
-4.248456136990791943e-01
-4.248811246943620668e-01
-4.249160788285176182e-01
-4.249504845263136210e-01
-4.249843500882602432e-01
-4.250176836924082768e-01
-4.250504933961216647e-01
-4.250827871378247136e-01
-4.251145727387244944e-01
-4.251458579045085950e-01
-4.251766502270185044e-01
-4.252069571858994035e-01
-4.252367861502262536e-01
-4.252661443801066810e-01
-4.252950390282608240e-01
-4.253234771415789761e-01
-4.253514656626566914e-01
-4.253790114313080184e-01
-4.254061211860571401e-01
-4.254328015656086981e-01
-4.254590591102971331e-01
-4.254849002635152089e-01
-4.255103313731221637e-01
-4.255353586928317666e-01
-4.255599883835805008e-01
-4.255842265148760406e-01
-4.256080790661266322e-01
-4.256315519279513793e-01
-4.256546509034716541e-01
-4.256773817095842460e-01
-4.256997499782160799e-01
-4.257217612575610044e-01
-4.257434210132989283e-01
-4.257647346297975255e-01
-4.257857074112965656e-01
-4.258063445830753690e-01
-4.258266512926035530e-01
-4.258466326106751798e-01
-4.258662935325268073e-01
-4.258856389789392738e-01
-4.259046737973238295e-01
-4.259234027627927244e-01
-4.259418305792143089e-01
-4.259599618802530352e-01
-4.259778012303945260e-01
-4.259953531259559889e-01
-4.260126219960819749e-01
-4.260296122037259825e-01
-4.260463280466179059e-01
-4.260627737582175500e-01
-4.260789535086544344e-01
-4.260948714056541076e-01
-4.261105314954511947e-01
-4.261259377636892887e-01
-4.261410941363077409e-01
-4.261560044804160174e-01
-4.261706726051551208e-01
-4.261851022625469110e-01
-4.261992971483308801e-01
-4.262132609027892705e-01
-4.262269971115599243e-01
-4.262405093064377537e-01
-4.262538009661644423e-01
-4.262668755172068780e-01
-4.262797363345241508e-01
-4.262923867423239477e-01
-4.263048300148075120e-01
-4.263170693769042785e-01
-4.263291080049956827e-01
-4.263409490276285907e-01
-4.263525955262184031e-01
-4.263640505357420007e-01
-4.263753170454208652e-01
-4.263863979993940956e-01
-4.263972962973817671e-01
-4.264080147953387967e-01
-4.264185563060993167e-01
-4.264289236000117223e-01
-4.264391194055645040e-01
-4.264491464100030327e-01
-4.264590072599376280e-01
-4.264687045619425243e-01
-4.264782408831463423e-01
-4.264876187518139572e-01
-4.264968406579200955e-01
-4.265059090537144382e-01
-4.265148263542785090e-01
-4.265235949380747904e-01
-4.265322171474875690e-01
-4.265406952893560644e-01
-4.265490316354999534e-01
-4.265572284232370115e-01
-4.265652878558934824e-01
-4.265732121033070090e-01
-4.265810033023221259e-01
-4.265886635572787022e-01
-4.265961949404932230e-01
-4.266035994927332431e-01
-4.266108792236846248e-01
-4.266180361124123355e-01
-4.266250721078143626e-01
-4.266319891290691335e-01
-4.266387890660762738e-01
-4.266454737798911490e-01
-4.266520451031529659e-01
-4.266585048405067138e-01
-4.266648547690189419e-01
-4.266710966385874881e-01
-4.266772321723452666e-01
-4.266832630670580606e-01
-4.266891909935167093e-01
-4.266950175969235759e-01
-4.267007444972730767e-01
-4.267063732897271588e-01
-4.267119055449848375e-01
-4.267173428096466825e-01
-4.267226866065738089e-01
-4.267279384352417049e-01
-4.267330997720888419e-01
-4.267381720708602888e-01
-4.267431567629462186e-01
-4.267480552577155306e-01
-4.267528689428446431e-01
-4.267575991846413452e-01
-4.267622473283639861e-01
-4.267668146985361122e-01
-4.267713025992563303e-01
-4.267757123145037856e-01
-4.267800451084389768e-01
-4.267843022257005181e-01
-4.267884848916971285e-01
-4.267925943128956234e-01
-4.267966316771047985e-01
-4.268005981537547067e-01
-4.268044948941723260e-01
-4.268083230318529542e-01
-4.268120836827276610e-01
-4.268157779454267997e-01
-4.268194069015396330e-01
-4.268229716158703502e-01
-4.268264731366900322e-01
-4.268299124959851754e-01
-4.268332907097023288e-01
-4.268366087779894569e-01
-4.268398676854333607e-01
-4.268430684012940457e-01
-4.268462118797352045e-01
-4.268492990600517012e-01
-4.268523308668934479e-01
-4.268553082104861729e-01
-4.268582319868488018e-01
-4.268611030780076199e-01
-4.268639223522075477e-01
-4.268666906641199188e-01
-4.268694088550475940e-01
-4.268720777531266886e-01
-4.268746981735255241e-01
-4.268772709186407499e-01
-4.268797967782902991e-01
-4.268822765299037925e-01
-4.268847109387098326e-01
-4.268871007579208010e-01
-4.268894467289147676e-01
-4.268917495814148477e-01
-4.268940100336657273e-01
-4.268962287926077459e-01
-4.268984065540483153e-01
-4.269005440028308951e-01
-4.269026418130014155e-01
-4.269047006479721462e-01
-4.269067211606832890e-01
-4.269087039937621286e-01
-4.269106497796799071e-01
-4.269125591409060894e-01
-4.269144326900607411e-01
-4.269162710300643537e-01
-4.269180747542856147e-01
-4.269198444466869025e-01
-4.269215806819675607e-01
-4.269232840257053962e-01
-4.269249550344954569e-01
-4.269265942560874216e-01
-4.269282022295204926e-01
-4.269297794852564554e-01
-4.269313265453107409e-01
-4.269328439233815997e-01
-4.269343321249771117e-01
-4.269357916475408077e-01
-4.269372229805747931e-01
-4.269386266057615953e-01
-4.269400029970837895e-01
-4.269413526209420717e-01
-4.269426759362716095e-01
-4.269439733946564508e-01
-4.269452454404423225e-01
-4.269464925108479303e-01
-4.269477150360742601e-01
-4.269489134394125474e-01
-4.269500881373504697e-01
-4.269512395396767301e-01
-4.269523680495843632e-01
-4.269534740637720427e-01
-4.269545579725443352e-01
-4.269556201599100098e-01
-4.269566610036792942e-01
-4.269576808755594644e-01
-4.269586801412489918e-01
-4.269596591605302471e-01
-4.269606182873610933e-01
-4.269615578699647029e-01
-4.269624782509183758e-01
-4.269633797672407471e-01
-4.269642627504779964e-01
-4.269651275267884460e-01
-4.269659744170261062e-01
-4.269668037368228308e-01
-4.269676157966694752e-01
-4.269684109019954432e-01
-4.269691893532474025e-01
-4.269699514459666667e-01
-4.269706974708653568e-01
-4.269714277139016190e-01
-4.269721424563534540e-01
-4.269728419748916037e-01
-4.269735265416512715e-01
-4.269741964243028987e-01
-4.269748518861216091e-01
-4.269754931860558766e-01
-4.269761205787949709e-01
-4.269767343148355709e-01
-4.269773346405471015e-01
-4.269779217982364039e-01
-4.269784960262111850e-01
-4.269790575588425785e-01
-4.269796066266268730e-01
-4.269801434562460751e-01
-4.269806682706278056e-01
-4.269811812890041969e-01
-4.269816827269697357e-01
-4.269821727965384950e-01
-4.269826517062003113e-01
-4.269831196609762958e-01
-4.269835768624732908e-01
-4.269840235089376046e-01
-4.269844597953078580e-01
-4.269848859132672758e-01
-4.269853020512948683e-01
-4.269857083947160015e-01
-4.269861051257521356e-01
-4.269864924235699521e-01
-4.269868704643294821e-01
-4.269872394212317346e-01
-4.269875994645654926e-01
-4.269879507617533876e-01
-4.269882934773973626e-01
-4.269886277733233038e-01
-4.269889538086250602e-01
-4.269892717397079096e-01
-4.269895817203311350e-01
-4.269898839016501024e-01
-4.269901784322576721e-01
-4.269904654582250547e-01
-4.269907451231417239e-01
-4.269910175681551623e-01
-4.269912829320097192e-01
-4.269915413510849689e-01
-4.269917929594333472e-01
-4.269920378888174550e-01
-4.269922762687466400e-01
-4.269925082265128569e-01
-4.269927338872264166e-01
-4.269929533738507366e-01
-4.269931668072368680e-01
-4.269933743061571918e-01
-4.269935759873390024e-01
-4.269937719654972597e-01
-4.269939623533667850e-01
-4.269941472617342915e-01
-4.269943267994696923e-01
-4.269945010735569091e-01
-4.269946701891243479e-01
-4.269948342494747084e-01
-4.269949933561145716e-01
-4.269951476087833209e-01
-4.269952971054817303e-01
-4.269954419425001091e-01
-4.269955822144459456e-01
-4.269957180142712194e-01
-4.269958494332991572e-01
-4.269959765612507674e-01
-4.269960994862707082e-01
-4.269962182949530449e-01
-4.269963330723663408e-01
-4.269964439020785818e-01
-4.269965508661814901e-01
-4.269966540453147830e-01
-4.269967535186895979e-01
-4.269968493641119744e-01
-4.269969416580058352e-01
-4.269970304754355239e-01
-4.269971158901279540e-01
-4.269971979744947022e-01
-4.269972767996534913e-01
-4.269973524354492844e-01
-4.269974249504753794e-01
-4.269974944120938920e-01
-4.269975608864559624e-01
-4.269976244385216835e-01
-4.269976851320798072e-01
-4.269977430297669518e-01
-4.269977981930866973e-01
-4.269978506824282927e-01
-4.269979005570849750e-01
-4.269979478752722324e-01
-4.269979926941455117e-01
-4.269980350698179272e-01
-4.269980750573775241e-01
-4.269981127109041541e-01
-4.269981480834864063e-01
-4.269981812272379829e-01
-4.269982121933140196e-01
-4.269982410319270172e-01
-4.269982677923624959e-01
-4.269982925229945936e-01
-4.269983152713011654e-01
-4.269983360838789377e-01
-4.269983550064581634e-01
-4.269983720839171104e-01
-4.269983873602963831e-01
-4.269984008788130780e-01
-4.269984126818744952e-01
-4.269984228110918489e-01
-4.269984313072936466e-01
-4.269984382105388443e-01
-4.269984435601299477e-01
-4.269984473946257242e-01
-4.269984497518536926e-01
-4.269984506689226689e-01
-4.269984501822348677e-01
-4.269984483274978371e-01
-4.269984451397363379e-01
