1.156059999999982324e+00
1.156059999999982324e+00
1.156059896696031819e+00
1.156059622478695204e+00
1.156059142267783946e+00
1.156058450065158949e+00
1.156057564966138651e+00
1.156056526397589712e+00
1.156055388394811922e+00
1.156054212845149420e+00
1.156053061915465197e+00
1.156051990470867930e+00
1.156051040188114110e+00
1.156050237791154123e+00
1.156049599170500874e+00
1.156049138078726779e+00
1.156048874191932585e+00
1.156048834730275754e+00
1.156049047995530321e+00
1.156049532092628729e+00
1.156050283694352254e+00
1.156051270315913149e+00
1.156052427610344324e+00
1.156053661977168412e+00
1.156054858113467088e+00
1.156055890429256827e+00
1.156056636324582776e+00
1.156056988578693323e+00
1.156056864098265358e+00
1.156056207233907118e+00
1.156054987464611772e+00
1.156053192804032737e+00
1.156050821243095106e+00
1.156047872716228886e+00
1.156044343582777856e+00
1.156040224698454244e+00
1.156035503069149817e+00
1.156030166079107246e+00
1.156024206614591598e+00
1.156017627255814917e+00
1.156010442126945703e+00
1.156002675821246273e+00
1.155994359763193868e+00
1.155985527134194779e+00
1.155976207877864814e+00
1.155966425249680629e+00
1.155956194922137525e+00
1.155945526914458732e+00
1.155934429768886496e+00
1.155922915681924623e+00
1.155911004952449250e+00
1.155898728263065278e+00
1.155886125928250463e+00
1.155873244124124843e+00
1.155860128991288205e+00
1.155846820137937936e+00
1.155833345316050531e+00
1.155819717838066918e+00
1.155805937664545313e+00
1.155791996137682354e+00
1.155777883287969932e+00
1.155763595814302880e+00
1.155749143525495848e+00
1.155734552369102941e+00
1.155719863063711106e+00
1.155705125512170861e+00
1.155690390276729707e+00
1.155675699185081839e+00
1.155661077457501795e+00
1.155646529527882382e+00
1.155632039967452895e+00
1.155617579702272302e+00
1.155603116299342759e+00
1.155588625892323806e+00
1.155574103757545101e+00
1.155559570873574193e+00
1.155545074914557713e+00
1.155530685676876335e+00
1.155516486481963145e+00
1.155502564300649126e+00
1.155489002022678235e+00
1.155475876354815856e+00
1.155463264208092866e+00
1.155451259130821029e+00
1.155439997544333464e+00
1.155429692687029108e+00
1.155420672861432907e+00
1.155413420249367329e+00
1.155408607214411409e+00
1.155407128186515031e+00
1.155410126273472393e+00
1.155419014217302420e+00
1.155435489199689414e+00
1.155461540738679904e+00
1.155499451210005635e+00
1.155551790000913792e+00
1.155621405107187361e+00
1.155711419455026645e+00
1.155825241963716055e+00
1.155966603791026559e+00
1.156139627375400991e+00
1.156348929893145305e+00
1.156599754432612759e+00
1.156898112604575868e+00
1.157250912563968726e+00
1.157666038170892975e+00
1.158152341139779606e+00
1.158719512424458031e+00
1.159377814881758395e+00
1.160137685651544626e+00
1.161009246779031390e+00
1.162001785050336800e+00
1.163123267107316616e+00
1.164379941995153267e+00
1.165776058071227306e+00
1.167313696686561819e+00
1.168992710554517034e+00
1.170810752863478132e+00
1.172763390238264813e+00
1.174844301304859062e+00
1.177045565281062078e+00
1.179358037065806997e+00
1.181771787772487592e+00
1.184276569857532380e+00
1.186862254203036482e+00
1.189519189760448015e+00
1.192238453883670113e+00
1.195011985617754569e+00
1.197832615773030129e+00
1.200694020924438110e+00
1.203590632735348054e+00
1.206517531492684814e+00
1.209470346315212774e+00
1.212445176238199140e+00
1.215438537622391513e+00
1.218447335349283289e+00
1.221468849558549952e+00
1.224500727506890208e+00
1.227540971606743359e+00
1.230587918573325501e+00
1.233640208921014336e+00
1.236696749250871141e+00
1.239756671282716605e+00
1.242819291655399283e+00
1.245884075714737360e+00
1.248950607314691652e+00
1.252018565357498225e+00
1.255087706565050754e+00
1.258157852989593817e+00
1.261228882243403016e+00
1.264300718475335650e+00
1.267373322672462166e+00
1.270446681671849820e+00
1.273520796062167726e+00
1.276595667779995003e+00
1.279671288631399673e+00
1.282747631205474192e+00
1.285824643647762944e+00
1.288902249411018053e+00
1.291980352305756030e+00
1.295058846023894539e+00
1.298137626160841274e+00
1.301216602104715570e+00
1.304295706315018899e+00
1.307374899396683610e+00
1.310454170574807176e+00
1.313533534232939282e+00
1.316613023839864782e+00
1.319692684842620256e+00
1.322772568050271769e+00
1.325852724760824719e+00
1.328933204418736302e+00
1.332014054951349502e+00
1.335095325218793816e+00
1.338177068431119832e+00
1.341259345161494254e+00
1.344342224801298391e+00
1.347425784843686358e+00
1.350510108010750665e+00
1.353595277756853399e+00
1.356681373009571479e+00
1.359768463165643482e+00
1.362856604367687963e+00
1.365945837927592832e+00
1.369036191383988799e+00
1.372127682085332312e+00
1.375220322510800175e+00
1.378314126031793041e+00
1.381409111709497317e+00
1.384505307064618052e+00
1.387602748371270955e+00
1.390701478657372592e+00
1.393801544054108277e+00
1.396902989380331972e+00
1.400005853912810405e+00
1.403110168218029141e+00
1.406215952699156224e+00
1.409323218118092802e+00
1.412431967818575496e+00
1.415542200842361931e+00
1.418653914806118577e+00
1.421767107441557876e+00
1.424881776077394635e+00
1.427997914893068598e+00
1.431115510314049599e+00
1.434234535345930039e+00
1.437354943948010222e+00
1.440476666729517241e+00
1.443599609256005722e+00
1.446723653960532152e+00
1.449848665977439222e+00
1.452974502246953570e+00
1.456101022305218873e+00
1.459228098700034559e+00
1.462355625189834640e+00
1.465483521658549559e+00
1.468611735619630654e+00
1.471740240914448217e+00
1.474869034569795234e+00
1.477998132810253828e+00
1.481127567058738936e+00
1.484257380523587466e+00
1.487387625730825835e+00
1.490518363144086367e+00
1.493649660841067428e+00
1.496781595107790963e+00
1.499914251784804975e+00
1.503047728235783476e+00
1.506182135855306248e+00
1.509317603021420817e+00
1.512454278279328879e+00
1.515592333304635941e+00
1.518731964883216934e+00
1.521873394873745955e+00
1.525016867063735626e+00
1.528162640162387120e+00
1.531310976929397771e+00
1.534462130399345980e+00
1.537616328899422014e+00
1.540773761698456701e+00
1.543934566626580462e+00
1.547098820199247715e+00
1.550266530131297893e+00
1.553437629948848375e+00
1.556611975737840714e+00
1.559789345707486286e+00
1.562969443837872063e+00
1.566151909006531007e+00
1.569336330336124297e+00
1.572522268106546495e+00
1.575709277950447351e+00
1.578896935009658886e+00
1.582084854840886345e+00
1.585272709030095095e+00
1.588460235042474800e+00
1.591647241058264051e+00
1.594833607033956380e+00
1.598019283023536907e+00
1.601204285203444266e+00
1.604388689458979389e+00
1.607572622157740883e+00
1.610756248051083528e+00
1.613939756025530192e+00
1.617123344288023512e+00
1.620307207014602513e+00
1.623491524242403061e+00
1.626676455967649426e+00
1.629862140429372053e+00
1.633048695781003090e+00
1.636236223928290157e+00
1.639424815195418050e+00
1.642614552569888087e+00
1.645805514522261648e+00
1.648997775813995537e+00
1.652191406294596154e+00
1.655386468338916561e+00
1.658583014063123695e+00
1.661781083571353124e+00
1.664980705181614562e+00
1.668181898016720233e+00
1.671384676752488252e+00
1.674589057837374551e+00
1.677795066157076853e+00
1.681002740887415969e+00
1.684212139185443213e+00
1.687423336533661500e+00
1.690636423121109067e+00
1.693851496621964881e+00
1.697068652842742997e+00
1.700287976469285312e+00
1.703509534166231854e+00
1.706733371562385138e+00
1.709959514565219330e+00
1.713187974431630067e+00
1.716418755323751988e+00
1.719651862702305856e+00
1.722887310769017688e+00
1.726125127250349722e+00
1.729365354222358597e+00
1.732608044525997704e+00
1.735853254536985135e+00
1.739101035251379601e+00
1.742351424290968120e+00
1.745604441198418622e+00
1.748860087417056786e+00
1.752118351100681259e+00
1.755379215813087423e+00
1.758642671428771287e+00
1.761908725090452377e+00
1.765177409856619528e+00
1.768448788774091174e+00
1.771722952765260040e+00
1.775000012076881850e+00
1.778280082872703671e+00
1.781563272185667124e+00
1.784849665088802162e+00
1.788139317269335837e+00
1.791432254574970573e+00
1.794728479297206691e+00
1.798027981547061005e+00
1.801330753221663583e+00
1.804636801635070897e+00
1.807946159796227859e+00
1.811258890674074529e+00
1.814575083846321490e+00
1.817894844766839046e+00
1.821218279093012926e+00
1.824545476201803407e+00
1.827876496358064040e+00
1.831211364828976285e+00
1.834550074193546321e+00
1.837892594062964902e+00
1.841238885956666405e+00
1.844588920227187234e+00
1.847942691521540670e+00
1.851300229253368013e+00
1.854661600148889589e+00
1.858026901422610955e+00
1.861396245514095993e+00
1.864769739902230494e+00
1.868147467178218335e+00
1.871529470458593858e+00
1.874915747450025982e+00
1.878306253966220529e+00
1.881700915467131141e+00
1.885099643744411635e+00
1.888502355161144841e+00
1.891908986632876655e+00
1.895319505761607903e+00
1.898733912430110360e+00
1.902152230975706404e+00
1.905574494612101599e+00
1.909000726221332656e+00
1.912430920869149231e+00
1.915865034785289689e+00
1.919302983466659063e+00
1.922744649036494113e+00
1.926189894934160263e+00
1.929638584735321682e+00
1.933090601261323371e+00
1.936545861936305180e+00
1.940004326669642953e+00
1.943465995712990280e+00
1.946930897181962772e+00
1.950399066856131514e+00
1.953870525377249923e+00
1.957345258834778390e+00
1.960823207528344270e+00
1.964304265115475179e+00
1.967788287605338970e+00
1.971275109621891009e+00
1.974764564213912887e+00
1.978256501988926441e+00
1.981750805294764772e+00
1.985247393689451911e+00
1.988746218363176999e+00
1.992247245614829687e+00
1.995750432371875327e+00
1.999255698884233379e+00
2.002762904049925297e+00
2.006271827243411909e+00
2.009782157980644079e+00
2.013293492547224339e+00
2.016805335620065698e+00
2.020317104975827949e+00
2.023828138169980750e+00
2.027337701013605553e+00
2.030844998248245492e+00
2.034349186672465226e+00
2.037849390081081236e+00
2.041344714143260575e+00
2.044834258457107978e+00
2.048317123022800779e+00
2.051792407312647892e+00
2.055259201572214423e+00
2.058716571494532577e+00
2.062163538758431169e+00
2.065599061117580959e+00
2.069022016697624977e+00
2.072431197486162446e+00
2.075825315947215532e+00
2.079203025692816897e+00
2.082562952575363280e+00
2.085903728091605291e+00
2.089224014802310236e+00
2.092522514754710183e+00
2.095797955975610805e+00
2.099049057171872956e+00
2.102274475350818683e+00
2.105472744750584102e+00
2.108642218468471441e+00
2.111781026313847676e+00
2.114887062424520181e+00
2.117958012078880348e+00
2.120991417833299142e+00
2.123984772489700745e+00
2.126935615575873406e+00
2.129841606528048992e+00
2.132700553460660675e+00
2.135510388218386790e+00
2.138269091155936774e+00
2.140974579312973969e+00
2.143624578846303752e+00
2.146216507609031154e+00
2.148747396391246678e+00
2.151213875020291155e+00
2.153612238703234816e+00
2.155938589784466508e+00
2.158189025801478866e+00
2.160359826984892262e+00
2.162447594421155195e+00
2.164449304765124538e+00
2.166362270758503961e+00
2.168184019013995378e+00
2.169912112253407521e+00
2.171543952628154361e+00
2.173076607976514474e+00
2.174506703797402629e+00
2.175830416796485256e+00
2.177043586806807429e+00
2.178141933348500370e+00
2.179121330626832886e+00
2.179978075421103778e+00
2.180709086212923253e+00
2.181311996195375524e+00
2.181785134426984740e+00
2.182127415360693767e+00
2.182338171878072774e+00
2.182416972588287596e+00
2.182363464497981909e+00
2.182177279021151328e+00
2.181858031276133758e+00
2.181405427626815108e+00
2.180819475906276228e+00
2.180100773718003815e+00
2.179250841695127061e+00
2.178272474438995410e+00
2.177170096546347633e+00
2.175950123127938785e+00
2.174621323107431170e+00
2.173195165077838276e+00
2.171686092933865719e+00
2.170111643396924972e+00
2.168492299449994221e+00
2.166850995122627577e+00
2.165212259347180979e+00
2.163601092644941382e+00
2.162041763119968429e+00
2.160556737554900852e+00
2.159165913816469384e+00
2.157886222651892894e+00
2.156731570331126946e+00
2.155713033099960985e+00
2.154839195937271690e+00
2.154116538649968327e+00
2.153549795845242976e+00
2.153142243697456770e+00
2.152895891992944843e+00
2.152811583383036353e+00
2.152889020418951027e+00
2.153126750616609630e+00
2.153522138338558545e+00
2.154071342571635128e+00
2.154769308457128663e+00
2.155609773841249854e+00
2.156585292364664674e+00
2.157687279905111222e+00
2.158906097602109053e+00
2.160231187979671397e+00
2.161651277515959091e+00
2.163154648168851502e+00
2.164729463893901862e+00
2.166364121508015828e+00
2.168047585179066594e+00
2.169769664983170365e+00
2.171521211993031386e+00
2.173294220148883849e+00
2.175081842050532899e+00
2.176878337035079714e+00
2.178678974140168645e+00
2.180479911202124033e+00
2.182278066892868740e+00
2.184070997192571806e+00
2.185856783029212380e+00
2.187633932185744090e+00
2.189401296137473807e+00
2.191158001033891356e+00
2.192903391306233463e+00
2.194636984114787914e+00
2.196358432857257625e+00
2.198067498110138906e+00
2.199764024586264188e+00
2.201447922915173550e+00
2.203119155263372875e+00
2.204777723997315420e+00
2.206423662749666281e+00
2.208057029379875580e+00
2.209677900426136432e+00
2.211286366730926378e+00
2.212882529990084723e+00
2.214466500028959395e+00
2.216038392651383138e+00
2.217598327940383918e+00
2.219146428915546476e+00
2.220682820472303920e+00
2.222207628544400571e+00
2.223720979443259971e+00
2.225222999337786778e+00
2.226713813845822454e+00
2.228193547714504952e+00
2.229662324571543675e+00
2.231120266733161994e+00
2.232567495057433682e+00
2.234004128834093716e+00
2.235430285703811748e+00
2.236846081601446379e+00
2.238251630719092944e+00
2.239647045485852139e+00
2.241032436562266472e+00
2.242407912848403573e+00
2.243773581505681847e+00
2.245129547993900410e+00
2.246475916126704053e+00
2.247812788151167585e+00
2.249140264860670868e+00
2.250458445755331827e+00
2.251767429271729792e+00
2.253067313114677894e+00
2.254358194740005317e+00
2.255640172060996207e+00
2.256913344485260264e+00
2.258177814436975961e+00
2.259433689584839033e+00
2.260681086079153967e+00
2.261920133193854543e+00
2.263150979840606869e+00
2.264373803396958706e+00
2.265588821014622667e+00
2.266796302795510698e+00
2.267996584669657256e+00
2.269190076520324784e+00
2.270377259085170962e+00
2.271558663783689536e+00
2.272734835153782385e+00
2.273906284538137701e+00
2.275073449490204958e+00
2.276236670510312532e+00
2.277396187610897016e+00
2.278552151345710985e+00
2.279704640516485803e+00
2.280853680507735515e+00
2.281999259072856390e+00
2.283141338598353887e+00
2.284279865050301339e+00
2.285414774242463309e+00
2.286545996112278711e+00
2.287673457584734837e+00
2.288797084464556875e+00
2.289916802672208984e+00
2.291032539042057614e+00
2.292144221830668904e+00
2.293251781034185033e+00
2.294355148580399906e+00
2.295454258438823114e+00
2.296549046677196060e+00
2.297639451483147965e+00
2.298725413163234865e+00
2.299806874127396039e+00
2.300883778864084572e+00
2.301956073909518619e+00
2.303023707813312448e+00
2.304086631101970983e+00
2.305144796241210603e+00
2.306198157597743936e+00
2.307246671400945637e+00
2.308290295704662487e+00
2.309328990349346356e+00
2.310362716924622362e+00
2.311391438732358417e+00
2.312415120750284991e+00
2.313433729596184651e+00
2.314447233492670009e+00
2.315455602232553645e+00
2.316458807144807786e+00
2.317456821061116390e+00
2.318449618283011215e+00
2.319437174549584313e+00
2.320419467005773395e+00
2.321396474171209867e+00
2.322368175909620192e+00
2.323334553398775704e+00
2.324295589100979331e+00
2.325251266734081224e+00
2.326201571243017074e+00
2.327146488771858035e+00
2.328086006636366001e+00
2.329020113297044503e+00
2.329948798332678539e+00
2.330872052414354023e+00
2.331789867279950634e+00
2.332702235709099181e+00
2.333609151498595935e+00
2.334510609438267270e+00
2.335406605287276616e+00
2.336297135750865728e+00
2.337182198457524507e+00
2.338061791936582257e+00
2.338935915596211501e+00
2.339804569701841697e+00
2.340667755354969959e+00
2.341525474472367918e+00
2.342377729765675376e+00
2.343224524721374546e+00
2.344065863581139997e+00
2.344901751322554961e+00
2.345732193640192698e+00
2.346557196927050892e+00
2.347376768256339563e+00
2.348190915363610909e+00
2.348999646629229776e+00
2.349802971061176304e+00
2.350600898278175421e+00
2.351393438493150967e+00
2.352180602496992456e+00
2.352962401642637591e+00
2.353738847829457193e+00
2.354509953487943452e+00
2.355275731564693054e+00
2.356036195507681619e+00
2.356791359251823703e+00
2.357541237204814788e+00
2.358285844233248607e+00
2.359025195649006701e+00
2.359759307195916200e+00
2.360488195036668291e+00
2.361211875739996024e+00
2.361930366268105264e+00
2.362643683964356534e+00
2.363351846541189349e+00
2.364054872068290347e+00
2.364752778960996338e+00
2.365445585968930953e+00
2.366133312164869995e+00
2.366815976933831944e+00
2.367493599962389172e+00
2.368166201228196321e+00
2.368833800989731397e+00
2.369496419776249141e+00
2.370154078377937790e+00
2.370806797836279234e+00
2.371454599434609900e+00
2.372097504688874814e+00
2.372735535338575286e+00
2.373368713337904889e+00
2.373997060847071516e+00
2.374620600223801947e+00
2.375239354015024063e+00
2.375853344948727131e+00
2.376462595925993959e+00
2.377067130013202245e+00
2.377666970434394234e+00
2.378262140563809357e+00
2.378852663918578969e+00
2.379438564151576951e+00
2.380019865044429306e+00
2.380596590500672516e+00
2.381168764539066007e+00
2.381736411287047162e+00
2.382299554974335098e+00
2.382858219926674348e+00
2.383412430559719297e+00
2.383962211373053197e+00
2.384507586944345725e+00
2.385048581923638444e+00
2.385585221027763048e+00
2.386117529034886164e+00
2.386645530779178959e+00
2.387169251145609294e+00
2.387688715064855138e+00
2.388203947508337421e+00
2.388714973483366144e+00
2.389221818028403721e+00
2.389724506208439347e+00
2.390223063110472168e+00
2.390717513839105024e+00
2.391207883512241228e+00
2.391694197256887477e+00
2.392176480205058908e+00
2.392654757489782735e+00
2.393129054241202702e+00
2.393599395582777234e+00
2.394065806627575288e+00
2.394528312474662801e+00
2.394986938205582394e+00
2.395441708880921006e+00
2.395892649536965902e+00
2.396339785182448168e+00
2.396783140795368805e+00
2.397222741319908756e+00
2.397658611663420647e+00
2.398090776693500459e+00
2.398519261235136923e+00
2.398944090067937740e+00
2.399365287923432177e+00
2.399782879482446507e+00
2.400196889372553599e+00
2.400607342165590463e+00
2.401014262375250397e+00
2.401417674454738638e+00
2.401817602794497741e+00
2.402214071719999566e+00
2.402607105489598993e+00
2.402996728292452921e+00
2.403382964246500997e+00
2.403765837396506733e+00
2.404145371712158141e+00
2.404521591086227872e+00
2.404894519332787972e+00
2.405264180185484602e+00
2.405630597295864703e+00
2.405993794231757299e+00
2.406353794475708074e+00
2.406710621423465923e+00
2.407064298382519230e+00
2.407414848570683219e+00
2.407762295114733941e+00
2.408106661049091990e+00
2.408447969314552406e+00
2.408786242757059437e+00
2.409121504126527036e+00
2.409453776075702880e+00
2.409783081159075468e+00
2.410109441831823851e+00
2.410432880448806880e+00
2.410753419263595543e+00
2.411071080427541258e+00
2.411385885988886812e+00
2.411697857891911934e+00
2.412007017976117940e+00
2.412313387975447476e+00
2.412616989517540222e+00
2.412917844123023237e+00
2.413215973204835940e+00
2.413511398067587077e+00
2.413804139906944535e+00
2.414094219809058917e+00
2.414381658750015092e+00
2.414666477595316607e+00
2.414948697099398967e+00
2.415228337905171774e+00
2.415505420543590187e+00
2.415779965433253462e+00
2.416051992880030141e+00
2.416321523076712552e+00
2.416588576102693064e+00
2.416853171923670107e+00
2.417115330391375494e+00
2.417375071243327955e+00
2.417632414102610205e+00
2.417887378477668214e+00
2.418139983762134460e+00
2.418390249234671163e+00
2.418638194058837509e+00
2.418883837282976401e+00
2.419127197840122090e+00
2.419368294547927789e+00
2.419607146108612827e+00
2.419843771108928898e+00
2.420078188020145848e+00
2.420310415198053455e+00
2.420540470882983630e+00
2.420768373199847279e+00
2.420994140158189811e+00
2.421217789652262642e+00
2.421439339461109785e+00
2.421658807248672218e+00
2.421876210563905119e+00
2.422091566840910204e+00
2.422304893399084058e+00
2.422516207443279335e+00
2.422725526063979729e+00
2.422932866237487826e+00
2.423138244826127607e+00
2.423341678578456726e+00
2.423543184129494321e+00
2.423742778000958165e+00
2.423940476601514238e+00
2.424136296227037413e+00
2.424330253060884566e+00
2.424522363174175243e+00
2.424712642526086537e+00
2.424901106964153730e+00
2.425087772224583826e+00
2.425272653932578404e+00
2.425455767602663570e+00
2.425637128639029694e+00
2.425816752335881343e+00
2.425994653877793450e+00
2.426170848340076791e+00
2.426345350689149694e+00
2.426518175782920395e+00
2.426689338371173399e+00
2.426858853095964719e+00
2.427026734492023774e+00
2.427192996987161955e+00
2.427357654902686956e+00
2.427520722453823776e+00
2.427682213750141926e+00
2.427842142795987534e+00
2.428000523490922102e+00
2.428157369630166151e+00
2.428312694905047309e+00
2.428466512903453722e+00
2.428618837110292805e+00
2.428769680907954420e+00
2.428919057576778062e+00
2.429066980295523592e+00
2.429213462141847302e+00
2.429358516092781528e+00
2.429502155025216936e+00
2.429644391716389240e+00
2.429785238844369477e+00
2.429924708988557391e+00
2.430062814630175705e+00
2.430199568152771494e+00
2.430334981842716235e+00
2.430469067889710733e+00
2.430601838387291824e+00
2.430733305333341754e+00
2.430863480630598872e+00
2.430992376087171447e+00
2.431120003417052811e+00
2.431246374240637831e+00
2.431371500085242054e+00
2.431495392385622178e+00
2.431618062484496967e+00
2.431739521633071277e+00
2.431859780991559195e+00
2.431978851629709393e+00
2.432096744527332710e+00
2.432213470574827063e+00
2.432329040573707246e+00
2.432443465237132063e+00
2.432556755190434572e+00
2.432668920971650994e+00
2.432779973032050957e+00
2.432889921736667738e+00
2.432998777364828502e+00
2.433106550110684996e+00
2.433213250083744672e+00
2.433318887309400935e+00
2.433423471729463383e+00
2.433527013202688050e+00
2.433629521505307647e+00
2.433731006331560920e+00
2.433831477294222445e+00
2.433930943925130208e+00
2.434029415675714514e+00
2.434126901917525121e+00
2.434223411942758375e+00
2.434318954964782122e+00
2.434413540118662400e+00
2.434507176461686573e+00
2.434599872973886914e+00
2.434691638558562854e+00
2.434782482042802343e+00
2.434872412178002321e+00
2.434961437640386972e+00
2.435049567031525530e+00
2.435136808878849202e+00
2.435223171636166306e+00
2.435308663684175201e+00
2.435393293330978093e+00
2.435477068812590407e+00
2.435559998293450601e+00
2.435642089866929538e+00
2.435723351555834526e+00
2.435803791312915134e+00
2.435883417021366792e+00
2.435962236495330835e+00
2.436040257480394544e+00
2.436117487654089420e+00
2.436193934626387225e+00
2.436269605940193372e+00
2.436344509071839859e+00
2.436418651431575544e+00
2.436492040364055534e+00
2.436564683148826127e+00
2.436636587000810650e+00
2.436707759070792179e+00
2.436778206445893602e+00
2.436847936150055904e+00
2.436916955144515118e+00
2.436985270328277053e+00
2.437052888538588924e+00
2.437119816551409635e+00
2.437186061081877853e+00
2.437251628784777857e+00
2.437316526255003168e+00
2.437380760028017956e+00
2.437444336580315785e+00
2.437507262329877022e+00
2.437569543636623592e+00
2.437631186802871053e+00
2.437692198073778460e+00
2.437752583637797343e+00
2.437812349627116237e+00
2.437871502118103884e+00
2.437930047131749767e+00
2.437987990634104207e+00
2.438045338536712681e+00
2.438102096697050580e+00
2.438158270918954873e+00
2.438213866953051756e+00
2.438268890497185204e+00
2.438323347196840185e+00
2.438377242645564102e+00
2.438430582385387346e+00
2.438483371907239405e+00
2.438535616651364091e+00
2.438587322007732094e+00
2.438638493316449107e+00
2.438689135868165270e+00
2.438739254904478848e+00
2.438788855618339024e+00
2.438837943154446020e+00
2.438886522609648555e+00
2.438934599033339534e+00
2.438982177427848619e+00
2.439029262748831695e+00
2.439075859905659893e+00
2.439121973761804174e+00
2.439167609135219461e+00
2.439212770798724339e+00
2.439257463480378973e+00
2.439301691863861254e+00
2.439345460588840275e+00
2.439388774251346703e+00
2.439431637404141817e+00
2.439474054557082550e+00
2.439516030177485639e+00
2.439557568690489120e+00
2.439598674479410700e+00
2.439639351886104368e+00
2.439679605211313440e+00
2.439719438715022726e+00
2.439758856616808469e+00
2.439797863096184294e+00
2.439836462292944930e+00
2.439874658307509492e+00
2.439912455201260766e+00
2.439949856996881827e+00
2.439986867678691773e+00
2.440023491192977456e+00
2.440059731448324776e+00
2.440095592315945527e+00
2.440131077630003364e+00
2.440166191187937539e+00
2.440200936750782645e+00
2.440235318043488366e+00
2.440269338755235218e+00
2.440303002539748523e+00
2.440336313015610603e+00
2.440369273766569425e+00
2.440401888341846792e+00
2.440434160256442109e+00
2.440466092991435687e+00
2.440497689994289843e+00
2.440528954679145990e+00
2.440559890427120848e+00
2.440590500586600875e+00
2.440620788473533143e+00
2.440650757371714885e+00
2.440680410533080824e+00
2.440709751177988274e+00
2.440738782495499137e+00
2.440767507643661904e+00
2.440795929749789206e+00
2.440824051910734482e+00
2.440851877193166874e+00
