1.999759999999977111e-01
1.999759999999977111e-01
1.999760115076989198e-01
1.999760452876189198e-01
1.999761110964282107e-01
1.999762173209529981e-01
1.999763704621256577e-01
1.999765744285490476e-01
1.999768296339440310e-01
1.999771319486645937e-01
1.999774716601336877e-01
1.999778327690116542e-01
1.999781931518989642e-01
1.999785261822418225e-01
1.999788040029834846e-01
1.999790016828966177e-01
1.999791006242142288e-01
1.999790898712643372e-01
1.999789653319518079e-01
1.999787280144360024e-01
1.999783823732678711e-01
1.999779352160749868e-01
1.999773950863698024e-01
1.999767718630796332e-01
1.999760763786493367e-01
1.999753199798174064e-01
1.999745140508153163e-01
1.999736695688425214e-01
1.999727967688569585e-01
1.999719049672992466e-01
1.999710025485896270e-01
1.999700970750981355e-01
1.999691954564740970e-01
1.999683041119245663e-01
1.999674290742007310e-01
1.999665760084100019e-01
1.999657501449094987e-01
1.999649561477457316e-01
1.999641979540648651e-01
1.999634786231707095e-01
1.999628002270175120e-01
1.999621638006991164e-01
1.999615693573618402e-01
1.999610159613576521e-01
1.999605018480521967e-01
1.999600245775005336e-01
1.999595812098887981e-01
1.999591684912151168e-01
1.999587830374437991e-01
1.999584215049668712e-01
1.999580807359263857e-01
1.999577578696723479e-01
1.999574504161650557e-01
1.999571562922936308e-01
1.999568738264215773e-01
1.999566017390215777e-01
1.999563391078878760e-01
1.999560853256229509e-01
1.999558400556175064e-01
1.999556031911695342e-01
1.999553748210054493e-01
1.999551552032808599e-01
1.999549447490229226e-01
1.999547440148046196e-01
1.999545537031814091e-01
1.999543746681317902e-01
1.999542079215535784e-01
1.999540546359767079e-01
1.999539161383607488e-01
1.999537938905408818e-01
1.999536894539331866e-01
1.999536044395912593e-01
1.999535404492011614e-01
1.999534990172249782e-01
1.999534815682689759e-01
1.999534894066590240e-01
1.999535237580503666e-01
1.999535858874274541e-01
1.999536773258078215e-01
1.999538002500884648e-01
1.999539580757203061e-01
1.999541563371788622e-01
1.999544039418570396e-01
1.999547148842995281e-01
1.999551104970032356e-01
1.999556222923214721e-01
1.999562954206873522e-01
1.999571927346614209e-01
1.999583994004912324e-01
1.999600279260203839e-01
1.999622233632905310e-01
1.999651682980851664e-01
1.999690870899946127e-01
1.999742487493515464e-01
1.999809679372070992e-01
1.999896039458976538e-01
2.000005581699552115e-01
2.000142713669801342e-01
2.000312226470195853e-01
2.000519322998441929e-01
2.000769700927443329e-01
2.001069695919289182e-01
2.001426475874954203e-01
2.001848260770267007e-01
2.002344526983700634e-01
2.002926142485681182e-01
2.003605373879669416e-01
2.004395713599631257e-01
2.005311499988891022e-01
2.006367343151557181e-01
2.007577414938387927e-01
2.008954695183109429e-01
2.010510273794652025e-01
2.012252787051435898e-01
2.014188027938645098e-01
2.016318732574268746e-01
2.018644521618501997e-01
2.021161971117032552e-01
2.023864796344186645e-01
2.026744144743196363e-01
2.029788999591998488e-01
2.032986688141454057e-01
2.036323467656463160e-01
2.039785139048504170e-01
2.043357623455203109e-01
2.047027441094040889e-01
2.050782053185547238e-01
2.054610057272812096e-01
2.058501252445137375e-01
2.062446606740026001e-01
2.066438163445750986e-01
2.070468919261939100e-01
2.074532699317054307e-01
2.078624044958084227e-01
2.082738121826782085e-01
2.086870649045196591e-01
2.091017846006016090e-01
2.095176391547980965e-01
2.099343390788550034e-01
2.103516346554027694e-01
2.107693133982392608e-01
2.111871977637050091e-01
2.116051430159212599e-01
2.120230350470997949e-01
2.124407878541669237e-01
2.128583403576461142e-01
2.132756523810842020e-01
2.136926998918056153e-01
2.141094699508152288e-01
2.145259560808856214e-01
2.149421548045738761e-01
2.153580638983113305e-01
2.157736825406453007e-01
2.161890131348144506e-01
2.166040642554880880e-01
2.170188539417490792e-01
2.174334124388200562e-01
2.178477835032858190e-01
2.182620235853507951e-01
2.186761986286377413e-01
2.190903788335962776e-01
2.195046323324564286e-01
2.199190190725714145e-01
2.203335861386853944e-01
2.207483653033478765e-01
2.211633729877518217e-01
2.215786122742011421e-01
2.219940762651475830e-01
2.224097519415542401e-01
2.228256236884828823e-01
2.232416757933838314e-01
2.236578934795125650e-01
2.240742624081488998e-01
2.244907670090615925e-01
2.249073883498381998e-01
2.253241023911603524e-01
2.257408793398817393e-01
2.261576844733337310e-01
2.265744804078620167e-01
2.269912304420094451e-01
2.274079023677589018e-01
2.278244720080154495e-01
2.282409257037945061e-01
2.286572610758371149e-01
2.290734856759417126e-01
2.294896136266169062e-01
2.299056609110025906e-01
2.303216404024502340e-01
2.307375578151649731e-01
2.311534094709156439e-01
2.315691822541698086e-01
2.319848555866534934e-01
2.324004048471150496e-01
2.328158054337327032e-01
2.332310365873806191e-01
2.336460841420641976e-01
2.340609415644170632e-01
2.344756090200347809e-01
2.348900907320916887e-01
2.353043914346070187e-01
2.357185130537791107e-01
2.361324527206109525e-01
2.365462028430770081e-01
2.369597534154048168e-01
2.373730962087142182e-01
2.377862300773647408e-01
2.381991663407904136e-01
2.386119330519327619e-01
2.390245769830418310e-01
2.394371624476342442e-01
2.398497667062881034e-01
2.402624725885819379e-01
2.406753598068013256e-01
2.410884968592582056e-01
2.415019352140086173e-01
2.419157067451542797e-01
2.423298245087345815e-01
2.427442862193013029e-01
2.431590793630842851e-01
2.435741867312882780e-01
2.439895911979439447e-01
2.444052787671726901e-01
2.448212392974413731e-01
2.452374648818388680e-01
2.456539465217341400e-01
2.460706702532631240e-01
2.464876140445100561e-01
2.469047465080499715e-01
2.473220279118332754e-01
2.477394133618177341e-01
2.481568575492382467e-01
2.485743201513172518e-01
2.489917708168908062e-01
2.494091926447192242e-01
2.498265832252397345e-01
2.502439527484656701e-01
2.506613193830962705e-01
2.510787029269417325e-01
2.514961182932948236e-01
2.519135704575393153e-01
2.523310520197113438e-01
2.527485437806030744e-01
2.531660179943959199e-01
2.535834434410894622e-01
2.540007911804245677e-01
2.544180397499585244e-01
2.548351786306242150e-01
2.552522090748192696e-01
2.556691419404483745e-01
2.560859929559934911e-01
2.565027766260293829e-01
2.569195004378236336e-01
2.573361609282897033e-01
2.577527425798928906e-01
2.581692197224005891e-01
2.585855609203848160e-01
2.590017348630834215e-01
2.594177165297456567e-01
2.598334923267746621e-01
2.602490629927627364e-01
2.606644434276364497e-01
2.610796592843119268e-01
2.614947410650079185e-01
2.619097172783046990e-01
2.623246085634665103e-01
2.627394244015012759e-01
2.631541632636477668e-01
2.635688161478294544e-01
2.639833727130020957e-01
2.643978287367008129e-01
2.648121933510473869e-01
2.652264944218377662e-01
2.656407805910165343e-01
2.660551190429475965e-01
2.664695890316722826e-01
2.668842724111437081e-01
2.672992433721841921e-01
2.677145598419372052e-01
2.681302584254619537e-01
2.685463536802182305e-01
2.689628414044954452e-01
2.693797048285259677e-01
2.697969221872865697e-01
2.702144740305784665e-01
2.706323487074014933e-01
2.710505447723839945e-01
2.714690696842624318e-01
2.718879350884850776e-01
2.723071499641452897e-01
2.727267135677081122e-01
2.731466101091661325e-01
2.735668064683867695e-01
2.739872533304852364e-01
2.744078892745723253e-01
2.748286467972445579e-01
2.752494589879374565e-01
2.756702655103557831e-01
2.760910166454623726e-01
2.765116744719142150e-01
2.769322108709246777e-01
2.773526028904093610e-01
2.777728268271281165e-01
2.781928528218268193e-01
2.786126415952619451e-01
2.790321442814164832e-01
2.794513054620640924e-01
2.798700687763976402e-01
2.802883839899569796e-01
2.807062141249608289e-01
2.811235411310384902e-01
2.815403686583888843e-01
2.819567209220446014e-01
2.823726375073963846e-01
2.827881651223436155e-01
2.832033483250154249e-01
2.836182216560744762e-01
2.840328051777282203e-01
2.844471044045966956e-01
2.848611144745445412e-01
2.852748275128896838e-01
2.856882415875273695e-01
2.861013693599238072e-01
2.865142444524078069e-01
2.869269237582928733e-01
2.873394845908610606e-01
2.877520167596469003e-01
2.881646111078426942e-01
2.885773471577825489e-01
2.889902827405587682e-01
2.894034477319188392e-01
2.898168427050297757e-01
2.902304420464466017e-01
2.906442002499169397e-01
2.910580597493162003e-01
2.914719586331022128e-01
2.918858367706511636e-01
2.922996392635481833e-01
2.927133167666710056e-01
2.931268230806196584e-01
2.935401112826447889e-01
2.939531301887710613e-01
2.943658228754192918e-01
2.947781283792538232e-01
2.951899868308603958e-01
2.956013474633663596e-01
2.960121783023270114e-01
2.964224758641557655e-01
2.968322728399872545e-01
2.972416416308839016e-01
2.976506919860387734e-01
2.980595621006270068e-01
2.984684042427662165e-01
2.988773676986503647e-01
2.992865827240344112e-01
2.996961487960644877e-01
3.001061290206956111e-01
3.005165508131832364e-01
3.009274116122485632e-01
3.013386876693739946e-01
3.017503437638422992e-01
3.021623418247834647e-01
3.025746467993274402e-01
3.029872287359106076e-01
3.034000609977845486e-01
3.038131156385226461e-01
3.042263578774319632e-01
3.046397418979731042e-01
3.050532097291102640e-01
3.054666940144694642e-01
3.058801244499901872e-01
3.062934368654751105e-01
3.067065833853763190e-01
3.071195417530007132e-01
3.075323217306938917e-01
3.079449666534990193e-01
3.083575489582190965e-01
3.087701599091455806e-01
3.091828954487945147e-01
3.095958413877478721e-01
3.100090613502194947e-01
3.104225899239579367e-01
3.108364318650868041e-01
3.112505667025245448e-01
3.116649571009064146e-01
3.120795588974378254e-01
3.124943306497761086e-01
3.129092406987414310e-01
3.133242702060473617e-01
3.137394114914461851e-01
3.141546622352299756e-01
3.145700173871863736e-01
3.149854613844668694e-01
3.154009631515634071e-01
3.158164754299450094e-01
3.162319387374930013e-01
3.166472891672842405e-01
3.170624685045944080e-01
3.174774347179055711e-01
3.178921706654230794e-01
3.183066888940279671e-01
3.187210308961562766e-01
3.191352603164944735e-01
3.195494512386454766e-01
3.199636742570663994e-01
3.203779837949095044e-01
3.207924096713613560e-01
3.212069545326314834e-01
3.216215971393761031e-01
3.220363002422803600e-01
3.224510210644715991e-01
3.228657221236420627e-01
3.232803801138313116e-01
3.236949908334963433e-01
3.241095688504164185e-01
3.245241418343682849e-01
3.249387410436279655e-01
3.253533907322098129e-01
3.257680996275034158e-01
3.261828569284868640e-01
3.265976338878594509e-01
3.270123906003383762e-01
3.274270865454351198e-01
3.278416927840855921e-01
3.282562033534374146e-01
3.286706432878002682e-01
3.290850709722100143e-01
3.294995734757841799e-01
3.299142551851542704e-01
3.303292220379324129e-01
3.307445650881664090e-01
3.311603472813376969e-01
3.315765961308371756e-01
3.319933031387642952e-01
3.324104291245411624e-01
3.328279135758012153e-01
3.332456857076215306e-01
3.336636748846869560e-01
3.340818182784603962e-01
3.345000641382090412e-01
3.349183699727473207e-01
3.353366962311418731e-01
3.357549973683534583e-01
3.361732129190779239e-01
3.365912610145669337e-01
3.370090358009644183e-01
3.374264089758886032e-01
3.378432346556238808e-01
3.382593562179216917e-01
3.386746135540332214e-01
3.390888491450417264e-01
3.395019114764689649e-01
3.399136545733599246e-01
3.403239329597679830e-01
3.407325920781085760e-01
3.411394548926531267e-01
3.415443057149367689e-01
3.419468720913806936e-01
3.423468051115720612e-01
3.427436582037286517e-01
3.431368648305501701e-01
3.435257166912831228e-01
3.439093459269713660e-01
3.442867168182857651e-01
3.446566334726607339e-01
3.450177687266830495e-01
3.453687152755178791e-01
3.457080538680019077e-01
3.460344280095318803e-01
3.463466129076117062e-01
3.466435692571984140e-01
3.469244780656017824e-01
3.471887580440134458e-01
3.474360700127680501e-01
3.476663128727055518e-01
3.478796138373969615e-01
3.480763131224801077e-01
3.482569414618264525e-01
3.484221886936619272e-01
3.485728635772553652e-01
3.487098481944328476e-01
3.488340530194408706e-01
3.489463793328503871e-01
3.490476937220277076e-01
3.491388160504758642e-01
3.492205191012922039e-01
3.492935361316519272e-01
3.493585719447561688e-01
3.494163134093963285e-01
3.494674362249059474e-01
3.495126059184623935e-01
3.495524724747331446e-01
3.495876594899509082e-01
3.496187500225562128e-01
3.496462720180057993e-01
3.496706860892561108e-01
3.496923776143847640e-01
3.497116539278025127e-01
3.497287462709248729e-01
3.497438154350415163e-01
3.497569597511793749e-01
3.497682241623911725e-01
3.497776093903626760e-01
3.497850805372013094e-01
3.497905747561421697e-01
3.497940078451018397e-01
3.497952797619525711e-01
3.497942791436094434e-01
3.497908869502275864e-01
3.497849793668560414e-01
3.497764300897855949e-01
3.497651121116894246e-01
3.497508991035358505e-01
3.497336664750221868e-01
3.497132921803964845e-01
3.496896573236042416e-01
3.496626466058384008e-01
3.496321486496579700e-01
3.495980562266410852e-01
3.495602664097824941e-01
3.495186806672826441e-01
3.494732049107773797e-01
3.494237495082280209e-01
3.493702292694737532e-01
3.493125634107125954e-01
3.492506755028161325e-01
3.491844934073182194e-01
3.491139492030819191e-01
3.490389791059896885e-01
3.489595233834800192e-01
3.488755262653355782e-01
3.487869358517864393e-01
3.486937040197040649e-01
3.485957863274077861e-01
3.484931419183631696e-01
3.483857334237970838e-01
3.482735268639640669e-01
3.481564915474287814e-01
3.480345999672360691e-01
3.479078276921430679e-01
3.477761532500828756e-01
3.476395579995546492e-01
3.474980259824511086e-01
3.473515437485868995e-01
3.472001001373456464e-01
3.470436859946344765e-01
3.468822937925428174e-01
3.467159171030292919e-01
3.465445498530892454e-01
3.463681852536008576e-01
3.461868142424323058e-01
3.460004232078813802e-01
3.458089906533643454e-01
3.456124823213873598e-01
3.454108441132614504e-01
3.452039919392212441e-01
3.449917974776649521e-01
3.447740688773431317e-01
3.445505260393961766e-01
3.443207718177631604e-01
3.440842638721395286e-01
3.438402969105770479e-01
3.435880094661921125e-01
3.433264279941035668e-01
3.430545489812382165e-01
3.427714401816768786e-01
3.424763293493153782e-01
3.421686550898219159e-01
3.418480743702095315e-01
3.415144384135559985e-01
3.411677539988067775e-01
3.408081433881967603e-01
3.404358098261005550e-01
3.400510107363121093e-01
3.396540381715266732e-01
3.392452051172750727e-01
3.388248361503859440e-01
3.383932611841214966e-01
3.379508113372868272e-01
3.374978162377040292e-01
3.370346022827639398e-01
3.365614915336270774e-01
3.360788010267898307e-01
3.355868423595844696e-01
3.350859214549901655e-01
3.345763384435327947e-01
3.340583876214343606e-01
3.335323574582341744e-01
3.329985306363331121e-01
3.324571841109614789e-01
3.319085891830344526e-01
3.313530115799563358e-01
3.307907115411370391e-01
3.302219439061004902e-01
3.296469582037966362e-01
3.290659987422108190e-01
3.284793046976791642e-01
3.278871102035277318e-01
3.272896444377892400e-01
3.266871317098424821e-01
3.260797915458776286e-01
3.254678387731313460e-01
3.248514836028607577e-01
3.242309317120419809e-01
3.236063843237915738e-01
3.229780382865147792e-01
3.223460861517910003e-01
3.217107162510089435e-01
3.210721127707661382e-01
3.204304558270490988e-01
3.197859215382103937e-01
3.191386820967606619e-01
3.184889058399918427e-01
3.178367573194498252e-01
3.171823973692733389e-01
3.165259831734167917e-01
3.158676683317734879e-01
3.152076029252166012e-01
3.145459335795742217e-01
3.138828035285550211e-01
3.132183526756407987e-01
3.125527176549617314e-01
3.118860318911700347e-01
3.112184256583279129e-01
3.105500261378245641e-01
3.098809574753377261e-01
3.092113408368541982e-01
3.085412944637645483e-01
3.078709337270456037e-01
3.072003711805457171e-01
3.065297166133862938e-01
3.058590771014931819e-01
3.051885570582723028e-01
3.045182582844419006e-01
3.038482800170350662e-01
3.031787189775856928e-01
3.025096694195099634e-01
3.018412231746966934e-01
3.011734696993184079e-01
3.005064961188754769e-01
2.998403872724853536e-01
2.991752257564289086e-01
2.985110919669651253e-01
2.978480641424260389e-01
2.971862184046029642e-01
2.965256287994353368e-01
2.958663673370128810e-01
2.952085040309022634e-01
2.945521069368085554e-01
2.938972421905821641e-01
2.932439740455815014e-01
2.925923649094014922e-01
2.919424753799781946e-01
2.912943642810790212e-01
2.906480886971885003e-01
2.900037040077991790e-01
2.893612639211169957e-01
2.887208205071903344e-01
2.880824242304721450e-01
2.874461239818237313e-01
2.868119671099697010e-01
2.861799994524119595e-01
2.855502653658121281e-01
2.849228077558505490e-01
2.842976681065699784e-01
2.836748865092124650e-01
2.830545016905576250e-01
2.824365510407698121e-01
2.818210706407625610e-01
2.812080952890875785e-01
2.805976585283561642e-01
2.799897926712004437e-01
2.793845288257817971e-01
2.787818969208538111e-01
2.781819257303868032e-01
2.775846428977610802e-01
2.769900749595357037e-01
2.763982473687997543e-01
2.758091845181127599e-01
2.752229097620408904e-01
2.746394454392954154e-01
2.740588128944800306e-01
2.734810324994529918e-01
2.729061236743107743e-01
2.723341049079989196e-01
2.717649937785564518e-01
2.711988069729996953e-01
2.706355603068512083e-01
2.700752687433197741e-01
2.695179464121372215e-01
2.689636066280570725e-01
2.684122619090215101e-01
2.678639239940010519e-01
2.673186038605129822e-01
2.667763117418234797e-01
2.662370571438386069e-01
2.657008488616893760e-01
2.651676949960159457e-01
2.646376029689554432e-01
2.641105795398390188e-01
2.635866308206021857e-01
2.630657622909134963e-01
2.625479788130264391e-01
2.620332846463583887e-01
2.615216834618018793e-01
2.610131783557723129e-01
2.605077718639960405e-01
2.600054659750440367e-01
2.595062621436144412e-01
2.590101613035686867e-01
2.585171638807251537e-01
2.580272698054142388e-01
2.575404785247991657e-01
2.570567890149659251e-01
2.565761997927866189e-01
2.560987089275598705e-01
2.556243140524318003e-01
2.551530123756015622e-01
2.546848006913148277e-01
2.542196753906488804e-01
2.537576324720925980e-01
2.532986675519252051e-01
2.528427758743967413e-01
2.523899523217136287e-01
2.519401914238329487e-01
2.514934873680683136e-01
2.510498340085106084e-01
2.506092248752668228e-01
2.501716531835200263e-01
2.497371118424131786e-01
2.493055934637604665e-01
2.488770903705883886e-01
2.484515946055098345e-01
2.480290979389339900e-01
2.476095918771147875e-01
2.471930676700405671e-01
2.467795163191679464e-01
2.463689285850023114e-01
2.459612949945275684e-01
2.455566058484879022e-01
2.451548512285239012e-01
2.447560210041656303e-01
2.443601048396851771e-01
2.439670922008110032e-01
2.435769723613064319e-01
2.431897344094148261e-01
2.428053672541735097e-01
2.424238596315989036e-01
2.420452001107449846e-01
2.416693770996374280e-01
2.412963788510852636e-01
2.409261934683726847e-01
2.405588089108325611e-01
2.401942129993041297e-01
2.398323934214766640e-01
2.394733377371212613e-01
2.391170333832125794e-01
2.387634676789424926e-01
2.384126278306276658e-01
2.380645009365128517e-01
2.377190739914716300e-01
2.373763338916066168e-01
2.370362674387508084e-01
2.366988613448717804e-01
2.363641022363805466e-01
2.360319766583467427e-01
2.357024710786217170e-01
2.353755718918714435e-01
2.350512654235204502e-01
2.347295379336087340e-01
2.344103756205629940e-01
2.340937646248839044e-01
2.337796910327506472e-01
2.334681408795445945e-01
2.331591001532932750e-01
2.328525547980361265e-01
2.325484907171136706e-01
2.322468937763811359e-01
2.319477498073482524e-01
2.316510446102462983e-01
2.313567639570239531e-01
2.310648935942730131e-01
2.307754192460855225e-01
2.304883266168432643e-01
2.302036013939412207e-01
2.299212292504458632e-01
2.296411958476897719e-01
2.293634868378034986e-01
2.290880878661860909e-01
2.288149845739152199e-01
2.285441626000981052e-01
2.282756075841643473e-01
2.280093051681018057e-01
2.277452409986364668e-01
2.274834007293574101e-01
2.272237700227879020e-01
2.269663345524037534e-01
2.267110800045996633e-01
2.264579920806047975e-01
2.262070564983484078e-01
2.259582589942765452e-01
2.257115853251207005e-01
2.254670212696193443e-01
2.252245526301932255e-01
2.249841652345754561e-01
2.247458449373970490e-01
2.245095776217288508e-01
2.242753492005808147e-01
2.240431456183592795e-01
2.238129528522830869e-01
2.235847569137595636e-01
2.233585438497208142e-01
2.231342997439212661e-01
2.229120107181974120e-01
2.226916629336900266e-01
2.224732425920301071e-01
2.222567359364889250e-01
2.220421292530930235e-01
2.218294088717048251e-01
2.216185611670694611e-01
2.214095725598288211e-01
2.212024295175029076e-01
2.209971185554398254e-01
2.207936262377343806e-01
2.205919391781164807e-01
2.203920440408095871e-01
2.201939275413599684e-01
2.199975764474374207e-01
2.198029775796077334e-01
2.196101178120780095e-01
2.194189840734147856e-01
2.192295633472360061e-01
2.190418426728771573e-01
2.188558091460321153e-01
2.186714499193692929e-01
2.184887522031236096e-01
2.183077032656647043e-01
2.181282904340419160e-01
2.179505010945066712e-01
2.177743226930125842e-01
2.175997427356937408e-01
2.174267487893218331e-01
2.172553284817423380e-01
2.170854695022903791e-01
2.169171596021866044e-01
2.167503865949136632e-01
2.165851383565734201e-01
2.164214028262257117e-01
2.162591680062087296e-01
2.160984219624415836e-01
2.159391528247093794e-01
2.157813487869313096e-01
2.156249981074120081e-01
2.154700891090766401e-01
2.153166101796899490e-01
2.151645497720599265e-01
2.150138964042260514e-01
2.148646386596327895e-01
2.147167651872884941e-01
2.145702647019102072e-01
2.144251259840544988e-01
2.142813378802347624e-01
2.141388893030254092e-01
2.139977692311530177e-01
2.138579667095749925e-01
2.137194708495457895e-01
2.135822708286713167e-01
2.134463558909514003e-01
2.133117153468110649e-01
2.131783385731203795e-01
2.130462150132037269e-01
2.129153341768381946e-01
2.127856856402418062e-01
2.126572590460515666e-01
2.125300441032917098e-01
2.124040305873323708e-01
2.122792083398388485e-01
2.121555672687119032e-01
2.120330973480190895e-01
2.119117886179174015e-01
2.117916311845676747e-01
2.116726152200406885e-01
2.115547309622153316e-01
2.114379687146689946e-01
2.113223188465604696e-01
2.112077717925054943e-01
2.110943180524450513e-01
2.109819481915069794e-01
2.108706528398605340e-01
2.107604226925646473e-01
2.106512485094096943e-01
2.105431211147531234e-01
2.104360313973490104e-01
2.103299703101718932e-01
2.102249288702348617e-01
2.101208981584022084e-01
2.100178693191967483e-01
2.099158335606018944e-01
2.098147821538589308e-01
2.097147064332592625e-01
2.096155977959319738e-01
2.095174477016269743e-01
2.094202476724937034e-01
2.093239892928554780e-01
2.092286642089798421e-01
2.091342641288449211e-01
2.090407808219018893e-01
2.089482061188338569e-01
2.088565319113110108e-01
2.087657501517424241e-01
2.086758528530245349e-01
2.085868320882863225e-01
2.084986799906315691e-01
2.084113887528780129e-01
2.083249506272936979e-01
2.082393579253306315e-01
2.081546030173557216e-01
2.080706783323792719e-01
2.079875763577810066e-01
2.079052896390337912e-01
2.078238107794252165e-01
2.077431324397769064e-01
2.076632473381619659e-01
2.075841482496204038e-01
2.075058280058728333e-01
2.074282794950322584e-01
2.073514956613143889e-01
2.072754695047462348e-01
2.072001940808733678e-01
2.071256625004656293e-01
2.070518679292216446e-01
2.069788035874720322e-01
2.069064627498814479e-01
2.068348387451495740e-01
2.067639249557110814e-01
2.066937148174346206e-01
2.066242018193209795e-01
2.065553795032004647e-01
2.064872414634294218e-01
2.064197813465862563e-01
2.063529928511667333e-01
2.062868697272787488e-01
2.062214057763366304e-01
2.061565948507551038e-01
2.060924308536427052e-01
2.060289077384950540e-01
2.059660195088877932e-01
2.059037602181693627e-01
2.058421239691536342e-01
2.057811049138124349e-01
2.057206972529680433e-01
2.056608952359856024e-01
2.056016931604658093e-01
2.055430853719374396e-01
2.054850662635502034e-01
2.054276302757677419e-01
2.053707718960607886e-01
2.053144856586007483e-01
2.052587661439534694e-01
2.052036079787734335e-01
2.051490058354983048e-01
2.050949544320439522e-01
2.050414485314999147e-01
2.049884829418253951e-01
2.049360525155458079e-01
2.048841521494498275e-01
2.048327767842871572e-01
2.047819214044668268e-01
2.047315810377562662e-01
2.046817507549809623e-01
2.046324256697250044e-01
2.045836009380322673e-01
2.045352717581084001e-01
2.044874333700236746e-01
2.044400810554166115e-01
2.043932101371985499e-01
2.043468159792591055e-01
2.043008939861724049e-01
2.042554396029044594e-01
2.042104483145213700e-01
2.041659156458985602e-01
2.041218371614309524e-01
2.040782084647442818e-01
2.040350251984073826e-01
2.039922830436454726e-01
2.039499777200547148e-01
2.039081049853176120e-01
2.038666606349197885e-01
2.038256405018676887e-01
2.037850404564075235e-01
2.037448564057454392e-01
2.037050842937687123e-01
2.036657201007682216e-01
2.036267598431621972e-01
2.035881995732210792e-01
2.035500353787935701e-01
2.035122633830341587e-01
2.034748797441316148e-01
2.034378806550389829e-01
2.034012623432047140e-01
2.033650210703051020e-01
