-7.257979999999903953e-01
-7.257979999999903953e-01
-7.257983404116982173e-01
-7.257993448595023711e-01
-7.258013239602945088e-01
-7.258045803826935760e-01
-7.258094158621536396e-01
-7.258161405195648896e-01
-7.258250843412278330e-01
-7.258366098304567249e-01
-7.258511233505854365e-01
-7.258690803833051097e-01
-7.258909774640855961e-01
-7.259173234343079262e-01
-7.259485889144968729e-01
-7.259851460833177672e-01
-7.260272211829625899e-01
-7.260748763488408253e-01
-7.261280184967731088e-01
-7.261864199831523647e-01
-7.262497380071242237e-01
-7.263175293717147873e-01
-7.263892641525548921e-01
-7.264643432246070676e-01
-7.265421224649584175e-01
-7.266219431740064127e-01
-7.267031652507741635e-01
-7.267851978374848532e-01
-7.268675221941921505e-01
-7.269497035103622551e-01
-7.270313913347216106e-01
-7.271123109925996530e-01
-7.271922498104421706e-01
-7.272710420140136023e-01
-7.273485552454441727e-01
-7.274246803518586990e-01
-7.274993248870557094e-01
-7.275724098733669098e-01
-7.276438688688408041e-01
-7.277136482538391071e-01
-7.277817078048801624e-01
-7.278480209340785212e-01
-7.279125743063539211e-01
-7.279753668069767203e-01
-7.280364079818689715e-01
-7.280957161273009515e-01
-7.281533162041120555e-01
-7.282092377319473453e-01
-7.282635128012442394e-01
-7.283161743258640408e-01
-7.283672546379329482e-01
-7.284167844904324562e-01
-7.284647924831707533e-01
-7.285113048739175756e-01
-7.285563456918048297e-01
-7.285999370442316492e-01
-7.286420995047799831e-01
-7.286828524861227452e-01
-7.287222145337755030e-01
-7.287602035172390247e-01
-7.287968367362125388e-01
-7.288321309913575741e-01
-7.288661026829218459e-01
-7.288987679924709973e-01
-7.289301431759540595e-01
-7.289602449588320487e-01
-7.289890909864431556e-01
-7.290167002543578301e-01
-7.290430934312654987e-01
-7.290682929962781778e-01
-7.290923231464010446e-01
-7.291152094859802979e-01
-7.291369785772301437e-01
-7.291576574903795294e-01
-7.291772735233642555e-01
-7.291958542537468890e-01
-7.292134280455171425e-01
-7.292300250801599937e-01
-7.292456789381517313e-01
-7.292604287412597364e-01
-7.292743218856031495e-01
-7.292874174502497198e-01
-7.292997904499610717e-01
-7.293115372004569386e-01
-7.293227821578868175e-01
-7.293336866494602999e-01
-7.293444598935305834e-01
-7.293553725822113920e-01
-7.293667730430730689e-01
-7.293791055931474476e-01
-7.293929301502873885e-01
-7.294089415207700711e-01
-7.294279861775372353e-01
-7.294510740537388793e-01
-7.294793832839649994e-01
-7.295142572716948326e-01
-7.295571959694895359e-01
-7.296098462801084983e-01
-7.296739989271475713e-01
-7.297515998026753437e-01
-7.298447819991237262e-01
-7.299559206465542349e-01
-7.300877071000515528e-01
-7.302432328741180756e-01
-7.304260678078084990e-01
-7.306403122167620667e-01
-7.308906007802518090e-01
-7.311820387189644777e-01
-7.315200601084484999e-01
-7.319102134190520470e-01
-7.323578966079767882e-01
-7.328680768525005496e-01
-7.334450327823002214e-01
-7.340921488868741296e-01
-7.348117769760965645e-01
-7.356051649333900100e-01
-7.364724437897203213e-01
-7.374126619445241504e-01
-7.384238583551933077e-01
-7.395031711158051024e-01
-7.406469803972366428e-01
-7.418510829640220239e-01
-7.431108896144106302e-01
-7.444216297269263816e-01
-7.457785427181085058e-01
-7.471770374867323650e-01
-7.486128076476691318e-01
-7.500818996134428485e-01
-7.515807387826070052e-01
-7.531061240142107316e-01
-7.546552019220437169e-01
-7.562254313046313792e-01
-7.578145455354632354e-01
-7.594205179737362199e-01
-7.610415329964617115e-01
-7.626759633772350888e-01
-7.643223535579719563e-01
-7.659794078565096420e-01
-7.676459826515856788e-01
-7.693210817912744526e-01
-7.710038545714288372e-01
-7.726935954255862438e-01
-7.743897439340771127e-01
-7.760918830669484292e-01
-7.777997330665817888e-01
-7.795131384994891111e-01
-7.812320471297572455e-01
-7.829564813804444912e-01
-7.846865056528563587e-01
-7.864221946247391681e-01
-7.881636079406837414e-01
-7.899107752714609187e-01
-7.916636932058240816e-01
-7.934223328269999209e-01
-7.951866548255263067e-01
-7.969566278316670971e-01
-7.987322452449334698e-01
-8.005135361501154456e-01
-8.023005670504022024e-01
-8.040934332219272784e-01
-8.058922412533868762e-01
-8.076970869921189511e-01
-8.095080346195762111e-01
-8.113251022514094135e-01
-8.131482574883343029e-01
-8.149774236274929251e-01
-8.168124947518604628e-01
-8.186533561826837557e-01
-8.204999058653331678e-01
-8.223520720490474778e-01
-8.242098231308327971e-01
-8.260731669419539847e-01
-8.279421391332703051e-01
-8.298167832547606038e-01
-8.316971276509361743e-01
-8.335831653206110525e-01
-8.354748419425256367e-01
-8.373720548280577658e-01
-8.392746626855170922e-01
-8.411825036882303319e-01
-8.430954178069363092e-01
-8.450132686418310168e-01
-8.469359599613408562e-01
-8.488634429165720086e-01
-8.507957116767718153e-01
-8.527327880073765076e-01
-8.546746984638242672e-01
-8.566214502302215150e-01
-8.585730121204514509e-01
-8.605293056626259762e-01
-8.624902082871082065e-01
-8.644555676112231080e-01
-8.664252234887516169e-01
-8.683990330857764839e-01
-8.703768936301647940e-01
-8.723587576119944398e-01
-8.743446363046853964e-01
-8.763345898047143478e-01
-8.783287051898538422e-01
-8.803270679283562439e-01
-8.823297338894670050e-01
-8.843367091563331117e-01
-8.863479424326043965e-01
-8.883633313173445734e-01
-8.903827404369009102e-01
-8.924060271181262216e-01
-8.944330690284244545e-01
-8.964637877960844881e-01
-8.984981630533850350e-01
-9.005362329033819169e-01
-9.025780797325980709e-01
-9.046238041885775738e-01
-9.066734937620796186e-01
-9.087271941799698327e-01
-9.107848908803437560e-01
-9.128465047218978778e-01
-9.149119022210120411e-01
-9.169809173546543679e-01
-9.190533798849270797e-01
-9.211291441549916970e-01
-9.232081121503786791e-01
-9.252902453808414807e-01
-9.273755621516518444e-01
-9.294641201898827809e-01
-9.315559887219359014e-01
-9.336512174730944302e-01
-9.357498111306991051e-01
-9.378517160740853509e-01
-9.399568225293465362e-01
-9.420649813329271538e-01
-9.441760313682654449e-01
-9.462898318049501878e-01
-9.484062923203336881e-01
-9.505253943916130988e-01
-9.526471977892193577e-01
-9.547718290523488083e-01
-9.568994529882105526e-01
-9.590302330428844835e-01
-9.611642898063398333e-01
-9.633016672962557703e-01
-9.654423138913306168e-01
-9.675860803199124449e-01
-9.697327328766222054e-01
-9.718819772232549781e-01
-9.740334868683255820e-01
-9.761869302939698567e-01
-9.783419913706563609e-01
-9.804983791833891127e-01
-9.826558258420431402e-01
-9.848140740599415910e-01
-9.869728593767858049e-01
-9.891318936179763766e-01
-9.912908557265099896e-01
-9.934493937536731378e-01
-9.956071386574685267e-01
-9.977637277355333456e-01
-9.999188335071941269e-01
-1.002072192601771494e+00
-1.004223628578930105e+00
-1.006373062813387342e+00
-1.008520509171168200e+00
-1.010666051570915158e+00
-1.012809808153818381e+00
-1.014951890033786830e+00
-1.017092364471125832e+00
-1.019231230862643445e+00
-1.021368413981524004e+00
-1.023503774305397407e+00
-1.025637131625017684e+00
-1.027768295974129220e+00
-1.029897099013004524e+00
-1.032023418991530272e+00
-1.034147193369133966e+00
-1.036268415468314386e+00
-1.038387115325869026e+00
-1.040503329410683131e+00
-1.042617067401136799e+00
-1.044728285096039766e+00
-1.046836870377696460e+00
-1.048942645120417350e+00
-1.051045381821655855e+00
-1.053144830727413828e+00
-1.055240751546593803e+00
-1.057332943172905049e+00
-1.059421264949949926e+00
-1.061505644163735163e+00
-1.063586067070686259e+00
-1.065662554839946763e+00
-1.067735130237250640e+00
-1.069803783849756718e+00
-1.071868448686360775e+00
-1.073928989136745393e+00
-1.075985206018952312e+00
-1.078036855540170258e+00
-1.080083677384270135e+00
-1.082125425817738407e+00
-1.084161897296026744e+00
-1.086192948430850347e+00
-1.088218499663066385e+00
-1.090238522956926470e+00
-1.092253016029813839e+00
-1.094261969749442676e+00
-1.096265337535702988e+00
-1.098263014802908444e+00
-1.100254833166223412e+00
-1.102240569958904182e+00
-1.104219970118053729e+00
-1.106192775324704280e+00
-1.108158754246955757e+00
-1.110117727488004746e+00
-1.112069581406726293e+00
-1.114014266775100515e+00
-1.115951781566396850e+00
-1.117882141507903659e+00
-1.119805345827505905e+00
-1.121721347086286347e+00
-1.123630032404836276e+00
-1.125531219674060113e+00
-1.127424668266989949e+00
-1.129310100708207365e+00
-1.131187230081213579e+00
-1.133055787341741283e+00
-1.134915542812007017e+00
-1.136766317004939575e+00
-1.138607977916233693e+00
-1.140440425138735892e+00
-1.142263564907502360e+00
-1.144077283008517298e+00
-1.145881423015094436e+00
-1.147675775335929460e+00
-1.149460079154649650e+00
-1.151234036021387075e+00
-1.152997331556874894e+00
-1.154749660540603573e+00
-1.156490750247790134e+00
-1.158220377084169694e+00
-1.159938372534643936e+00
-1.161644616544617925e+00
-1.163339019648326200e+00
-1.165021498569033698e+00
-1.166691952179216951e+00
-1.168350244543259198e+00
-1.169996199413317228e+00
-1.171629607224788039e+00
-1.173250242662372100e+00
-1.174857888875453948e+00
-1.176452363333386986e+00
-1.178033539844370869e+00
-1.179601361424624573e+00
-1.181155839902483740e+00
-1.182697040784797871e+00
-1.184225055743054034e+00
-1.185739968815376910e+00
-1.187241824326070283e+00
-1.188730603628320059e+00
-1.190206214652127281e+00
-1.191668494506719744e+00
-1.193117222499586738e+00
-1.194552139429980508e+00
-1.195972968644842149e+00
-1.197379434654574748e+00
-1.198771275879984888e+00
-1.200148249422440916e+00
-1.201510127704848996e+00
-1.202856689124728762e+00
-1.204187706713457429e+00
-1.205502939370898474e+00
-1.206802129286352221e+00
-1.208085007196163740e+00
-1.209351305035653912e+00
-1.210600773910495587e+00
-1.211833204234265216e+00
-1.213048444192534880e+00
-1.214246412366243089e+00
-1.215427100676947036e+00
-1.216590565278221403e+00
-1.217736905761046318e+00
-1.218866236388376212e+00
-1.219978655596324568e+00
-1.221074220399352539e+00
-1.222152930449336150e+00
-1.223214723398808212e+00
-1.224259480346696183e+00
-1.225287038363635173e+00
-1.226297206452608313e+00
-1.227289781414625525e+00
-1.228264560616102896e+00
-1.229221349510934536e+00
-1.230159963029598957e+00
-1.231080221553784826e+00
-1.231981943748657882e+00
-1.232864939406260740e+00
-1.233729005256907874e+00
-1.234573925577862719e+00
-1.235399477947430880e+00
-1.236205443219229316e+00
-1.236991617952000411e+00
-1.237757827051103821e+00
-1.238503934135477325e+00
-1.239229847183375810e+00
-1.239935517569250356e+00
-1.240620931900373369e+00
-1.241286097952309930e+00
-1.241931027821989719e+00
-1.242555722288850806e+00
-1.243160159844256762e+00
-1.243744292246393934e+00
-1.244308046603676887e+00
-1.244851332583078118e+00
-1.245374052607270965e+00
-1.245876112701148175e+00
-1.246357431762556534e+00
-1.246817947403360272e+00
-1.247257617230964621e+00
-1.247676415583977905e+00
-1.248074327104607306e+00
-1.248451339627755452e+00
-1.248807439174221656e+00
-1.249142609208843124e+00
-1.249456835100170471e+00
-1.249750113416829178e+00
-1.250022464646044051e+00
-1.250273947150040588e+00
-1.250504669591176121e+00
-1.250714798694533503e+00
-1.250904559370811686e+00
-1.251074225299761089e+00
-1.251224100193414568e+00
-1.251354492555421416e+00
-1.251465688672967813e+00
-1.251557928810274500e+00
-1.251631390047230674e+00
-1.251686176841981801e+00
-1.251722318369855147e+00
-1.251739770691716380e+00
-1.251738421847122140e+00
-1.251718098657740086e+00
-1.251678574879169892e+00
-1.251619580943899912e+00
-1.251540815632126380e+00
-1.251441959559296047e+00
-1.251322689641401142e+00
-1.251182693145509450e+00
-1.251021679909855466e+00
-1.250839391826471303e+00
-1.250635609392631409e+00
-1.250410155663618239e+00
-1.250162898055987570e+00
-1.249893748150835648e+00
-1.249602659064071863e+00
-1.249289619286756192e+00
-1.248954641383528630e+00
-1.248597743769306989e+00
-1.248218924012568287e+00
-1.247818122550785391e+00
-1.247395176030760222e+00
-1.246949759558773740e+00
-1.246481317264329869e+00
-1.245988981478921342e+00
-1.245471483364667398e+00
-1.244927062528500050e+00
-1.244353389669951238e+00
-1.243747522731405653e+00
-1.243105919573576079e+00
-1.242424524281559028e+00
-1.241698927535743291e+00
-1.240924577883829594e+00
-1.240097000466670707e+00
-1.239211973584728010e+00
-1.238265624782310281e+00
-1.237254430513692105e+00
-1.236175126669068147e+00
-1.235024554553279197e+00
-1.233799477557731672e+00
-1.232496409981188368e+00
-1.231111502089780263e+00
-1.229640521775211326e+00
-1.228078958277667221e+00
-1.226422245821278345e+00
-1.224666071584633142e+00
-1.222806707692409400e+00
-1.220841303634496944e+00
-1.218768094501961219e+00
-1.216586509901422364e+00
-1.214297193483292236e+00
-1.211901955333310354e+00
-1.209403679427754286e+00
-1.206806201352685237e+00
-1.204114163497747914e+00
-1.201332850069495750e+00
-1.198468004175307078e+00
-1.195525633192789261e+00
-1.192511814098670131e+00
-1.189432514120708273e+00
-1.186293441660944525e+00
-1.183099937738905538e+00
-1.179856911113768669e+00
-1.176568813434797578e+00
-1.173239646210464837e+00
-1.169872989670432073e+00
-1.166472044180368428e+00
-1.163039676748897966e+00
-1.159578467418477921e+00
-1.156090752371165875e+00
-1.152578662151661160e+00
-1.149044154483274571e+00
-1.145489041807639108e+00
-1.141915014028253239e+00
-1.138323657085041907e+00
-1.134716468012332502e+00
-1.131094867091742895e+00
-1.127460207640162304e+00
-1.123813783892477991e+00
-1.120156837360485547e+00
-1.116490561979088803e+00
-1.112816108290450412e+00
-1.109134586866331595e+00
-1.105447071127617642e+00
-1.101754599686750602e+00
-1.098058178312220523e+00
-1.094358781593170793e+00
-1.090657354365524245e+00
-1.086954812947930282e+00
-1.083252046225532839e+00
-1.079549916611487470e+00
-1.075849260909825578e+00
-1.072150891098298420e+00
-1.068455595045953777e+00
-1.064764137177153902e+00
-1.061077259091364189e+00
-1.057395680146193007e+00
-1.053720098009728767e+00
-1.050051189187132472e+00
-1.046389609525642639e+00
-1.042735994701604607e+00
-1.039090960692833576e+00
-1.035455104239578095e+00
-1.031829003297603631e+00
-1.028213217487551123e+00
-1.024608288545876933e+00
-1.021014740784560004e+00
-1.017433081569705022e+00
-1.013863801833669864e+00
-1.010307376642165966e+00
-1.006764265848032913e+00
-1.003234914878761597e+00
-9.997197557277888169e-01
-9.962192082537150162e-01
-9.927336819420239378e-01
-9.892635783577516939e-01
-9.858092946241996390e-01
-9.823712284133130357e-01
-9.789497851378937687e-01
-9.755453882957564327e-01
-9.721584942048372424e-01
-9.687896125915180789e-01
-9.654393344155115519e-01
-9.621083674512248551e-01
-9.587975777093022955e-01
-9.555080299204975480e-01
-9.522410131413844292e-01
-9.489980312314296729e-01
-9.457807398957421841e-01
-9.425908293020339723e-01
-9.394298793128436076e-01
-9.362992326150579858e-01
-9.331999220802671413e-01
-9.301326601753242551e-01
-9.270978736328165937e-01
-9.240957590141092304e-01
-9.211263402343891071e-01
-9.181895181083742363e-01
-9.152851088715461270e-01
-9.124128723158339005e-01
-9.095725315409571854e-01
-9.067637864689112037e-01
-9.039863229368189090e-01
-9.012398187464844002e-01
-8.985239476579967022e-01
-8.958383820107521656e-01
-8.931827944349834958e-01
-8.905568589634856869e-01
-8.879602517489250113e-01
-8.853926515222376725e-01
-8.828537398812372761e-01
-8.803432014679346551e-01
-8.778607240729424666e-01
-8.754059986921222114e-01
-8.729787195519713716e-01
-8.705785841145722292e-01
-8.682052930692054638e-01
-8.658585503152946838e-01
-8.635380629397477747e-01
-8.612435411907146676e-01
-8.589746984490884696e-01
-8.567312511986271417e-01
-8.545129189952720417e-01
-8.523194244360442484e-01
-8.501504931277706900e-01
-8.480058536558042759e-01
-8.458852375528479461e-01
-8.437883792679534700e-01
-8.417150161357419558e-01
-8.396648883458757151e-01
-8.376377389128001338e-01
-8.356333136457688715e-01
-8.336513611191568307e-01
-8.316916326430670026e-01
-8.297538822342309661e-01
-8.278378665872037079e-01
-8.259433450458518733e-01
-8.240700795751336738e-01
-8.222178347331687842e-01
-8.203863776435956767e-01
-8.185754779682140603e-01
-8.167849078799102047e-01
-8.150144420358618191e-01
-8.132638575510203749e-01
-8.115329339718685420e-01
-8.098214532504491858e-01
-8.081291997186638154e-01
-8.064559600628378178e-01
-8.048015232985498146e-01
-8.031656807457224767e-01
-8.015482260039719087e-01
-7.999489549282137180e-01
-7.983676656045227693e-01
-7.968041583262438499e-01
-7.952582355703513572e-01
-7.937297019740550130e-01
-7.922183643116494922e-01
-7.907240314716051932e-01
-7.892465144338981498e-01
-7.877856262475759763e-01
-7.863411820085586257e-01
-7.849129988376704059e-01
-7.835008958589015915e-01
-7.821046941778972972e-01
-7.807242168606711719e-01
-7.793592889125416923e-01
-7.780097372572887249e-01
-7.766753907165284687e-01
-7.753560799893040034e-01
-7.740516376318901104e-01
-7.727618980378090363e-01
-7.714866974180565329e-01
-7.702258737815346201e-01
-7.689792669156899629e-01
-7.677467183673551965e-01
-7.665280714237917570e-01
-7.653231710939314425e-01
-7.641318640898152603e-01
-7.629539988082272295e-01
-7.617894253125216952e-01
-7.606379953146410466e-01
-7.594995621573233935e-01
-7.583739807964972046e-01
-7.572611077838613536e-01
-7.561608012496485731e-01
-7.550729208855707641e-01
-7.539973279279440499e-01
-7.529338851409916877e-01
-7.518824568003229514e-01
-7.508429086765869842e-01
-7.498151080192982931e-01
-7.487989235408341049e-01
-7.477942254006000322e-01
-7.468008851893631617e-01
-7.458187759137512307e-01
-7.448477719809152298e-01
-7.438877491833544298e-01
-7.429385846839021701e-01
-7.420001570008705194e-01
-7.410723459933520330e-01
-7.401550328466776074e-01
-7.392481000580281014e-01
-7.383514314221986119e-01
-7.374649120175139627e-01
-7.365884281918932963e-01
-7.357218675490624360e-01
-7.348651189349131307e-01
-7.340180724240067400e-01
-7.331806193062213595e-01
-7.323526520735408329e-01
-7.315340644069844300e-01
-7.307247511636750792e-01
-7.299246083640454907e-01
-7.291335331791802821e-01
-7.283514239182928840e-01
-7.275781800163357849e-01
-7.268137020217424471e-01
-7.260578915843003411e-01
-7.253106514431527652e-01
-7.245718854149287846e-01
-7.238414983819999593e-01
-7.231193962808616371e-01
-7.224054860906390374e-01
-7.216996758217155694e-01
-7.210018745044826094e-01
-7.203119921782098478e-01
-7.196299398800336533e-01
-7.189556296340641195e-01
-7.182889744406079080e-01
-7.176298882655065547e-01
-7.169782860295890181e-01
-7.163340835982365817e-01
-7.156971977710601118e-01
-7.150675462716870046e-01
-7.144450477376586006e-01
-7.138296217104347363e-01
-7.132211886255062083e-01
-7.126196698026125986e-01
-7.120249874360656817e-01
-7.114370645851760822e-01
-7.108558251647827397e-01
-7.102811939358840698e-01
-7.097130964963700439e-01
-7.091514592718531906e-01
-7.085962095065982957e-01
-7.080472752545498016e-01
-7.075045853704553522e-01
-7.069680695010850391e-01
-7.064376580765447944e-01
-7.059132823016833758e-01
-7.053948741475916107e-01
-7.048823663431936781e-01
-7.043756923669280967e-01
-7.038747864385189734e-01
-7.033795835108357375e-01
-7.028900192618402487e-01
-7.024060300866212803e-01
-7.019275530895142667e-01
-7.014545260763063173e-01
-7.009868875465254945e-01
-7.005245766858130274e-01
-7.000675333583777915e-01
-6.996156980995323904e-01
-6.991690121083100617e-01
-6.987274172401608530e-01
-6.982908559997268449e-01
-6.978592715336958685e-01
-6.974326076237317151e-01
-6.970108086794816193e-01
-6.965938197316587921e-01
-6.961815864252000052e-01
-6.957740550124970058e-01
-6.953711723467015382e-01
-6.949728858751026417e-01
-6.945791436325757795e-01
-6.941898942351026891e-01
-6.938050868733616205e-01
-6.934246713063871859e-01
-6.930485978552987092e-01
-6.926768173970965226e-01
-6.923092813585257632e-01
-6.919459417100067844e-01
-6.915867509596311802e-01
-6.912316621472229805e-01
-6.908806288384645722e-01
-6.905336051190863467e-01
-6.901905455891192975e-01
-6.898514053572101234e-01
-6.895161400349981706e-01
-6.891847057315535485e-01
-6.888570590478755307e-01
-6.885331570714510185e-01
-6.882129573708719583e-01
-6.878964179905114884e-01
-6.875834974452580406e-01
-6.872741547153067287e-01
-6.869683492410072478e-01
-6.866660409177681723e-01
-6.863671900910168766e-01
-6.860717575512137456e-01
-6.857797045289215632e-01
-6.854909926899278583e-01
-6.852055841304210970e-01
-6.849234413722190551e-01
-6.846445273580492596e-01
-6.843688054468812787e-01
-6.840962394093096366e-01
-6.838267934229872447e-01
-6.835604320681086810e-01
-6.832971203229425416e-01
-6.830368235594131976e-01
-6.827795075387304014e-01
-6.825251384070664118e-01
-6.822736826912811914e-01
-6.820251072946934556e-01
-6.817793794928984630e-01
-6.815364669296315459e-01
-6.812963376126766057e-01
-6.810589599098197944e-01
-6.808243025448471597e-01
-6.805923345935863678e-01
-6.803630254799911681e-01
-6.801363449722698240e-01
-6.799122631790549542e-01
-6.796907505456156739e-01
-6.794717778501117023e-01
-6.792553161998876599e-01
-6.790413370278088889e-01
-6.788298120886365750e-01
-6.786207134554437248e-01
-6.784140135160692253e-01
-6.782096849696118701e-01
-6.780077008229623559e-01
-6.778080343873731373e-01
-6.776106592750666957e-01
-6.774155493958802232e-01
-6.772226789539478320e-01
-6.770320224444189572e-01
-6.768435546502125089e-01
-6.766572506388072172e-01
-6.764730857590671720e-01
-6.762910356381020005e-01
-6.761110761781617962e-01
-6.759331835535659083e-01
-6.757573342076662604e-01
-6.755835048498433082e-01
-6.754116724525351945e-01
-6.752418142483002095e-01
-6.750739077269106714e-01
-6.749079306324797800e-01
-6.747438609606194460e-01
-6.745816769556296499e-01
-6.744213571077187774e-01
-6.742628801502545954e-01
-6.741062250570456493e-01
-6.739513710396525248e-01
-6.737982975447285305e-01
-6.736469842513903572e-01
-6.734974110686170468e-01
-6.733495581326782720e-01
-6.732034058045902603e-01
-6.730589346676008056e-01
-6.729161255247011475e-01
-6.727749593961658281e-01
-6.726354175171194161e-01
-6.724974813351306535e-01
-6.723611325078323597e-01
-6.722263529005686467e-01
-6.720931245840670032e-01
-6.719614298321372470e-01
-6.718312511193952341e-01
-6.717025711190117709e-01
-6.715753727004867280e-01
-6.714496389274475785e-01
-6.713253530554724735e-01
-6.712024985299372970e-01
-6.710810589838862583e-01
-6.709610182359267982e-01
-6.708423602881471437e-01
-6.707250693240570660e-01
-6.706091297065520651e-01
-6.704945259758988696e-01
-6.703812428477446961e-01
-6.702692652111474914e-01
-6.701585781266284902e-01
-6.700491668242464227e-01
-6.699410167016927042e-01
-6.698341133224082755e-01
-6.697284424137208703e-01
-6.696239898650032663e-01
-6.695207417258518534e-01
-6.694186842042854080e-01
-6.693178036649638507e-01
-6.692180866274269890e-01
-6.691195197643524661e-01
-6.690220898998333610e-01
-6.689257840076747730e-01
-6.688305892097096139e-01
-6.687364927741326071e-01
-6.686434821138532714e-01
-6.685515447848668913e-01
-6.684606684846439162e-01
-6.683708410505370123e-01
-6.682820504582061005e-01
-6.681942848200604912e-01
-6.681075323837188940e-01
-6.680217815304860807e-01
-6.679370207738467569e-01
-6.678532387579764196e-01
-6.677704242562682024e-01
-6.676885661698767072e-01
-6.676076535262776002e-01
-6.675276754778436406e-01
-6.674486213004363622e-01
-6.673704803920136319e-01
-6.672932422712524181e-01
-6.672168965761869908e-01
-6.671414330628628875e-01
-6.670668416040048676e-01
-6.669931121877005209e-01
-6.669202349160984200e-01
-6.668482000041204838e-01
-6.667769977781889956e-01
-6.667066186749677215e-01
-6.666370532401172389e-01
-6.665682921270638106e-01
-6.665003260957824693e-01
-6.664331460115932027e-01
-6.663667428439710161e-01
-6.663011076653692077e-01
-6.662362316500552994e-01
-6.661721060729607347e-01
-6.661087223085428999e-01
-6.660460718296602467e-01
-6.659841462064594042e-01
-6.659229371052752811e-01
-6.658624362875436020e-01
-6.658026356087248798e-01
-6.657435270172410435e-01
-6.656851025534236133e-01
-6.656273543484741984e-01
-6.655702746234357647e-01
-6.655138556881761147e-01
-6.654580899403826910e-01
-6.654029698645681501e-01
-6.653484880310874816e-01
-6.652946370951661192e-01
-6.652414097959390427e-01
-6.651887989554999825e-01
-6.651367974779622827e-01
-6.650853983485294219e-01
-6.650345946325765256e-01
-6.649843794747417602e-01
-6.649347460980282731e-01
-6.648856878029160145e-01
-6.648371979664834397e-01
-6.647892700415394263e-01
-6.647418975557641829e-01
-6.646950741108609284e-01
-6.646487933817160076e-01
-6.646030491155688891e-01
-6.645578351311917098e-01
-6.645131453180777026e-01
-6.644689736356387266e-01
-6.644253141124120132e-01
-6.643821608452756822e-01
-6.643395079986731400e-01
-6.642973498038460267e-01
-6.642556805580760448e-01
-6.642144946239352254e-01
-6.641737864285445214e-01
-6.641335504628406161e-01
-6.640937812808515028e-01
-6.640544734989795028e-01
-6.640156217952929429e-01
-6.639772209088253829e-01
-6.639392656388830583e-01
-6.639017508443598725e-01
-6.638646714430602724e-01
-6.638280224110293393e-01
-6.637917987818912069e-01
-6.637559956461940303e-01
-6.637206081507630584e-01
-6.636856314980605909e-01
-6.636510609455531506e-01
-6.636168918050859844e-01
-6.635831194422643353e-01
-6.635497392758421542e-01
-6.635167467771170280e-01
-6.634841374693326577e-01
-6.634519069270873315e-01
-6.634200507757496146e-01
-6.633885646908805889e-01
-6.633574443976623103e-01
-6.633266856703328163e-01
-6.632962843316276835e-01
-6.632662362522276922e-01
-6.632365373502129291e-01
-6.632071835905226642e-01
-6.631781709844217776e-01
-6.631494955889728482e-01
-6.631211535065144602e-01
-6.630931408841451713e-01
-6.630654539132136982e-01
-6.630380888288143204e-01
-6.630110419092881680e-01
-6.629843094757306154e-01
-6.629578878915034501e-01
-6.629317735617532570e-01
-6.629059629329345782e-01
-6.628804524923391783e-01
-6.628552387676300839e-01
-6.628303183263810627e-01
-6.628056877756214327e-01
-6.627813437613858660e-01
-6.627572829682693012e-01
-6.627335021189868502e-01
-6.627099979739388136e-01
-6.626867673307805795e-01
-6.626638070239974088e-01
-6.626411139244837711e-01
-6.626186849391276779e-01
-6.625965170104000102e-01
-6.625746071159478445e-01
-6.625529522681927741e-01
-6.625315495139336708e-01
