3.405930001327411860e-05
3.405930001327411860e-05
3.122808651414560587e-05
2.289201717705227835e-05
6.504857804871436817e-06
-2.039205982996303309e-05
-6.022452193601537441e-05
-1.154576399314659340e-04
-1.886845668812519531e-04
-2.827243013989141668e-04
-4.007098651444282260e-04
-5.461307046827851373e-04
-7.227743939949243888e-04
-9.345115866439322825e-04
-1.184915470484011919e-03
-1.476806980644066163e-03
-1.811895879906823183e-03
-2.190644199782263921e-03
-2.612335468492494282e-03
-3.075233840703353854e-03
-3.576733732021553959e-03
-4.113473516731565825e-03
-4.681439539703666219e-03
-5.276097587381921306e-03
-5.892573120034237666e-03
-6.525877138790292867e-03
-7.171152218319000113e-03
-7.823899759740628526e-03
-8.480149861362612507e-03
-9.136549560985838397e-03
-9.790367112991700538e-03
-1.043942973063143043e-02
-1.108202285754772420e-02
-1.171677933771199734e-02
-1.234258006774871345e-02
-1.295847825837738790e-02
-1.356365062999013646e-02
-1.415737242493888583e-02
-1.473900953532238101e-02
-1.530802010627895990e-02
-1.586395902190781970e-02
-1.640648079376169632e-02
-1.693533862663545650e-02
-1.745037918634865723e-02
-1.795153361257980154e-02
-1.843880573516249247e-02
-1.891225855339628142e-02
-1.937200007683262740e-02
-1.981816970417438553e-02
-2.025092637777066440e-02
-2.067043965797105490e-02
-2.107688451002008231e-02
-2.147043999476996173e-02
-2.185129132832564283e-02
-2.221963410505860270e-02
-2.257567902751138680e-02
-2.291965536788840088e-02
-2.325181165628380578e-02
-2.357241274723030980e-02
-2.388173336569333893e-02
-2.418004926466526053e-02
-2.446762793370217681e-02
-2.474472108970343989e-02
-2.501156082356342444e-02
-2.526836036917354950e-02
-2.551531928869878868e-02
-2.575263176059485598e-02
-2.598049587170006905e-02
-2.619912150090719302e-02
-2.640873460773637479e-02
-2.660957651034114024e-02
-2.680189796083943393e-02
-2.698594924942082640e-02
-2.716196878793206149e-02
-2.733017321597791191e-02
-2.749075180772862781e-02
-2.764386693206535503e-02
-2.778966090087041721e-02
-2.792826817208054341e-02
-2.805983088679225163e-02
-2.818451527855031155e-02
-2.830252665202587573e-02
-2.841412138986819380e-02
-2.851961574093168916e-02
-2.861939273903207209e-02
-2.871391005042669281e-02
-2.880371227593106140e-02
-2.888945077229093661e-02
-2.897191226020183474e-02
-2.905205454976110546e-02
-2.913104401937857690e-02
-2.921028545549976194e-02
-2.929143102009771141e-02
-2.937635229363790706e-02
-2.946705878692130326e-02
-2.956554933796792101e-02
-2.967358991791647568e-02
-2.979242132915516095e-02
-2.992241005934088982e-02
-3.006266179619082948e-02
-3.021061844516798392e-02
-3.036165793462716062e-02
-3.050871612941028280e-02
-3.064195607140962965e-02
-3.074852269680403496e-02
-3.081243745615324520e-02
-3.081469822977979736e-02
-3.073364415519776183e-02
-3.054561352085475787e-02
-3.022586664101833617e-02
-2.974968016028316925e-02
-2.909347059894018886e-02
-2.823579575589957313e-02
-2.715811737134104370e-02
-2.584527068983553250e-02
-2.428564989408402847e-02
-2.247116206180531719e-02
-2.039701941317127037e-02
-1.806143530877960673e-02
-1.546527429614505227e-02
-1.261169051333612540e-02
-9.505778207234213614e-03
-6.154254548689445936e-03
-2.565195735007619153e-03
1.252152177823548720e-03
5.287470287904559411e-03
9.529364238621676475e-03
1.396526928908019619e-02
1.858128778148254029e-02
2.336200183165608110e-02
2.829032066124397005e-02
3.334743297244370519e-02
3.851293332334485009e-02
4.376517023641529613e-02
4.908182058608053649e-02
5.444063870560740537e-02
5.982027985838762885e-02
6.520107782322254186e-02
7.056567422087264840e-02
7.589944265716228045e-02
8.119070175404745349e-02
8.643074784617398032e-02
9.161375219128316261e-02
9.673656228598821738e-02
1.017984319941117044e-01
1.068006912775879141e-01
1.117463610952078717e-01
1.166397249113891588e-01
1.214858812933554966e-01
1.262903137620755012e-01
1.310585162939187920e-01
1.357957031524267832e-01
1.405066143978616622e-01
1.451954110177525459e-01
1.498656419697661224e-01
1.545202612547973142e-01
1.591616748518542845e-01
1.637918021178777772e-01
1.684121416086418188e-01
1.730238356891254381e-01
1.776277311731187247e-01
1.822244346508702928e-01
1.868143616372946458e-01
1.913977788187814499e-01
1.959748389291994797e-01
2.005456082627115055e-01
2.051100874111742023e-01
2.096682263196668339e-01
2.142199350778535849e-01
2.187650919825062934e-01
2.233035503240869968e-01
2.278351450700012437e-01
2.323597001548373953e-01
2.368770365233296149e-01
2.413869805656030654e-01
2.458893723118214802e-01
2.503840727888696494e-01
2.548709701973879693e-01
2.593499848498372340e-01
2.638210729415735867e-01
2.682842291341140939e-01
2.727394876620706787e-01
2.771869213777111152e-01
2.816266380172921524e-01
2.860587731901049202e-01
2.904834802046951103e-01
2.949009176818432332e-01
2.993112365913150885e-01
3.037145685332727219e-01
3.081110166708256326e-01
3.125006499378362723e-01
3.168835003741266587e-01
3.212595629621020632e-01
3.256287972285322185e-01
3.299911300383049362e-01
3.343464592801606572e-01
3.386946583729003590e-01
3.430355816009917902e-01
3.473690701977103501e-01
3.516949589014627953e-01
3.560130825475155136e-01
3.603232822343895303e-01
3.646254107370321407e-01
3.689193370406579353e-01
3.732049500173523771e-01
3.774821612810447813e-01
3.817509071313721081e-01
3.860111493020226825e-01
3.902628740839343413e-01
3.945060894324238787e-01
3.987408199740750669e-01
4.029671003573808696e-01
4.071849679345542206e-01
4.113944560482174495e-01
4.155955890663272645e-01
4.197883798274266720e-01
4.239728295550242998e-01
4.281489297984694131e-01
4.323166656602222546e-01
4.364760194626611800e-01
4.406269740418542469e-01
4.447695150114008844e-01
4.489036316330848875e-01
4.530293163633365428e-01
4.571465636355108719e-01
4.612553688206166846e-01
4.653557284144559936e-01
4.694476422719508490e-01
4.735311182401062968e-01
4.776061789807956037e-01
4.816728702253182393e-01
4.857312691884729250e-01
4.897814914055951263e-01
4.938236939465112108e-01
4.978580730369432938e-01
5.018848548361881656e-01
5.059042795221585509e-01
5.099165805375474037e-01
5.139219621219791589e-01
5.179205784590463768e-01
5.219125168437909190e-01
5.258977857926859789e-01
5.298763077512904651e-01
5.338479155137170196e-01
5.378123517143631460e-01
5.417692714992474734e-01
5.457182492696204257e-01
5.496587907220429337e-01
5.535903509337160022e-01
5.575123579714196254e-01
5.614242399472695322e-01
5.653254524118839219e-01
5.692155030447053621e-01
5.730939716925503857e-01
5.769605252583335231e-01
5.808149279950671762e-01
5.846570480034453121e-01
5.884868602094318613e-01
5.923044451913671571e-01
5.961099824878270947e-01
5.999037370120201551e-01
6.036860382555896409e-01
6.074572538806694011e-01
6.112177612526887849e-01
6.149679214199300636e-01
6.187080594514073884e-01
6.224384532331395103e-01
6.261593306964519101e-01
6.298708738194057632e-01
6.335732269129528138e-01
6.372665065527909345e-01
6.409508107901431551e-01
6.446262258145120105e-01
6.482928290277580885e-01
6.519506885037565924e-01
6.555998598774739339e-01
6.592403824862139716e-01
6.628722767532599924e-01
6.664955443114471967e-01
6.701101714781969587e-01
6.737161357880655510e-01
6.773134146007275813e-01
6.809019943638050520e-01
6.844818788604289939e-01
6.880530947105755191e-01
6.916156926484006151e-01
6.951697438313195754e-01
6.987153316516732104e-01
7.022525408840665229e-01
7.057814469244531042e-01
7.093021078927628231e-01
7.128145614819114684e-01
7.163188270948115388e-01
7.198149125569944795e-01
7.233028238177878766e-01
7.267825755593846360e-01
7.302542004187241309e-01
7.337177545886331975e-01
7.371733180528245999e-01
7.406209887846890716e-01
7.440608718086527684e-01
7.474930655850483552e-01
7.509176490291852302e-01
7.543346721865499260e-01
7.577441523440479054e-01
7.611460757951016287e-01
7.645404042000382150e-01
7.679270837446465769e-01
7.713060550274993821e-01
7.746772616383589272e-01
7.780406556672386786e-01
7.813961989791656793e-01
7.847438600665253006e-01
7.880836075034163279e-01
7.914154020600266959e-01
7.947391899188966935e-01
7.980548989898587076e-01
8.013624393013245584e-01
8.046617073296000733e-01
8.079525932765735385e-01
8.112349898119746161e-01
8.145088005769494099e-01
8.177739467299722786e-01
8.210303700572477714e-01
8.242780318045718202e-01
8.275169074583644813e-01
8.307469789713538555e-01
8.339682268875981963e-01
8.371806249993082316e-01
8.403841394769095974e-01
8.435787332024480278e-01
8.467643747890418737e-01
8.499410507746719690e-01
8.531087787596399741e-01
8.562676187466734534e-01
8.594176797099930543e-01
8.625591187508870883e-01
8.656921314256946776e-01
8.688169339585484208e-01
8.719337404440546946e-01
8.750427397246742789e-01
8.781440765750726518e-01
8.812378402190725879e-01
8.843240609354595660e-01
8.874027135864470672e-01
8.904737258492998464e-01
8.935369887053924431e-01
8.965923670333572071e-01
8.996397086950633781e-01
9.026788511819775485e-01
9.057096256815280189e-01
9.087318592540354345e-01
9.117453764811397354e-01
9.147500022155210520e-01
9.177455668251822685e-01
9.207319147010334381e-01
9.237089160130715904e-01
9.266764809145471293e-01
9.296345746196315041e-01
9.325832309922600372e-01
9.355225615971488606e-01
9.384527569514125034e-01
9.413740775111003600e-01
9.442868340417264195e-01
9.471913600482310125e-01
9.500879816500207298e-01
9.529769912921041142e-01
9.558586304497471708e-01
9.587330837259110394e-01
9.616004837946054984e-01
9.644609245061341873e-01
9.673144783763538701e-01
9.701612143613970174e-01
9.730012119899998924e-01
9.758345685887379606e-01
9.786613977051848989e-01
9.814818189687917194e-01
9.842959420562105155e-01
9.871038491841113149e-01
9.899055807873520241e-01
9.927011276870618683e-01
9.954904308813156133e-01
9.982733880921271785e-01
1.001049864952103574e+00
1.003819708229233720e+00
1.006582758506912922e+00
1.009338860053860865e+00
1.012087866231386801e+00
1.014829639793199512e+00
1.017564048794860065e+00
1.020290960186092111e+00
1.023010233944719349e+00
1.025721720445225138e+00
1.028425262745725988e+00
1.031120704115574327e+00
1.033807899891201254e+00
1.036486731828097252e+00
1.039157122452991633e+00
1.041819046454124598e+00
1.044472536037085897e+00
1.047117677798017121e+00
1.049754600341911148e+00
1.052383454407618268e+00
1.055004389737727033e+00
1.057617534139113191e+00
1.060222979477887684e+00
1.062820777166050723e+00
1.065410943125347565e+00
1.067993470192434513e+00
1.070568344758148216e+00
1.073135563925635250e+00
1.075695149391935779e+00
1.078247154634139227e+00
1.080791663089714305e+00
1.083328777036880686e+00
1.085858599443429995e+00
1.088381213181663476e+00
1.090896662660095107e+00
1.093404941794087204e+00
1.095905990007607800e+00
1.098399695729907588e+00
1.100885905387151587e+00
1.103364435322720105e+00
1.105835084143824032e+00
1.108297643391017440e+00
1.110751905044056409e+00
1.113197665242409595e+00
1.115634724701256353e+00
1.118062887419372764e+00
1.120481959995111243e+00
1.122891753863409114e+00
1.125292092052806225e+00
1.127682820957575327e+00
1.130063826469015043e+00
1.132435052743030690e+00
1.134796520848919910e+00
1.137148343553498808e+00
1.139490731851460437e+00
1.141823989197707112e+00
1.144148491362132924e+00
1.146464653369876130e+00
1.148772888922804825e+00
1.151073570117450595e+00
1.153366994867741191e+00
1.155653366519653114e+00
1.157932786338092601e+00
1.160205256518519246e+00
1.162470689853617900e+00
1.164728921933847916e+00
1.166979722130949471e+00
1.169222800046798572e+00
1.171457804344645082e+00
1.173684310915991569e+00
1.175901797289757855e+00
1.178109600153079528e+00
1.180306852876144674e+00
1.182492400177076908e+00
1.184664688011677347e+00
1.186821629322248883e+00
1.188960451550053588e+00
1.191077540609430718e+00
1.193168307834875597e+00
1.195227118129879695e+00
1.197247322714095175e+00
1.199221430419779910e+00
1.201141423261118835e+00
1.202999181439579957e+00
1.204786947796902208e+00
1.206497750797552060e+00
1.208125724020087333e+00
1.209666296984359013e+00
1.211116267540867764e+00
1.212473786460168901e+00
1.213738287857761833e+00
1.214910390021807229e+00
1.215991777727147394e+00
1.216985065955001000e+00
1.217893640750808082e+00
1.218721477307751044e+00
1.219472945556548726e+00
1.220152623182536145e+00
1.220765138688978402e+00
1.221315060942822717e+00
1.221806840063807353e+00
1.222244793164212195e+00
1.222633121100870301e+00
1.222975939744081364e+00
1.223277310119033290e+00
1.223541254795138311e+00
1.223771752363257415e+00
1.223972707403004678e+00
1.224147899384709470e+00
1.224300919222530482e+00
1.224435105147658964e+00
1.224553489224488034e+00
1.224658762483762597e+00
1.224753261770862300e+00
1.224838976824976777e+00
1.224917573077398236e+00
1.224990424512811371e+00
1.225058651279770094e+00
1.225123157892054282e+00
1.225184669236737189e+00
1.225243762829207439e+00
1.225300896677554929e+00
1.225356432727481293e+00
1.225410656210215832e+00
1.225463791383313517e+00
1.225516014203670734e+00
1.225567462453596823e+00
1.225618243788257677e+00
1.225668442107372247e+00
1.225718122587756476e+00
1.225767335652324430e+00
1.225816120098055961e+00
1.225864505560785078e+00
1.225912514457973446e+00
1.225960163520965152e+00
1.226007465004494090e+00
1.226054427642398359e+00
1.226101057403642836e+00
1.226147358091081552e+00
1.226193331816237242e+00
1.226238979376208516e+00
1.226284300553208917e+00
1.226329294352852095e+00
1.226373959193868712e+00
1.226418293059247322e+00
1.226462293616687349e+00
1.226505958314594968e+00
1.226549284458557487e+00
1.226592269272201774e+00
1.226634909945539587e+00
1.226677203673259164e+00
1.226719147684917965e+00
1.226760739268578204e+00
1.226801975789104437e+00
1.226842854702063557e+00
1.226883373563941948e+00
1.226923530039184973e+00
1.226963321904366966e+00
1.227002747049591003e+00
1.227041803476979442e+00
1.227080489295812038e+00
1.227118802713458745e+00
1.227156742020684810e+00
1.227194305569075716e+00
1.227231491737130975e+00
1.227268298879812702e+00
1.227304725253778761e+00
1.227340768906839852e+00
1.227376427514992985e+00
1.227411698143332286e+00
1.227446576898184372e+00
1.227481058427869698e+00
1.227515135221799891e+00
1.227548796660329344e+00
1.227582027797484043e+00
1.227614807942508213e+00
1.227647109273446668e+00
1.227678895962442285e+00
1.227710124509566292e+00
1.227740745915109510e+00
1.227770709724530063e+00
1.227799969015672454e+00
1.227828484770173478e+00
1.227856228378806813e+00
1.227883182011637153e+00
1.227909337430665548e+00
1.227934694083402833e+00
1.227959257128763193e+00
1.227983035737370665e+00
1.228006041771079193e+00
1.228028288819736469e+00
1.228049791526343748e+00
1.228070565126724301e+00
1.228090625141246672e+00
1.228109987171176698e+00
1.228128666765687660e+00
1.228146679336016289e+00
1.228164040100831800e+00
1.228180764052163143e+00
1.228196865934817694e+00
1.228212360234632650e+00
1.228227261172490925e+00
1.228241582702092050e+00
1.228255338510157113e+00
1.228268542018205567e+00
1.228281206385335667e+00
1.228293344511637741e+00
1.228304969041998040e+00
1.228316092370132617e+00
1.228326726642747779e+00
1.228336883763758491e+00
1.228346575398519880e+00
1.228355812978042971e+00
1.228364607703176459e+00
1.228372970548742060e+00
1.228380912267615699e+00
1.228388443394749618e+00
1.228395574251133882e+00
1.228402314947695029e+00
1.228408675389130567e+00
1.228414665277680839e+00
1.228420294116837619e+00
1.228425571214989631e+00
1.228430505689007024e+00
1.228435106467763660e+00
1.228439382295600568e+00
1.228443341735728778e+00
1.228446993173574198e+00
1.228450344820065432e+00
1.228453404714864083e+00
1.228456180729540437e+00
1.228458680570693407e+00
1.228460911783016973e+00
1.228462881752313329e+00
1.228464597708454731e+00
1.228466066728292949e+00
1.228467295738518983e+00
1.228468291518472810e+00
1.228469060702904514e+00
1.228469609784687222e+00
1.228469945117483197e+00
1.228470072918363076e+00
1.228469999270380031e+00
1.228469730125098192e+00
1.228469271305077326e+00
1.228468628506314886e+00
1.228467807300643866e+00
1.228466813138089808e+00
1.228465651349185839e+00
1.228464327147247737e+00
1.228462845630608369e+00
1.228461211784813267e+00
1.228459430484778014e+00
1.228457506496906326e+00
1.228455444481172165e+00
1.228453248993164548e+00
1.228450924486096163e+00
1.228448475312776678e+00
1.228445905727551413e+00
1.228443219888205151e+00
1.228440421857831755e+00
1.228437515606672692e+00
1.228434505013920042e+00
1.228431393869489963e+00
1.228428185875763079e+00
1.228424884649294224e+00
1.228421493722492208e+00
1.228418016545268943e+00
1.228414456486659256e+00
1.228410816836412067e+00
1.228407100806552688e+00
1.228403311532917375e+00
1.228399452076659903e+00
1.228395525425732160e+00
1.228391534496336313e+00
1.228387482134352782e+00
1.228383371116741118e+00
1.228379204152916238e+00
1.228374983886099781e+00
1.228370712894646388e+00
1.228366393693346881e+00
1.228362028734707234e+00
1.228357620410204687e+00
1.228353171051520976e+00
1.228348682931752478e+00
1.228344158266599484e+00
1.228339599215532818e+00
1.228335007882939589e+00
1.228330386319248291e+00
1.228325736522032363e+00
1.228321060437094880e+00
1.228316359959531923e+00
1.228311636934777740e+00
1.228306893159629487e+00
1.228302130383254420e+00
1.228297350308177105e+00
1.228292554591249752e+00
1.228287744844603457e+00
1.228282922636582786e+00
1.228278089492662151e+00
1.228273246896346205e+00
1.228268396290052911e+00
1.228263539075979738e+00
1.228258676616954759e+00
1.228253810237271315e+00
1.228248941223506918e+00
1.228244070825327272e+00
1.228239200256275199e+00
1.228234330694544241e+00
1.228229463283738054e+00
1.228224599133616257e+00
1.228219739320824733e+00
1.228214884889613501e+00
1.228210036852540377e+00
1.228205196191161530e+00
1.228200363856708721e+00
1.228195540770753880e+00
1.228190727825861472e+00
1.228185925886227547e+00
1.228181135788307010e+00
1.228176358341429797e+00
1.228171594328403504e+00
1.228166844506106248e+00
1.228162109606066865e+00
1.228157390335034682e+00
1.228152687375538177e+00
1.228148001386432764e+00
1.228143333003437920e+00
1.228138682839664542e+00
1.228134051486130973e+00
1.228129439512270382e+00
1.228124847466427028e+00
1.228120275876343648e+00
1.228115725249639079e+00
1.228111196074276990e+00
1.228106688819024406e+00
1.228102203933902237e+00
1.228097741850626701e+00
1.228093302983041868e+00
1.228088887727543765e+00
1.228084496463496267e+00
1.228080129553638544e+00
1.228075787344484748e+00
1.228071470166715251e+00
1.228067178335560783e+00
1.228062912151178132e+00
1.228058671899018961e+00
1.228054457850191294e+00
1.228050270261813015e+00
1.228046109377359141e+00
1.228041975427001553e+00
1.228037868627942064e+00
1.228033789184738822e+00
1.228029737289626055e+00
1.228025713122827378e+00
1.228021716852862211e+00
1.228017748636846873e+00
1.228013808620788794e+00
1.228009896939875167e+00
1.228006013718755174e+00
1.228002159071817090e+00
1.227998333103458961e+00
1.227994535908354390e+00
1.227990767571712105e+00
1.227987028169530426e+00
1.227983317768847282e+00
1.227979636427983134e+00
1.227975984196780557e+00
1.227972361116838496e+00
1.227968767221740531e+00
1.227965202537279588e+00
1.227961667081677311e+00
1.227958160865798787e+00
1.227954683893363264e+00
1.227951236161149096e+00
1.227947817659195806e+00
1.227944428371001262e+00
1.227941068273713965e+00
1.227937737338322677e+00
1.227934435529840052e+00
1.227931162807484045e+00
1.227927919124854217e+00
1.227924704430105374e+00
1.227921518666115652e+00
1.227918361770652611e+00
1.227915233676535323e+00
1.227912134311791803e+00
1.227909063599814221e+00
1.227906021459510333e+00
1.227903007805451363e+00
1.227900022548016556e+00
1.227897065593534620e+00
1.227894136844422057e+00
1.227891236199318392e+00
1.227888363553218287e+00
1.227885518797600550e+00
1.227882701820554034e+00
1.227879912506901761e+00
1.227877150738320378e+00
1.227874416393458290e+00
1.227871709348051121e+00
1.227869029475033624e+00
1.227866376644648927e+00
1.227863750724556446e+00
1.227861151579936472e+00
1.227858579073591860e+00
1.227856033066048180e+00
1.227853513415650966e+00
1.227851019978661196e+00
1.227848552609347443e+00
1.227846111160077136e+00
1.227843695481404707e+00
1.227841305422157747e+00
1.227838940829521164e+00
1.227836601549119777e+00
1.227834287425097815e+00
1.227831998300197514e+00
1.227829734015834839e+00
1.227827494412174536e+00
1.227825279328201846e+00
1.227823088601793344e+00
1.227820922069785992e+00
1.227818779568043972e+00
1.227816660931524417e+00
1.227814565994340912e+00
1.227812494589824999e+00
1.227810446550587908e+00
1.227808421708578068e+00
1.227806419895139500e+00
1.227804440941067110e+00
1.227802484676661088e+00
1.227800550931779755e+00
1.227798639535891079e+00
1.227796750318122854e+00
1.227794883107311330e+00
1.227793037732048731e+00
1.227791214020729216e+00
1.227789411801593289e+00
1.227787630902771987e+00
1.227785871152328845e+00
1.227784132378300974e+00
1.227782414408739253e+00
1.227780717071746963e+00
1.227779040195517535e+00
1.227777383608370743e+00
1.227775747138788898e+00
1.227774130615450598e+00
1.227772533867264260e+00
1.227770956723401197e+00
1.227769399013325824e+00
1.227767860566827407e+00
1.227766341214048262e+00
1.227764840785513512e+00
1.227763359112157726e+00
1.227761896025352462e+00
1.227760451356931792e+00
1.227759024939217403e+00
1.227757616605043012e+00
1.227756226187777688e+00
1.227754853521348499e+00
1.227753498440262048e+00
1.227752160779626234e+00
1.227750840375170016e+00
1.227749537063263396e+00
1.227748250680936515e+00
1.227746981065897414e+00
1.227745728056549801e+00
1.227744491492010370e+00
1.227743271212124343e+00
1.227742067057481901e+00
1.227740878869432617e+00
1.227739706490100113e+00
1.227738549762396048e+00
1.227737408530032992e+00
1.227736282637537757e+00
1.227735171930262714e+00
1.227734076254398232e+00
1.227732995456983556e+00
1.227731929385917020e+00
1.227730877889966710e+00
1.227729840818780005e+00
1.227728818022892243e+00
1.227727809353736044e+00
1.227726814663649080e+00
1.227725833805882294e+00
1.227724866634607004e+00
1.227723913004922007e+00
1.227722972772860022e+00
1.227722045795393901e+00
1.227721131930442633e+00
1.227720231036876219e+00
1.227719342974521455e+00
1.227718467604165697e+00
1.227717604787562200e+00
1.227716754387433218e+00
1.227715916267474228e+00
1.227715090292357036e+00
1.227714276327732890e+00
1.227713474240235358e+00
1.227712683897482115e+00
1.227711905168078044e+00
1.227711137921616125e+00
1.227710382028679881e+00
1.227709637360844042e+00
1.227708903790675876e+00
1.227708181191736081e+00
1.227707469438579002e+00
1.227706768406753302e+00
1.227706077972802179e+00
1.227705398014262483e+00
1.227704728409665380e+00
1.227704069038535017e+00
1.227703419781387861e+00
1.227702780519732251e+00
1.227702151136066622e+00
1.227701531513878619e+00
1.227700921537643097e+00
1.227700321092820790e+00
1.227699730065856309e+00
1.227699148344176372e+00
1.227698575816186688e+00
1.227698012371270853e+00
1.227697457899787015e+00
1.227696912293065212e+00
1.227696375443405152e+00
1.227695847244072658e+00
1.227695327589296781e+00
1.227694816374266917e+00
1.227694313495129030e+00
1.227693818848982543e+00
1.227693332333876786e+00
1.227692853848806998e+00
1.227692383293710776e+00
1.227691920569464301e+00
1.227691465577878116e+00
1.227691018221693575e+00
1.227690578404577959e+00
1.227690146031120477e+00
1.227689721006828494e+00
1.227689303238122420e+00
1.227688892632331497e+00
1.227688489097688906e+00
1.227688092543327780e+00
1.227687702879276088e+00
1.227687320016451755e+00
1.227686943866657998e+00
1.227686574342578441e+00
1.227686211357772228e+00
1.227685854826668699e+00
1.227685504664562499e+00
1.227685160787608698e+00
1.227684823112817458e+00
1.227684491558048707e+00
1.227684166042006808e+00
1.227683846484235897e+00
1.227683532805113664e+00
1.227683224925846917e+00
1.227682922768465357e+00
1.227682626255816700e+00
1.227682335311561124e+00
1.227682049860165492e+00
1.227681769826898472e+00
1.227681495137824319e+00
1.227681225719797764e+00
1.227680961500458245e+00
1.227680702408224578e+00
1.227680448372289179e+00
1.227680199322612298e+00
1.227679955189916905e+00
1.227679715905682256e+00
1.227679481402139228e+00
1.227679251612263656e+00
1.227679026469771673e+00
1.227678805909113047e+00
1.227678589865466297e+00
1.227678378274732696e+00
1.227678171073530944e+00
1.227677968199190506e+00
1.227677769589747392e+00
1.227677575183937275e+00
1.227677384921190606e+00
1.227677198741626396e+00
1.227677016586046888e+00
1.227676838395932002e+00
1.227676664113433347e+00
1.227676493681368886e+00
1.227676327043217386e+00
1.227676164143112425e+00
1.227676004925837283e+00
1.227675849336818947e+00
1.227675697322122783e+00
1.227675548828446983e+00
1.227675403803117016e+00
1.227675262194079853e+00
1.227675123949898861e+00
1.227674989019748031e+00
1.227674857353406868e+00
1.227674728901254619e+00
1.227674603614264726e+00
1.227674481443999710e+00
1.227674362342605852e+00
1.227674246262807634e+00
1.227674133157902414e+00
1.227674022981755320e+00
1.227673915688793471e+00
1.227673811234001100e+00
1.227673709572914440e+00
1.227673610661615955e+00
1.227673514456729675e+00
1.227673420915415869e+00
1.227673329995365936e+00
1.227673241654796854e+00
1.227673155852446740e+00
1.227673072547569300e+00
1.227672991699928939e+00
1.227672913269796107e+00
1.227672837217941737e+00
