-1.361459999999993897e+00
-1.361459999999993897e+00
-1.361460109901717397e+00
-1.361460421765386952e+00
-1.361461009633563979e+00
-1.361461928953394018e+00
-1.361463215398696303e+00
-1.361464882988782543e+00
-1.361466921543160069e+00
-1.361469293758272858e+00
-1.361471932628220749e+00
-1.361474740605156164e+00
-1.361477592622458710e+00
-1.361480345153164961e+00
-1.361482851658629256e+00
-1.361484980928685307e+00
-1.361486631769852629e+00
-1.361487739176522993e+00
-1.361488272644404862e+00
-1.361488231131069426e+00
-1.361487638543082745e+00
-1.361486540811191803e+00
-1.361485003562360907e+00
-1.361483108942680653e+00
-1.361480950711185134e+00
-1.361478627622249249e+00
-1.361476235951064373e+00
-1.361473862548122638e+00
-1.361471579841613488e+00
-1.361469443706649241e+00
-1.361467494299575920e+00
-1.361465759168178913e+00
-1.361464257476917794e+00
-1.361463004117040132e+00
-1.361462012727887139e+00
-1.361461297100416079e+00
-1.361460870936707979e+00
-1.361460746387700427e+00
-1.361460932085116093e+00
-1.361461431449983328e+00
-1.361462241889261016e+00
-1.361463355153078147e+00
-1.361464758739995728e+00
-1.361466437927265849e+00
-1.361468377843870314e+00
-1.361470565018713996e+00
-1.361472988006141138e+00
-1.361475636969384784e+00
-1.361478502419362746e+00
-1.361481573572950632e+00
-1.361484836925857644e+00
-1.361488275581778096e+00
-1.361491869655596654e+00
-1.361495597746553710e+00
-1.361499439155801294e+00
-1.361503376288650147e+00
-1.361507396590780905e+00
-1.361511493443419374e+00
-1.361515665678923570e+00
-1.361519915734036745e+00
-1.361524246848766939e+00
-1.361528660027222060e+00
-1.361533151592380531e+00
-1.361537712038669801e+00
-1.361542326551109960e+00
-1.361546977123309077e+00
-1.361551645792304477e+00
-1.361556318213017924e+00
-1.361560986676054297e+00
-1.361565651757025375e+00
-1.361570322077168216e+00
-1.361575012119447647e+00
-1.361579738586579547e+00
-1.361584516254292776e+00
-1.361589354504763483e+00
-1.361594255635214301e+00
-1.361599215663689133e+00
-1.361604227840456760e+00
-1.361609288589745725e+00
-1.361614405280013873e+00
-1.361619605113683074e+00
-1.361624944554926886e+00
-1.361630519067908551e+00
-1.361636473478537113e+00
-1.361643013900967869e+00
-1.361650422710161124e+00
-1.361659078277466017e+00
-1.361669480941810173e+00
-1.361682285901786749e+00
-1.361698342442589027e+00
-1.361718737297789028e+00
-1.361744838202002761e+00
-1.361778332169230943e+00
-1.361821252327249931e+00
-1.361875988067238641e+00
-1.361945276559584306e+00
-1.362032179378080965e+00
-1.362140054835795588e+00
-1.362272542218556204e+00
-1.362433575727752366e+00
-1.362627442120593280e+00
-1.362858887200991242e+00
-1.363133264316596760e+00
-1.363456704961477195e+00
-1.363836279237061744e+00
-1.364280104218015932e+00
-1.364797354242170302e+00
-1.365398132960306432e+00
-1.366093185962855783e+00
-1.366893463856439617e+00
-1.367809580743313491e+00
-1.368851239066429137e+00
-1.370026697538545557e+00
-1.371342342473526266e+00
-1.372802393133398580e+00
-1.374408742504904302e+00
-1.376160916940905032e+00
-1.378056134487304574e+00
-1.380089448558982301e+00
-1.382253973222410171e+00
-1.384541190789792431e+00
-1.386941336860075591e+00
-1.389443843035567783e+00
-1.392037799991916236e+00
-1.394712392946059643e+00
-1.397457264492214080e+00
-1.400262775675844340e+00
-1.403120158032828524e+00
-1.406021568633218477e+00
-1.408960071675935843e+00
-1.411929573238865698e+00
-1.414924732794002438e+00
-1.417940869180631225e+00
-1.420973872318951559e+00
-1.424020126430670885e+00
-1.427076446514083274e+00
-1.430140027424588345e+00
-1.433208403934775443e+00
-1.436279420122873240e+00
-1.439351206756933399e+00
-1.442422165463522088e+00
-1.445490958092649603e+00
-1.448556498815828153e+00
-1.451617945407666088e+00
-1.454674685394789391e+00
-1.457726312983982364e+00
-1.460772594450439943e+00
-1.463813422951791177e+00
-1.466848767608703419e+00
-1.469878624562851233e+00
-1.472902978201422242e+00
-1.475921778561865239e+00
-1.478934937093636437e+00
-1.481942338945716919e+00
-1.484943866850727323e+00
-1.487939429831787841e+00
-1.490928989278303751e+00
-1.493912575385528019e+00
-1.496890288742557695e+00
-1.499862285170491027e+00
-1.502828746362481871e+00
-1.505789843180607157e+00
-1.508745700901507725e+00
-1.511696375172632445e+00
-1.514641844243101554e+00
-1.517582018617792627e+00
-1.520516765229913858e+00
-1.523445940407921251e+00
-1.526369424423785315e+00
-1.529287150068322942e+00
-1.532199118530503057e+00
-1.535105398151910716e+00
-1.538006105500209220e+00
-1.540901372991053231e+00
-1.543791311400624755e+00
-1.546675977281474212e+00
-1.549555353750259989e+00
-1.552429349137827819e+00
-1.555297813297392029e+00
-1.558160567451551959e+00
-1.561017440934601597e+00
-1.563868306968633659e+00
-1.566713109533193649e+00
-1.569551874619539822e+00
-1.572384702087276320e+00
-1.575211738945633044e+00
-1.578033140125595590e+00
-1.580849026738988305e+00
-1.583659452646749344e+00
-1.586464387517277252e+00
-1.589263719755158011e+00
-1.592057277696242501e+00
-1.594844863690609404e+00
-1.597626293491350324e+00
-1.600401432496378229e+00
-1.603170220706099824e+00
-1.605932680028503201e+00
-1.608688901159960771e+00
-1.611439012438776741e+00
-1.614183138395124395e+00
-1.616921359049018569e+00
-1.619653680773359694e+00
-1.622380025914567314e+00
-1.625100243083925866e+00
-1.627814135101981252e+00
-1.630521498116878520e+00
-1.633222163517516146e+00
-1.635916033628615152e+00
-1.638603102806949874e+00
-1.641283457900465592e+00
-1.643957256443357551e+00
-1.646624686855435948e+00
-1.649285920396915683e+00
-1.651941067306382349e+00
-1.654590148136061645e+00
-1.657233086576456627e+00
-1.659869724225749854e+00
-1.662499852846137660e+00
-1.665123256525475881e+00
-1.667739754678321251e+00
-1.670349236620505495e+00
-1.672951679613083886e+00
-1.675547145276995220e+00
-1.678135754315432715e+00
-1.680717645588421627e+00
-1.683292930566680834e+00
-1.685861655770270584e+00
-1.688423783230514896e+00
-1.690979193636901412e+00
-1.693527710973987910e+00
-1.696069142863421142e+00
-1.698603327990758860e+00
-1.701130180619166765e+00
-1.703649722078717232e+00
-1.706162090670640286e+00
-1.708667525327005166e+00
-1.711166324618904166e+00
-1.713658789748306877e+00
-1.716145165154072227e+00
-1.718625590909897305e+00
-1.721100077008093976e+00
-1.723568503042992583e+00
-1.726030640528895654e+00
-1.728486190828108171e+00
-1.730934829625496940e+00
-1.733376248491234728e+00
-1.735810184916436016e+00
-1.738236434439748512e+00
-1.740654842440737982e+00
-1.743065278536299001e+00
-1.745467601764430388e+00
-1.747861627696530196e+00
-1.750247107886904185e+00
-1.752623728100531242e+00
-1.754991126460846207e+00
-1.757348927949326844e+00
-1.759696788448580573e+00
-1.762034439653568763e+00
-1.764361725390434898e+00
-1.766678620384441789e+00
-1.768985225046151299e+00
-1.771281734926190676e+00
-1.773568390367342928e+00
-1.775845418146515753e+00
-1.778112979636125024e+00
-1.780371137856516572e+00
-1.782619849944841128e+00
-1.784858984781087177e+00
-1.787088360101342310e+00
-1.789307790179516244e+00
-1.791517133708259157e+00
-1.793716331390833973e+00
-1.795905424121390093e+00
-1.798084546134608219e+00
-1.800253893385031834e+00
-1.802413674463188453e+00
-1.804564056891895474e+00
-1.806705123042773975e+00
-1.808836846538656618e+00
-1.810959093691206112e+00
-1.813071648068181219e+00
-1.815174251591487264e+00
-1.817266652984081077e+00
-1.819348653386787529e+00
-1.821420139198052457e+00
-1.823481093976955902e+00
-1.825531585244876354e+00
-1.827571728178315258e+00
-1.829601634897623175e+00
-1.831621362536792530e+00
-1.833630873336546951e+00
-1.835630015725699726e+00
-1.837618528998381295e+00
-1.839596068416782471e+00
-1.841562243813469113e+00
-1.843516663024608260e+00
-1.845458971137806659e+00
-1.847388877279390940e+00
-1.849306162800639086e+00
-1.851210668688229255e+00
-1.853102265475184751e+00
-1.854980814205801964e+00
-1.856846129799918588e+00
-1.858697957104844978e+00
-1.860535965672472036e+00
-1.862359763955781844e+00
-1.864168929150848086e+00
-1.865963046103567891e+00
-1.867741747319036083e+00
-1.869504745735335982e+00
-1.871251852624891798e+00
-1.872982975352797341e+00
-1.874698094167546181e+00
-1.876397223020451310e+00
-1.878080364508718736e+00
-1.879747471000230208e+00
-1.881398421852358505e+00
-1.883033021594044287e+00
-1.884651018359906116e+00
-1.886252137561746700e+00
-1.887836123235813846e+00
-1.889402778309257291e+00
-1.890951994828986349e+00
-1.892483766254310140e+00
-1.893998176927829125e+00
-1.895495369049180923e+00
-1.896975493725989503e+00
-1.898438657461693158e+00
-1.899884876407841316e+00
-1.901314047458851020e+00
-1.902725939656633392e+00
-1.904120204027871077e+00
-1.905496396572722739e+00
-1.906854007855526056e+00
-1.908192492849712485e+00
-1.909511295692577493e+00
-1.910809865571170940e+00
-1.912087662150482759e+00
-1.913344151671385829e+00
-1.914578797464194571e+00
-1.915791050154081132e+00
-1.916980342596681597e+00
-1.918146092768594491e+00
-1.919287715358002355e+00
-1.920404640579786104e+00
-1.921496337178535185e+00
-1.922562335590810356e+00
-1.923602246640014446e+00
-1.924615771051719104e+00
-1.925602695969599987e+00
-1.926562876959790005e+00
-1.927496207495705827e+00
-1.928402581408459548e+00
-1.929281855603718121e+00
-1.930133819547513285e+00
-1.930958175160580437e+00
-1.931754527416045253e+00
-1.932522383568457736e+00
-1.933261158126597934e+00
-1.933970181149981205e+00
-1.934648708542147100e+00
-1.935295934059259482e+00
-1.935911003237696049e+00
-1.936493029130259114e+00
-1.937041108782581622e+00
-1.937554338326444636e+00
-1.938031824073142229e+00
-1.938472687396737282e+00
-1.938876062331099659e+00
-1.939241086208847165e+00
-1.939566884986866357e+00
-1.939852556033951236e+00
-1.940097152108143597e+00
-1.940299670855106573e+00
-1.940459053922858557e+00
-1.940574198098481862e+00
-1.940643977563300426e+00
-1.940667272287446732e+00
-1.940642994498959162e+00
-1.940570104666998308e+00
-1.940447610800393408e+00
-1.940274548912928942e+00
-1.940049946695686200e+00
-1.939772775908425784e+00
-1.939441901741186802e+00
-1.939056039545346666e+00
-1.938613730387280132e+00
-1.938113345468859716e+00
-1.937553124144123951e+00
-1.936931241147540339e+00
-1.936245888592939224e+00
-1.935495351963808952e+00
-1.934678060057406501e+00
-1.933792596173925959e+00
-1.932837668043278168e+00
-1.931812043171569293e+00
-1.930714462750223070e+00
-1.929543551333249063e+00
-1.928297741798838061e+00
-1.926975235056730629e+00
-1.925574009509000817e+00
-1.924091884656827567e+00
-1.922526627696860668e+00
-1.920876076960103207e+00
-1.919138248828343052e+00
-1.917311399100598113e+00
-1.915394023134519008e+00
-1.913384794995866889e+00
-1.911282458917524574e+00
-1.909085694972539216e+00
-1.906792986037648907e+00
-1.904402515680583496e+00
-1.901912125139905818e+00
-1.899319348893693915e+00
-1.896621530579396531e+00
-1.893815997614165303e+00
-1.890900253042785417e+00
-1.887872136864880979e+00
-1.884729919507668994e+00
-1.881472311195910851e+00
-1.878098392750053414e+00
-1.874607488968081714e+00
-1.870999014092014079e+00
-1.867272322101558357e+00
-1.863426594334523401e+00
-1.859460792208281310e+00
-1.855373691003566750e+00
-1.851163991126431041e+00
-1.846830480750065506e+00
-1.842372207714025656e+00
-1.837788617115241330e+00
-1.833079624479598602e+00
-1.828245615170455807e+00
-1.823287379440804434e+00
-1.818206004179325319e+00
-1.813002747129373482e+00
-1.807678919757996550e+00
-1.802235802754474481e+00
-1.796674612961736361e+00
-1.790996531031845862e+00
-1.785202785551487592e+00
-1.779294775654962413e+00
-1.773274206277853482e+00
-1.767143212084858916e+00
-1.760904456060532697e+00
-1.754561200727752235e+00
-1.748117357903138602e+00
-1.741577524117554621e+00
-1.734947004345606114e+00
-1.728231819950969861e+00
-1.721438692431925155e+00
-1.714574997378652599e+00
-1.707648695706571962e+00
-1.700668269453439629e+00
-1.693642709147211933e+00
-1.686581608867103954e+00
-1.679495417983638106e+00
-1.672395876827515560e+00
-1.665296632282708300e+00
-1.658213991024624745e+00
-1.651167721499347429e+00
-1.644181761288409094e+00
-1.637284635785741127e+00
-1.630509375256866234e+00
-1.623892767316979180e+00
-1.617473919876880606e+00
-1.611292304743141113e+00
-1.605385619933590746e+00
-1.599787860206288048e+00
-1.594527894110232324e+00
-1.589628668765784347e+00
-1.585106992466148723e+00
-1.580973743604594750e+00
-1.577234333215057127e+00
-1.573889282604109541e+00
-1.570934833513154549e+00
-1.568363559286530373e+00
-1.566164975523838487e+00
-1.564326152231955591e+00
-1.562832312604785612e+00
-1.561667381987711600e+00
-1.560814441439718481e+00
-1.560256051218015694e+00
-1.559974434948154798e+00
-1.559951543078104574e+00
-1.560169034958567957e+00
-1.560608229432154381e+00
-1.561250075137878390e+00
-1.562075185210387573e+00
-1.563063966903320390e+00
-1.564196855239093020e+00
-1.565454633944648899e+00
-1.566818803118565917e+00
-1.568271939311414620e+00
-1.569797995226089204e+00
-1.571382502032968587e+00
-1.573012660474986557e+00
-1.574677328824516831e+00
-1.576366930252064869e+00
-1.578073307637879008e+00
-1.579789552165115740e+00
-1.581509826400826491e+00
-1.583229195864117811e+00
-1.584943477084925778e+00
-1.586649105618519906e+00
-1.588343024462060216e+00
-1.590022591554460130e+00
-1.591685504176048926e+00
-1.593329737780883937e+00
-1.594953496849244257e+00
-1.596555175575147700e+00
-1.598133326499965090e+00
-1.599686635508614785e+00
-1.601213901888432156e+00
-1.602714022399192251e+00
-1.604185978512463473e+00
-1.605628826151265010e+00
-1.607041687401018271e+00
-1.608423743774933135e+00
-1.609774230706057407e+00
-1.611092433008584290e+00
-1.612377681106373695e+00
-1.613629347870078279e+00
-1.614846845938296527e+00
-1.616029625424805882e+00
-1.617177171934763402e+00
-1.618289004829053246e+00
-1.619364675688700794e+00
-1.620403766941219681e+00
-1.621405890618518475e+00
-1.622370687222003838e+00
-1.623297824675132617e+00
-1.624186997347127237e+00
-1.625037925134039662e+00
-1.625850352584917058e+00
-1.626624048061495076e+00
-1.627358802919522951e+00
-1.628054430698305799e+00
-1.628710766301951551e+00
-1.629327665150530402e+00
-1.629905002270932268e+00
-1.630442671284207279e+00
-1.630940583226390794e+00
-1.631398665109960788e+00
-1.631816858088228628e+00
-1.632195115017823772e+00
-1.632533397114218188e+00
-1.632831669246287420e+00
-1.633089893195790010e+00
-1.633308017885303887e+00
-1.633485965112746685e+00
-1.633623608673747007e+00
-1.633720743860549440e+00
-1.633777043191832590e+00
-1.633791992967149609e+00
-1.633764804265503745e+00
-1.633694292351908661e+00
-1.633578722223450130e+00
-1.633415628657080676e+00
-1.633201640335334881e+00
-1.632932368881228502e+00
-1.632602451168007285e+00
-1.632205824783139470e+00
-1.631736240973252983e+00
-1.631187897073385296e+00
-1.630555990827056601e+00
-1.629837038051453524e+00
-1.629028919527006236e+00
-1.628130730377967961e+00
-1.627142538274026551e+00
-1.626065133059012791e+00
-1.624899811187162202e+00
-1.623648208254980796e+00
-1.622312176840873921e+00
-1.620893700920212233e+00
-1.619394837485205185e+00
-1.617817677448797342e+00
-1.616164319818226502e+00
-1.614436854829986112e+00
-1.612637353064393375e+00
-1.610767858519178475e+00
-1.608830384290879323e+00
-1.606826909967966621e+00
-1.604759380144550773e+00
-1.602629703665936711e+00
-1.600439753350883176e+00
-1.598191366023271609e+00
-1.595886342743543018e+00
-1.593526449168056969e+00
-1.591113415989285240e+00
-1.588648939425982620e+00
-1.586134681743106567e+00
-1.583572271788234564e+00
-1.580963305535802554e+00
-1.578309346633493870e+00
-1.575611926947082297e+00
-1.572872547101333618e+00
-1.570092677015424654e+00
-1.567273756431905030e+00
-1.564417195438594810e+00
-1.561524374983060071e+00
-1.558596647379468347e+00
-1.555635336807734470e+00
-1.552641739804933918e+00
-1.549617125749011892e+00
-1.546562737334843174e+00
-1.543479791042717819e+00
-1.540369477599340620e+00
-1.537232962431440919e+00
-1.534071386112093149e+00
-1.530885864799850227e+00
-1.527677490670794835e+00
-1.524447332343613626e+00
-1.521196435297797800e+00
-1.517925822285074444e+00
-1.514636493734170530e+00
-1.511329428149012388e+00
-1.508005582500459907e+00
-1.504665892611674494e+00
-1.501311273537219382e+00
-1.497942619935987096e+00
-1.494560806438051115e+00
-1.491166688005532759e+00
-1.487761100287577687e+00
-1.484344859969531916e+00
-1.480918765116406410e+00
-1.477483595510719061e+00
-1.474040112984801310e+00
-1.470589061747654247e+00
-1.467131168706438338e+00
-1.463667143782680924e+00
-1.460197680223281891e+00
-1.456723454906400317e+00
-1.453245128642297823e+00
-1.449763346469221448e+00
-1.446278737944399317e+00
-1.442791917430226833e+00
-1.439303484375717535e+00
-1.435814023593293243e+00
-1.432324105530984326e+00
-1.428834286540113352e+00
-1.425345109138531630e+00
-1.421857102269477036e+00
-1.418370781556124172e+00
-1.414886649551890807e+00
-1.411405195986569883e+00
-1.407926898008349248e+00
-1.404452220421787301e+00
-1.400981615921803813e+00
-1.397515525323751007e+00
-1.394054377789626153e+00
-1.390598591050484334e+00
-1.387148571625113069e+00
-1.383704715035026345e+00
-1.380267406015836640e+00
-1.376837018725061146e+00
-1.373413916946418567e+00
-1.369998454290672241e+00
-1.366590974393073310e+00
-1.363191811107457685e+00
-1.359801288697050081e+00
-1.356419722022026431e+00
-1.353047416723887064e+00
-1.349684669406688631e+00
-1.346331767815188041e+00
-1.342988991009943733e+00
-1.339656609539425558e+00
-1.336334885609177681e+00
-1.333024073248084251e+00
-1.329724418471782021e+00
-1.326436159443265206e+00
-1.323159526630728333e+00
-1.319894742962690160e+00
-1.316642023980441945e+00
-1.313401577987863611e+00
-1.310173606198648866e+00
-1.306958302880980582e+00
-1.303755855499697969e+00
-1.300566444855995485e+00
-1.297390245224691485e+00
-1.294227424489108103e+00
-1.291078144273598571e+00
-1.287942560073760179e+00
-1.284820821384371259e+00
-1.281713071825085981e+00
-1.278619449263926677e+00
-1.275540085938605905e+00
-1.272475108575714886e+00
-1.269424638507812730e+00
-1.266388791788448653e+00
-1.263367679305153812e+00
-1.260361406890431191e+00
-1.257370075430780165e+00
-1.254393780973784400e+00
-1.251432614833296153e+00
-1.248486663692747856e+00
-1.245556009706619616e+00
-1.242640730600095278e+00
-1.239740899766933691e+00
-1.236856586365586486e+00
-1.233987855413590129e+00
-1.231134767880258885e+00
-1.228297380777709558e+00
-1.225475747250241998e+00
-1.222669916662104450e+00
-1.219879934683669509e+00
-1.217105843376045771e+00
-1.214347681274152491e+00
-1.211605483468280786e+00
-1.208879281684167806e+00
-1.206169104361607403e+00
-1.203474976731620627e+00
-1.200796920892212238e+00
-1.198134955882733221e+00
-1.195489097756875063e+00
-1.192859359654317331e+00
-1.190245751871050084e+00
-1.187648281928394667e+00
-1.185066954640742631e+00
-1.182501772182036115e+00
-1.179952734151008320e+00
-1.177419837635206079e+00
-1.174903077273814711e+00
-1.172402445319304931e+00
-1.169917931697920688e+00
-1.167449524069029021e+00
-1.164997207883348374e+00
-1.162560966440077115e+00
-1.160140780942938488e+00
-1.157736630555160628e+00
-1.155348492453409648e+00
-1.152976341880694200e+00
-1.150620152198257307e+00
-1.148279894936473200e+00
-1.145955539844766502e+00
-1.143647054940569063e+00
-1.141354406557331780e+00
-1.139077559391607153e+00
-1.136816476549216803e+00
-1.134571119590522370e+00
-1.132341448574812670e+00
-1.130127422103822665e+00
-1.127928997364398889e+00
-1.125746130170327541e+00
-1.123578775003336139e+00
-1.121426885053286693e+00
-1.119290412257570866e+00
-1.117169307339723527e+00
-1.115063519847265816e+00
-1.112972998188792584e+00
-1.110897689670316435e+00
-1.108837540530880572e+00
-1.106792495977455104e+00
-1.104762500219126586e+00
-1.102747496500595226e+00
-1.100747427134989742e+00
-1.098762233536013433e+00
-1.096791856249431873e+00
-1.094836234983914247e+00
-1.092895308641239405e+00
-1.090969015345877979e+00
-1.089057292473960326e+00
-1.087160076681643162e+00
-1.085277303932882464e+00
-1.083408909526626385e+00
-1.081554828123435508e+00
-1.079714993771541343e+00
-1.077889339932355028e+00
-1.076077799505431809e+00
-1.074280304852904822e+00
-1.072496787823395525e+00
-1.070727179775409876e+00
-1.068971411600231125e+00
-1.067229413744316124e+00
-1.065501116231204470e+00
-1.063786448682950914e+00
-1.062085340341086814e+00
-1.060397720087121520e+00
-1.058723516462589442e+00
-1.057062657688653928e+00
-1.055415071685272377e+00
-1.053780686089934582e+00
-1.052159428275977637e+00
-1.050551225370488728e+00
-1.048956004271801357e+00
-1.047373691666592332e+00
-1.045804214046587077e+00
-1.044247497724881457e+00
-1.042703468851885251e+00
-1.041172053430895250e+00
-1.039653177333304424e+00
-1.038146766313454483e+00
-1.036652746023137173e+00
-1.035171042025751831e+00
-1.033701579810124560e+00
-1.032244284803996770e+00
-1.030799082387187759e+00
-1.029365897904436888e+00
-1.027944656677934443e+00
-1.026535284019542749e+00
-1.025137705242716191e+00
-1.023751845674125471e+00
-1.022377630664989656e+00
-1.021014985602124669e+00
-1.019663835918710459e+00
-1.018324107104783938e+00
-1.016995724717463023e+00
-1.015678614390904899e+00
-1.014372701846006697e+00
-1.013077912899849720e+00
-1.011794173474896308e+00
-1.010521409607939347e+00
-1.009259547458814188e+00
-1.008008513318872756e+00
-1.006768233619227848e+00
-1.005538634938771159e+00
-1.004319644011967716e+00
-1.003111187736434040e+00
-1.001913193180301143e+00
-1.000725587589369026e+00
-9.995482983940553456e-01
-9.983812532161430164e-01
-9.972243798753295252e-01
-9.960776063955837367e-01
-9.949408610113119611e-01
-9.938140721733388361e-01
-9.926971685547050228e-01
-9.915900790562871547e-01
-9.904927328122418162e-01
-9.894050591952782137e-01
-9.883269878217625370e-01
-9.872584485566578971e-01
-9.861993715183020592e-01
-9.851496870830275254e-01
-9.841093258896261853e-01
-9.830782188436625324e-01
-9.820562971216375558e-01
-9.810434921750074144e-01
-9.800397357340588922e-01
-9.790449598116455210e-01
-9.780590967067863684e-01
-9.770820790081310436e-01
-9.761138395972932535e-01
-9.751543116520560162e-01
-9.742034286494506423e-01
-9.732611243687130376e-01
-9.723273328941187676e-01
-9.714019886177005514e-01
-9.704850262418500684e-01
-9.695763807818067459e-01
-9.686759875680356346e-01
-9.677837822484970376e-01
-9.668997007908106678e-01
-9.660236794843155561e-01
-9.651556549420287068e-01
-9.642955641025047209e-01
-9.634433442315983864e-01
-9.625989329241320114e-01
-9.617622681054707190e-01
-9.609332880330060389e-01
-9.601119312975515685e-01
-9.592981368246517038e-01
-9.584918438758052162e-01
-9.576929920496066728e-01
-9.569015212828061445e-01
-9.561173718512903097e-01
-9.553404843709859540e-01
-9.545707997986880855e-01
-9.538082594328139985e-01
-9.530528049140857272e-01
-9.523043782261415569e-01
-9.515629216960791448e-01
-9.508283779949314729e-01
-9.501006901380770753e-01
-9.493798014855865386e-01
-9.486656557425064973e-01
-9.479581969590825663e-01
-9.472573695309230990e-01
-9.465631181991046583e-01
-9.458753880502210887e-01
-9.451941245163772987e-01
-9.445192733751296421e-01
-9.438507807493730084e-01
-9.431885931071776197e-01
-9.425326572615755349e-01
-9.418829203702987485e-01
-9.412393299354699927e-01
-9.406018338032471338e-01
-9.399703801634230471e-01
-9.393449175489815284e-01
-9.387253948356109046e-01
-9.381117612411760120e-01
-9.375039663251496513e-01
-9.369019599880051841e-01
-9.363056924705708273e-01
-9.357151143533469773e-01
-9.351301765557870072e-01
-9.345508303355435364e-01
-9.339770272876801727e-01
-9.334087193438505015e-01
-9.328458587714444361e-01
-9.322883981727040359e-01
-9.317362904838083493e-01
-9.311894889739290582e-01
-9.306479472442577006e-01
-9.301116192270049154e-01
-9.295804591843732645e-01
-9.290544217075037414e-01
-9.285334617153970793e-01
-9.280175344538107440e-01
-9.275065954941322799e-01
-9.270006007322296737e-01
-9.264995063872798475e-01
-9.260032690005755018e-01
-9.255118454343114198e-01
-9.250251928703507875e-01
-9.245432688089724182e-01
-9.240660310675986588e-01
-9.235934377795065320e-01
-9.231254473925204485e-01
-9.226620186676889324e-01
-9.222031106779450260e-01
-9.217486828067513738e-01
-9.212986947467305399e-01
-9.208531064982806713e-01
-9.204118783681780602e-01
-9.199749709681660503e-01
-9.195423452135317310e-01
-9.191139623216704191e-01
-9.186897838106384828e-01
-9.182697714976956194e-01
-9.178538874978359186e-01
-9.174420942223096009e-01
-9.170343543771347639e-01
-9.166306309616002457e-01
-9.162308872667597193e-01
-9.158350868739180139e-01
-9.154431936531091107e-01
-9.150551717615674763e-01
-9.146709856421917362e-01
-9.142906000220030194e-01
-9.139139799105959749e-01
-9.135410905985850150e-01
-9.131718976560450063e-01
-9.128063669309468553e-01
-9.124444645475888738e-01
-9.120861569050238149e-01
-9.117314106754816905e-01
-9.113801928027900345e-01
-9.110324705007899482e-01
-9.106882112517499239e-01
-9.103473828047771166e-01
-9.100099531742261716e-01
-9.096758906381062770e-01
-9.093451637364866613e-01
-9.090177412699007586e-01
-9.086935922977491531e-01
-9.083726861367018568e-01
-9.080549923591004768e-01
-9.077404807913594942e-01
-9.074291215123677645e-01
-9.071208848518909074e-01
-9.068157413889731400e-01
-9.065136619503407767e-01
-9.062146176088061722e-01
-9.059185796816733305e-01
-9.056255197291444015e-01
-9.053354095527281764e-01
-9.050482211936503596e-01
-9.047639269312658383e-01
-9.044824992814732845e-01
-9.042039109951321985e-01
-9.039281350564821738e-01
-9.036551446815658251e-01
-9.033849133166538259e-01
-9.031174146366736100e-01
-9.028526225436411812e-01
-9.025905111650965873e-01
-9.023310548525427244e-01
-9.020742281798884710e-01
-9.018200059418950421e-01
-9.015683631526270059e-01
-9.013192750439075196e-01
-9.010727170637774508e-01
-9.008286648749596059e-01
-9.005870943533269557e-01
-9.003479815863760782e-01
-9.001113028717055986e-01
-8.998770347154989580e-01
-8.996451538310127338e-01
-8.994156371370704006e-01
-8.991884617565609750e-01
-8.989636050149428792e-01
-8.987410444387542441e-01
-8.985207577541278745e-01
-8.983027228853123214e-01
-8.980869179531988378e-01
-8.978733212738538860e-01
-8.976619113570581954e-01
-8.974526669048510374e-01
