5.915229999999919996e-02
5.915229999999919996e-02
5.915218226402067098e-02
5.915185206242291882e-02
5.915123545940867422e-02
5.915027680312583136e-02
5.914893570046574761e-02
5.914718331138456991e-02
5.914499787773846301e-02
5.914235956175332987e-02
5.913924499701499193e-02
5.913562253787936485e-02
5.913144996050086893e-02
5.912667677385865378e-02
5.912125221905503714e-02
5.911513686175257770e-02
5.910831238715644892e-02
5.910078455608875486e-02
5.909257870132020307e-02
5.908373129208006197e-02
5.907428169432331344e-02
5.906426639057590217e-02
5.905371606642490639e-02
5.904265514673590065e-02
5.903110324571055056e-02
5.901907798416250461e-02
5.900659847147010639e-02
5.899368855804079659e-02
5.898037896306826400e-02
5.896670768343715424e-02
5.895271860614376136e-02
5.893845876958343083e-02
5.892397506055902651e-02
5.890931121526802455e-02
5.889450583568811570e-02
5.887959180688405458e-02
5.886459708943569957e-02
5.884954646186440347e-02
5.883446351120923123e-02
5.881937211023410134e-02
5.880429680729418185e-02
5.878926192919751298e-02
5.877428963097786063e-02
5.875939748231628901e-02
5.874459636091131087e-02
5.872988938644282952e-02
5.871527238202600696e-02
5.870073594410687989e-02
5.868626873348797846e-02
5.867186120475884753e-02
5.865750880543687401e-02
5.864321377876226260e-02
5.862898507341075816e-02
5.861483638301417248e-02
5.860078285111487706e-02
5.858683734604726301e-02
5.857300735028628941e-02
5.855929338746194285e-02
5.854568954102979533e-02
5.853218606780402622e-02
5.851877350703529879e-02
5.850544720944298588e-02
5.849221102732235500e-02
5.847907909312433788e-02
5.846607511349805747e-02
5.845322925841731077e-02
5.844057334397893821e-02
5.842813544745731336e-02
5.841593527058110830e-02
5.840398144444123446e-02
5.839227154518454588e-02
5.838079491664678600e-02
5.836953761427952220e-02
5.835848811760955407e-02
5.834764213942646160e-02
5.833700501698177443e-02
5.832659075270515275e-02
5.831641757874628934e-02
5.830650070841660038e-02
5.829684352232054195e-02
5.828742871599375264e-02
5.827821086112982413e-02
5.826911138057076084e-02
5.826001613036751320e-02
5.825077475015420087e-02
5.824119995892564766e-02
5.823106439035896642e-02
5.822009265530578986e-02
5.820794713983790114e-02
5.819420740611606913e-02
5.817834464861954685e-02
5.815969416361065070e-02
5.813742993622390137e-02
5.811054590998854935e-02
5.807784785906040109e-02
5.803795766143824558e-02
5.798932819067996458e-02
5.793026276189162244e-02
5.785892956281928762e-02
5.777336037864880952e-02
5.767142505457807655e-02
5.755077822369727980e-02
5.740878168590071023e-02
5.724241314538769387e-02
5.704817875710704866e-02
5.682205207631754046e-02
5.655946401691748504e-02
5.625536519307759026e-02
5.590437186396594177e-02
5.550099023638560558e-02
5.503989535623406842e-02
5.451622712483211730e-02
5.392586298616361407e-02
5.326563554477797141e-02
5.253347914712192673e-02
5.172850504913139441e-02
5.085101457431113331e-02
4.990246195513881045e-02
4.888537529334661264e-02
4.780323913115193390e-02
4.666033942226272685e-02
4.546157366174606584e-02
4.421223535914419606e-02
4.291778986379088390e-02
4.158366335476367665e-02
4.021506549252688162e-02
3.881685902342070504e-02
3.739347974070160452e-02
3.594890155133762671e-02
3.448663639904490930e-02
3.300975771226808547e-02
3.152093767209221409e-02
3.002249130999464985e-02
2.851642294609901471e-02
2.700447207004672001e-02
2.548815637982420820e-02
2.396880973722694680e-02
2.244761286357606356e-02
2.092561511553156506e-02
1.940374672022713437e-02
1.788282219570214854e-02
1.636353705643409095e-02
1.484646110911738530e-02
1.333203253500895268e-02
1.182055730034383030e-02
1.031221786336071825e-02
8.807093317497523277e-03
7.305190101394972747e-03
5.806479009019210533e-03
4.310931777692306871e-03
2.818550154262919674e-03
1.329382219874457446e-03
-1.564759818089302666e-04
-1.638892097891571234e-03
-3.117718425291366585e-03
-4.592816725817465591e-03
-6.064080959127122680e-03
-7.531452420712036501e-03
-8.994923240788382443e-03
-1.045452683505071652e-02
-1.191031738424146516e-02
-1.336234376343222938e-02
-1.481062521661026012e-02
-1.625513563107485251e-02
-1.769580074261141098e-02
-1.913250911118794320e-02
-2.056513445599615630e-02
-2.199356459241577633e-02
-2.341773085927133929e-02
-2.483763147611090655e-02
-2.625334285020662281e-02
-2.766501480840176039e-02
-2.907284921010019202e-02
-3.047706579722660528e-02
-3.187786296537270525e-02
-3.327538272373964379e-02
-3.466968770996417537e-02
-3.606075446866269241e-02
-3.744848291671299539e-02
-3.883271843359460684e-02
-4.021328091709142766e-02
-4.158999431944947894e-02
-4.296271035953459078e-02
-4.433132126954958396e-02
-4.569575875672358956e-02
-4.705597978216036897e-02
-4.841194353987789828e-02
-4.976358680020017550e-02
-5.111080533322292369e-02
-5.245344721899162371e-02
-5.379132040500880785e-02
-5.512421325753641410e-02
-5.645192402232088180e-02
-5.777429330884724379e-02
-5.909123281802138722e-02
-6.040274356319470100e-02
-6.170891815405580433e-02
-6.300992473588779008e-02
-6.430597470359554479e-02
-6.559728106323466090e-02
-6.688401732299863178e-02
-6.816628661716579718e-02
-6.944410753666202529e-02
-7.071741843075313172e-02
-7.198609759151937404e-02
-7.324999377485168217e-02
-7.450896003015307356e-02
-7.576288348144417928e-02
-7.701170439888001262e-02
-7.825541985858666671e-02
-7.949407072606476388e-02
-8.072771516401491820e-02
-8.195639596090401047e-02
-8.318011095025207302e-02
-8.439879471660019505e-02
-8.561231625628952513e-02
-8.682049290093746263e-02
-8.802311711139006178e-02
-8.921999033602943940e-02
-9.041095689296523019e-02
-9.159593055698410369e-02
-9.277490734330835764e-02
-9.394796032805401154e-02
-9.511521640968378932e-02
-9.627681991301824393e-02
-9.743289204631337685e-02
-9.858349654452745747e-02
-9.972861974367111526e-02
-1.008681689387400521e-01
-1.020019881276054835e-01
-1.031298866071306136e-01
-1.042516737816519129e-01
-1.053671926907041728e-01
-1.064763449000700329e-01
-1.075791006883509981e-01
-1.086754912990738065e-01
-1.097655843877972659e-01
-1.108494486150341657e-01
-1.119271167160146990e-01
-1.129985567185923939e-01
-1.140636581775907182e-01
-1.151222357933622265e-01
-1.161740484576509469e-01
-1.172188287579281896e-01
-1.182563163996829536e-01
-1.192862885190433264e-01
-1.203085802740647137e-01
-1.213230906645674789e-01
-1.223297715794276624e-01
-1.233286023673538789e-01
-1.243195565180998802e-01
-1.253025695008198326e-01
-1.262775162482508151e-01
-1.272442035592904475e-01
-1.282023784074838857e-01
-1.291517494178115455e-01
-1.300920163748605918e-01
-1.310229014648298662e-01
-1.319441756945538280e-01
-1.328556745341674117e-01
-1.337572986364903849e-01
-1.346489987644559072e-01
-1.355307483359528276e-01
-1.364025108227409355e-01
-1.372642108798563521e-01
-1.381157167388084583e-01
-1.389568378265553517e-01
-1.397873374425482873e-01
-1.406069570268740632e-01
-1.414154465458897503e-01
-1.422125945834715466e-01
-1.429982515888716943e-01
-1.437723405249711761e-01
-1.445348513226885068e-01
-1.452858192441521812e-01
-1.460252917241143256e-01
-1.467532917858657138e-01
-1.474697870307832004e-01
-1.481746710740427242e-01
-1.488677603200215249e-01
-1.495488049531940034e-01
-1.502175102056071965e-01
-1.508735625838961703e-01
-1.515166554237423746e-01
-1.521465085403009843e-01
-1.527628778712237789e-01
-1.533655530902182651e-01
-1.539543441547436831e-01
-1.545290609031668150e-01
-1.550894918738914274e-01
-1.556353885074853172e-01
-1.561664588849748514e-01
-1.566823722013862552e-01
-1.571827724884576338e-01
-1.576672983297001118e-01
-1.581356044391283300e-01
-1.585873807282041081e-01
-1.590223647618685121e-01
-1.594403445039803413e-01
-1.598411502254361849e-01
-1.602246372249376272e-01
-1.605906637312212448e-01
-1.609390698082286963e-01
-1.612696625520920468e-01
-1.615822106858177121e-01
-1.618764489219762237e-01
-1.621520902133019582e-01
-1.624088426672263830e-01
-1.626464273321481802e-01
-1.628645930026484945e-01
-1.630631245761642867e-01
-1.632418425090946257e-01
-1.634005927202113462e-01
-1.635392286057407718e-01
-1.636575888502933285e-01
-1.637554755036372822e-01
-1.638326359882927574e-01
-1.638887508402473991e-01
-1.639234270829446338e-01
-1.639361960063154267e-01
-1.639265140082445393e-01
-1.638937658034400890e-01
-1.638372702220924904e-01
-1.637562894681658110e-01
-1.636500426389771723e-01
-1.635177233637615524e-01
-1.633585199174303337e-01
-1.631716348559314467e-01
-1.629563008523836898e-01
-1.627117902132499405e-01
-1.624374170951703444e-01
-1.621325330383815988e-01
-1.617965176177404429e-01
-1.614287667036026219e-01
-1.610286811344981417e-01
-1.605956585702678074e-01
-1.601290907629358828e-01
-1.596283672339780246e-01
-1.590928844173978562e-01
-1.585220572595840149e-01
-1.579153289495772716e-01
-1.572721745512015157e-01
-1.565920957656675716e-01
-1.558746061947197947e-01
-1.551192085789181996e-01
-1.543253672326797277e-01
-1.534924803222422474e-01
-1.526198577306837334e-01
-1.517067106145665034e-01
-1.507521575617881138e-01
-1.497552488362333678e-01
-1.487150049085035897e-01
-1.476304601844733999e-01
-1.465007000976806528e-01
-1.453248809958046228e-01
-1.441022268330107159e-01
-1.428320024334346072e-01
-1.415134681138227601e-01
-1.401458240879676631e-01
-1.387281555717402026e-01
-1.372593909851905214e-01
-1.357382853352206431e-01
-1.341634372806762565e-01
-1.325333406536588765e-01
-1.308464607508923738e-01
-1.291013165829688336e-01
-1.272965470151902756e-01
-1.254309430454240426e-01
-1.235034379740217181e-01
-1.215130576284497443e-01
-1.194588410204363293e-01
-1.173397472000301395e-01
-1.151545673492233163e-01
-1.129018625164270873e-01
-1.105799454576020246e-01
-1.081869176104406360e-01
-1.057207586411129802e-01
-1.031794496081902546e-01
-1.005610985136580343e-01
-9.786403512421176787e-02
-9.508685128878306692e-02
-9.222837851950436983e-02
-8.928760968594717795e-02
-8.626358245065575414e-02
-8.315524840710535048e-02
-7.996135510833578264e-02
-7.668036843547808290e-02
-7.331045801522294292e-02
-6.984955604668714735e-02
-6.629548027053967785e-02
-6.264609076632390861e-02
-5.889943727411344615e-02
-5.505385552339856631e-02
-5.110798637559432062e-02
-4.706071264076783917e-02
-4.291102716450848065e-02
-3.865785869176511375e-02
-3.429988986197604617e-02
-2.983540595228991940e-02
-2.526221265331858243e-02
-2.057765237837209590e-02
-1.577872796852236928e-02
-1.086231251768018588e-02
-5.825395019989880983e-03
-6.652975903624980605e-04
4.620191587190166337e-03
1.003279968228263860e-02
1.557386468312779194e-02
2.124452009322155832e-02
2.704592878202119813e-02
3.297951776906952320e-02
3.904716262441289276e-02
4.525127381618782030e-02
5.159475261142357910e-02
5.808081393421098138e-02
6.471271233103041698e-02
7.149343973892718918e-02
7.842547389304090066e-02
8.551063892392203603e-02
9.275010491388310796e-02
1.001445172130520644e-01
1.076942202659572079e-01
1.153995263186846920e-01
1.232609731610368742e-01
1.312795146805516844e-01
1.394565957045649229e-01
1.477940832978044683e-01
1.562940615846471482e-01
1.649585376528492076e-01
1.737891350291161374e-01
1.827868538880201565e-01
1.919519528520266249e-01
2.012839694801670798e-01
2.107818619834928298e-01
2.204442323818127103e-01
2.302695808775083730e-01
2.402565383577610347e-01
2.504040264443883057e-01
2.607113045325026857e-01
2.711778845251936465e-01
2.818033257651669787e-01
2.925869555465390737e-01
3.035275797442447687e-01
3.146232437979747942e-01
3.258710799716211803e-01
3.372672462657135273e-01
3.488069392793187729e-01
3.604844535487222723e-01
3.722932613092602150e-01
3.842260933524179745e-01
3.962750078051534008e-01
4.084314351405034516e-01
4.206861829806314290e-01
4.330293748342237126e-01
4.454502872335092678e-01
4.579370451322388180e-01
4.704761395964080495e-01
4.830517462791477645e-01
4.956448494209103606e-01
5.082322177708821220e-01
5.207853399410269368e-01
5.332695047848013958e-01
5.456432882531685458e-01
5.578587400684981157e-01
5.698624984000832949e-01
5.815978709954342518e-01
5.930076499642784604e-01
6.040371928398849954e-01
6.146372298795862443e-01
6.247659838897364759e-01
6.343904347058856308e-01
6.434867963461441409e-01
6.520404104948696045e-01
6.600452792527370383e-01
6.675033987970793170e-01
6.744239649811142323e-01
6.808224472656587700e-01
6.867195002038026796e-01
6.921397125527243288e-01
6.971102644376377944e-01
7.016596291875109026e-01
7.058164749995279319e-01
7.096088795439993158e-01
7.130638921785069639e-01
7.162074021651011480e-01
7.190642229863254409e-01
7.216582868047617394e-01
7.240128505184588725e-01
7.261506355829943082e-01
7.280938518609855192e-01
7.298640884444882460e-01
7.314820882857524520e-01
7.329674522524554092e-01
7.343383341421458876e-01
7.356111864626947439e-01
7.368005992111290592e-01
7.379192483239950251e-01
7.389779464928620811e-01
7.399857732194528026e-01
7.409502550112262442e-01
7.418775683954037525e-01
7.427727444322325123e-01
7.436398605356216995e-01
7.444822117463800737e-01
7.453024583619479726e-01
7.461027499539792940e-01
7.468848275964073968e-01
7.476501069659838850e-01
7.483997452086175173e-01
7.491346943478685017e-01
7.498557437225191746e-01
7.505635535873113051e-01
7.512586816566453329e-01
7.519416040466542217e-01
7.526127317894714119e-01
7.532724238571992803e-01
7.539209974392058200e-01
7.545587360597879600e-01
7.551858959981365693e-01
7.558027113733639668e-01
7.564093981791450982e-01
7.570061574910803559e-01
7.575931780217238787e-01
7.581706381605232137e-01
7.587387076064258107e-01
7.592975486778456018e-01
7.598473173666360214e-01
7.603881641885876785e-01
7.609202348718983044e-01
7.614436709163756589e-01
7.619586100493095371e-01
7.624651865985827559e-01
7.629635317993589405e-01
7.634537740473477108e-01
7.639360391090064262e-01
7.644104502969458759e-01
7.648771286171452966e-01
7.653361928932546077e-01
7.657877598722008239e-01
7.662319443144577358e-01
7.666688590716358442e-01
7.670986151534634478e-01
7.675213217857250747e-01
7.679370864602605984e-01
7.683460149776754067e-01
7.687482114829260471e-01
7.691437784933702337e-01
7.695328169181389066e-01
7.699154260667024907e-01
7.702917036431395914e-01
7.706617457207024513e-01
7.710256466886240556e-01
7.713834991595399648e-01
7.717353938213857845e-01
7.720814192126215225e-01
7.724216613957621824e-01
7.727562035055131062e-01
7.730851251626199572e-01
7.734085017864000822e-01
7.737264039225014711e-01
7.740388968256182167e-01
7.743460406454885092e-01
7.746478915312138280e-01
7.749445036713366042e-01
7.752359318050255910e-01
7.755222334257737549e-01
7.758034700525676675e-01
7.760797074336881485e-01
7.763510149715926456e-01
7.766174647878195669e-01
7.768791307535017898e-01
7.771360876565480691e-01
7.773884105579571546e-01
7.776361743263524584e-01
7.778794533163726488e-01
7.781183211540179112e-01
7.783528505977563849e-01
7.785831134516973950e-01
7.788091805138610546e-01
7.790311215477967455e-01
7.792490052695918434e-01
7.794628993449487231e-01
7.796728703928005322e-01
7.798789839931408174e-01
7.800813046975354492e-01
7.802798960413164231e-01
7.804748205567989539e-01
7.806661397870942043e-01
7.808539143002360960e-01
7.810382037034400149e-01
7.812190666573739506e-01
7.813965608903651328e-01
7.815707432124934240e-01
7.817416695295383855e-01
7.819093948567613639e-01
7.820739733325099419e-01
7.822354582316383143e-01
7.823939019787392590e-01
7.825493561611871485e-01
7.827018715419911121e-01
7.828514980724600170e-01
7.829982849046801530e-01
7.831422804038082885e-01
7.832835321601816503e-01
7.834220870012470472e-01
7.835579910033124706e-01
7.836912895031223902e-01
7.838220271092602998e-01
7.839502477133800662e-01
7.840759945012691912e-01
7.841993099637465381e-01
7.843202359073956353e-01
7.844388134651381073e-01
7.845550831066474551e-01
7.846690846486069626e-01
7.847808572648132808e-01
7.848904394961281339e-01
7.849978692602808117e-01
7.851031838615226688e-01
7.852064200001368510e-01
7.853076137818046920e-01
7.854068007268314444e-01
7.855040157792325672e-01
7.855992933156833447e-01
7.856926671543341678e-01
7.857841705634921459e-01
7.858738362701721547e-01
7.859616964685192109e-01
7.860477828281033919e-01
7.861321265020894122e-01
7.862147581352832981e-01
7.862957078720573811e-01
7.863750053641553883e-01
7.864526797783797374e-01
7.865287598041624806e-01
7.866032736610217846e-01
7.866762491059056117e-01
7.867477134404242678e-01
7.868176935179733711e-01
7.868862157507490185e-01
7.869533061166568144e-01
7.870189901661155396e-01
7.870832930287585683e-01
7.871462394200329227e-01
7.872078536476985189e-01
7.872681596182287134e-01
7.873271808431135943e-01
7.873849404450676825e-01
7.874414611641430417e-01
7.874967653637497955e-01
7.875508750365847188e-01
7.876038118104700114e-01
7.876555969541029212e-01
7.877062513827178813e-01
7.877557956636628278e-01
7.878042500218896960e-01
7.878516343453620951e-01
7.878979681903801602e-01
7.879432707868241348e-01
7.879875610433179078e-01
7.880308575523140568e-01
7.880731785951009538e-01
7.881145421467332657e-01
7.881549658808874037e-01
7.881944671746426989e-01
7.882330631131893028e-01
7.882707704944638127e-01
7.883076058337147307e-01
7.883435853679973127e-01
7.883787250605994723e-01
7.884130406054005169e-01
7.884465474311626032e-01
7.884792607057562464e-01
7.885111953403214358e-01
7.885423659933643581e-01
7.885727870747917256e-01
7.886024727498828213e-01
7.886314369432002591e-01
7.886596933424413480e-01
7.886872554022292814e-01
7.887141363478468170e-01
7.887403491789117815e-01
7.887659066729966195e-01
7.887908213891916542e-01
7.888151056716135034e-01
7.888387716528595384e-01
7.888618312574090519e-01
7.888842962049719132e-01
7.889061780137851532e-01
7.889274880038592563e-01
7.889482373001736049e-01
7.889684368358229616e-01
7.889880973551153254e-01
7.890072294166213807e-01
7.890258433961770956e-01
7.890439494898398021e-01
7.890615577167982009e-01
7.890786779222375147e-01
7.890953197801601204e-01
7.891114927961623282e-01
7.891272063101680834e-01
7.891424694991201472e-01
7.891572913796295330e-01
7.891716808105839753e-01
7.891856464957150985e-01
7.891991969861263945e-01
7.892123406827814547e-01
7.892250858389536772e-01
7.892374405626373379e-01
7.892494128189214697e-01
7.892610104323267706e-01
7.892722410891055418e-01
7.892831123395062098e-01
7.892936316000022101e-01
7.893038061554860096e-01
7.893136431614291570e-01
7.893231496460079155e-01
7.893323325121961442e-01
7.893411985398252062e-01
7.893497543876114575e-01
7.893580065951522062e-01
7.893659615848902522e-01
7.893736256640475624e-01
7.893810050265284151e-01
7.893881057547930125e-01
7.893949338217013389e-01
7.894014950923280427e-01
7.894077953257487845e-01
7.894138401767988311e-01
7.894196351978031156e-01
7.894251858402797639e-01
7.894304974566165312e-01
7.894355753017207045e-01
7.894404245346428040e-01
7.894450502201750819e-01
7.894494573304242646e-01
7.894536507463599806e-01
7.894576352593378754e-01
7.894614155725994120e-01
7.894649963027474682e-01
7.894683819811987302e-01
7.894715770556129941e-01
7.894745858912994851e-01
7.894774127726015278e-01
7.894800619042584566e-01
7.894825374127464324e-01
7.894848433475976091e-01
7.894869836826984288e-01
7.894889623175673776e-01
7.894907830786119796e-01
7.894924497203662517e-01
7.894939659267079524e-01
7.894953353120565120e-01
7.894965614225523121e-01
7.894976477372164236e-01
7.894985976690920282e-01
7.894994145663677410e-01
7.895001017134829491e-01
7.895006623322151640e-01
7.895010995827499434e-01
7.895014165647342708e-01
7.895016163183120605e-01
7.895017018251436758e-01
7.895016760094091257e-01
7.895015417387944989e-01
7.895013018254631865e-01
7.895009590270111177e-01
7.895005160474065642e-01
7.894999755379150663e-01
7.894993400980090392e-01
7.894986122762630565e-01
7.894977945712344791e-01
7.894968894323299846e-01
7.894958992606575521e-01
7.894948264098654578e-01
7.894936731869670599e-01
7.894924418531525934e-01
7.894911346245874206e-01
7.894897536731976251e-01
7.894883011274426154e-01
7.894867790730754065e-01
7.894851895538902431e-01
7.894835345724583453e-01
7.894818160908512183e-01
7.894800360313527499e-01
7.894781962771593165e-01
7.894762986730684551e-01
7.894743450261563211e-01
7.894723371064442663e-01
7.894702766475538702e-01
7.894681653473523131e-01
7.894660048685860909e-01
7.894637968395048500e-01
7.894615428544750069e-01
7.894592444745830440e-01
7.894569032282293675e-01
7.894545206117115077e-01
7.894520980897985485e-01
7.894496370962958975e-01
7.894471390346003981e-01
7.894446052782464474e-01
7.894420371714433449e-01
7.894394360296034252e-01
7.894368031398616425e-01
7.894341397615862732e-01
7.894314471268815137e-01
7.894287264410815297e-01
7.894259788832362901e-01
7.894232056065895176e-01
7.894204077390482022e-01
7.894175863836450091e-01
7.894147426189922490e-01
7.894118774997289645e-01
7.894089920569599128e-01
7.894060872986876642e-01
7.894031642102372626e-01
7.894002237546738909e-01
7.893972668732133213e-01
7.893942944856258137e-01
7.893913074906329097e-01
7.893883067662976760e-01
7.893852931704086195e-01
7.893822675408567191e-01
7.893792306960063510e-01
7.893761834350599971e-01
7.893731265384166251e-01
7.893700607680240733e-01
7.893669868677256618e-01
7.893639055636005875e-01
7.893608175642986557e-01
7.893577235613699061e-01
7.893546242295874649e-01
7.893515202272660680e-01
7.893484121965744782e-01
7.893453007638427943e-01
7.893421865398646542e-01
7.893390701201939974e-01
7.893359520854367206e-01
7.893328330015378924e-01
7.893297134200634169e-01
7.893265938784772562e-01
7.893234749004134354e-01
7.893203569959441612e-01
7.893172406618425008e-01
7.893141263818411746e-01
7.893110146268863536e-01
7.893079058553875704e-01
7.893048005134628564e-01
7.893016990351799933e-01
7.892986018427934347e-01
7.892955093469771199e-01
7.892924219470532909e-01
7.892893400312173124e-01
7.892862639767586064e-01
7.892831941502774784e-01
7.892801309078987249e-01
7.892770745954809097e-01
7.892740255488224221e-01
7.892709840938637589e-01
7.892679505468860324e-01
7.892649252147064809e-01
7.892619083948700931e-01
7.892589003758382349e-01
7.892559014371736126e-01
7.892529118497221274e-01
7.892499318757915105e-01
7.892469617693270711e-01
7.892440017760837812e-01
7.892410521337956952e-01
7.892381130723422622e-01
7.892351848139116388e-01
7.892322675731612280e-01
7.892293615573751087e-01
7.892264669666190224e-01
7.892235839938923636e-01
7.892207128252771708e-01
7.892178536400851208e-01
7.892150066110013018e-01
7.892121719042255457e-01
7.892093496796114271e-01
7.892065400908024886e-01
7.892037432853662438e-01
7.892009594049255172e-01
7.891981885852874523e-01
7.891954309565705206e-01
7.891926866433286447e-01
7.891899557646734342e-01
7.891872384343943114e-01
7.891845347610760841e-01
7.891818448482146309e-01
7.891791687943301437e-01
7.891765066930788164e-01
7.891738586333620908e-01
7.891712246994340152e-01
7.891686049710063822e-01
7.891659995233525349e-01
7.891634084274085081e-01
7.891608317498728375e-01
7.891582695533041480e-01
7.891557218962174103e-01
7.891531888331777544e-01
7.891506704148930629e-01
7.891481666883046753e-01
7.891456776966762066e-01
7.891432034796810324e-01
7.891407440734876655e-01
7.891382995108442433e-01
7.891358698211605738e-01
7.891334550305892925e-01
7.891310551621050218e-01
7.891286702355825300e-01
7.891263002678728933e-01
7.891239452728784354e-01
7.891216052616262244e-01
7.891192802423403485e-01
7.891169702205121927e-01
7.891146751989703834e-01
7.891123951779482892e-01
7.891101301551508573e-01
7.891078801258202269e-01
7.891056450827995672e-01
7.891034250165961383e-01
7.891012199154430196e-01
7.890990297653595054e-01
7.890968545502101694e-01
7.890946942517633733e-01
7.890925488497478879e-01
7.890904183219091816e-01
7.890883026440635994e-01
7.890862017901525416e-01
7.890841157322947552e-01
7.890820444408380707e-01
7.890799878844098059e-01
7.890779460299663928e-01
7.890759188428416726e-01
7.890739062867948572e-01
7.890719083240568255e-01
7.890699249153756423e-01
7.890679560200617448e-01
7.890660015960312412e-01
7.890640615998493201e-01
7.890621359867718843e-01
7.890602247107869616e-01
7.890583277246551175e-01
7.890564449799486457e-01
7.890545764270906481e-01
7.890527220153926713e-01
7.890508816930918989e-01
7.890490554073874563e-01
7.890472431044759372e-01
7.890454447295863760e-01
7.890436602270142208e-01
7.890418895401547505e-01
7.890401326115357161e-01
7.890383893828493145e-01
7.890366597949834970e-01
7.890349437880525008e-01
7.890332413014269353e-01
7.890315522737630927e-01
7.890298766430315913e-01
7.890282143465453535e-01
7.890265653209871388e-01
7.890249295024365228e-01
7.890233068263958760e-01
7.890216972278162322e-01
7.890201006411224904e-01
7.890185170002376180e-01
7.890169462386070753e-01
7.890153882892220194e-01
7.890138430846423967e-01
7.890123105570192585e-01
7.890107906381168545e-01
7.890092832593337269e-01
7.890077883517239155e-01
7.890063058460174972e-01
7.890048356726402368e-01
7.890033777617333488e-01
7.890019320431724825e-01
7.890004984465863735e-01
7.889990769013749405e-01
7.889976673367271598e-01
7.889962696816383847e-01
7.889948838649269991e-01
7.889935098152514037e-01
7.889921474611256702e-01
7.889907967309355286e-01
7.889894575529536880e-01
7.889881298553547140e-01
7.889868135662296833e-01
7.889855086136003948e-01
7.889842149254333581e-01
7.889829324296531166e-01
7.889816610541555697e-01
7.889804007268209629e-01
7.889791513755260999e-01
7.889779129281567771e-01
7.889766853126196633e-01
7.889754684568539567e-01
7.889742622888423762e-01
7.889730667366223749e-01
