-1.576390000000010616e+00
-1.576390000000010616e+00
-1.576389845662721223e+00
-1.576389372143644385e+00
-1.576388402405077160e+00
-1.576386744480146929e+00
-1.576384187180875029e+00
-1.576380494027120660e+00
-1.576375395593386353e+00
-1.576368581182948647e+00
-1.576359691959876574e+00
-1.576348319496694961e+00
-1.576334015557523616e+00
-1.576316318777312597e+00
-1.576294798563046662e+00
-1.576269105937921911e+00
-1.576239013289279844e+00
-1.576204430394327449e+00
-1.576165399365812236e+00
-1.576122080940070669e+00
-1.576074741930184597e+00
-1.576023745583109426e+00
-1.575969541121979844e+00
-1.575912647947327994e+00
-1.575853632103525692e+00
-1.575793075785432595e+00
-1.575731543677514779e+00
-1.575669551825228831e+00
-1.575607544717630093e+00
-1.575545884187448786e+00
-1.575484850499702549e+00
-1.575424653014467768e+00
-1.575365446133635050e+00
-1.575307346110377260e+00
-1.575250445298584490e+00
-1.575194821935674394e+00
-1.575140545088484556e+00
-1.575087675630352901e+00
-1.575036264869632108e+00
-1.574986352631968956e+00
-1.574937966255083754e+00
-1.574891121266409844e+00
-1.574845823739825068e+00
-1.574802073704562932e+00
-1.574759868647549910e+00
-1.574719206143003092e+00
-1.574680084917069900e+00
-1.574642504121250619e+00
-1.574606461121831780e+00
-1.574571948563824320e+00
-1.574538951695262368e+00
-1.574507446862179583e+00
-1.574477401730668635e+00
-1.574448777279940703e+00
-1.574421531099410743e+00
-1.574395621151811975e+00
-1.574371009017101253e+00
-1.574347661738090265e+00
-1.574325551732252082e+00
-1.574304654749575594e+00
-1.574284946420447362e+00
-1.574266398383761478e+00
-1.574248975158488495e+00
-1.574232632750281358e+00
-1.574217319519994218e+00
-1.574202979231539290e+00
-1.574189555615733038e+00
-1.574176997370867692e+00
-1.574165262349884298e+00
-1.574154319796255752e+00
-1.574144149890381428e+00
-1.574134740506271779e+00
-1.574126081819880785e+00
-1.574118160038678660e+00
-1.574110951808982195e+00
-1.574104420675772609e+00
-1.574098516363767297e+00
-1.574093176806703243e+00
-1.574088332003227952e+00
-1.574083908099055851e+00
-1.574079829686978904e+00
-1.574076018237962282e+00
-1.574072384875651709e+00
-1.574068816396267501e+00
-1.574065154425405844e+00
-1.574061168653706932e+00
-1.574056525879863333e+00
-1.574050756874159962e+00
-1.574043222874879966e+00
-1.574033083128464794e+00
-1.574019264664632489e+00
-1.574000435692463951e+00
-1.573974984516585796e+00
-1.573941006243061880e+00
-1.573896299075560945e+00
-1.573838370069410519e+00
-1.573764446710488096e+00
-1.573671486410477494e+00
-1.573556172595643066e+00
-1.573414885324758261e+00
-1.573243637359879932e+00
-1.573037973151060864e+00
-1.572792837193614179e+00
-1.572502428372813288e+00
-1.572160066979722437e+00
-1.571758109389694624e+00
-1.571287949129767325e+00
-1.570740138389596030e+00
-1.570104647901891637e+00
-1.569371256391858260e+00
-1.568530030450460355e+00
-1.567571833134856485e+00
-1.566488794606828883e+00
-1.565274692370373311e+00
-1.563925214469287450e+00
-1.562438104329661126e+00
-1.560813201445032439e+00
-1.559052395080506859e+00
-1.557159502066356005e+00
-1.555140071361151843e+00
-1.553001114371673097e+00
-1.550750765318569036e+00
-1.548397889572695751e+00
-1.545951673809905058e+00
-1.543421241429784541e+00
-1.540815333986713220e+00
-1.538142084925884889e+00
-1.535408892020605709e+00
-1.532622377215306697e+00
-1.529788411828057137e+00
-1.526912181887205122e+00
-1.523998270751540263e+00
-1.521050741502153913e+00
-1.518073207947614023e+00
-1.515068889273063490e+00
-1.512040648579103141e+00
-1.508991019087012830e+00
-1.505922223176628716e+00
-1.502836188819751673e+00
-1.499734566191858631e+00
-1.496618745376928183e+00
-1.493489874938340067e+00
-1.490348880962848899e+00
-1.487196486741790613e+00
-1.484033234007527957e+00
-1.480859507018644328e+00
-1.477675560363052476e+00
-1.474481550064528523e+00
-1.471277565868120529e+00
-1.468063661235773587e+00
-1.464839877318526051e+00
-1.461606258162573502e+00
-1.458362856213186065e+00
-1.455109729100359850e+00
-1.451846930198433583e+00
-1.448574496369889664e+00
-1.445292436658480506e+00
-1.442000725490753643e+00
-1.438699303061318435e+00
-1.435388083917900515e+00
-1.432066972524760340e+00
-1.428735882412116354e+00
-1.425394754281846366e+00
-1.422043568692544557e+00
-1.418682350540954484e+00
-1.415311164761665852e+00
-1.411930104685152898e+00
-1.408539275884052699e+00
-1.405138779050569164e+00
-1.401728695582823425e+00
-1.398309079117053377e+00
-1.394879955098456303e+00
-1.391441328590015791e+00
-1.387993198201310951e+00
-1.384535572041754481e+00
-1.381068480813681720e+00
-1.377591983931453878e+00
-1.374106166515719263e+00
-1.370611127458895240e+00
-1.367106960789668202e+00
-1.363593733993590407e+00
-1.360071467783801946e+00
-1.356540122051928199e+00
-1.352999592136973739e+00
-1.349449717798828052e+00
-1.345890304349694588e+00
-1.342321151967512671e+00
-1.338742086606490300e+00
-1.335152985348686316e+00
-1.331553790771067725e+00
-1.327944512068742311e+00
-1.324325213949467894e+00
-1.320695996750504531e+00
-1.317056972578719343e+00
-1.313408242717675867e+00
-1.309749881236984104e+00
-1.306081928588683327e+00
-1.302404396807016695e+00
-1.298717284904938651e+00
-1.295020599990938992e+00
-1.291314377733027818e+00
-1.287598695950623817e+00
-1.283873677213187348e+00
-1.280139479383473278e+00
-1.276396275938659564e+00
-1.272644230012069277e+00
-1.268883467365060858e+00
-1.265114054045306968e+00
-1.261335984216410466e+00
-1.257549182174106717e+00
-1.253753519609630995e+00
-1.249948845138535214e+00
-1.246135019312705428e+00
-1.242311946461787109e+00
-1.238479595684015999e+00
-1.234638006595389026e+00
-1.230787279524695244e+00
-1.226927553284936190e+00
-1.223058975848343222e+00
-1.219181674300953144e+00
-1.215295730595366885e+00
-1.211401168796256478e+00
-1.207497957380206266e+00
-1.203586026580269142e+00
-1.199665296438100492e+00
-1.195735707699982608e+00
-1.191797246582284364e+00
-1.187849956265760065e+00
-1.183893931822025181e+00
-1.179929299498568618e+00
-1.175956184673951466e+00
-1.171974675003990551e+00
-1.167984786495845695e+00
-1.163986440525220933e+00
-1.159979458733446434e+00
-1.155963579683410680e+00
-1.151938496089094377e+00
-1.147903905650633716e+00
-1.143859564385230509e+00
-1.139805330852108112e+00
-1.135741192990548987e+00
-1.131667274643690435e+00
-1.127583823873789637e+00
-1.123491188423183296e+00
-1.119389784965285850e+00
-1.115280068671249847e+00
-1.111162508614224720e+00
-1.107037572795935176e+00
-1.102905724062843262e+00
-1.098767425101639050e+00
-1.094623147856830014e+00
-1.090473381193983071e+00
-1.086318631112825894e+00
-1.082159410023259882e+00
-1.077996214561593780e+00
-1.073829494211563151e+00
-1.069659615214508586e+00
-1.065486825944378158e+00
-1.061311231059439031e+00
-1.057132781827657908e+00
-1.052951288165797195e+00
-1.048766453543980015e+00
-1.044577927671156203e+00
-1.040385366071481688e+00
-1.036188483066166954e+00
-1.031987086634017947e+00
-1.027781089052596908e+00
-1.023570493556374084e+00
-1.019355362304901425e+00
-1.015135773971205913e+00
-1.010911780569709428e+00
-1.006683373198081544e+00
-1.002450465066120344e+00
-9.982128969634098681e-01
-9.939704649742686637e-01
-9.897229638747805369e-01
-9.854702346503761978e-01
-9.812122033136572163e-01
-9.769489012422891694e-01
-9.726804629461318630e-01
-9.684071029891286875e-01
-9.641290780282547601e-01
-9.598466422768371364e-01
-9.555600056194517578e-01
-9.512693034068829823e-01
-9.469745853259704527e-01
-9.426758270640700488e-01
-9.383729628156129987e-01
-9.340659304941419938e-01
-9.297547173889558758e-01
-9.254393939648816181e-01
-9.211201274755869139e-01
-9.167971729906951861e-01
-9.124708449064137250e-01
-9.081414757175373387e-01
-9.038093707824039758e-01
-8.994747685101236456e-01
-8.951378149524951144e-01
-8.907985596630882963e-01
-8.864569752951761972e-01
-8.821129971345561538e-01
-8.777665725768534211e-01
-8.734177072325702840e-01
-8.690664955401378178e-01
-8.647131287563722957e-01
-8.603578795096806786e-01
-8.560010674128887276e-01
-8.516430135951826852e-01
-8.472839936918781234e-01
-8.429241993139670042e-01
-8.385637172107802684e-01
-8.342025325308586314e-01
-8.298405572786754503e-01
-8.254776781000762176e-01
-8.211138114181134595e-01
-8.167489515753971752e-01
-8.123832001847817175e-01
-8.080167708882488586e-01
-8.036499703282715679e-01
-7.992831611474177089e-01
-7.949167156581388172e-01
-7.905509699642369048e-01
-7.861861882724617834e-01
-7.818225457398557676e-01
-7.774601348003818968e-01
-7.730989942891191014e-01
-7.687391540607033669e-01
-7.643806827916557189e-01
-7.600237257007667058e-01
-7.556685224262807976e-01
-7.513154013602627579e-01
-7.469647527063805192e-01
-7.426169867571248417e-01
-7.382724862185777726e-01
-7.339315623931572663e-01
-7.295944249067025655e-01
-7.252611729410264330e-01
-7.209318118326860647e-01
-7.166062924912107723e-01
-7.122845641681732065e-01
-7.079666266764766958e-01
-7.036525684528357472e-01
-6.993425816048968180e-01
-6.950369518053797213e-01
-6.907360268627630306e-01
-6.864401716809285237e-01
-6.821497192689405242e-01
-6.778649281023426676e-01
-6.735859555834926571e-01
-6.693128549705605890e-01
-6.650455982637373253e-01
-6.607841206301617865e-01
-6.565283752825842312e-01
-6.522783843697484985e-01
-6.480342730816914809e-01
-6.437962798001919396e-01
-6.395647419014536261e-01
-6.353400622325796610e-01
-6.311226644406534581e-01
-6.269129466553506891e-01
-6.227112431483298183e-01
-6.185178025301988347e-01
-6.143327881845428440e-01
-6.101563015556612513e-01
-6.059884224507123829e-01
-6.018292550601643809e-01
-5.976789665544121055e-01
-5.935378077751001236e-01
-5.894061111948986076e-01
-5.852842673401128515e-01
-5.811726853834128237e-01
-5.770717462482272131e-01
-5.729817578394742483e-01
-5.689029222772908900e-01
-5.648353238516811148e-01
-5.607789429578120544e-01
-5.567336952445393061e-01
-5.526994880438782509e-01
-5.486762808281743231e-01
-5.446641356469731354e-01
-5.406632475232673318e-01
-5.366739513448087751e-01
-5.326967078405669964e-01
-5.287320749884361071e-01
-5.247806725738262124e-01
-5.208431474232260161e-01
-5.169201457752711226e-01
-5.130122974657669310e-01
-5.091202139027251050e-01
-5.052444983047569282e-01
-5.013857632553134769e-01
-4.975446486693474446e-01
-4.937218336899124038e-01
-4.899180385073162447e-01
-4.861340153279051779e-01
-4.823705304390328852e-01
-4.786283409914002807e-01
-4.749081709131630635e-01
-4.712106906162960018e-01
-4.675365049013731067e-01
-4.638861523916920082e-01
-4.602601175992094285e-01
-4.566588535768306700e-01
-4.530828101227024618e-01
-4.495324610909340324e-01
-4.460083252466475745e-01
-4.425109777062415373e-01
-4.390410519383244892e-01
-4.355992343811603273e-01
-4.321862545650121401e-01
-4.288028734831323407e-01
-4.254498723224202084e-01
-4.221280429241189291e-01
-4.188381806828757603e-01
-4.155810800692271711e-01
-4.123575326025412102e-01
-4.091683269377382470e-01
-4.060142507599608375e-01
-4.028960943337582257e-01
-3.998146556874969115e-01
-3.967707473814209851e-01
-3.937652045119854893e-01
-3.907988930342049527e-01
-3.878727167452761249e-01
-3.849876206425154601e-01
-3.821445882981179265e-01
-3.793446318509176018e-01
-3.765887753141247130e-01
-3.738780345373185487e-01
-3.712133991394694910e-01
-3.685958219838270655e-01
-3.660262201491432665e-01
-3.635054886620090464e-01
-3.610345254992187169e-01
-3.586142640644892077e-01
-3.562457074639137633e-01
-3.539299573676560340e-01
-3.516682294573054701e-01
-3.494618484357856492e-01
-3.473122193524464385e-01
-3.452207784444340510e-01
-3.431889337108179894e-01
-3.412180096924546380e-01
-3.393092101501292146e-01
-3.374636070432529000e-01
-3.356821571579280405e-01
-3.339657416566638726e-01
-3.323152198583186889e-01
-3.307314863947969363e-01
-3.292155199847888736e-01
-3.277684126707189893e-01
-3.263913716197658355e-01
-3.250856924345034149e-01
-3.238527124595046436e-01
-3.226937614108605912e-01
-3.216101305436822599e-01
-3.206030784428105518e-01
-3.196738829618342437e-01
-3.188239384051081426e-01
-3.180548873607608740e-01
-3.173687680899741625e-01
-3.167681505579534318e-01
-3.162562279147506650e-01
-3.158368291583002474e-01
-3.155143281982427661e-01
-3.152934473759356204e-01
-3.151789847348043239e-01
-3.151755207727767738e-01
-3.152871682051600621e-01
-3.155174134226428340e-01
-3.158690695844560969e-01
-3.163443325326778521e-01
-3.169449111955541798e-01
-3.176721950957739349e-01
-3.185274195777474393e-01
-3.195117914246152768e-01
-3.206265437844777466e-01
-3.218729020927532103e-01
-3.232519627179186728e-01
-3.247645088370490485e-01
-3.264108042786693642e-01
-3.281904078145734260e-01
-3.301020376312541194e-01
-3.321434965616321122e-01
-3.343116529597557340e-01
-3.366024651710910476e-01
-3.390110388080091464e-01
-3.415317115129258285e-01
-3.441581651694027855e-01
-3.468835674342860553e-01
-3.497007417560087927e-01
-3.526023586242233443e-01
-3.555811334846153415e-01
-3.586300121292697041e-01
-3.617423249336283453e-01
-3.649118970598960732e-01
-3.681331103120730752e-01
-3.714009204992588242e-01
-3.747108396138648101e-01
-3.780588941873788689e-01
-3.814415705137710888e-01
-3.848557552361130396e-01
-3.882986771661954828e-01
-3.917678538395734100e-01
-3.952610444950231949e-01
-3.987762099396431337e-01
-4.023114790218052517e-01
-4.058651210504364282e-01
-4.094355233483463197e-01
-4.130211731153983212e-01
-4.166206428392361660e-01
-4.202325785857534135e-01
-4.238556906042584838e-01
-4.274887457803407953e-01
-4.311305615567270766e-01
-4.347800010169158846e-01
-4.384359688882423223e-01
-4.420974082714487774e-01
-4.457632979444036136e-01
-4.494326501199502055e-01
-4.531045085634858860e-01
-4.567779469960720484e-01
-4.604520677247586624e-01
-4.641260004542714368e-01
-4.677989012439777161e-01
-4.714699515817015740e-01
-4.751383575519513291e-01
-4.788033490808179526e-01
-4.824641792434770649e-01
-4.861201236231021405e-01
-4.897704797122387488e-01
-4.934145663494299283e-01
-4.970517231852136231e-01
-5.006813101726091952e-01
-5.043027070779100285e-01
-5.079153130080259482e-01
-5.115185459507709531e-01
-5.151118423243262745e-01
-5.186946565315601054e-01
-5.222664605138173100e-01
-5.258267432970058497e-01
-5.293750105199759304e-01
-5.329107839308340200e-01
-5.364336008302208469e-01
-5.399430134306140161e-01
-5.434385880857705020e-01
-5.469199043220922540e-01
-5.503865535704900447e-01
-5.538381374482344022e-01
-5.572742653683879777e-01
-5.606945511505974089e-01
-5.640986081605030567e-01
-5.674860423059095993e-01
-5.708564419648289867e-01
-5.742093636392784362e-01
-5.775443119113988777e-01
-5.808607123552786966e-01
-5.841578768983692882e-01
-5.874349634978992540e-01
-5.906909367301339531e-01
-5.939245428627477619e-01
-5.971343191229779856e-01
-6.003186549810783923e-01
-6.034759064141814733e-01
-6.066045368276357097e-01
-6.097032405543494349e-01
-6.127710135635480171e-01
-6.158071637672568599e-01
-6.188112772689150498e-01
-6.217831642743308906e-01
-6.247228030927985953e-01
-6.276302919056904184e-01
-6.305058112667863979e-01
-6.333495967123772274e-01
-6.361619195330772136e-01
-6.389430736168920655e-01
-6.416933665965236511e-01
-6.444131139591815494e-01
-6.471026351577721103e-01
-6.497622510582463651e-01
-6.523922822723142723e-01
-6.549930480740617789e-01
-6.575648657005357389e-01
-6.601080499043907590e-01
-6.626229126718437001e-01
-6.651097630489855028e-01
-6.675689070390973257e-01
-6.700006475464802547e-01
-6.724052843507387633e-01
-6.747831141009837941e-01
-6.771344303230392159e-01
-6.794595234351110680e-01
-6.817586807689323125e-01
-6.840321865944186674e-01
-6.862803221465419989e-01
-6.885033656535679558e-01
-6.907015923660960732e-01
-6.928752745865304208e-01
-6.950246816987367682e-01
-6.971500801977240647e-01
-6.992517337192444282e-01
-7.013299030692411451e-01
-7.033848462530997159e-01
-7.054168185046717499e-01
-7.074260723150533892e-01
-7.094128574611061611e-01
-7.113774210337129311e-01
-7.133200074657661816e-01
-7.152408585598851731e-01
-7.171402135158631008e-01
-7.190183089578442432e-01
-7.208753789612319940e-01
-7.227116550793303285e-01
-7.245273663697191502e-01
-7.263227394203670695e-01
-7.280979983754829465e-01
-7.298533649611084195e-01
-7.315890585104543042e-01
-7.333052959889824196e-01
-7.350022920192359477e-01
-7.366802589054198824e-01
-7.383394066577342318e-01
-7.399799430164628600e-01
-7.416020734758190791e-01
-7.432060013075509897e-01
-7.447919275843090103e-01
-7.463600512027772638e-01
-7.479105689065719265e-01
-7.494436753089070979e-01
-7.509595629150325191e-01
-7.524584221444438059e-01
-7.539404413528677518e-01
-7.554058068540250304e-01
-7.568547029411721860e-01
-7.582873119084251323e-01
-7.597038140718662680e-01
-7.611043877904372090e-01
-7.624892094866191350e-01
-7.638584536669029701e-01
-7.652122929420510644e-01
-7.665508980471530398e-01
-7.678744378614769106e-01
-7.691830794281178107e-01
-7.704769879734468807e-01
-7.717563269263613135e-01
-7.730212579373377801e-01
-7.742719408972914552e-01
-7.755085339562418634e-01
-7.767311935417885449e-01
-7.779400743773969840e-01
-7.791353295004974644e-01
-7.803171102803987402e-01
-7.814855664360178533e-01
-7.826408460534280964e-01
-7.837830956032270091e-01
-7.849124599577261829e-01
-7.860290824079643190e-01
-7.871331046805450926e-01
-7.882246669543024886e-01
-7.893039078767942751e-01
-7.903709645806257234e-01
-7.914259726996053512e-01
-7.924690663847338001e-01
-7.935003783200283989e-01
-7.945200397381837476e-01
-7.955281804360713194e-01
-7.965249287900788566e-01
-7.975104117712907836e-01
-7.984847549605122996e-01
-7.994480825631378185e-01
-8.004005174238655318e-01
-8.013421810412596491e-01
-8.022731935821616478e-01
-8.031936738959525313e-01
-8.041037395286667611e-01
-8.050035067369601949e-01
-8.058930905019326962e-01
-8.067726045428073034e-01
-8.076421613304676228e-01
-8.085018721008538911e-01
-8.093518468682201483e-01
-8.101921944382534102e-01
-8.110230224210562833e-01
-8.118444372439942436e-01
-8.126565441644093557e-01
-8.134594472822009870e-01
-8.142532495522758484e-01
-8.150380527968678068e-01
-8.158139577177291324e-01
-8.165810639081945155e-01
-8.173394698651190726e-01
-8.180892730006913416e-01
-8.188305696541231526e-01
-8.195634551032164872e-01
-8.202880235758102101e-01
-8.210043682611062321e-01
-8.217125813208772112e-01
-8.224127539005566812e-01
-8.231049761402133846e-01
-8.237893371854098090e-01
-8.244659251979471470e-01
-8.251348273664974586e-01
-8.257961299171238112e-01
-8.264499181236906189e-01
-8.270962763181634037e-01
-8.277352879008014197e-01
-8.283670353502422534e-01
-8.289916002334805079e-01
-8.296090632157413491e-01
-8.302195040702503581e-01
-8.308230016878997981e-01
-8.314196340868134083e-01
-8.320094784218105000e-01
-8.325926109937694664e-01
-8.331691072588931490e-01
-8.337390418378759493e-01
-8.343024885249743505e-01
-8.348595202969811835e-01
-8.354102093221054126e-01
-8.359546269687579967e-01
-8.364928438142441580e-01
-8.370249296533645023e-01
-8.375509535069243228e-01
-8.380709836301531990e-01
-8.385850875210353328e-01
-8.390933319285510672e-01
-8.395957828608315854e-01
-8.400925055932270125e-01
-8.405835646762882529e-01
-8.410690239436648952e-01
-8.415489465199186281e-01
-8.420233948282540570e-01
-8.424924305981669193e-01
-8.429561148730110309e-01
-8.434145080174849651e-01
-8.438676697250391268e-01
-8.443156590252033356e-01
-8.447585342908371375e-01
-8.451963532453022898e-01
-8.456291729695590842e-01
-8.460570499091868424e-01
-8.464800398813298044e-01
-8.468981980815684096e-01
-8.473115790907177480e-01
-8.477202368815532907e-01
-8.481242248254642346e-01
-8.485235956990367923e-01
-8.489184016905658714e-01
-8.493086944064983657e-01
-8.496945248778065007e-01
-8.500759435662935681e-01
-8.504530003708318242e-01
-8.508257446335341090e-01
-8.511942251458585185e-01
-8.515584901546484620e-01
-8.519185873681076604e-01
-8.522745639617108626e-01
-8.526264665840516122e-01
-8.529743413626267312e-01
-8.533182339095591873e-01
-8.536581893272593424e-01
-8.539942522140253622e-01
-8.543264666695833398e-01
-8.546548763005681337e-01
-8.549795242259450312e-01
-8.553004530823734575e-01
-8.556177050295122877e-01
-8.559313217552690922e-01
-8.562413444809916507e-01
-8.565478139666047319e-01
-8.568507705156906962e-01
-8.571502539805156973e-01
-8.574463037670018162e-01
-8.577389588396452380e-01
-8.580282577263814714e-01
-8.583142385233984983e-01
-8.585969388998974106e-01
-8.588763961028018645e-01
-8.591526469614169104e-01
-8.594257278920368615e-01
-8.596956749025043143e-01
-8.599625235967187642e-01
-8.602263091790975924e-01
-8.604870664589878704e-01
-8.607448298550310906e-01
-8.609996333994801576e-01
-8.612515107424700833e-01
-8.615004951562420521e-01
-8.617466195393219675e-01
-8.619899164206535902e-01
-8.622304179636871568e-01
-8.624681559704231448e-01
-8.627031618854126283e-01
-8.629354667997141126e-01
-8.631651014548074041e-01
-8.633920962464649573e-01
-8.636164812285811454e-01
-8.638382861169601190e-01
-8.640575402930624760e-01
-8.642742728077109637e-01
-8.644885123847563246e-01
-8.647002874247027293e-01
-8.649096260082943521e-01
-8.651165559000624228e-01
-8.653211045518343081e-01
-8.655232991062034031e-01
-8.657231663999623850e-01
-8.659207329674981635e-01
-8.661160250441503061e-01
-8.663090685695328252e-01
-8.664998891908196610e-01
-8.666885122659940821e-01
-8.668749628670633367e-01
-8.670592657832375538e-01
-8.672414455240742281e-01
-8.674215263225885097e-01
-8.675995321383292991e-01
-8.677754866604215911e-01
-8.679494133105764009e-01
-8.681213352460666055e-01
-8.682912753626712554e-01
-8.684592562975871344e-01
-8.686253004323087890e-01
-8.687894298954768058e-01
-8.689516665656951133e-01
-8.691120320743173089e-01
-8.692705478082025650e-01
-8.694272349124413379e-01
-8.695821142930512115e-01
-8.697352066196432085e-01
-8.698865323280590145e-01
-8.700361116229787806e-01
-8.701839644805011709e-01
-8.703301106506943219e-01
-8.704745696601193794e-01
-8.706173608143260578e-01
-8.707585032003206660e-01
-8.708980156890075985e-01
-8.710359169376032940e-01
-8.711722253920243242e-01
-8.713069592892488391e-01
-8.714401366596521425e-01
-8.715717753293167336e-01
-8.717018929223168122e-01
-8.718305068629778054e-01
-8.719576343781106909e-01
-8.720832924992222290e-01
-8.722074980647005482e-01
-8.723302677219767487e-01
-8.724516179296627483e-01
-8.725715649596652579e-01
-8.726901248992773308e-01
-8.728073136532457088e-01
-8.729231469458161863e-01
-8.730376403227564364e-01
-8.731508091533559668e-01
-8.732626686324044263e-01
-8.733732337821481506e-01
-8.734825194542248372e-01
-8.735905403315772366e-01
-8.736973109303451945e-01
-8.738028456017372658e-01
-8.739071585338815673e-01
-8.740102637536560914e-01
-8.741121751284985919e-01
-8.742129063681970402e-01
-8.743124710266596544e-01
-8.744108825036659427e-01
-8.745081540465978742e-01
-8.746042987521521761e-01
-8.746993295680336455e-01
-8.747932592946295882e-01
-8.748861005866660490e-01
-8.749778659548452797e-01
-8.750685677674655549e-01
-8.751582182520225572e-01
-8.752468294967933327e-01
-8.753344134524024822e-01
-8.754209819333712561e-01
-8.755065466196494395e-01
-8.755911190581300296e-01
-8.756747106641470380e-01
-8.757573327229571936e-01
-8.758389963912047715e-01
-8.759197126983703230e-01
-8.759994925482031958e-01
-8.760783467201384012e-01
-8.761562858706972712e-01
-8.762333205348732390e-01
-8.763094611275016321e-01
-8.763847179446144775e-01
-8.764591011647805407e-01
-8.765326208504297112e-01
-8.766052869491633981e-01
-8.766771092950501609e-01
-8.767480976099065737e-01
-8.768182615045643225e-01
-8.768876104801228699e-01
-8.769561539291884644e-01
-8.770239011370991600e-01
-8.770908612831359585e-01
-8.771570434417209627e-01
-8.772224565836020949e-01
-8.772871095770241601e-01
-8.773510111888874752e-01
-8.774141700858929527e-01
-8.774765948356750833e-01
-8.775382939079218181e-01
-8.775992756754821267e-01
-8.776595484154610105e-01
-8.777191203103027473e-01
-8.777779994488615900e-01
-8.778361938274605869e-01
-8.778937113509389656e-01
-8.779505598336874161e-01
-8.780067470006718278e-01
-8.780622804884458121e-01
-8.781171678461517915e-01
-8.781714165365109848e-01
-8.782250339368021796e-01
-8.782780273398295146e-01
-8.783304039548799347e-01
-8.783821709086691021e-01
-8.784333352462777578e-01
-8.784839039320765375e-01
-8.785338838506412396e-01
-8.785832818076575457e-01
-8.786321045308156386e-01
-8.786803586706946056e-01
-8.787280508016374059e-01
-8.787751874226157334e-01
-8.788217749580850002e-01
-8.788678197588303265e-01
-8.789133281028024269e-01
-8.789583061959443944e-01
-8.790027601730094897e-01
-8.790466960983692735e-01
-8.790901199668128552e-01
-8.791330377043372613e-01
-8.791754551689291430e-01
-8.792173781513372699e-01
-8.792588123758363627e-01
-8.792997635009830448e-01
-8.793402371203622447e-01
-8.793802387633261608e-01
-8.794197738957243438e-01
-8.794588479206261189e-01
-8.794974661790342374e-01
-8.795356339505907561e-01
-8.795733564542754790e-01
-8.796106388490958494e-01
-8.796474862347692936e-01
-8.796839036523982358e-01
-8.797198960851370098e-01
-8.797554684588516638e-01
-8.797906256427722171e-01
-8.798253724501374773e-01
-8.798597136388326412e-01
-8.798936539120200129e-01
-8.799271979187620607e-01
-8.799603502546380351e-01
-8.799931154623532592e-01
-8.800254980323415355e-01
-8.800575024033612248e-01
-8.800891329630839977e-01
-8.801203940486775901e-01
-8.801512899473812324e-01
-8.801818248970754155e-01
-8.802120030868445522e-01
-8.802418286575338646e-01
-8.802713057022992782e-01
-8.803004382671518746e-01
-8.803292303514959061e-01
-8.803576859086603701e-01
-8.803858088464252551e-01
-8.804136030275413471e-01
-8.804410722702443737e-01
-8.804682203487632641e-01
-8.804950509938227476e-01
-8.805215678931402890e-01
-8.805477746919171400e-01
-8.805736749933242846e-01
-8.805992723589826099e-01
-8.806245703094377486e-01
-8.806495723246294816e-01
-8.806742818443558107e-01
-8.806987022687319255e-01
-8.807228369586438399e-01
-8.807466892361971444e-01
-8.807702623851602075e-01
-8.807935596514029353e-01
-8.808165842433300918e-01
-8.808393393323099563e-01
-8.808618280530980948e-01
-8.808840535042564701e-01
-8.809060187485674431e-01
-8.809277268134433347e-01
-8.809491806913314349e-01
-8.809703833401143491e-01
-8.809913376835055709e-01
