2.199920000000012976e+00
2.199920000000012976e+00
2.200057855039718735e+00
2.200465086476968590e+00
2.201268224159753206e+00
2.202590611115029073e+00
2.204554912164128577e+00
2.207286446930067925e+00
2.210917287712665935e+00
2.215590752630769433e+00
2.221465382309322667e+00
2.228716658631423986e+00
2.237533843813086509e+00
2.248109299238856273e+00
2.260619942241268721e+00
2.275205274304849201e+00
2.291950104339298910e+00
2.310877909775389316e+00
2.331953935173583403e+00
2.355092480277857003e+00
2.380163723282398891e+00
2.406998951722617353e+00
2.435395572225553806e+00
2.465123745469675498e+00
2.495935677559375065e+00
2.527577358301685617e+00
2.559801388152883828e+00
2.592378833366598911e+00
2.625108066040685806e+00
2.657819302930287009e+00
2.690374718125041476e+00
2.722665058026159990e+00
2.754604259574275904e+00
2.786123595885338311e+00
2.817166513431570873e+00
2.847684812356448880e+00
2.877636333506352173e+00
2.906983948624309200e+00
2.935695440472718687e+00
2.963743806021959859e+00
2.991107587520662747e+00
3.017770980091000421e+00
3.043723620695762300e+00
3.068960085828565276e+00
3.093479193928525994e+00
3.117283227100638321e+00
3.140377171769079379e+00
3.162768047348664346e+00
3.184464359080193763e+00
3.205475683247272833e+00
3.225812373175369174e+00
3.245485363162896153e+00
3.264506043640245991e+00
3.282886182245902784e+00
3.300637869702747196e+00
3.317773474372882614e+00
3.334305594106395265e+00
3.350246998360173478e+00
3.365610557916142387e+00
3.380409164088607810e+00
3.394655643667245926e+00
3.408362678959731884e+00
3.421542743040026924e+00
3.434208058168424227e+00
3.446370580853230781e+00
3.458042011503786206e+00
3.469233821578641574e+00
3.479957287675117250e+00
3.490223520722734563e+00
3.500043479544508784e+00
3.509427961489092418e+00
3.518387568171363000e+00
3.526932650498425748e+00
3.535073242376826741e+00
3.542818994995163173e+00
3.550179122367954854e+00
3.557162364305711311e+00
3.563776966673089408e+00
3.570030672511939951e+00
3.575930712598682781e+00
3.581483780751677060e+00
3.586695977672544444e+00
3.591572707134131459e+00
3.596118509726367485e+00
3.600336821685539146e+00
3.604229648555935750e+00
3.607797144060749694e+00
3.611037082101480777e+00
3.613944203358569141e+00
3.616509407223589267e+00
3.618718744276937738e+00
3.620552142528113304e+00
3.621981768753371078e+00
3.622969880304617085e+00
3.623465960450667822e+00
3.623402855453273119e+00
3.622691557990522782e+00
3.621214233985230901e+00
3.618815100501302950e+00
3.615288865117208594e+00
3.610366666186660467e+00
3.603699846525927342e+00
3.594842491613423618e+00
3.583234490670651251e+00
3.568187886409497800e+00
3.548880270217076305e+00
3.524359558619825528e+00
3.493564118314262945e+00
3.455360459434178910e+00
3.408597648177922768e+00
3.352174013954213105e+00
3.285109004703584912e+00
3.206612346936236868e+00
3.116144183097317555e+00
3.013462628474065763e+00
2.898657719138539868e+00
2.772171865065940377e+00
2.634806417044424087e+00
2.487712443925790051e+00
2.332362526936270442e+00
2.170500639823375266e+00
2.004069800130192647e+00
1.835121792581958955e+00
1.665718185176691346e+00
1.497834767075225004e+00
1.333280895050720005e+00
1.173641308665392735e+00
1.020242605350115461e+00
8.741419216401823400e-01
7.361327558890033984e-01
6.067624003755827111e-01
4.863564229664948946e-01
3.750471131823288617e-01
2.728040233221095123e-01
1.794652990393771907e-01
9.476842833811464917e-02
1.837870122214903257e-02
-5.008646827665108603e-02
-1.110388564679490875e-01
-1.649070725605883136e-01
-2.121302300772162919e-01
-2.531564670838800102e-01
-2.884445258952855751e-01
-3.184662954078428254e-01
-3.437082118248559470e-01
-3.646697472366298709e-01
-3.818579465488416980e-01
-3.957780536542426231e-01
-4.069214393916394945e-01
-4.157528864063669283e-01
-4.226994483839304206e-01
-4.281425457280941815e-01
-4.324139928985944459e-01
-4.357957111526319927e-01
-4.385222736448359804e-01
-4.407852321710789001e-01
-4.427382854438299820e-01
-4.445026094936305183e-01
-4.461719494515130613e-01
-4.478172905556882522e-01
-4.494910566263979890e-01
-4.512308352433029857e-01
-4.530626315860446507e-01
-4.550036435063224416e-01
-4.570645530929889899e-01
-4.592513493876730357e-01
-4.615667234239788086e-01
-4.640110982394295980e-01
-4.665833663693569333e-01
-4.692814057263801075e-01
-4.721024355265034944e-01
-4.750432613028209294e-01
-4.781004451488236606e-01
-4.812704259611218505e-01
-4.845496055321798501e-01
-4.879344102046836440e-01
-4.914213342093907699e-01
-4.950069690489914964e-01
-4.986880224428040798e-01
-5.024613296637853166e-01
-5.063238592148757711e-01
-5.102727137060824036e-01
-5.143051257456502379e-01
-5.184184479941502666e-01
-5.226101365610128502e-01
-5.268777277374785406e-01
-5.312188093581827752e-01
-5.356309892263887429e-01
-5.401118634045825040e-01
-5.446589866020058457e-01
-5.492698458146442198e-01
-5.539418375134543826e-01
-5.586722485945756489e-01
-5.634582421255237561e-01
-5.682968502930922927e-01
-5.731849781423398182e-01
-5.781194217514624700e-01
-5.830969026711598779e-01
-5.881141168152919096e-01
-5.931677917413857859e-01
-5.982547433849961793e-01
-6.033719233311077845e-01
-6.085164505942962654e-01
-6.136856261450940320e-01
-6.188769322292302366e-01
-6.240880207931531753e-01
-6.293166959783773606e-01
-6.345608951899350814e-01
-6.398186722427554596e-01
-6.450881848878241565e-01
-6.503676877699289260e-01
-6.556555306967618568e-01
-6.609501612110101343e-01
-6.662501300695070627e-01
-6.715540983910497363e-01
-6.768608457094951181e-01
-6.821692785643285184e-01
-6.874784392272663691e-01
-6.927875135601363477e-01
-6.980958359494895404e-01
-7.034028881554833523e-01
-7.087082883619028051e-01
-7.140117673858480396e-01
-7.193131312106803010e-01
-7.246122122434988100e-01
-7.299088146245603648e-01
-7.352026600665840794e-01
-7.404933395462414136e-01
-7.457802735406517947e-01
-7.510626809859293207e-01
-7.563395560422168096e-01
-7.616096524920658029e-01
-7.668714776782233900e-01
-7.721233001570106946e-01
-7.773631762293410352e-01
-7.825889989188380413e-01
-7.877985685046691167e-01
-7.929896777954887899e-01
-7.981602007256548559e-01
-8.033081720404057213e-01
-8.084318491879308732e-01
-8.135297530927372289e-01
-8.186006894651376431e-01
-8.236437548583490642e-01
-8.286583315538887939e-01
-8.336440734414148901e-01
-8.386008827353573780e-01
-8.435288759758881039e-01
-8.484283382016973851e-01
-8.532996664912908535e-01
-8.581433071704760440e-01
-8.629596931306301455e-01
-8.677491876031268037e-01
-8.725120384855276079e-01
-8.772483442658028929e-01
-8.819580303278169442e-01
-8.866408338270658218e-01
-8.912962963280137707e-01
-8.959237652193835499e-01
-9.005224064405895623e-01
-9.050912311141723343e-01
-9.096291366156057379e-01
-9.141349588243807833e-01
-9.186075284263190976e-01
-9.230457222490963121e-01
-9.274485018088614030e-01
-9.318149348735685900e-01
-9.361442001186364159e-01
-9.404355782600983815e-01
-9.446884347918628189e-01
-9.489021998770815758e-01
-9.530763505467073626e-01
-9.572103994154816942e-01
-9.613038926258501427e-01
-9.653564176660380802e-01
-9.693676194338874952e-01
-9.733372211929820494e-01
-9.772650466149993553e-01
-9.811510400189270564e-01
-9.849952835289592645e-01
-9.887980111837701980e-01
-9.925596203263171713e-01
-9.962806797398268133e-01
-9.999619323544578497e-01
-1.003604288704138758e+00
-1.007208806672413415e+00
-1.010776654327870672e+00
-1.014309055978129814e+00
-1.017807225869642451e+00
-1.021272297165891851e+00
-1.024705254226464968e+00
-1.028106873727637982e+00
-1.031477676483222305e+00
-1.034817889116115497e+00
-1.038127414357833844e+00
-1.041405810775116514e+00
-1.044652286090072879e+00
-1.047865711164203129e+00
-1.051044662025838239e+00
-1.054187493467283687e+00
-1.057292440047570503e+00
-1.060357731764847600e+00
-1.063381706564946683e+00
-1.066362903057888500e+00
-1.069300123500507294e+00
-1.072192465589031141e+00
-1.075039328131115690e+00
-1.077840398495171881e+00
-1.080595629264184065e+00
-1.083305209208467179e+00
-1.085969531045854586e+00
-1.088589156575428429e+00
-1.091164779197126622e+00
-1.093697184475275197e+00
-1.096187210576680116e+00
-1.098635711174521301e+00
-1.101043523173560912e+00
-1.103411440519887821e+00
-1.105740194078722816e+00
-1.108030436767834415e+00
-1.110282733114957177e+00
-1.112497553032679942e+00
-1.114675270448308275e+00
-1.116816167923019965e+00
-1.118920448022221237e+00
-1.120988250769487271e+00
-1.123019674457109485e+00
-1.125014795379393640e+00
-1.126973681667788663e+00
-1.128896397610155367e+00
-1.130782997069898155e+00
-1.132633507026582720e+00
-1.134447904303715005e+00
-1.136226090169242475e+00
-1.137967868767988833e+00
-1.139672936050000640e+00
-1.141340885312355447e+00
-1.142971232903669199e+00
-1.144563463024726779e+00
-1.146117085284646064e+00
-1.147631695140265640e+00
-1.149107027384779656e+00
-1.150542996270105256e+00
-1.151939720591961258e+00
-1.153297535765816173e+00
-1.154616996288868602e+00
-1.155898871099507064e+00
-1.157144132157841954e+00
-1.158353934338808511e+00
-1.159529583677189279e+00
-1.160672491950576646e+00
-1.161784118425318812e+00
-1.162865903015742441e+00
-1.163919197196842115e+00
-1.164945198558449357e+00
-1.165944892355117002e+00
-1.166919000559439201e+00
-1.167867937591726690e+00
-1.168791772956074615e+00
-1.169690204148683188e+00
-1.170562547066867021e+00
-1.171407753575258059e+00
-1.172224464467416905e+00
-1.173011099459020601e+00
-1.173765975473254120e+00
-1.174487434813110243e+00
-1.175173961014368329e+00
-1.175824264330203484e+00
-1.176437328408879823e+00
-1.177012419881453775e+00
-1.177549069486853339e+00
-1.178047036034310491e+00
-1.178506264014620442e+00
-1.178926843582646100e+00
-1.179308978960556642e+00
-1.179652968407986613e+00
-1.179959195915855075e+00
-1.180228132123610774e+00
-1.180460340359698934e+00
-1.180656483689964897e+00
-1.180817330227304840e+00
-1.180943755817901009e+00
-1.181036744582435016e+00
-1.181097388109954904e+00
-1.181126883399926664e+00
-1.181126528334137005e+00
-1.181097712149173251e+00
-1.181041897776992089e+00
-1.180960593611573017e+00
-1.180855314312021065e+00
-1.180727532892771547e+00
-1.180578628218833748e+00
-1.180409832089690747e+00
-1.180222178509836573e+00
-1.180016455773961859e+00
-1.179793161149669922e+00
-1.179552459114811436e+00
-1.179294147234812851e+00
-1.179017637800179763e+00
-1.178721966305393831e+00
-1.178405837205517726e+00
-1.178067711297169140e+00
-1.177705928299634941e+00
-1.177318847028963944e+00
-1.176904979752962044e+00
-1.176463100091926117e+00
-1.175992313322063776e+00
-1.175492088881001873e+00
-1.174962262528597812e+00
-1.174403018219756456e+00
-1.173814858232845593e+00
-1.173198566534970455e+00
-1.172555166746237498e+00
-1.171885873827388735e+00
-1.171192038446395633e+00
-1.170475084593303627e+00
-1.169736443163330808e+00
-1.168977485380267911e+00
-1.168199459331074941e+00
-1.167403431105000999e+00
-1.166590230502396519e+00
-1.165760401291807691e+00
-1.164914158034339842e+00
-1.164051355054418702e+00
-1.163171476724782938e+00
-1.162273659543542337e+00
-1.161356753171260081e+00
-1.160419418970444205e+00
-1.159460253227291959e+00
-1.158477913514781799e+00
-1.157471225395092063e+00
-1.156439253449685678e+00
-1.155381331541474488e+00
-1.154297057085587053e+00
-1.153186259909815936e+00
-1.152048957941364415e+00
-1.150885310959494090e+00
-1.149695581439768466e+00
-1.148480108712043979e+00
-1.147239299301536120e+00
-1.145973632588257907e+00
-1.144683677618261619e+00
-1.143370115226858275e+00
-1.142033760239471230e+00
-1.140675580830132985e+00
-1.139296714680256395e+00
-1.137898483020993057e+00
-1.136482403389447171e+00
-1.135050200276650489e+00
-1.133603810717556337e+00
-1.132145380619075548e+00
-1.130677248719183181e+00
-1.129201919403158394e+00
-1.127722032444220313e+00
-1.126240344394332071e+00
-1.124759739443718987e+00
-1.123283285251259533e+00
-1.121814342249749075e+00
-1.120356725270346576e+00
-1.118914905232297308e+00
-1.117494225927584628e+00
-1.116101096590493169e+00
-1.114743107797494970e+00
-1.113429013554411151e+00
-1.112168535892778198e+00
-1.110971984986394601e+00
-1.109849739535451629e+00
-1.108811676622583064e+00
-1.107866653838245119e+00
-1.107022122323342517e+00
-1.106283902599369595e+00
-1.105656110114769941e+00
-1.105141191293666836e+00
-1.104740026471341396e+00
-1.104452066706807623e+00
-1.104275487686102730e+00
-1.104207357800056410e+00
-1.104243823719523787e+00
-1.104380313628535726e+00
-1.104611748465524901e+00
-1.104932741710435096e+00
-1.105337765224685409e+00
-1.105821264709565321e+00
-1.106377720186964453e+00
-1.107001658865010008e+00
-1.107687635870823861e+00
-1.108430201727001574e+00
-1.109223875078003019e+00
-1.110063136124236571e+00
-1.110942450977097096e+00
-1.111856329968806012e+00
-1.112799414708239620e+00
-1.113766581264647559e+00
-1.114753042647198544e+00
-1.115754434252766991e+00
-1.116766870814119850e+00
-1.117786970477314901e+00
-1.118811848321194402e+00
-1.119839086054500221e+00
-1.120866686297761206e+00
-1.121893019350815202e+00
-1.122916768645425334e+00
-1.123936879056849136e+00
-1.124952510439730879e+00
-1.125962997387746967e+00
-1.126967815310848664e+00
-1.127966552397458022e+00
-1.128958886774119152e+00
-1.129944568095083257e+00
-1.130923402815598777e+00
-1.131895242475252861e+00
-1.132859974410314496e+00
-1.133817514408731686e+00
-1.134767800909010749e+00
-1.135710790420694671e+00
-1.136646453908622956e+00
-1.137574773936204764e+00
-1.138495742405884803e+00
-1.139409358769352343e+00
-1.140315628607333487e+00
-1.141214562500347807e+00
-1.142106175128757561e+00
-1.142990484553722874e+00
-1.143867511641091239e+00
-1.144737279598394331e+00
-1.145599813601500205e+00
-1.146455140492461888e+00
-1.147303288534005983e+00
-1.148144287209172942e+00
-1.148978167057018274e+00
-1.149804959537170879e+00
-1.150624696917529999e+00
-1.151437412180538633e+00
-1.152243138944393896e+00
-1.153041911396261332e+00
-1.153833764235120407e+00
-1.154618732622288091e+00
-1.155396852137981156e+00
-1.156168158742488128e+00
-1.156932688740634152e+00
-1.157690478748230722e+00
-1.158441565659088957e+00
-1.159185986610893337e+00
-1.159923778947746120e+00
-1.160654980176381024e+00
-1.161379627911793389e+00
-1.162097759806123509e+00
-1.162809413451753038e+00
-1.163514626245308214e+00
-1.164213435192985147e+00
-1.164905876628541836e+00
-1.165591985802480357e+00
-1.166271796283516737e+00
-1.166945339091281841e+00
-1.167612641454573330e+00
-1.168273725070452462e+00
-1.168928603746216321e+00
-1.169577280379907158e+00
-1.170219743442754590e+00
-1.170855963541477474e+00
-1.171485891249093081e+00
-1.172109457930888388e+00
-1.172726581126342316e+00
-1.173337174571443819e+00
-1.173941160555646013e+00
-1.174538480752433056e+00
-1.175129102425559235e+00
-1.175713019344335475e+00
-1.176290248839674479e+00
-1.176860827078620053e+00
-1.177424804171480988e+00
-1.177982239959201705e+00
-1.178533200740595976e+00
-1.179077756884948647e+00
-1.179615981159344518e+00
-1.180147947587612434e+00
-1.180673730686108369e+00
-1.181193404958813975e+00
-1.181707044567564813e+00
-1.182214723119143551e+00
-1.182716513529755042e+00
-1.183212487940479285e+00
-1.183702717666194060e+00
-1.184187273166413812e+00
-1.184666224030449744e+00
-1.185139638971905551e+00
-1.185607585829238531e+00
-1.186070131570243991e+00
-1.186527342299057652e+00
-1.186979283264757878e+00
-1.187426018870961331e+00
-1.187867612686019259e+00
-1.188304127453553516e+00
-1.188735625103162663e+00
-1.189162166761187578e+00
-1.189583812761463077e+00
-1.190000622656009366e+00
-1.190412655225632665e+00
-1.190819968490414382e+00
-1.191222619720079479e+00
-1.191620665444232730e+00
-1.192014161462462862e+00
-1.192403162854309473e+00
-1.192787723989093163e+00
-1.193167898535609561e+00
-1.193543739471687015e+00
-1.193915299093609272e+00
-1.194282629025406051e+00
-1.194645780228010823e+00
-1.195004803008289151e+00
-1.195359747027938901e+00
-1.195710661312263223e+00
-1.196057594258820300e+00
-1.196400593645948307e+00
-1.196739706641171130e+00
-1.197074979809483075e+00
-1.197406459121516775e+00
-1.197734189961595419e+00
-1.198058217135669512e+00
-1.198378584879142394e+00
-1.198695336864583849e+00
-1.199008516209334907e+00
-1.199318165483004739e+00
-1.199624326714860967e+00
-1.199927041401116501e+00
-1.200226350512112017e+00
-1.200522294499397402e+00
-1.200814913302713061e+00
-1.201104246356873073e+00
-1.201390332598550437e+00
-1.201673210472966380e+00
-1.201952917940486421e+00
-1.202229492483122053e+00
-1.202502971110941843e+00
-1.202773390368391704e+00
-1.203040786340526136e+00
-1.203305194659152200e+00
-1.203566650508886227e+00
-1.203825188633126819e+00
-1.204080843339941920e+00
-1.204333648507875054e+00
-1.204583637591668754e+00
-1.204830843627908710e+00
-1.205075299240587983e+00
-1.205317036646593287e+00
-1.205556087661115106e+00
-1.205792483702981199e+00
-1.206026255799915958e+00
-1.206257434593725808e+00
-1.206486050345412897e+00
-1.206712132940216398e+00
-1.206935711892583862e+00
-1.207156816351073081e+00
-1.207375475103185991e+00
-1.207591716580134644e+00
-1.207805568861540557e+00
-1.208017059680069449e+00
-1.208226216426000921e+00
-1.208433066151734625e+00
-1.208637635576233382e+00
-1.208839951089405895e+00
-1.209040038756426627e+00
-1.209237924321997504e+00
-1.209433633214549442e+00
-1.209627190550386366e+00
-1.209818621137770611e+00
-1.210007949480953027e+00
-1.210195199784146913e+00
-1.210380395955446442e+00
-1.210563561610691785e+00
-1.210744720077280068e+00
-1.210923894397924139e+00
-1.211101107334359606e+00
-1.211276381370999911e+00
-1.211449738718542113e+00
-1.211621201317522711e+00
-1.211790790841823506e+00
-1.211958528702130833e+00
-1.212124436049346166e+00
-1.212288533777950095e+00
-1.212450842529320116e+00
-1.212611382695003126e+00
-1.212770174419942615e+00
-1.212927237605661901e+00
-1.213082591913403840e+00
-1.213236256767227461e+00
-1.213388251357061964e+00
-1.213538594641719426e+00
-1.213687305351865975e+00
-1.213834401992952561e+00
-1.213979902848105974e+00
-1.214123825980979898e+00
-1.214266189238567772e+00
-1.214407010253976349e+00
-1.214546306449162616e+00
-1.214684095037633416e+00
-1.214820393027106871e+00
-1.214955217222139838e+00
-1.215088584226718282e+00
-1.215220510446812563e+00
-1.215351012092898753e+00
-1.215480105182445536e+00
-1.215607805542367137e+00
-1.215734128811443160e+00
-1.215859090442706236e+00
-1.215982705705796585e+00
-1.216104989689285931e+00
-1.216225957302968563e+00
-1.216345623280122856e+00
-1.216464002179741932e+00
-1.216581108388733679e+00
-1.216696956124091678e+00
-1.216811559435037715e+00
-1.216924932205133869e+00
-1.217037088154367730e+00
-1.217148040841208534e+00
-1.217257803664636651e+00
-1.217366389866145093e+00
-1.217473812531715271e+00
-1.217580084593765211e+00
-1.217685218833072014e+00
-1.217789227880669456e+00
-1.217892124219719374e+00
-1.217993920187357970e+00
-1.218094627976518796e+00
-1.218194259637729537e+00
-1.218292827080887042e+00
-1.218390342077006583e+00
-1.218486816259950034e+00
-1.218582261128128952e+00
-1.218676688046187007e+00
-1.218770108246658657e+00
-1.218862532831606948e+00
-1.218953972774238670e+00
-1.219044438920498630e+00
-1.219133941990643510e+00
-1.219222492580793293e+00
-1.219310101164463811e+00
-1.219396778094078648e+00
-1.219482533602460395e+00
-1.219567377804303243e+00
-1.219651320697625607e+00
-1.219734372165203862e+00
-1.219816541975987656e+00
-1.219897839786495242e+00
-1.219978275142192814e+00
-1.220057857478853425e+00
-1.220136596123899686e+00
-1.220214500297728266e+00
-1.220291579115016845e+00
-1.220367841586015079e+00
-1.220443296617817364e+00
-1.220517953015619605e+00
-1.220591819483960228e+00
-1.220664904627943859e+00
-1.220737216954449922e+00
-1.220808764873325014e+00
-1.220879556698560409e+00
-1.220949600649453792e+00
-1.221018904851755904e+00
-1.221087477338802962e+00
-1.221155326052633328e+00
-1.221222458845090841e+00
-1.221288883478913068e+00
-1.221354607628806432e+00
-1.221419638882506042e+00
-1.221483984741823292e+00
-1.221547652623679481e+00
-1.221610649861125442e+00
-1.221672983704349402e+00
-1.221734661321670634e+00
-1.221795689800520890e+00
-1.221856076148413406e+00
-1.221915827293899248e+00
-1.221974950087511447e+00
-1.222033451302697138e+00
-1.222091337636737718e+00
-1.222148615711657005e+00
-1.222205292075118299e+00
-1.222261373201309897e+00
-1.222316865491819060e+00
-1.222371775276494876e+00
-1.222426108814300250e+00
-1.222479872294153447e+00
-1.222533071835758323e+00
-1.222585713490424109e+00
-1.222637803241875432e+00
-1.222689347007051230e+00
-1.222740350636894124e+00
-1.222790819917129790e+00
-1.222840760569036123e+00
-1.222890178250202853e+00
-1.222939078555282277e+00
-1.222987467016728891e+00
-1.223035349105531688e+00
-1.223082730231935589e+00
-1.223129615746154863e+00
-1.223176010939077463e+00
-1.223221921042959570e+00
-1.223267351232112610e+00
-1.223312306623581591e+00
-1.223356792277813909e+00
-1.223400813199320813e+00
-1.223444374337330220e+00
-1.223487480586431309e+00
-1.223530136787211564e+00
-1.223572347726885168e+00
-1.223614118139913831e+00
-1.223655452708620306e+00
-1.223696356063794122e+00
-1.223736832785288886e+00
-1.223776887402614033e+00
-1.223816524395517247e+00
-1.223855748194560888e+00
-1.223894563181691097e+00
-1.223932973690799564e+00
-1.223970984008278640e+00
-1.224008598373569567e+00
-1.224045820979704047e+00
-1.224082655973838252e+00
-1.224119107457782185e+00
-1.224155179488520151e+00
-1.224190876078727008e+00
-1.224226201197276431e+00
-1.224261158769744062e+00
-1.224295752678903559e+00
-1.224329986765217981e+00
-1.224363864827323178e+00
-1.224397390622507187e+00
-1.224430567867182296e+00
-1.224463400237352895e+00
-1.224495891369075773e+00
-1.224528044858916420e+00
-1.224559864264398668e+00
-1.224591353104449887e+00
-1.224622514859839750e+00
-1.224653352973614551e+00
-1.224683870851525302e+00
-1.224714071862451847e+00
-1.224743959338820742e+00
-1.224773536577018707e+00
-1.224802806837801183e+00
-1.224831773346695130e+00
-1.224860439294398029e+00
-1.224888807837171356e+00
-1.224916882097229820e+00
-1.224944665163125057e+00
-1.224972160090126216e+00
-1.224999369900594104e+00
-1.225026297584352664e+00
-1.225052946099054685e+00
-1.225079318370543735e+00
-1.225105417293211429e+00
-1.225131245730351148e+00
-1.225156806514506203e+00
-1.225182102447815780e+00
-1.225207136302354449e+00
-1.225231910820469672e+00
-1.225256428715114421e+00
-1.225280692670175142e+00
-1.225304705340797273e+00
-1.225328469353706096e+00
-1.225351987307523816e+00
-1.225375261773082425e+00
-1.225398295293734119e+00
-1.225421090385657052e+00
-1.225443649538157542e+00
-1.225465975213968939e+00
-1.225488069849547390e+00
-1.225509935855363164e+00
-1.225531575616188862e+00
-1.225552991491385191e+00
-1.225574185815181627e+00
-1.225595160896955749e+00
-1.225615919021507683e+00
-1.225636462449331887e+00
-1.225656793416886048e+00
-1.225676914136856643e+00
-1.225696826798421402e+00
-1.225716533567508426e+00
-1.225736036587052658e+00
-1.225755337977249004e+00
-1.225774439835803031e+00
-1.225793344238178095e+00
-1.225812053237840260e+00
-1.225830568866499881e+00
-1.225848893134350526e+00
-1.225867028030305228e+00
-1.225884975522229414e+00
-1.225902737557172717e+00
-1.225920316061595683e+00
-1.225937712941596258e+00
-1.225954930083131833e+00
-1.225971969352240176e+00
-1.225988832595256817e+00
-1.226005521639029761e+00
-1.226022038291132876e+00
-1.226038384340075726e+00
-1.226054561555511846e+00
-1.226070571688443689e+00
-1.226086416471426244e+00
-1.226102097618767095e+00
-1.226117616826725376e+00
-1.226132975773708056e+00
-1.226148176120463562e+00
-1.226163219510273628e+00
-1.226178107569142695e+00
-1.226192841905985764e+00
-1.226207424112813138e+00
-1.226221855764913604e+00
-1.226236138421035626e+00
-1.226250273623566311e+00
-1.226264262898708157e+00
-1.226278107756654245e+00
-1.226291809691760992e+00
-1.226305370182719345e+00
-1.226318790692723315e+00
-1.226332072669638062e+00
-1.226345217546163990e+00
-1.226358226740001056e+00
-1.226371101654009754e+00
-1.226383843676370988e+00
-1.226396454180744167e+00
-1.226408934526422856e+00
-1.226421286058489324e+00
-1.226433510107967528e+00
-1.226445607991973663e+00
-1.226457581013865372e+00
-1.226469430463389410e+00
-1.226481157616827522e+00
-1.226492763737140335e+00
-1.226504250074110569e+00
-1.226515617864483820e+00
-1.226526868332107778e+00
-1.226538002688070339e+00
-1.226549022130836164e+00
-1.226559927846380793e+00
-1.226570721008324982e+00
-1.226581402778065488e+00
-1.226591974304906296e+00
-1.226602436726187184e+00
-1.226612791167411176e+00
-1.226623038742370442e+00
-1.226633180553271529e+00
-1.226643217690857934e+00
-1.226653151234532668e+00
-1.226662982252478384e+00
-1.226672711801776616e+00
-1.226682340928526127e+00
-1.226691870667959039e+00
-1.226701302044556519e+00
-1.226710636072162242e+00
-1.226719873754095635e+00
-1.226729016083263568e+00
-1.226738064042270038e+00
-1.226747018603526085e+00
-1.226755880729356818e+00
-1.226764651372109105e+00
-1.226773331474255935e+00
-1.226781921968501665e+00
-1.226790423777885053e+00
-1.226798837815881171e+00
-1.226807164986502663e+00
-1.226815406184399215e+00
-1.226823562294956815e+00
-1.226831634194395004e+00
-1.226839622749863690e+00
-1.226847528819538624e+00
-1.226855353252716441e+00
-1.226863096889907245e+00
-1.226870760562927876e+00
-1.226878345094992939e+00
-1.226885851300805186e+00
-1.226893279986645657e+00
-1.226900631950461618e+00
-1.226907907981954260e+00
-1.226915108862665083e+00
-1.226922235366061820e+00
-1.226929288257623041e+00
-1.226936268294922305e+00
-1.226943176227710541e+00
-1.226950012797998202e+00
-1.226956778740136533e+00
-1.226963474780897956e+00
-1.226970101639554889e+00
-1.226976660027958577e+00
-1.226983150650616805e+00
-1.226989574204770728e+00
-1.226995931380470806e+00
-1.227002222860652081e+00
-1.227008449321208117e+00
-1.227014611431065161e+00
-1.227020709852254310e+00
-1.227026745239984118e+00
-1.227032718242711429e+00
-1.227038629502211986e+00
-1.227044479653649933e+00
-1.227050269325646870e+00
-1.227055999140350240e+00
-1.227061669713500391e+00
