2.200050000000004502e+00
2.200050000000004502e+00
2.200187787169323617e+00
2.200594818103760009e+00
2.201397560412357901e+00
2.202719296638596447e+00
2.204682631825638950e+00
2.207412825135465440e+00
2.211041886009025959e+00
2.215713065395161330e+00
2.221584830664248056e+00
2.228832583394285916e+00
2.237645499319454334e+00
2.248215850960004314e+00
2.260720471342350990e+00
2.275298790644913360e+00
2.292035566239688293e+00
2.310954246457443517e+00
2.332020068017461423e+00
2.355147341238472247e+00
2.380206270751398012e+00
2.407028184736795584e+00
2.435410543520400761e+00
2.465123573216579267e+00
2.495919555190989847e+00
2.527544561772833820e+00
2.559751280273222296e+00
2.592310865349950699e+00
2.625021776948056829e+00
2.657714318028222333e+00
2.690250747205393367e+00
2.722521894441316981e+00
2.754441780252590899e+00
2.785941762067952077e+00
2.816965371457669232e+00
2.847464493614719760e+00
2.877397052707104219e+00
2.906725999812604044e+00
2.935419190621849861e+00
2.963449686497956037e+00
2.990796084065302729e+00
3.017442622147214593e+00
3.043378970878583001e+00
3.068599730172988593e+00
3.093103733299409352e+00
3.116893269901827690e+00
3.139973327888045951e+00
3.162350923140456516e+00
3.184034553131233292e+00
3.205033782654056917e+00
3.225358950109004308e+00
3.245020971550891531e+00
3.264031215868739455e+00
3.282401425860263178e+00
3.300143664158740719e+00
3.317270267962490138e+00
3.333793801247789013e+00
3.349726997490826363e+00
3.365082690247212849e+00
3.379873733453536921e+00
3.394112917622218006e+00
3.407812891177735448e+00
3.420986096908289920e+00
3.433644731381781057e+00
3.445800730717329063e+00
3.457465780629317642e+00
3.468651343651555585e+00
3.479368693010023605e+00
3.489628941331596845e+00
3.499443053474482035e+00
3.508821836207781431e+00
3.517775902817318112e+00
3.526315616879558856e+00
3.534451024688992860e+00
3.542191788333453495e+00
3.549547130192829858e+00
3.556525795086941777e+00
3.563136029960991991e+00
3.569385574685841167e+00
3.575281652532666055e+00
3.580830945631417794e+00
3.586039539198874415e+00
3.590912818351223113e+00
3.595455302698750799e+00
3.599670406202243989e+00
3.603560111956470191e+00
3.607124552168093246e+00
3.610361481137362105e+00
3.613265622633346830e+00
3.615827862352715361e+00
3.618034240676412772e+00
3.619864678967161353e+00
3.621291340774542178e+00
3.622276483345725939e+00
3.622769592515635573e+00
3.622703519186234011e+00
3.621989262021135580e+00
3.620508993442972834e+00
3.618106936644304383e+00
3.614577804078529688e+00
3.609652736894045422e+00
3.602983077889625907e+00
3.594122909100193830e+00
3.582512112400264126e+00
3.567462718936966315e+00
3.548152304208973984e+00
3.523628764693888193e+00
3.492830443369517646e+00
3.454623823823224527e+00
3.407857944033134245e+00
3.351431104863439092e+00
3.284362726757926509e+00
3.205862510989952341e+00
3.115390577940995165e+00
3.012705024560804468e+00
2.897895872521539573e+00
2.771405521282538142e+00
2.634035314785776905e+00
2.486936318437959592e+00
2.331581113193105459e+00
2.169713675589316715e+00
2.003277029092057404e+00
1.834322967774599800e+00
1.664913072959645746e+00
1.497023151936488716e+00
1.332462585517314002e+00
1.172816144580732578e+00
1.019410466719424813e+00
8.733027391232907055e-01
7.352865228086754579e-01
6.059091857949083781e-01
4.854963849902901307e-01
3.741805112290089719e-01
2.719312278249057524e-01
1.785867970191992171e-01
9.388482363669477249e-02
1.749070885029506417e-02
-5.097803342301915341e-02
-1.119330955903504454e-01
-1.658030223220450239e-01
-2.130268839773327150e-01
-2.540527976497917728e-01
-2.893395067409998966e-01
-3.193589224051103792e-01
-3.445975227088726722e-01
-3.655548389726482883e-01
-3.827379898086228360e-01
-3.966523039053602706e-01
-4.077892444465981425e-01
-4.166136907706940451e-01
-4.235527952494776982e-01
-4.289880778207709189e-01
-4.332514535001635858e-01
-4.366249464480149722e-01
-4.393432371349347276e-01
-4.415979912951163433e-01
-4.435430298418601147e-01
-4.452996596030131538e-01
-4.469617635165994418e-01
-4.486004678248414201e-01
-4.502683346693869826e-01
-4.520030799586400305e-01
-4.538308193979810889e-01
-4.557688361630751750e-01
-4.578278660998679750e-01
-4.600139153559941185e-01
-4.623296516139658308e-01
-4.647754315651260182e-01
-4.673500373414131714e-01
-4.700511933293345379e-01
-4.728759257561968021e-01
-4.758208147196497095e-01
-4.788821749234579706e-01
-4.820561891974052271e-01
-4.853390091740817369e-01
-4.887268309883291417e-01
-4.922159505155491166e-01
-4.958028016058575460e-01
-4.994839807107753771e-01
-5.032562611445396961e-01
-5.071165994621642525e-01
-5.110621351378195065e-01
-5.150901833251197992e-01
-5.191982195567507175e-01
-5.233838553000167426e-01
-5.276448044810708726e-01
-5.319788429918329564e-01
-5.363837648621132548e-01
-5.408573392990707607e-01
-5.453972719168918015e-01
-5.500011718076622813e-01
-5.546665246644482128e-01
-5.593906717535428452e-01
-5.641707953317263158e-01
-5.690039126796394564e-01
-5.738868823730305380e-01
-5.788164266283334358e-01
-5.837891716713546897e-01
-5.888017041206565771e-01
-5.938506367021502141e-01
-5.989326734261897212e-01
-6.040446643652465086e-01
-6.091836433528702299e-01
-6.143468466265377126e-01
-6.195317146117269580e-01
-6.247358814740260335e-01
-6.299571576665795591e-01
-6.351935100654065858e-01
-6.404430430991867595e-01
-6.457039830049984275e-01
-6.509746662017740215e-01
-6.562535318755930991e-01
-6.615391182959345917e-01
-6.668300621741867218e-01
-6.721251004743697965e-01
-6.774230743009472810e-01
-6.827229345699098451e-01
-6.880237489185474509e-01
-6.933247086590204056e-01
-6.986251336353996866e-01
-7.039244719112146553e-01
-7.092222908037690843e-01
-7.145182564589325214e-01
-7.198121011894369481e-01
-7.251035807286497770e-01
-7.303924261809562335e-01
-7.356782964771143574e-01
-7.409607361014273197e-01
-7.462391404953180318e-01
-7.515127292762457945e-01
-7.567805264068182547e-01
-7.620413470704122672e-01
-7.672937928148786391e-01
-7.725362585074186939e-01
-7.777669555125023004e-01
-7.829839541348260212e-01
-7.881852445088799453e-01
-7.933688099892785006e-01
-7.985327031084985538e-01
-8.036751134680656383e-01
-8.087944198458004719e-01
-8.138892236466654939e-01
-8.189583652015858251e-01
-8.240009267382061298e-01
-8.290162258810686025e-01
-8.340038020416596920e-01
-8.389633961548342844e-01
-8.438949229678204267e-01
-8.487984351942298167e-01
-8.536740803553337642e-01
-8.585220532773668589e-01
-8.633425487381987118e-01
-8.681357187140561482e-01
-8.729016371120948969e-01
-8.776402727406044102e-01
-8.823514697019912978e-01
-8.870349340357819301e-01
-8.916902262403528789e-01
-8.963167606875770410e-01
-9.009138140525584371e-01
-9.054805448219569453e-01
-9.100160242000433497e-01
-9.145192756347676477e-01
-9.189893170558840474e-01
-9.234251984148809100e-01
-9.278260281192662884e-01
-9.321909849437610696e-01
-9.365193155656575952e-01
-9.408103207616927977e-01
-9.450633350574023650e-01
-9.492777054102869982e-01
-9.534527746068189868e-01
-9.575878744363588435e-01
-9.616823320808769449e-01
-9.657354904023324194e-01
-9.697467394688843445e-01
-9.737155539928570303e-01
-9.776415305969428093e-01
-9.815244202420883024e-01
-9.853641537618510471e-01
-9.891608607333717273e-01
-9.929148827673436317e-01
-9.966267814781002432e-01
-1.000297339428297461e+00
-1.003927550258038037e+00
-1.007518593274957519e+00
-1.011071789092233608e+00
-1.014588536660624207e+00
-1.018070236972292708e+00
-1.021518212412549031e+00
-1.024933631180903193e+00
-1.028317443295726941e+00
-1.031670330330435537e+00
-1.034992667673383604e+00
-1.038284497297646825e+00
-1.041545510844137157e+00
-1.044775046145511643e+00
-1.047972103293878465e+00
-1.051135386866903998e+00
-1.054263377444136118e+00
-1.057354428364654542e+00
-1.060406875604066324e+00
-1.063419143826493718e+00
-1.066389832801852622e+00
-1.069317774726704195e+00
-1.072202061096947157e+00
-1.075042044123604823e+00
-1.077837320630909312e+00
-1.080587706288405281e+00
-1.083293206199460235e+00
-1.085953985548654410e+00
-1.088570342008218450e+00
-1.091142680293846867e+00
-1.093671488697455008e+00
-1.096157317425571209e+00
-1.098600758811300038e+00
-1.101002429637295332e+00
-1.103362955772198006e+00
-1.105682959150923406e+00
-1.107963046982275213e+00
-1.110203803067455475e+00
-1.112405781269182548e+00
-1.114569501374973681e+00
-1.116695447660374318e+00
-1.118784070187571977e+00
-1.120835788209279649e+00
-1.122850994171150418e+00
-1.124830056120329713e+00
-1.126773316221034049e+00
-1.128681083661652318e+00
-1.130553621314577040e+00
-1.132391126798777847e+00
-1.134193709959995688e+00
-1.135961370232551504e+00
-1.137693978804087180e+00
-1.139391271538868100e+00
-1.141052858383516666e+00
-1.142678252621933233e+00
-1.144266918813218625e+00
-1.145818332954524621e+00
-1.147332044823875963e+00
-1.148807732471888832e+00
-1.150245242295133696e+00
-1.151644612985078364e+00
-1.153006085517905177e+00
-1.154330102934437940e+00
-1.155617303028674048e+00
-1.156868505127424340e+00
-1.158084690063711619e+00
-1.159266971294387494e+00
-1.160416555584239173e+00
-1.161534693716310906e+00
-1.162622624278982775e+00
-1.163681515214159745e+00
-1.164712407520049453e+00
-1.165716163622924739e+00
-1.166693420848351703e+00
-1.167644549590769465e+00
-1.168569616926634858e+00
-1.169468359291409909e+00
-1.170340171284217856e+00
-1.171184119753901687e+00
-1.171998990869383972e+00
-1.172783371667274865e+00
-1.173535757911324362e+00
-1.174254671137416661e+00
-1.174938764254297441e+00
-1.175586898945724768e+00
-1.176198187045235599e+00
-1.176771997488553989e+00
-1.177307936894183449e+00
-1.177805814371568172e+00
-1.178265600800429524e+00
-1.178687390976521643e+00
-1.179071374556899698e+00
-1.179417818920400540e+00
-1.179727063998902370e+00
-1.179999526299420287e+00
-1.180235707565871817e+00
-1.180436203467036815e+00
-1.180601709185623793e+00
-1.180733020886203688e+00
-1.180831033686296161e+00
-1.180896737353733572e+00
-1.180931210522423003e+00
-1.180935613159195263e+00
-1.180911175871601992e+00
-1.180859183979209304e+00
-1.180780954516175374e+00
-1.180677805559334326e+00
-1.180551018976050859e+00
-1.180401798943833347e+00
-1.180231228703720436e+00
-1.180040227066113889e+00
-1.179829505070749240e+00
-1.179599522995935068e+00
-1.179350449295079262e+00
-1.179082125977382045e+00
-1.178794048579141052e+00
-1.178485371447914654e+00
-1.178154948279327208e+00
-1.177801412012384974e+00
-1.177423288026351100e+00
-1.177019124084496049e+00
-1.176587615045773472e+00
-1.176127702993488899e+00
-1.175638642341302109e+00
-1.175120029729137094e+00
-1.174571805675874936e+00
-1.173994237367423477e+00
-1.173387890508712506e+00
-1.172753594799618826e+00
-1.172092404184061687e+00
-1.171405550928682926e+00
-1.170694392465266631e+00
-1.169960351503618101e+00
-1.169204851995375272e+00
-1.168429254634707481e+00
-1.167634795003623216e+00
-1.166822525774494190e+00
-1.165993262954603926e+00
-1.165147536251477378e+00
-1.164285545725148641e+00
-1.163407130472198681e+00
-1.162511758672586826e+00
-1.161598549615368015e+00
-1.160666334954173928e+00
-1.159713757731208439e+00
-1.158739396248672060e+00
-1.157741891076732088e+00
-1.156720052218357164e+00
-1.155672930296934409e+00
-1.154599846636936045e+00
-1.153500387065460764e+00
-1.152374370132075665e+00
-1.151221802148465034e+00
-1.150042830495753066e+00
-1.148837704474034993e+00
-1.147606750188990166e+00
-1.146350362602412076e+00
-1.145069014075829283e+00
-1.143763275345854424e+00
-1.142433843131502869e+00
-1.141081569169299925e+00
-1.139707487802020802e+00
-1.138312841754895777e+00
-1.136899106926054115e+00
-1.135468016232388466e+00
-1.134021580086314929e+00
-1.132562098035058140e+00
-1.131092154234482061e+00
-1.129614590814658204e+00
-1.128132459138501797e+00
-1.126648958510997334e+00
-1.125167381288268986e+00
-1.123691087757512586e+00
-1.122223531050029921e+00
-1.120768343010346779e+00
-1.119329479785494463e+00
-1.117911413354704120e+00
-1.116519342542035220e+00
-1.115159383932834647e+00
-1.113838691634814415e+00
-1.112565451323860755e+00
-1.111348707303043692e+00
-1.110198016020053080e+00
-1.109122967993803499e+00
-1.108132661606482605e+00
-1.107235224804929974e+00
-1.106437458109935656e+00
-1.105744628629974136e+00
-1.105160402862458868e+00
-1.104686881746426597e+00
-1.104324697418797241e+00
-1.104073141114459755e+00
-1.103930306852602961e+00
-1.103893248497732626e+00
-1.103958153512176965e+00
-1.104120533566015139e+00
-1.104375422764615644e+00
-1.104717564908131555e+00
-1.105141568347246972e+00
-1.105642012819945785e+00
-1.106213503982853785e+00
-1.106850682802053898e+00
-1.107548204778149525e+00
-1.108300707298912835e+00
-1.109102783126951319e+00
-1.109948975126635817e+00
-1.110833802221885547e+00
-1.111751819480259806e+00
-1.112697707008239112e+00
-1.113666374933096392e+00
-1.114653067527445973e+00
-1.115653450048171624e+00
-1.116663666755220108e+00
-1.117680365720345570e+00
-1.118700692765886684e+00
-1.119722261327494417e+00
-1.120743106718682158e+00
-1.121761632765470029e+00
-1.122776557065611414e+00
-1.123786859085995848e+00
-1.124791733489173717e+00
-1.125790549702838650e+00
-1.126782817832652883e+00
-1.127768160487303772e+00
-1.128746289826950910e+00
-1.129716989064775134e+00
-1.130680097672119633e+00
-1.131635499610292195e+00
-1.132583114004977132e+00
-1.133522887774289778e+00
-1.134454789809495212e+00
-1.135378806384283790e+00
-1.136294937533302463e+00
-1.137203194193984190e+00
-1.138103595948902313e+00
-1.138996169240443557e+00
-1.139880945957047365e+00
-1.140757962311918838e+00
-1.141627257952176233e+00
-1.142488875249754399e+00
-1.143342858735866718e+00
-1.144189254649017551e+00
-1.145028110572978264e+00
-1.145859475146153716e+00
-1.146683397827704010e+00
-1.147499928708864747e+00
-1.148309118360327119e+00
-1.149111017708439375e+00
-1.149905677934484727e+00
-1.150693150392463338e+00
-1.151473486541731095e+00
-1.152246737891576167e+00
-1.153012955955380558e+00
-1.153772192212459302e+00
-1.154524498076006767e+00
-1.155269924865828690e+00
-1.156008523784709308e+00
-1.156740345897353750e+00
-1.157465442110851672e+00
-1.158183863155518578e+00
-1.158895659564749270e+00
-1.159600881652122606e+00
-1.160299579483354160e+00
-1.160991802839690390e+00
-1.161677601167820706e+00
-1.162357023509105636e+00
-1.163030118397574642e+00
-1.163696933711289017e+00
-1.164357516454809893e+00
-1.165011912441174413e+00
-1.165660165829919714e+00
-1.166302318464502719e+00
-1.166938408942274963e+00
-1.167568471353782611e+00
-1.168192533667627764e+00
-1.168810615848451473e+00
-1.169422728017740276e+00
-1.170028869294433838e+00
-1.170629028240604885e+00
-1.171223185748581530e+00
-1.171811320414712920e+00
-1.172393415164119324e+00
-1.172969463057361938e+00
-1.173539470618933267e+00
-1.174103458330385763e+00
-1.174661459055365453e+00
-1.175213515509977880e+00
-1.175759677643461121e+00
-1.176300000383382782e+00
-1.176834541884479002e+00
-1.177363362251924395e+00
-1.177886522647582757e+00
-1.178404084681110575e+00
-1.178916110002969697e+00
-1.179422660036370196e+00
-1.179923795803029973e+00
-1.180419577811527843e+00
-1.180910065987091917e+00
-1.181395319628676832e+00
-1.181875397383944204e+00
-1.182350357235958382e+00
-1.182820256497526978e+00
-1.183285151810514746e+00
-1.183745099148378888e+00
-1.184200153820778034e+00
-1.184650370479503945e+00
-1.185095803125240987e+00
-1.185536505114832773e+00
-1.185972529168842327e+00
-1.186403927379268808e+00
-1.186830751217329283e+00
-1.187253051541246052e+00
-1.187670878604002667e+00
-1.188084282061040886e+00
-1.188493310977886352e+00
-1.188898013837688561e+00
-1.189298438548673786e+00
-1.189694632451502754e+00
-1.190086642326534383e+00
-1.190474514400993833e+00
-1.190858294356043956e+00
-1.191238027333761718e+00
-1.191613757944020247e+00
-1.191985530271276517e+00
-1.192353387881266880e+00
-1.192717373827610450e+00
-1.193077530658322560e+00
-1.193433900422239846e+00
-1.193786524675355398e+00
-1.194135444487069542e+00
-1.194480700446353794e+00
-1.194822332667831111e+00
-1.195160380797772870e+00
-1.195494884020014803e+00
-1.195825881061790996e+00
-1.196153410199489509e+00
-1.196477509264329608e+00
-1.196798215647961294e+00
-1.197115566307988876e+00
-1.197429597773419729e+00
-1.197740346150039548e+00
-1.198047847125713661e+00
-1.198352135975617960e+00
-1.198653247567397884e+00
-1.198951216366258343e+00
-1.199246076439984376e+00
-1.199537861463895183e+00
-1.199826604725729551e+00
-1.200112339130467554e+00
-1.200395097205085415e+00
-1.200674911103248199e+00
-1.200951812609938107e+00
-1.201225833146021493e+00
-1.201497003772753924e+00
-1.201765355196225959e+00
-1.202030917771748086e+00
-1.202293721508178148e+00
-1.202553796072190595e+00
-1.202811170792488227e+00
-1.203065874663958645e+00
-1.203317936351774753e+00
-1.203567384195441070e+00
-1.203814246212785433e+00
-1.204058550103898728e+00
-1.204300323255021787e+00
-1.204539592742380760e+00
-1.204776385335971423e+00
-1.205010727503294188e+00
-1.205242645413038494e+00
-1.205472164938720114e+00
-1.205699311662269180e+00
-1.205924110877571120e+00
-1.206146587593961428e+00
-1.206366766539673785e+00
-1.206584672165244010e+00
-1.206800328646867593e+00
-1.207013759889714821e+00
-1.207224989531201054e+00
-1.207434040944215470e+00
-1.207640937240306300e+00
-1.207845701272825867e+00
-1.208048355640032989e+00
-1.208248922688156091e+00
-1.208447424514416113e+00
-1.208643882970009242e+00
-1.208838319663052330e+00
-1.209030755961489012e+00
-1.209221212995958306e+00
-1.209409711662625897e+00
-1.209596272625979241e+00
-1.209780916321586020e+00
-1.209963662958817077e+00
-1.210144532523534044e+00
-1.210323544780742999e+00
-1.210500719277212589e+00
-1.210676075344060187e+00
-1.210849632099302742e+00
-1.211021408450376979e+00
-1.211191423096625419e+00
-1.211359694531751741e+00
-1.211526241046244179e+00
-1.211691080729768277e+00
-1.211854231473528110e+00
-1.212015710972598637e+00
-1.212175536728227643e+00
-1.212333726050108140e+00
-1.212490296058622130e+00
-1.212645263687056163e+00
-1.212798645683787813e+00
-1.212950458614445948e+00
-1.213100718864041472e+00
-1.213249442639073195e+00
-1.213396645969605947e+00
-1.213542344711322052e+00
-1.213686554547548591e+00
-1.213829290991256915e+00
-1.213970569387038845e+00
-1.214110404913056662e+00
-1.214248812582969572e+00
-1.214385807247835292e+00
-1.214521403597988325e+00
-1.214655616164894036e+00
-1.214788459322980296e+00
-1.214919947291445812e+00
-1.215050094136045589e+00
-1.215178913770854852e+00
-1.215306419960010320e+00
-1.215432626319429943e+00
-1.215557546318511761e+00
-1.215681193281811012e+00
-1.215803580390696581e+00
-1.215924720684987470e+00
-1.216044627064567729e+00
-1.216163312290983400e+00
-1.216280788989017481e+00
-1.216397069648247342e+00
-1.216512166624581504e+00
-1.216626092141778637e+00
-1.216738858292946812e+00
-1.216850477042025869e+00
-1.216960960225249355e+00
-1.217070319552590485e+00
-1.217178566609189883e+00
-1.217285712856765345e+00
-1.217391769635004506e+00
-1.217496748162941067e+00
-1.217600659540313490e+00
-1.217703514748908145e+00
-1.217805324653884691e+00
-1.217906100005086589e+00
-1.218005851438335174e+00
-1.218104589476707966e+00
-1.218202324531802105e+00
-1.218299066904981354e+00
-1.218394826788609109e+00
-1.218489614267266097e+00
-1.218583439318953410e+00
-1.218676311816280444e+00
-1.218768241527639962e+00
-1.218859238118367605e+00
-1.218949311151888537e+00
-1.219038470090849202e+00
-1.219126724298236875e+00
-1.219214083038484331e+00
-1.219300555478562753e+00
-1.219386150689060866e+00
-1.219470877645250528e+00
-1.219554745228140780e+00
-1.219637762225519229e+00
-1.219719937332980342e+00
-1.219801279154941520e+00
-1.219881796205648072e+00
-1.219961496910165533e+00
-1.220040389605359987e+00
-1.220118482540867744e+00
-1.220195783880052343e+00
-1.220272301700951578e+00
-1.220348043997212084e+00
-1.220423018679013927e+00
-1.220497233573983653e+00
-1.220570696428096902e+00
-1.220643414906570579e+00
-1.220715396594743929e+00
-1.220786648998949842e+00
-1.220857179547376159e+00
-1.220926995590916109e+00
-1.220996104404009408e+00
-1.221064513185473821e+00
-1.221132229059325836e+00
-1.221199259075593346e+00
-1.221265610211117458e+00
-1.221331289370346074e+00
-1.221396303386117710e+00
-1.221460659020435990e+00
-1.221524362965236143e+00
-1.221587421843141508e+00
-1.221649842208211600e+00
-1.221711630546682636e+00
-1.221772793277697389e+00
-1.221833336754028831e+00
-1.221893267262794014e+00
-1.221952591026160384e+00
-1.222011314202043453e+00
-1.222069442884797130e+00
-1.222126983105895848e+00
-1.222183940834608462e+00
-1.222240321978665278e+00
-1.222296132384916634e+00
-1.222351377839984377e+00
-1.222406064070906240e+00
-1.222460196745771999e+00
-1.222513781474353189e+00
-1.222566823808725278e+00
-1.222619329243882724e+00
-1.222671303218347605e+00
-1.222722751114770245e+00
-1.222773678260524299e+00
-1.222824089928294278e+00
-1.222873991336656863e+00
-1.222923387650655114e+00
-1.222972283982366681e+00
-1.223020685391466023e+00
-1.223068596885779069e+00
-1.223116023421832788e+00
-1.223162969905397635e+00
-1.223209441192024904e+00
-1.223255442087577194e+00
-1.223300977348753760e+00
-1.223346051683608993e+00
-1.223390669752066007e+00
-1.223434836166424011e+00
-1.223478555491859687e+00
-1.223521832246924124e+00
-1.223564670904033092e+00
-1.223607075889952434e+00
-1.223649051586277459e+00
-1.223690602329907895e+00
-1.223731732413517070e+00
-1.223772446086015986e+00
-1.223812747553011615e+00
-1.223852640977261652e+00
-1.223892130479122820e+00
-1.223931220136994291e+00
-1.223969913987757341e+00
-1.224008216027208995e+00
-1.224046130210491690e+00
-1.224083660452517375e+00
-1.224120810628387845e+00
-1.224157584573809965e+00
-1.224193986085506225e+00
-1.224230018921621310e+00
-1.224265686802123332e+00
-1.224300993409201954e+00
-1.224335942387660747e+00
-1.224370537345306431e+00
-1.224404781853333013e+00
-1.224438679446702594e+00
-1.224472233624520623e+00
-1.224505447850408935e+00
-1.224538325552873230e+00
-1.224570870125667232e+00
-1.224603084928152841e+00
-1.224634973285655848e+00
-1.224666538489818768e+00
-1.224697783798949002e+00
-1.224728712438363676e+00
-1.224759327600730474e+00
-1.224789632446404930e+00
-1.224819630103764156e+00
-1.224849323669537027e+00
-1.224878716209130136e+00
-1.224907810756951321e+00
-1.224936610316728514e+00
-1.224965117861826824e+00
-1.224993336335560068e+00
-1.225021268651500517e+00
-1.225048917693785100e+00
-1.225076286317417829e+00
-1.225103377348569111e+00
-1.225130193584872407e+00
-1.225156737795717099e+00
-1.225183012722538045e+00
-1.225209021079102900e+00
-1.225234765551795890e+00
-1.225260248799898477e+00
-1.225285473455866692e+00
-1.225310442125606691e+00
-1.225335157388746099e+00
-1.225359621798903120e+00
-1.225383837883952776e+00
-1.225407808146290023e+00
-1.225431535063090438e+00
-1.225455021086567786e+00
-1.225478268644229152e+00
-1.225501280139127180e+00
-1.225524057950109658e+00
-1.225546604432066866e+00
-1.225568921916175613e+00
-1.225591012710141037e+00
-1.225612879098436192e+00
-1.225634523342538307e+00
-1.225655947681163482e+00
-1.225677154330498064e+00
-1.225698145484428458e+00
-1.225718923314767617e+00
-1.225739489971479745e+00
-1.225759847582902351e+00
-1.225779998255966508e+00
-1.225799944076413794e+00
-1.225819687109012124e+00
-1.225839229397768460e+00
-1.225858572966139537e+00
-1.225877719817240585e+00
-1.225896671934051607e+00
-1.225915431279621659e+00
-1.225933999797271134e+00
-1.225952379410791382e+00
-1.225970572024642768e+00
-1.225988579524150968e+00
-1.226006403775699694e+00
-1.226024046626923880e+00
-1.226041509906898197e+00
-1.226058795426325787e+00
-1.226075904977723452e+00
-1.226092840335606171e+00
-1.226109603256668512e+00
-1.226126195479965375e+00
-1.226142618727090072e+00
-1.226158874702350410e+00
-1.226174965092943880e+00
-1.226190891569129748e+00
-1.226206655784400468e+00
-1.226222259375651102e+00
-1.226237703963346304e+00
-1.226252991151686400e+00
-1.226268122528771487e+00
-1.226283099666763299e+00
-1.226297924122046634e+00
-1.226312597435387897e+00
-1.226327121132092524e+00
-1.226341496722160418e+00
-1.226355725700440935e+00
-1.226369809546784762e+00
-1.226383749726195349e+00
-1.226397547688977685e+00
-1.226411204870887062e+00
-1.226424722693275182e+00
-1.226438102563234489e+00
-1.226451345873742271e+00
-1.226464454003802551e+00
-1.226477428318586194e+00
-1.226490270169570351e+00
-1.226502980894675465e+00
-1.226515561818402267e+00
-1.226528014251966114e+00
-1.226540339493430665e+00
-1.226552538827839545e+00
-1.226564613527347802e+00
-1.226576564851350470e+00
-1.226588394046611130e+00
-1.226600102347388921e+00
-1.226611690975563329e+00
-1.226623161140758755e+00
-1.226634514040467749e+00
-1.226645750860172246e+00
-1.226656872773463913e+00
-1.226667880942163613e+00
-1.226678776516439751e+00
-1.226689560634924403e+00
-1.226700234424829450e+00
-1.226710799002060703e+00
-1.226721255471331151e+00
-1.226731604926273533e+00
-1.226741848449550920e+00
-1.226751987112966402e+00
-1.226762021977572559e+00
-1.226771954093778483e+00
-1.226781784501456585e+00
-1.226791514230048064e+00
-1.226801144298667268e+00
-1.226810675716204946e+00
-1.226820109481430610e+00
-1.226829446583094230e+00
-1.226838688000025934e+00
-1.226847834701235263e+00
-1.226856887646009975e+00
-1.226865847784012420e+00
-1.226874716055376791e+00
-1.226883493390803492e+00
-1.226892180711653957e+00
-1.226900778930044345e+00
-1.226909288948937027e+00
-1.226917711662232735e+00
-1.226926047954861376e+00
-1.226934298702870851e+00
-1.226942464773516761e+00
-1.226950547025349891e+00
-1.226958546308302589e+00
-1.226966463463776025e+00
-1.226974299324724571e+00
-1.226982054715740622e+00
-1.226989730453137861e+00
-1.226997327345034083e+00
-1.227004846191432907e+00
-1.227012287784305267e+00
-1.227019652907669123e+00
-1.227026942337669180e+00
-1.227034156842655488e+00
-1.227041297183260937e+00
-1.227048364112479195e+00
-1.227055358375739758e+00
-1.227062280710984554e+00
-1.227069131848742112e+00
-1.227075912512201494e+00
-1.227082623417286245e+00
-1.227089265272726326e+00
-1.227095838780130066e+00
