1.500199999999995981e-01
1.500199999999995981e-01
1.500200777763278648e-01
1.500203042653188712e-01
1.500207444422871073e-01
1.500214584186281286e-01
1.500225028806903282e-01
1.500239329402710819e-01
1.500258043863040847e-01
1.500281761858282548e-01
1.500311128281063278e-01
1.500346857049595639e-01
1.500389722738185438e-01
1.500440516846746619e-01
1.500499965859336537e-01
1.500568631053447732e-01
1.500646828864510007e-01
1.500734601781092692e-01
1.500831737249041231e-01
1.500937808341651358e-01
1.501052212504465078e-01
1.501174200831078831e-01
1.501302902529872974e-01
1.501437352219108234e-01
1.501576524714796079e-01
1.501719377222798801e-01
1.501864894669944217e-01
1.502012131515935156e-01
1.502160243491034719e-01
1.502308505200124211e-01
1.502456313236580077e-01
1.502603177692593550e-01
1.502748706594774220e-01
1.502892587718905326e-01
1.503034571085030968e-01
1.503174454009530980e-01
1.503312069447974297e-01
1.503447277692108452e-01
1.503579961203087567e-01
1.503710022265879742e-01
1.503837383047620657e-01
1.503961987445634474e-01
1.504083803842571621e-01
1.504202827644983143e-01
1.504319082387426676e-01
1.504432618336870309e-01
1.504543507981383754e-01
1.504651838498957395e-01
1.504757702131401809e-01
1.504861186089959391e-01
1.504962363930485159e-01
1.505061290101077920e-01
1.505157998626788507e-01
1.505252505882811176e-01
1.505344816424404042e-01
1.505434930147419859e-01
1.505522848797665736e-01
1.505608580074868641e-01
1.505692138247396450e-01
1.505773541178679620e-01
1.505852804734219286e-01
1.505929936380739076e-01
1.506004930120087293e-01
1.506077764588341084e-01
1.506148405290795023e-01
1.506216810810451501e-01
1.506282941743310455e-01
1.506346770333535923e-01
1.506408288460023004e-01
1.506467511841236284e-01
1.506524479092360425e-01
1.506579245498186337e-01
1.506631872799929495e-01
1.506682417517080930e-01
1.506730920897882131e-01
1.506777403271299387e-01
1.506821864451227677e-01
1.506864290291426156e-01
1.506904663957465140e-01
1.506942979314940811e-01
1.506979253221975013e-01
1.507013533555110751e-01
1.507045900549885131e-01
1.507076460481160673e-01
1.507105332624964211e-01
1.507132632341821599e-01
1.507158454355754240e-01
1.507182860380530676e-01
1.507205874114724009e-01
1.507227484709535437e-01
1.507247657741984936e-01
1.507266351028387630e-01
1.507283531564038992e-01
1.507299189565373398e-01
1.507313346065099757e-01
1.507326051805211176e-01
1.507337377194724048e-01
1.507347395455252148e-01
1.507356163061621956e-01
1.507363702452106380e-01
1.507369991374148399e-01
1.507374961402455082e-01
1.507378505816670544e-01
1.507380494882484823e-01
1.507380795084331815e-01
1.507379288144932716e-01
1.507375885743541533e-01
1.507370536739475742e-01
1.507363225437474696e-01
1.507353961804174525e-01
1.507342766991363048e-01
1.507329659199984906e-01
1.507314645128852715e-01
1.507297720866363488e-01
1.507278883614757148e-01
1.507258152881257030e-01
1.507235597368478119e-01
1.507211362066189220e-01
1.507185689146299246e-01
1.507158926436979185e-01
1.507131518866794972e-01
1.507103981511926372e-01
1.507076857279233406e-01
1.507050666492250335e-01
1.507025858023925691e-01
1.507002771075623138e-01
1.506981613524855101e-01
1.506962458380635139e-01
1.506945255917679638e-01
1.506929856488053443e-01
1.506916037988751400e-01
1.506903532193883122e-01
1.506892045314368878e-01
1.506881270043483878e-01
1.506870888799411445e-01
1.506860570454078840e-01
1.506849964815954179e-01
1.506838699804577686e-01
1.506826385375156230e-01
1.506812626219243001e-01
1.506797042831363453e-01
1.506779298330276629e-01
1.506759126756649081e-01
1.506736357525140513e-01
1.506710930451101715e-01
1.506682896672565941e-01
1.506652403221672154e-01
1.506619662851183261e-01
1.506584914993043256e-01
1.506548386752109836e-01
1.506510263206857214e-01
1.506470673790348547e-01
1.506429697261734701e-01
1.506387383344897912e-01
1.506343785637803134e-01
1.506298998234907038e-01
1.506253187587090203e-01
1.506206611493045300e-01
1.506159619118194182e-01
1.506112629857083718e-01
1.506066094231804375e-01
1.506020445273672237e-01
1.505976051830968110e-01
1.505933184604762165e-01
1.505892001801394098e-01
1.505852555906938561e-01
1.505814818210454153e-01
1.505778714420749065e-01
1.505744163134173363e-01
1.505711108710423296e-01
1.505679541182443903e-01
1.505649498356721461e-01
1.505621049318605076e-01
1.505594263465203919e-01
1.505569173366254898e-01
1.505545741450390884e-01
1.505523838987142538e-01
1.505503241901188782e-01
1.505483643370350566e-01
1.505464679447576504e-01
1.505445961724642123e-01
1.505427110191778217e-01
1.505407779656095790e-01
1.505387674340661897e-01
1.505366547786173015e-01
1.505344188853481313e-01
1.505320398679178828e-01
1.505294966406947599e-01
1.505267652082564744e-01
1.505238183007031050e-01
1.505206266067765641e-01
1.505171614558681037e-01
1.505133984756192311e-01
1.505093215305911281e-01
1.505049261217918377e-01
1.505002214115820636e-01
1.504952301917772406e-01
1.504899864946406818e-01
1.504845311325226087e-01
1.504789060734219308e-01
1.504731489553267909e-01
1.504672890190938139e-01
1.504613453131662115e-01
1.504553273985329009e-01
1.504492381993475514e-01
1.504430782398767374e-01
1.504368502939189833e-01
1.504305634104061706e-01
1.504242353610076299e-01
1.504178928252081771e-01
1.504115691217581541e-01
1.504052999475587460e-01
1.503991181886314699e-01
1.503930491618436782e-01
1.503871074914263362e-01
1.503812963080288501e-01
1.503756088212827302e-01
1.503700317831751787e-01
1.503645500236508448e-01
1.503591510843277079e-01
1.503538289596776101e-01
1.503485860818507547e-01
1.503434330038861955e-01
1.503383857652904609e-01
1.503334615639654592e-01
1.503286738801280775e-01
1.503240283636401442e-01
1.503195205297341852e-01
1.503151357510447150e-01
1.503108514323497624e-01
1.503066407936899385e-01
1.503024774193858215e-01
1.502983396201885979e-01
1.502942136720060717e-01
1.502900951605606050e-01
1.502859880299359241e-01
1.502819015004850656e-01
1.502778456492858128e-01
1.502738268856325110e-01
1.502698445959321505e-01
1.502658898619538275e-01
1.502619465592122394e-01
1.502579945583152887e-01
1.502540143257523053e-01
1.502499919685870711e-01
1.502459236525721109e-01
1.502418183437417287e-01
1.502376980435080611e-01
1.502335951776502532e-01
1.502295475228724309e-01
1.502255917920033157e-01
1.502217574288874646e-01
1.502180620744323347e-01
1.502145096143311931e-01
1.502110909826308849e-01
1.502077872601229602e-01
1.502045742097163905e-01
1.502014272178761878e-01
1.501983255963600661e-01
1.501952553191712447e-01
1.501922095640380594e-01
1.501891869292344972e-01
1.501861878343394852e-01
1.501832101766046590e-01
1.501802455521479562e-01
1.501772771504078785e-01
1.501742799031802744e-01
1.501712228589812403e-01
1.501680732592884648e-01
1.501648014805368747e-01
1.501613858433848425e-01
1.501578162481597978e-01
1.501540957072131921e-01
1.501502391930848446e-01
1.501462698366839710e-01
1.501422132620975347e-01
1.501380914420468449e-01
1.501339176118150764e-01
1.501296934174279063e-01
1.501254087921514713e-01
1.501210443582772225e-01
1.501165756466693590e-01
1.501119781542376297e-01
1.501072321624373485e-01
1.501023262762786747e-01
1.500972588425524556e-01
1.500920368323052090e-01
1.500866724189916235e-01
1.500811781827252056e-01
1.500755623344265099e-01
1.500698253554258454e-01
1.500639589966671072e-01
1.500579479060540622e-01
1.500517735202603620e-01
1.500454194103972849e-01
1.500388770081164669e-01
1.500321505125648269e-01
1.500252597980167857e-01
1.500182403976097756e-01
1.500111402223654467e-01
1.500040135352342652e-01
1.499969135600009162e-01
1.499898855730322778e-01
1.499829621643379296e-01
1.499761616619501858e-01
1.499694898348845340e-01
1.499629442536879464e-01
1.499565202289822319e-01
1.499502170306225013e-01
1.499440430399733015e-01
1.499380186076969823e-01
1.499321757643642949e-01
1.499265546231270674e-01
1.499211972143795479e-01
1.499161402799636666e-01
1.499114088588824334e-01
1.499070121702875957e-01
1.499029425337747023e-01
1.498991772320155125e-01
1.498956826036205725e-01
1.498924193331590271e-01
1.498893478121023637e-01
1.498864324983519292e-01
1.498836443950122832e-01
1.498809611526573105e-01
1.498783648885629871e-01
1.498758384881442307e-01
1.498733616514699996e-01
1.498709080345744238e-01
1.498684444755215839e-01
1.498659326778489786e-01
1.498633331066268615e-01
1.498606103892167196e-01
1.498577392156957011e-01
1.498547095575017973e-01
1.498515299731754957e-01
1.498482279461811895e-01
1.498448467261703498e-01
1.498414390175942523e-01
1.498380588245647460e-01
1.498347533889362315e-01
1.498315571262256729e-01
1.498284888028733330e-01
1.498255522573992415e-01
1.498227401358217248e-01
1.498200395815631469e-01
1.498174385730048908e-01
1.498149315439397944e-01
1.498125230212865033e-01
1.498102283362298115e-01
1.498080710874748755e-01
1.498060778982762409e-01
1.498042718341653368e-01
1.498026662606397053e-01
1.498012607147628517e-01
1.498000396707922788e-01
1.497989742485312525e-01
1.497980262542532026e-01
1.497971535678396526e-01
1.497963157429507419e-01
1.497954786877044309e-01
1.497946174323895874e-01
1.497937163344176537e-01
1.497927666654560175e-01
1.497917622731339826e-01
1.497906946375619497e-01
1.497895488523736385e-01
1.497883017494069102e-01
1.497869227287265403e-01
1.497853771503777076e-01
1.497836316015823677e-01
1.497816600128215603e-01
1.497794494029779655e-01
1.497770039635262229e-01
1.497743463213123405e-01
1.497715152818148432e-01
1.497685601900582419e-01
1.497655330512945859e-01
1.497624803046190001e-01
1.497594362570931203e-01
1.497564196156825345e-01
1.497534336146600364e-01
1.497504693447619661e-01
1.497475112920690077e-01
1.497445437995995610e-01
1.497415570745582458e-01
1.497385514256289463e-01
1.497355386812564970e-01
1.497325403065911664e-01
1.497295825868262820e-01
1.497266901352379831e-01
1.497238795246228771e-01
1.497211547587825875e-01
1.497185056591374963e-01
1.497159093784947159e-01
1.497133345164189111e-01
1.497107468517710482e-01
1.497081154925305191e-01
1.497054181842513432e-01
1.497026446020461865e-01
1.496997967581480682e-01
1.496968862714540549e-01
1.496939291001768702e-01
1.496909391439375792e-01
1.496879224991586876e-01
1.496848739095824887e-01
1.496817762386911665e-01
1.496786029568393239e-01
1.496753229774860083e-01
1.496719067832631422e-01
1.496683325926553842e-01
1.496645912657189881e-01
1.496606887627512650e-01
1.496566453668594088e-01
1.496524916283908380e-01
1.496482619483641419e-01
1.496439875179784162e-01
1.496396905760246643e-01
1.496353815143682819e-01
1.496310594973817854e-01
1.496267163610263962e-01
1.496223428879408512e-01
1.496179361551855658e-01
1.496135064389910729e-01
1.496090820972602320e-01
1.496047110253174439e-01
1.496004578525380602e-01
1.495963970587929071e-01
1.495926033839117264e-01
1.495891417665762835e-01
1.495860591370873072e-01
1.495833796759798162e-01
1.495811040425613081e-01
1.495792120798412617e-01
1.495776678961492079e-01
1.495764260042735383e-01
1.495754372257407649e-01
1.495746532349650493e-01
1.495740289223058683e-01
1.495735222444961876e-01
1.495730918830085465e-01
1.495726936683459962e-01
1.495722770807255964e-01
1.495717830342821464e-01
1.495711436625593582e-01
1.495702841957475271e-01
1.495691264851362889e-01
1.495675933665773782e-01
1.495656128094483284e-01
1.495631205941067854e-01
1.495600600949346659e-01
1.495563777085941459e-01
1.495520126724598498e-01
1.495468804702023147e-01
1.495408495304013374e-01
1.495337112079510866e-01
1.495251429866447102e-01
1.495146647162931552e-01
1.495015880755828086e-01
1.494849609596420048e-01
1.494635114906661399e-01
1.494356005981361257e-01
1.493991963748706187e-01
1.493518852600100033e-01
1.492909315717416974e-01
1.492133865186129893e-01
1.491162329508819440e-01
1.489965392652148057e-01
1.488515919175762703e-01
1.486789830271195434e-01
1.484766434016027981e-01
1.482428252048940132e-01
1.479760478340600149e-01
1.476750246996307581e-01
1.473385891721829266e-01
1.469656365608719983e-01
1.465550958284964345e-01
1.461059389930320085e-01
1.456172275543625994e-01
1.450881856990973440e-01
1.445182832922669303e-01
1.439073109894002389e-01
1.432554351273218896e-01
1.425632279730786600e-01
1.418316753367875049e-01
1.410621663057515796e-01
1.402564692114763589e-01
1.394166955858073265e-01
1.385452516705838466e-01
1.376447763717341399e-01
1.367180659279475519e-01
1.357679885777623441e-01
1.347973958833161567e-01
1.338090394892316182e-01
1.328055018384816377e-01
1.317891467424738561e-01
1.307620917961730966e-01
1.297262009047697451e-01
1.286830927054909701e-01
1.276341597314021026e-01
1.265805934693359780e-01
1.255234114615991492e-01
1.244634837943401628e-01
1.234015573907416286e-01
1.223382773503162158e-01
1.212742051323013603e-01
1.202098337157095076e-01
1.191456000417698002e-01
1.180818951119497889e-01
1.170190721192764377e-01
1.159574529618165040e-01
1.148973334436713956e-01
1.138389874216928499e-01
1.127826701112217417e-01
1.117286207242215862e-01
1.106770645791214230e-01
1.096282147934149187e-01
1.085822736470319211e-01
1.075394336859746558e-01
1.064998786209467863e-01
1.054637840640111762e-01
1.044313181370925409e-01
1.034026419788939000e-01
1.023779101711086437e-01
1.013572711003530163e-01
1.003408672687518405e-01
9.932883556337551711e-02
9.832130749258345681e-02
9.731840939565106208e-02
9.632026263074260075e-02
9.532698374526474283e-02
9.433868463183421593e-02
9.335547267247400194e-02
9.237745087318149917e-02
9.140471799066667014e-02
9.043736865282445136e-02
8.947549347437973311e-02
8.851917916913165651e-02
8.756850866034640579e-02
8.662356119114199282e-02
8.568441243723728951e-02
8.475113462529837438e-02
8.382379666145957364e-02
8.290246427665282081e-02
8.198720019848826368e-02
8.107806436410293360e-02
8.017511419538229933e-02
7.927840496835870943e-02
7.838799032396585875e-02
7.750392298985173123e-02
7.662625581547814757e-02
7.575504326864382354e-02
7.489034360395553647e-02
7.403222199305596607e-02
7.318075499453513544e-02
7.233603680954571458e-02
7.149818774506973285e-02
7.066736504341880609e-02
6.984377549345298364e-02
6.902768775613300767e-02
6.821944015227349167e-02
6.741943773570077680e-02
6.662813306822862325e-02
6.584599039405585053e-02
6.507344146166116339e-02
6.431084680511452156e-02
6.355847356723166863e-02
6.281649224960482447e-02
6.208498726811197826e-02
6.136397388137194986e-02
6.065341571794352626e-02
5.995323986996570209e-02
5.926334862441247353e-02
5.858362802684756454e-02
5.791395388808538019e-02
5.725419588878043198e-02
5.660422033562095834e-02
5.596389198954210970e-02
5.533307526711544327e-02
5.471163502355125274e-02
5.409943705856055940e-02
5.349634843953405411e-02
5.290223770468076292e-02
5.231697498745441210e-02
5.174043208944641148e-02
5.117248251958651795e-02
5.061300151135113279e-02
5.006186602564927784e-02
4.951895474441433270e-02
4.898414805819860385e-02
4.845732804993367615e-02
4.793837847627594601e-02
4.742718474746922958e-02
4.692363390633645659e-02
4.642761460680221164e-02
4.593901709220974544e-02
4.545773317360517901e-02
4.498365620810171328e-02
4.451668107739718827e-02
4.405670416649216242e-02
4.360362334263863382e-02
4.315733793453791628e-02
4.271774871179888355e-02
4.228475786466259073e-02
4.185826898399612472e-02
4.143818704155627364e-02
4.102441837052223789e-02
4.061687064629559973e-02
4.021545286756517817e-02
3.982007533763400747e-02
3.943064964600540012e-02
3.904708865022494396e-02
3.866930645797515137e-02
3.829721840941949923e-02
3.793074105979248045e-02
3.756979216223240575e-02
3.721429065085363197e-02
3.686415662405496951e-02
3.651931132806101460e-02
3.617967714069322133e-02
3.584517755536755640e-02
3.551573716531558622e-02
3.519128164802592940e-02
3.487173774990304925e-02
3.455703327114036105e-02
3.424709705080469790e-02
3.394185895212922799e-02
3.364124984801189489e-02
3.334520160671661931e-02
3.305364707777438266e-02
3.276652007808145139e-02
3.248375537819204323e-02
3.220528868880269402e-02
3.193105664742569572e-02
3.166099680524901705e-02
3.139504761418007717e-02
3.113314841407083949e-02
3.087523942012174866e-02
3.062126171046197776e-02
3.037115721390359901e-02
3.012486869786721796e-02
2.988233975647674318e-02
2.964351479882091495e-02
2.940833903737928232e-02
2.917675847661038019e-02
2.894871990169981327e-02
2.872417086746607492e-02
2.850305968742187016e-02
2.828533542298883319e-02
2.807094787286346441e-02
2.785984756253222921e-02
2.765198573393371981e-02
2.744731433526586065e-02
2.724578601093613842e-02
2.704735409165286153e-02
2.685197258465550976e-02
2.665959616408222072e-02
2.647018016147253613e-02
2.628368055640351031e-02
2.610005396725733479e-02
2.591925764211864755e-02
2.574124944979974683e-02
2.556598787099189501e-02
2.539343198954099184e-02
2.522354148384588907e-02
2.505627661837761186e-02
2.489159823531784596e-02
2.472946774631499742e-02
2.456984712435622206e-02
2.441269889575378715e-02
2.425798613224417616e-02
2.410567244319840319e-02
2.395572196794193767e-02
2.380809936818275782e-02
2.366276982054599937e-02
2.351969900921374243e-02
2.337885311866844118e-02
2.324019882653859462e-02
2.310370329654518745e-02
2.296933417154754103e-02
2.283705956668716577e-02
2.270684806262825498e-02
2.257866869889348094e-02
2.245249096729374713e-02
2.232828480545061972e-02
2.220602059041010962e-02
2.208566913234656301e-02
2.196720166835538016e-02
2.185058985633335157e-02
2.173580576894535571e-02
2.162282188767624541e-02
2.151161109696670889e-02
2.140214667843196722e-02
2.129440230516210786e-02
2.118835203610296494e-02
2.108397031051637699e-02
2.098123194251873963e-02
2.088011211569676742e-02
2.078058637779935797e-02
2.068263063550452446e-02
2.058622114926033503e-02
2.049133452819882142e-02
2.039794772512184759e-02
2.030603803155793877e-02
2.021558307288904427e-02
2.012656080354630755e-02
2.003894950227384439e-02
1.995272776745958543e-02
1.986787451253224993e-02
1.978436896142352422e-02
1.970219064409453949e-02
1.962131939212572937e-02
1.954173533436920698e-02
1.946341889266276978e-02
1.938635077760467521e-02
1.931051198438833716e-02
1.923588378869609677e-02
1.916244774265125905e-02
1.909018567082755580e-02
1.901907966631525421e-02
1.894911208684309928e-02
1.888026555095530939e-02
1.881252293424287569e-02
1.874586736562837419e-02
1.868028222370356553e-02
1.861575113311901564e-02
1.855225796102504335e-02
1.848978681356324566e-02
1.842832203240790320e-02
1.836784819135656513e-02
1.830835009296912994e-02
1.824981276525472484e-02
1.819222145840573152e-02
1.813556164157828499e-02
1.807981899971860748e-02
1.802497943043451095e-02
1.797102904091145079e-02
1.791795414487250618e-02
1.786574125958165921e-02
1.781437710288978279e-02
1.776384859032270266e-02
1.771414283221079203e-02
1.766524713085947107e-02
1.761714897776005262e-02
1.756983605084037892e-02
1.752329621175467353e-02
1.747751750321206027e-02
1.743248814634320437e-02
1.738819653810455904e-02
1.734463124871964829e-02
1.730178101915690742e-02
1.725963475864354321e-02
1.721818154221490399e-02
1.717741060829887367e-02
1.713731135633479036e-02
1.709787334442640708e-02
1.705908628702839866e-02
1.702094005266596710e-02
1.698342466168705628e-02
1.694653028404673537e-02
1.691024723712328953e-02
1.687456598356556342e-02
1.683947712917112718e-02
1.680497142079482448e-02
1.677103974428728952e-02
1.673767312246297531e-02
1.670486271309731818e-02
1.667259980695259824e-02
1.664087582583210351e-02
1.660968232066219186e-02
1.657901096960187268e-02
1.654885357617948485e-02
1.651920206745613462e-02
1.649004849221547345e-02
1.646138501917947250e-02
1.643320393524981549e-02
1.640549764377453520e-02
1.637825866283957113e-02
1.635147962358485599e-02
1.632515326854460519e-02
1.629927245001147953e-02
1.627383012842424648e-02
1.624881937077864158e-02
1.622423334906109710e-02
1.620006533870498727e-02
1.617630871706910237e-02
1.615295696193803227e-02
1.613000365004411962e-02
1.610744245561072929e-02
1.608526714891647322e-02
1.606347159488014445e-02
1.604204975166604111e-02
1.602099566930938190e-02
1.600030348836155997e-02
1.597996743855492965e-02
1.595998183748684532e-02
1.594034108932271265e-02
1.592103968351772647e-02
1.590207219355709717e-02
1.588343327571443975e-02
1.586511766782812069e-02
1.584712018809526085e-02
1.582943573388318620e-02
1.581205928055804538e-02
1.579498588033037554e-02
1.577821066111734574e-02
1.576172882542148726e-02
1.574553564922560878e-02
1.572962648090375087e-02
1.571399674014786405e-02
1.569864191691006453e-02
1.568355757036017997e-02
1.566873932785842194e-02
1.565418288394293880e-02
1.563988399933203752e-02
1.562583849994088336e-02
1.561204227591245046e-02
1.559849128066254087e-02
1.558518152993865376e-02
1.557210910089251547e-02
1.555927013116607978e-02
1.554666081799079697e-02
1.553427741729997147e-02
1.552211624285401194e-02
1.551017366537840031e-02
1.549844611171418730e-02
1.548693006398085305e-02
1.547562205875132810e-02
1.546451868623903263e-02
1.545361658949673950e-02
1.544291246362710680e-02
1.543240305500469776e-02
1.542208516050934224e-02
1.541195562677066290e-02
1.540201134942361001e-02
1.539224927237486072e-02
1.538266638707990082e-02
1.537325973183066227e-02
1.536402639105355176e-02
1.535496349461772624e-02
1.534606821715346452e-02
1.533733777738048934e-02
1.532876943744611482e-02
1.532036050227305116e-02
1.531210831891674680e-02
1.530401027593212768e-02
1.529606380274959807e-02
1.528826636906016785e-02
1.528061548420957955e-02
1.527310869660130493e-02
1.526574359310827779e-02
1.525851779849324991e-02
1.525142897483763686e-02
1.524447482097873036e-02
1.523765307195516783e-02
1.523096149846052925e-02
1.522439790630494838e-02
1.521796013588463080e-02
1.521164606165915055e-02
1.520545359163642460e-02
1.519938066686525244e-02
1.519342526093530980e-02
1.518758537948449241e-02
1.518185905971349697e-02
1.517624436990754576e-02
1.517073940896514900e-02
1.516534230593379572e-02
1.516005121955247593e-02
1.515486433780095267e-02
1.514977987745565885e-02
1.514479608365214280e-02
1.513991122945396520e-02
1.513512361542794678e-02
1.513043156922568890e-02
1.512583344517125228e-02
1.512132762385494204e-02
1.511691251173306882e-02
1.511258654073363572e-02
1.510834816786784350e-02
1.510419587484733775e-02
1.510012816770711294e-02
1.509614357643399539e-02
1.509224065460062353e-02
1.508841797900483880e-02
1.508467414931441951e-02
1.508100778771706910e-02
1.507741753857560173e-02
1.507390206808822096e-02
1.507046006395384996e-02
1.506709023504241088e-02
1.506379131107000481e-02
1.506056204227890737e-02
1.505740119912231736e-02
1.505430757195378062e-02
1.505127997072123677e-02
1.504831722466560585e-02
1.504541818202385223e-02
1.504258170973647897e-02
1.503980669315935388e-02
1.503709203577984106e-02
1.503443665893714788e-02
1.503183950154684395e-02
1.502929951982947751e-02
1.502681568704323893e-02
1.502438699322061581e-02
1.502201244490896682e-02
1.501969106491497091e-02
1.501742189205288944e-02
1.501520398089659265e-02
1.501303640153528116e-02
1.501091823933286586e-02
1.500884859469093710e-02
1.500682658281528824e-02
1.500485133348592251e-02
1.500292199083051031e-02
1.500103771310123089e-02
1.499919767245496381e-02
1.499740105473676942e-02
1.499564705926661329e-02
1.499393489862929640e-02
1.499226379846752694e-02
1.499063299727810931e-02
1.498904174621118295e-02
1.498748930887247935e-02
1.498597496112855608e-02
1.498449799091495019e-02
1.498305769804722347e-02
1.498165339403484744e-02
1.498028440189788819e-02
1.497895005598645808e-02
1.497764970180287883e-02
1.497638269582652996e-02
1.497514840534133577e-02
1.497394620826585435e-02
1.497277549298593399e-02
1.497163565818989198e-02
1.497052611270618082e-02
1.496944627534351618e-02
1.496839557473340736e-02
1.496737344917508511e-02
1.496637934648276103e-02
1.496541272383520790e-02
1.496447304762761610e-02
1.496355979332569287e-02
1.496267244532197178e-02
1.496181049679430261e-02
1.496097344956648888e-02
1.496016081397104000e-02
1.495937210871400164e-02
1.495860686074185208e-02
1.495786460511040576e-02
1.495714488485572376e-02
1.495644725086697942e-02
1.495577126176126335e-02
1.495511648376029144e-02
1.495448249056899152e-02
1.495386886325594279e-02
1.495327519013563838e-02
1.495270106665253819e-02
1.495214609526689803e-02
1.495160988534234049e-02
1.495109205303514141e-02
1.495059222118520943e-02
1.495011001920873439e-02
1.494964508299247499e-02
1.494919705478966673e-02
1.494876558311752576e-02
1.494835032265631920e-02
1.494795093414998631e-02
1.494756708430828099e-02
1.494719844571041831e-02
1.494684469671019901e-02
1.494650552134259118e-02
1.494618060923175347e-02
1.494586965550046172e-02
1.494557236068093722e-02
1.494528843062704893e-02
1.494501757642786172e-02
1.494475951432252050e-02
1.494451396561644399e-02
1.494428065659881948e-02
1.494405931846135883e-02
1.494384968721831908e-02
1.494365150362775285e-02
1.494346451311398191e-02
1.494328846569126408e-02
1.494312311588864503e-02
1.494296822267597406e-02
1.494282354939106307e-02
1.494268886366797999e-02
1.494256393736644734e-02
1.494244854650234391e-02
1.494234247117928391e-02
1.494224549552125580e-02
1.494215740760631260e-02
1.494207799940128721e-02
1.494200706669753485e-02
1.494194440904766767e-02
1.494188982970327643e-02
1.494184313555362714e-02
