0.199989
0.199994
0.200014
0.199996
0.199993
0.200002
0.199996
0.200001
0.200001
0.199996
0.199995
0.199991
0.199992
0.199979
0.200008
0.199995
0.199996
0.199989
0.199998
0.200008
0.200015
0.199986
0.199993
0.199999
0.200008
0.199987
0.200006
0.199985
0.199989
0.20001
0.199997
0.200005
0.200002
0.199987
0.200004
0.200013
0.199998
0.199995
0.200007
0.2
0.200001
0.200009
0.2
0.200009
0.200007
0.200003
0.200009
0.200004
0.200002
0.199997
0.200007
0.200006
0.199997
0.200002
0.199983
0.200006
0.200004
0.199985
0.199993
0.199996
0.199996
0.199992
0.2
0.200008
0.199997
0.200017
0.200003
0.199995
0.199995
0.200007
0.200002
0.199988
0.200001
0.200003
0.19999
0.199993
0.199995
0.2
0.199999
0.199996
0.2
0.199997
0.199985
0.200006
0.199993
0.199995
0.200007
0.199998
0.199988
0.200021
0.199997
0.200009
0.199996
0.199998
0.200001
0.199982
0.2
0.199997
0.200003
0.199994
0.199991
0.200005
0.200002
0.200001
0.199999
0.200009
0.200016
0.199998
0.199988
0.199996
0.199993
0.199994
0.199989
0.200012
0.200017
0.200002
0.200002
0.199993
0.199998
0.200001
0.199993
0.200011
0.199989
0.199991
0.199981
0.2
0.200003
0.199992
0.200007
0.199992
0.199985
0.200003
0.199995
0.19999
0.19999
0.200009
0.199999
0.199999
0.199989
0.199993
0.199993
0.200007
0.199998
0.200002
0.200009
0.199995
0.200012
0.199991
0.200012
0.199998
0.199999
0.200012
0.199999
0.200003
0.199991
0.199976
0.200002
0.200008
0.200004
0.199995
0.19998
0.199998
0.199994
0.200008
0.199993
0.200013
0.199998
0.199991
0.199998
0.199998
0.200007
0.200002
0.199996
0.199994
0.199998
0.199995
0.199992
0.200022
0.2
0.199998
0.20001
0.200017
0.200012
0.200002
0.200005
0.200002
0.199985
0.200003
0.199993
0.200005
0.199993
0.199994
0.199984
0.200012
0.199994
0.199996
0.200012
0.199992
0.2
0.200001
0.199999
0.200004
0.200007
0.200005
0.199999
0.199996
0.199992
0.20001
0.199997
0.200018
0.199998
0.199998
0.200005
0.199998
0.200012
0.200004
0.199996
0.199996
0.199997
0.199992
0.199998
0.200017
0.200006
0.199996
0.199991
0.200002
0.199997
0.200005
0.200012
0.2
0.200001
0.200006
0.200002
0.2
0.200003
0.199995
0.200002
0.199994
0.200005
0.200018
0.199995
0.200004
0.200048
0.200192
0.200341
0.200499
0.200849
0.201018
0.201167
0.201292
0.201547
0.201691
0.201855
0.202053
0.202402
0.202574
0.202723
0.20288
0.20316
0.203308
0.203509
0.203638
0.203969
0.204108
0.204234
0.204561
0.204674
0.204817
0.204983
0.205257
0.205424
0.205573
0.205718
0.20606
0.206251
0.206425
0.206599
0.206943
0.207083
0.20724
0.207502
0.207644
0.207802
0.207961
0.208236
0.208371
0.20851
0.208665
0.208944
0.209098
0.209265
0.209399
0.209704
0.20986
0.21
0.210356
0.210516
0.210695
0.210871
0.211203
0.21137
0.211495
0.211619
0.21189
0.212037
0.212201
0.212367
0.212657
0.212784
0.212939
0.213088
0.213374
0.213501
0.213649
0.213959
0.214087
0.214252
0.214431
0.214775
0.214943
0.215133
0.215318
0.215612
0.215753
0.215919
0.216044
0.216309
0.216481
0.216641
0.216946
0.21707
0.217208
0.217366
0.217644
0.217767
0.217923
0.218096
0.218354
0.218518
0.218679
0.218848
0.219192
0.219371
0.219542
0.21983
0.21999
0.220157
0.220266
0.220571
0.220729
0.220857
0.221016
0.22132
0.221454
0.221607
0.221747
0.222016
0.222142
0.22229
0.222429
0.22274
0.222886
0.223079
0.223422
0.223599
0.223741
0.223926
0.224223
0.224354
0.224519
0.224651
0.224961
0.225126
0.225268
0.22544
0.225738
0.225902
0.226042
0.226356
0.226472
0.226611
0.226765
0.227029
0.22719
0.227343
0.227497
0.227801
0.22795
0.228124
0.228281
0.228588
0.228752
0.228897
0.229196
0.229354
0.229506
0.229677
0.229998
0.230153
0.230319
0.230494
0.230727
0.230853
0.230996
0.231202
0.231461
0.231649
0.231807
0.23196
0.232276
0.232405
0.23257
0.232897
0.233066
0.233242
0.233373
0.233692
0.233851
0.234006
0.234164
0.234509
0.23468
0.234825
0.23496
0.235219
0.235374
0.235507
0.235811
0.23596
0.236117
0.236216
0.236515
0.236619
0.236789
0.236931
0.237243
0.237417
0.237576
0.237732
0.238086
0.238252
0.238434
0.238748
0.238918
0.239078
0.239216
0.239514
0.239685
0.239855
0.240004
0.240304
0.24046
0.240565
0.240694
0.240957
0.241088
0.241201
0.241497
0.241635
0.241802
0.241943
0.242318
0.242496
0.242703
0.242869
0.24321
0.243377
0.24348
0.24365
0.243999
0.244137
0.244327
0.244475
0.244745
0.244883
0.24501
0.245226
0.245386
0.245499
0.245644
0.245885
0.246022
0.246178
0.246342
0.246655
0.246844
0.247016
0.247171
0.247501
0.247652
0.247817
0.248183
0.248367
0.248513
0.248697
0.249019
0.249172
0.249303
0.24942
0.249711
0.24985
0.249966
0.250113
0.250361
0.250502
0.25065
0.250825
0.251125
0.251269
0.251405
0.251703
0.251882
0.252023
0.252207
0.252601
0.252791
0.252952
0.253104
0.253377
0.253528
0.25369
0.253846
0.254153
0.254286
0.254412
0.254692
0.254857
0.255
0.255167
0.255503
0.255636
0.25575
0.255858
0.256162
0.256324
0.256499
0.256675
0.257008
0.257133
0.257283
0.257429
0.257723
0.257936
0.258068
0.258359
0.2585
0.258672
0.258838
0.259181
0.259375
0.259539
0.259723
0.260017
0.260169
0.260285
0.260449
0.260726
0.260882
0.261054
0.2613
0.261404
0.261548
0.261699
0.262024
0.262158
0.262292
0.262428
0.262723
0.262878
0.263042
0.263218
0.263593
0.263751
0.263901
0.26419
0.264355
0.264528
0.2647
0.265049
0.265246
0.265399
0.265543
0.265827
0.26595
0.266083
0.266214
0.26649
0.266621
0.266728
0.266891
0.267149
0.267316
0.267474
0.267774
0.26795
0.268088
0.268233
0.268554
0.268703
0.268888
0.269065
0.269398
0.269547
0.269707
0.269849
0.270134
0.270289
0.270412
0.270718
0.270862
0.271052
0.271219
0.271574
0.271729
0.2719
0.272031
0.27233
0.272453
0.27262
0.272786
0.273082
0.273216
0.273352
0.273603
0.273713
0.273874
0.274024
0.274323
0.274419
0.274575
0.274689
0.275009
0.275203
0.275359
0.275544
0.275893
0.276056
0.276186
0.276348
0.276664
0.276849
0.277006
0.277361
0.277536
0.277667
0.277816
0.278159
0.278318
0.278442
0.278554
0.278828
0.27896
0.279106
0.279269
0.279584
0.279731
0.279853
0.280119
0.280259
0.280415
0.280556
0.280974
0.281134
0.281281
0.281405
0.28173
0.28185
0.281979
0.282123
0.282383
0.282488
0.282659
0.282959
0.283154
0.283313
0.283482
0.283799
0.283953
0.284106
0.284301
0.284642
0.284836
0.284998
0.285142
0.285459
0.285595
0.285726
0.286007
0.286152
0.286275
0.286451
0.286697
0.286859
0.286997
0.287169
0.287495
0.287653
0.287806
0.287916
0.288195
0.288372
0.288528
0.288704
0.289073
0.289209
0.289347
0.289628
0.289789
0.289923
0.290072
0.290348
0.290474
0.290645
0.290797
0.291124
0.291283
0.291483
0.291629
0.291943
0.292087
0.292237
0.292557
0.292712
0.292896
0.293073
0.29339
0.293559
0.293705
0.293868
0.294154
0.294268
0.294433
0.294581
0.294887
0.295051
0.295198
0.295337
0.295625
0.29577
0.295909
0.296235
0.296403
0.296558
0.296713
0.297014
0.297153
0.297278
0.297437
0.297715
0.297857
0.297981
0.298203
0.298362
0.298544
0.29872
0.299073
0.299226
0.299373
0.29953
0.299837
0.299997
0.300174
0.300339
0.30064
0.300788
0.30094
0.301211
0.301345
0.301502
0.301644
0.301906
0.302052
0.302211
0.302373
0.302721
0.302889
0.303048
0.303156
0.303466
0.303628
0.303796
0.304134
0.304279
0.304425
0.304569
0.304891
0.30503
0.305219
0.305369
0.305619
0.305759
0.305915
0.306045
0.306349
0.306523
0.306683
0.306848
0.30719
0.307319
0.307484
0.307639
0.307951
0.308102
0.308245
0.308541
0.308662
0.308832
0.308991
0.309266
0.309397
0.309517
0.309633
0.309947
0.310115
0.310299
0.310418
0.31073
0.310907
0.31108
0.311225
0.311577
0.311761
0.311917
0.312067
0.312392
0.312545
0.31269
0.312988
0.313094
0.313231
0.313387
0.313689
0.313857
0.314033
0.314191
0.314526
0.314641
0.314794
0.314952
0.315262
0.315438
0.315594
0.315741
0.316039
0.316179
0.316335
0.316552
0.316719
0.316876
0.317018
0.317345
0.317496
0.317658
0.317819
0.318135
0.318301
0.318453
0.318631
0.318948
0.319122
0.31929
0.319596
0.319753
0.319907
0.32007
0.320357
0.320501
0.320632
0.320746
0.321063
0.321186
0.321347
0.321478
0.321766
0.321918
0.322064
0.322388
0.322519
0.322656
0.322794
0.323109
0.323251
0.323407
0.323541
0.323848
0.324009
0.324156
0.324331
0.324629
0.324799
0.324925
0.325082
0.325422
0.325587
0.325747
0.326077
0.326228
0.326402
0.326576
0.326888
0.327016
0.327153
0.32729
0.327508
0.327632
0.327797
0.32796
0.328287
0.328449
0.328616
0.328915
0.329045
0.329219
0.329378
0.329719
0.329902
0.33008
0.330201
0.330457
0.330561
0.330708
0.330803
0.331063
0.331237
0.331414
0.33174
0.331946
0.332142
0.332315
0.332614
0.332802
0.332942
0.333125
0.333337
0.333456
0.333541
0.33365
0.333962
0.334152
0.33435
0.33475
0.334908
0.335062
0.335226
0.335493
0.335618
0.335726
0.335842
0.336067
0.336228
0.336416
0.336663
0.337042
0.337215
0.33735
0.337605
0.337712
0.33781
0.33792
0.338253
0.338448
0.338678
0.338872
0.339227
0.339387
0.339518
0.339637
0.339799
0.339913
0.340065
0.340239
0.340639
0.340849
0.341009
0.341309
0.341427
0.341521
0.341609
0.341852
0.342053
0.342295
0.342535
0.342904
0.343054
0.343124
0.343203
0.343456
0.343621
0.343826
0.344274
0.34447
0.34461
0.344737
0.344936
0.345054
0.345146
0.345281
0.345673
0.345913
0.346203
0.346336
0.346561
0.346648
0.346742
0.347026
0.347184
0.347382
0.347632
0.347995
0.348132
0.348251
0.348374
0.348549
0.348718
0.348915
0.349119
0.34954
0.349699
0.349822
0.349886
0.349915
0.349968
0.350024
0.349997
0.350013
0.349978
0.34998
0.349886
0.349958
0.349981
0.349992
0.349978
0.349996
0.350016
0.350012
0.34999
0.350004
0.349992
0.349966
0.34995
0.349949
0.349928
0.349896
0.349886
0.349878
0.349881
0.349875
0.349892
0.349888
0.349893
0.349894
0.349905
0.349924
0.349958
0.349968
0.349971
0.349973
0.349979
0.349986
0.349989
0.35001
0.350017
0.350034
0.350058
0.350051
0.350037
0.35003
0.350038
0.350017
0.350026
0.350008
0.350015
0.349981
0.349961
0.349954
0.349956
0.349909
0.349928
0.349921
0.349936
0.349932
0.349944
0.349952
0.349937
0.349943
0.349941
0.349943
0.349968
0.34999
0.349996
0.350005
0.349998
0.350003
0.350039
0.350046
0.350055
0.350047
0.350028
0.350055
0.350075
0.350101
0.350099
0.350069
0.350055
0.350068
0.350068
0.35005
0.350054
0.35004
0.350015
0.350024
0.349997
0.350007
0.349976
0.349953
0.349946
0.349927
0.349934
0.349944
0.349927
0.349928
0.34992
0.349904
0.349915
0.349946
0.349923
0.349923
0.349946
0.349959
0.35
0.350003
0.349992
0.35001
0.349992
0.350016
0.350022
0.350026
0.350018
0.350031
0.350006
0.350003
0.350042
0.350053
0.350057
0.350088
0.350067
0.350065
0.35004
0.350075
0.350053
0.350043
0.350016
0.350024
0.350007
0.350018
0.350029
0.349999
0.350002
0.350005
0.350001
0.349971
0.349964
0.349971
0.349975
0.349965
0.349967
0.349937
0.349938
0.349947
0.349951
0.349962
0.349944
0.349933
0.349948
0.349988
0.349969
0.349967
0.349934
0.349905
0.349962
0.349962
0.349996
0.349967
0.349959
0.349953
0.349925
0.34992
0.349928
0.349943
0.349944
0.349952
0.349962
0.349965
0.349987
0.349974
0.35
0.350008
0.350015
0.349991
0.350034
0.350042
0.350035
0.350033
0.350013
0.350018
0.349999
0.35001
0.350031
0.350045
0.350061
0.35006
0.350049
0.350068
0.350072
0.350041
0.350017
0.35004
0.350047
0.350028
0.350044
0.350047
0.350051
0.350037
0.350051
0.350047
0.350057
0.350042
0.350061
0.350044
0.350033
0.350047
0.35001
0.350021
0.350016
0.350029
0.350003
0.35002
0.350006
0.350006
0.350024
0.35
0.350022
0.349992
0.350022
0.349986
0.35
0.349984
0.349967
0.349978
0.349988
0.350001
0.350016
0.350015
0.35001
0.350016
0.35
0.350005
0.350009
0.349986
0.349948
0.34998
0.349953
0.349944
0.349965
0.349948
0.349957
0.349948
0.349947
0.34989
0.349898
0.349877
0.349872
0.349881
0.349913
0.349922
0.349945
0.349935
0.349908
0.349905
0.349932
0.349953
0.349952
0.349943
0.349935
0.349961
0.349972
0.350002
0.34998
0.350006
0.350023
0.350032
0.350069
0.35007
0.350015
0.349976
0.350003
0.350027
0.350061
0.350109
0.350097
0.350071
0.350028
0.34998
0.350006
0.349999
0.349995
0.349874
0.349707
0.349454
0.348704
0.348277
0.347821
0.347425
0.346678
0.346282
0.345894
0.345478
0.344589
0.344164
0.343752
0.343328
0.342478
0.342079
0.341644
0.34124
0.340481
0.340103
0.339731
0.338916
0.33853
0.338139
0.337755
0.33695
0.336542
0.336133
0.335739
0.334883
0.33446
0.334066
0.333612
0.332772
0.332383
0.33198
0.331255
0.330887
0.330529
0.330125
0.32936
0.328947
0.328553
0.328201
0.327346
0.326911
0.3265
0.326024
0.325147
0.324748
0.32433
0.323559
0.323152
0.322797
0.322451
0.321713
0.321343
0.320952
0.320593
0.319844
0.319399
0.319008
0.318586
0.31768
0.317239
0.316794
0.316407
0.31556
0.315171
0.314814
0.314076
0.313684
0.313312
0.312933
0.312104
0.311715
0.311326
0.310896
0.310011
0.309567
0.309161
0.308708
0.307919
0.307539
0.30719
0.3065
0.306132
0.305741
0.305356
0.3046
0.304152
0.303734
0.30329
0.302353
0.301935
0.301498
0.301094
0.300329
0.299947
0.299598
0.298888
0.298494
0.298105
0.297674
0.296862
0.296445
0.296025
0.295597
0.294752
0.294336
0.293956
0.293579
0.29286
0.292488
0.292094
0.291335
0.290949
0.290522
0.290048
0.289148
0.28871
0.288299
0.287889
0.287144
0.286822
0.286475
0.286122
0.285357
0.284922
0.284507
0.283615
0.283154
0.282713
0.282294
0.281472
0.281149
0.280793
0.280431
0.2797
0.279298
0.278895
0.278517
0.277643
0.277205
0.276791
0.275929
0.275552
0.275183
0.274846
0.274138
0.27374
0.273355
0.272921
0.272109
0.271648
0.271199
0.270749
0.269944
0.269605
0.269251
0.268941
0.268204
0.267787
0.267362
0.266513
0.266057
0.265608
0.265154
0.26436
0.264012
0.263651
0.263331
0.262557
0.26214
0.261704
0.261306
0.260414
0.259943
0.259518
0.258806
0.258436
0.258096
0.257747
0.256935
0.25653
0.256115
0.255718
0.254828
0.254354
0.253911
0.253546
0.252855
0.252514
0.252135
0.25135
0.250956
0.250534
0.250106
0.249192
0.248737
0.248342
0.247988
0.247308
0.246968
0.246573
0.246136
0.245255
0.244829
0.244373
0.24352
0.24314
0.242789
0.242456
0.241758
0.241355
0.240958
0.240527
0.239669
0.239207
0.238754
0.238361
0.237643
0.2373
0.236949
0.236192
0.235784
0.235344
0.234926
0.234035
0.233574
0.233169
0.232828
0.232177
0.231822
0.231415
0.231019
0.230151
0.229733
0.229249
0.228797
0.227993
0.227648
0.227319
0.226614
0.226184
0.225761
0.225339
0.224447
0.22401
0.223602
0.223173
0.222512
0.222164
0.221786
0.22138
0.220549
0.220105
0.219642
0.218716
0.218292
0.217951
0.217599
0.216896
0.216517
0.216073
0.215661
0.214799
0.21432
0.213859
0.213447
0.21273
0.212404
0.212075
0.211301
0.210889
0.210459
0.210054
0.209142
0.208728
0.208331
0.20796
0.207291
0.206932
0.206529
0.206112
0.205238
0.204822
0.204343
0.203924
0.203152
0.202828
0.202461
0.201728
0.201314
0.20093
0.200556
0.2
0.19991
0.199865
0.199842
0.199842
0.199849
0.199835
0.199832
0.199858
0.199878
0.199865
0.199864
0.199898
0.199873
0.19987
0.19987
0.199873
0.199883
0.199917
0.199907
0.199943
0.199973
0.199998
0.199987
0.199983
0.199975
0.199984
0.199974
0.199982
0.199987
0.199989
0.199978
0.199963
0.19998
0.199989
0.199965
0.199999
0.199983
0.199976
0.199978
0.199969
0.19998
0.19998
0.199978
0.199964
0.199992
0.199969
0.199992
0.199975
0.199988
0.199984
0.199984
0.199992
0.199973
0.199977
0.19997
0.199977
0.199998
0.199987
0.199974
0.199975
0.199966
0.199986
0.199994
0.199997
0.199983
0.199987
0.199973
0.199983
0.199972
0.199998
0.199992
0.199982
0.199983
0.199999
0.199986
0.199981
0.199972
0.199988
0.199984
0.199971
0.199991
0.199987
0.199979
0.199991
0.19998
0.199996
0.199992
0.199984
0.199991
0.199975
0.199971
0.199975
0.199992
0.199996
0.199987
0.199973
0.199981
0.199999
0.199998
0.199988
0.19999
0.19999
0.199981
0.199983
0.199995
0.199994
0.199992
0.199996
0.199989
0.199968
0.19998
0.199983
0.199987
0.199981
0.199979
0.199975
0.199987
0.200002
0.199994
0.19998
0.199985
0.199993
0.199981
0.199983
0.199985
0.199968
0.199993
0.199992
0.199984
0.199986
0.199998
0.199991
0.199983
0.199997
0.199985
0.199985
0.200006
0.199981
0.199987
0.199987
0.199979
0.199986
0.199996
0.199989
0.199985
0.199978
0.199989
0.199996
0.199977
0.199983
0.199996
0.199995
0.199979
0.199994
0.199994
0.199987
0.199987
0.2
0.199992
0.199989
0.199998
0.199991
0.199989
0.199997
0.199987
0.199978
0.19999
0.199984
0.200002
0.199991
0.199981
0.199993
0.199996
0.19999
0.199985
0.199997
0.199979
0.199996
0.199989
0.199992
0.199987
0.199995
0.199987
0.199979
0.199998
0.2
0.200002
0.199983
0.199981
0.199998
0.199987
0.199995
0.199985
0.199996
0.200002
0.199976
0.199992
0.199989
0.199978
0.200004
0.199989
0.199999
0.199985
0.200007
0.199989
0.199993
0.199981
0.199987
0.200002
0.199979
0.199982
0.199996
0.199985
0.199985
0.199985
0.199998
0.199993
0.199998
0.199987
0.199987
0.2
0.199985
0.199994
0.199995
0.199995
0.199991
0.199984
0.199987
0.200004
0.199976
0.199982
0.199999
0.19998
0.199989
0.199991
0.199998
0.199989
0.199991
0.199998
0.199981
0.199987
0.199998
0.199991
0.199985
0.2
0.199989
0.199979
0.199993
0.199983
0.199985
0.199999
0.19999
0.199998
0.19999
0.2
0.20001
0.199995
0.199995
0.199987
0.199985
0.200013
0.199991
0.19998
0.199991
0.199981
0.199991
0.199998
0.199987
0.199987
0.199991
0.199987
0.199986
0.199989
0.199983
0.2
0.199989
0.199987
0.19998
0.199991
0.199985
0.199983
0.200002
0.200012
0.200004
0.199984
0.199993
0.199995
0.199993
0.200002
0.199991
0.199993
0.199989
0.199995
0.200008
0.199994
0.199993
0.200004
0.199989
0.199988
0.199989
0.199985
0.199989
0.199998
0.199995
0.200002
0.199993
0.199986
0.199987
0.199991
0.200008
0.199993
0.199995
0.199991
0.199976
0.199987
0.199983
0.199993
0.199985
0.199989
0.199991
0.199999
0.199991
0.199992
0.199998
0.199991
0.199993
0.199994
0.199998
0.19998
0.199988
0.199998
0.2
0.199982
0.199993
0.199993
0.199989
0.199991
0.199993
0.199995
0.199985
0.199997
0.199976
0.200004
0.199987
0.199982
0.199998
0.199991
0.200002
0.199996
0.199987
0.199976
0.199999
0.199985
0.199993
0.199986
0.2
0.199997
0.200006
0.199982
0.199995
0.199993
0.199985
0.199993
0.199993
0.199979
0.199985
0.199991
0.199993
0.199978
0.200004
0.199986
0.200006
0.200011
0.2
0.199984
0.19998
0.2
0.199991
0.200004
0.199989
0.199995
0.199995
0.199987
0.200002
0.200001
0.199997
0.199986
0.199991
0.199998
0.199991
0.2
0.199978
0.199985
0.200003
0.199993
0.199967
0.199982
0.199997
0.19998
0.200004
0.199998
0.2
0.199984
0.199985
0.199997
0.199987
0.2
0.199987
0.199989
0.2
0.199995
0.199993
0.199997
0.200004
0.199987
0.199998
0.199993
0.199995
0.200002
0.199984
0.2
0.199996
0.200002
0.199991
0.200001
0.199985
0.200006
0.200002
0.199987
0.2
0.200012
0.199989
0.199997
0.199985
0.199989
0.199993
0.199995
0.199985
0.200002
0.199989
0.200009
0.199988
0.199999
0.199982
0.199998
0.199993
0.19998
0.200002
0.199996
0.200002
0.199988
0.199995
0.199989
0.199993
0.199995
0.199993
0.2
0.199993
0.199991
0.199993
0.199985
0.199994
0.199991
0.199997
0.199993
0.200004
0.20001
0.199991
0.199989
0.199984
0.200007
0.200008
0.199993
0.199982
0.199999
0.199991
0.199993
0.199995
0.199991
0.2
0.199995
0.199995
0.199995
0.199991
0.199985
0.200004
0.200004
0.199989
0.199997
0.200004
0.199993
0.199989
0.200004
0.200001
0.199995
0.199995
0.2
0.199993
0.199993
0.200004
0.199991
0.199989
0.200004
0.199991
0.200002
0.200006
0.199986
0.200005
0.199997
0.200001
0.199999
0.199995
0.199987
0.199995
0.200002
0.199993
0.199996
0.199993
0.199978
0.199996
0.199971
0.200002
0.199995
0.199995
0.199989
0.19999
0.199987
0.199979
0.199989
0.199991
0.199993
0.2
0.200005
0.199998
0.200012
0.199993
0.200013
0.199991
0.199991
0.199996
0.200002
0.199991
0.199995
0.2
0.199995
0.199971
0.199985
0.199993
0.199993
0.199995
0.199992
0.200002
0.200005
0.199992
0.200002
0.200004
0.199983
0.2
0.199989
0.200006
0.200004
0.200008
0.19998
0.200006
0.200004
0.199991
0.2
0.200001
0.199998
0.199993
0.199984
0.199997
0.199999
0.199997
0.199993
0.199991
0.200002
0.199995
0.200006
0.199989
0.199994
0.200013
0.199997
0.2
0.19999
0.200005
0.199981
0.199999
0.199993
0.199998
0.200006
0.199995
0.200008
0.199985
0.200001
0.199995
0.199991
0.199989
0.19998
0.20001
0.199993
0.199997
0.199991
0.199993
0.199982
0.200003
0.199997
0.200002
0.2
0.199993
0.199978
0.199995
0.199986
0.199993
0.199988
0.200006
0.199989
0.199989
0.200019
0.199999
0.199983
0.199983
0.199995
0.199989
0.199995
0.199993
0.199993
0.199985
0.199998
0.199993
0.199987
0.199984
0.19999
0.200006
0.199987
0.199995
0.199987
0.199993
0.199982
0.200001
0.200002
0.199987
0.199999
0.199988
0.199987
0.2
0.199999
0.199991
0.200002
0.200004
0.199989
0.200001
0.200004
0.2
0.199997
0.199993
0.199981
0.199993
0.199986
0.199993
0.2
0.199991
0.200004
0.19998
0.199988
0.199989
0.199986
0.199999
0.199987
0.199987
0.199989
0.199997
0.199989
0.199988
0.199997
0.200002
0.199985
0.199993
0.199984
0.199979
0.200004
0.199993
0.199993
0.200015
0.199982
0.199988
0.199985
0.200003
0.199992
0.200001
0.200007
0.199995
0.199984
0.199991
0.200008
0.199998
0.200007
0.200006
0.199992
0.200001
0.200006
0.199991
0.199991
0.2
0.199995
0.2
0.2
0.199991
0.199998
0.199999
0.199979
0.199982
0.199991
0.200005
0.199983
0.200009
0.199999
0.199997
0.200001
0.199993
0.2
0.199986
0.199991
0.199999
0.199989
0.199999
0.199985
0.199993
0.199984
0.199993
0.200004
