0.149987
0.150006
0.150018
0.150006
0.149999
0.149997
0.150004
0.15001
0.150012
0.150004
0.15001
0.150003
0.150007
0.150016
0.150009
0.149991
0.150004
0.149995
0.150012
0.150007
0.149998
0.150001
0.150003
0.15
0.150013
0.150007
0.149994
0.150013
0.150007
0.150009
0.150005
0.150011
0.150016
0.150005
0.150003
0.149997
0.150003
0.150001
0.150005
0.150014
0.150007
0.150005
0.149983
0.150009
0.150013
0.150018
0.150017
0.150008
0.15
0.15001
0.150017
0.150004
0.150005
0.150004
0.150011
0.150009
0.149998
0.149988
0.149992
0.150008
0.15001
0.150011
0.149998
0.150003
0.149995
0.149999
0.149999
0.149991
0.150022
0.15
0.149992
0.150009
0.15001
0.150011
0.149997
0.150001
0.149999
0.150002
0.149992
0.150008
0.149993
0.149998
0.149994
0.150008
0.149999
0.150009
0.149998
0.15
0.149989
0.150002
0.150002
0.150019
0.149993
0.149998
0.149996
0.149995
0.15001
0.150001
0.150006
0.150007
0.150011
0.150007
0.149984
0.149998
0.150006
0.149999
0.149999
0.150012
0.150005
0.149991
0.150016
0.150001
0.149997
0.15001
0.150014
0.15
0.15
0.150002
0.150004
0.150006
0.149999
0.150024
0.150003
0.149989
0.150014
0.150002
0.149999
0.150009
0.150017
0.150007
0.150013
0.150014
0.150008
0.150003
0.150003
0.150022
0.15001
0.150016
0.150001
0.150005
0.150007
0.150011
0.150018
0.150006
0.149999
0.150004
0.150008
0.150007
0.149992
0.150004
0.150008
0.150001
0.150006
0.150005
0.149999
0.15
0.150014
0.150007
0.150023
0.150012
0.15001
0.150004
0.150011
0.149997
0.150016
0.150007
0.149997
0.150001
0.15
0.150006
0.150003
0.150008
0.15001
0.150016
0.15001
0.149993
0.150005
0.150009
0.149986
0.149993
0.150003
0.150006
0.150007
0.150008
0.150013
0.150011
0.15
0.150017
0.149987
0.150006
0.150001
0.150001
0.150008
0.150024
0.149999
0.15
0.149997
0.150001
0.150018
0.15
0.150012
0.149994
0.150003
0.150003
0.149996
0.150014
0.150015
0.150001
0.150004
0.15002
0.150012
0.150004
0.150014
0.15
0.150003
0.149996
0.150003
0.150004
0.149995
0.150021
0.150005
0.150012
0.149994
0.149996
0.149999
0.150008
0.149997
0.149998
0.150018
0.150012
0.150014
0.150009
0.150008
0.150002
0.150003
0.150014
0.150001
0.150009
0.150003
0.150023
0.150001
0.149997
0.150017
0.149987
0.149983
0.149966
0.149944
0.149952
0.149937
0.14995
0.149938
0.149965
0.149971
0.149973
0.149967
0.149963
0.149952
0.149958
0.149948
0.149953
0.149965
0.149962
0.149964
0.149965
0.149963
0.149972
0.149954
0.149957
0.149957
0.149976
0.14996
0.149965
0.149966
0.149987
0.150001
0.150013
0.150011
0.150014
0.149981
0.149992
0.149978
0.149997
0.150024
0.150023
0.149989
0.150007
0.149999
0.150025
0.150014
0.150034
0.150035
0.150054
0.150046
0.15004
0.150032
0.150054
0.150053
0.150057
0.150068
0.150033
0.150011
0.149997
0.15001
0.150017
0.150022
0.150004
0.149982
0.150004
0.150005
0.149999
0.150001
0.15001
0.149994
0.14998
0.149987
0.149981
0.149991
0.150018
0.150015
0.150004
0.150004
0.150011
0.149997
0.150037
0.150027
0.150021
0.150031
0.150015
0.150034
0.150045
0.150041
0.150048
0.150052
0.150028
0.150032
0.150028
0.150038
0.150021
0.149995
0.149995
0.150004
0.15001
0.150011
0.150021
0.150003
0.15001
0.149984
0.149983
0.14996
0.149933
0.149926
0.149925
0.149944
0.149939
0.149937
0.149939
0.149947
0.149936
0.149968
0.149997
0.149977
0.149985
0.150001
0.150033
0.150018
0.150034
0.150047
0.150052
0.150034
0.150025
0.150021
0.149999
0.15
0.150008
0.150008
0.14997
0.149982
0.149975
0.149968
0.14996
0.149981
0.149976
0.149999
0.149986
0.149988
0.149997
0.149974
0.14996
0.149978
0.149975
0.149961
0.149951
0.149956
0.149952
0.149973
0.149976
0.149996
0.149994
0.149991
0.149988
0.15002
0.150001
0.150012
0.150029
0.150071
0.15006
0.150065
0.150076
0.150065
0.150026
0.150027
0.150017
0.149986
0.149984
0.14999
0.149967
0.149937
0.149942
0.149927
0.149943
0.149951
0.14995
0.149967
0.14997
0.149966
0.149956
0.149979
0.149979
0.150025
0.150027
0.150024
0.15002
0.150014
0.150039
0.150046
0.150018
0.150019
0.150023
0.150022
0.150042
0.15004
0.150053
0.150022
0.150019
0.150018
0.149989
0.149981
0.150013
0.150004
0.150006
0.150031
0.150028
0.150006
0.150003
0.150013
0.149998
0.150002
0.15001
0.150013
0.150015
0.150004
0.150027
0.150051
0.150066
0.150064
0.150067
0.150068
0.150058
0.150048
0.150061
0.150069
0.150065
0.150055
0.150051
0.150045
0.150032
0.15002
0.150009
0.149995
0.149997
0.149979
0.149956
0.149982
0.149974
0.149943
0.149958
0.149986
0.149974
0.149983
0.149985
0.149989
0.150002
0.150026
0.150011
0.15002
0.150045
0.150039
0.150022
0.150028
0.150052
0.150051
0.150038
0.150045
0.150031
0.150007
0.150026
0.150017
0.150022
0.150014
0.150005
0.150009
0.150008
0.150001
0.149992
0.149998
0.149985
0.149968
0.149964
0.14994
0.149928
0.149943
0.149947
0.149931
0.149923
0.149946
0.14995
0.14996
0.149978
0.149968
0.150004
0.149987
0.149991
0.149986
0.150022
0.150029
0.150046
0.150033
0.150026
0.150029
0.149994
0.150006
0.150011
0.150022
0.149992
0.149974
0.149948
0.149945
0.149942
0.149935
0.149923
0.149923
0.149918
0.149938
0.149931
0.149946
0.149984
0.149972
0.14999
0.150014
0.150016
0.150023
0.150025
0.150032
0.150037
0.150047
0.15006
0.15006
0.150043
0.150029
0.150032
0.150013
0.149999
0.149978
0.149977
0.149971
0.149968
0.149969
0.149957
0.149937
0.149939
0.149911
0.14989
0.149898
0.149913
0.149916
0.149923
0.149922
0.149938
0.14995
0.149973
0.149994
0.15001
0.150016
0.150017
0.150036
0.150039
0.150037
0.150071
0.150068
0.150043
0.150053
0.150042
0.150019
0.150015
0.149985
0.149991
0.149985
0.149967
0.149939
0.149934
0.149932
0.149943
0.149952
0.149955
0.149949
0.149958
0.149969
0.149976
0.150004
0.149999
0.150036
0.150025
0.150045
0.150048
0.150048
0.15004
0.150044
0.150039
0.150025
0.150022
0.150016
0.150032
0.150019
0.150009
0.15
0.14995
0.149956
0.149959
0.14996
0.149946
0.149932
0.149922
0.149913
0.149932
0.14992
0.149894
0.149923
0.149924
0.149917
0.149919
0.149919
0.14993
0.149953
0.149954
0.149981
0.149984
0.149999
0.150008
0.150047
0.150054
0.150033
0.150081
0.150052
0.150044
0.150037
0.150045
0.149997
0.150014
0.150021
0.149986
0.149981
0.149975
0.149939
0.149945
0.149935
0.149937
0.149939
0.149939
0.14993
0.149929
0.14993
0.149925
0.149924
0.149917
0.149916
0.149934
0.149944
0.14997
0.149998
0.149981
0.15
0.149976
0.149983
0.149962
0.149978
0.150001
0.150006
0.150013
0.150015
0.150045
0.150053
0.150037
0.150026
0.150036
0.150008
0.150006
0.150018
0.15001
0.150011
0.150008
0.149975
0.149958
0.14997
0.149979
0.149981
0.149971
0.149981
0.149992
0.150009
0.149998
0.150002
0.149999
0.150022
0.150026
0.150041
0.150005
0.15001
0.149995
0.150004
0.150029
0.149996
0.15001
0.150022
0.150035
0.15001
0.150008
0.150009
0.150018
0.150031
0.150013
0.150012
0.150004
0.150002
0.150005
0.15001
0.149998
0.150024
0.150017
0.150025
0.150012
0.150019
0.150016
0.150009
0.150003
0.150027
0.149981
0.149966
0.149971
0.149978
0.14999
0.14999
0.149996
0.149994
0.149997
0.150002
0.150021
0.15003
0.150042
0.150061
0.150051
0.150032
0.15004
0.15004
0.150033
0.150064
0.150051
0.150048
0.150056
0.150072
0.150082
0.150045
0.150067
0.150069
0.150064
0.150069
0.15006
0.150061
0.150056
0.150047
0.150015
0.14997
0.149986
0.15
0.149982
0.149983
0.149989
0.149981
0.149984
0.149972
0.149963
0.149971
0.150005
0.149995
0.15
0.150003
0.150004
0.14998
0.14996
0.149979
0.149983
0.14998
0.150003
0.149994
0.14998
0.149989
0.149991
0.149994
0.150019
0.150021
0.150026
0.150041
0.150003
0.150009
0.149989
0.149996
0.149998
0.149988
0.149967
0.149964
0.149972
0.149957
0.149971
0.149981
0.149988
0.149991
0.150029
0.150009
0.150012
0.150016
0.149997
0.149975
0.149991
0.149995
0.149999
0.150001
0.149999
0.150012
0.149998
0.149994
0.14999
0.149996
0.150009
0.150018
0.150004
0.149992
0.149987
0.149986
0.149972
0.149957
0.14996
0.14995
0.14995
0.149961
0.149967
0.149969
0.149962
0.149935
0.149931
0.149943
0.149945
0.14995
0.14996
0.149962
0.149967
0.149973
0.149962
0.149993
0.150007
0.149994
0.150005
0.150042
0.150055
0.150058
0.150055
0.15004
0.150039
0.150031
0.150015
0.149986
0.149963
0.149981
0.149962
0.149964
0.149951
0.149966
0.149945
0.14994
0.149933
0.149925
0.149937
0.149944
0.149975
0.149998
0.150035
0.150042
0.150049
0.150043
0.150011
0.150017
0.149973
0.149988
0.149961
0.149941
0.149929
0.149916
0.149892
0.149896
0.149913
0.149924
0.149915
0.149956
0.149958
0.14999
0.149984
0.149972
0.149937
0.149913
0.149922
0.149907
0.14988
0.149885
0.149883
0.149875
0.149951
0.149971
0.150002
0.150027
0.150029
0.150021
0.15
0.149952
0.149955
0.149957
0.149943
0.149992
0.150018
0.150055
0.150103
0.150113
0.150121
0.150109
0.150073
0.150056
0.150031
0.150055
0.150086
0.150109
0.150165
0.150187
0.150203
0.150179
0.150122
0.150093
0.150054
0.150066
0.150049
0.150082
0.150158
0.150183
0.150188
0.150162
0.150082
0.150049
0.150027
0.150037
0.15005
0.150103
0.150131
0.15015
0.150146
0.150107
0.150059
0.150013
0.150018
0.15005
0.150103
0.150148
0.150148
0.150133
0.150047
0.150011
0.150006
0.149998
0.150067
0.150094
0.150114
0.15012
0.150067
0.150032
0.149924
0.149923
0.149985
0.150026
0.150069
0.150101
0.150077
0.150085
0.150029
0.149993
0.149996
0.150019
0.150051
0.150117
0.150129
0.150089
0.150059
0.149968
0.149984
0.149983
0.150056
0.150065
0.150032
0.150047
0.150056
0.15004
0.150083
0.150028
0.149763
0.149457
0.149111
0.148707
0.147842
0.147424
0.14704
0.146622
0.145833
0.145424
0.145023
0.14426
0.143878
0.143467
0.143092
0.14232
0.141961
0.141573
0.141174
0.140429
0.14006
0.139657
0.139293
0.138453
0.138044
0.137626
0.13677
0.136331
0.135929
0.135534
0.134722
0.134324
0.13394
0.13353
0.132711
0.132308
0.131913
0.131539
0.130815
0.130443
0.130051
0.129691
0.128945
0.128576
0.128191
0.127389
0.126949
0.126554
0.126162
0.12534
0.124956
0.124547
0.124166
0.123367
0.122968
0.122556
0.122192
0.12147
0.121078
0.120703
0.119949
0.119551
0.119165
0.118759
0.117936
0.117503
0.117087
0.116672
0.115895
0.115481
0.115069
0.114671
0.113862
0.113447
0.11305
0.112345
0.111992
0.111617
0.111248
0.110527
0.11016
0.109794
0.109391
0.108546
0.108106
0.107734
0.107343
0.106542
0.106139
0.105739
0.104916
0.104558
0.104189
0.103809
0.103088
0.102732
0.102331
0.102014
0.101217
0.100802
0.100366
0.0999386
0.0991091
0.0986937
0.0983086
0.0974538
0.0970423
0.0966429
0.0962604
0.0955205
0.0951408
0.0947726
0.0944315
0.0936796
0.0932913
0.0928567
0.0924184
0.091585
0.0912135
0.0907897
0.0900074
0.0896128
0.0891989
0.0888251
0.0881209
0.0877604
0.0873996
0.0869764
0.0862667
0.085873
0.0854683
0.0850467
0.0842059
0.0837888
0.0833969
0.0829649
0.0821688
0.0817663
0.0813715
0.0806088
0.0802423
0.079892
0.0795265
0.0787965
0.0784035
0.0779834
0.077549
0.0767206
0.0763387
0.0759265
0.0751287
0.0747458
0.0743555
0.0739971
0.07328
0.0729194
0.0725518
0.0721726
0.071389
0.0709581
0.0705139
0.0700798
0.0692852
0.0688551
0.0684423
0.067995
0.0672393
0.0668641
0.0665059
0.0657676
0.0654143
0.0650428
0.0646363
0.0637829
0.0633456
0.0629493
0.0625418
0.061706
0.0612992
0.0609367
0.0605742
0.0598247
0.0594786
0.0591157
0.0583714
0.057955
0.057504
0.0570918
0.0562857
0.0558833
0.0554619
0.0550294
0.054257
0.0538916
0.053534
0.0531824
0.0524708
0.0520696
0.051645
0.0512279
0.0503927
0.0499684
0.0495757
0.0487556
0.0483877
0.0480125
0.0476678
0.0469426
0.0465894
0.0462154
0.0457777
0.0449442
0.0445242
0.04412
0.0436994
0.0428756
0.0424846
0.0421254
0.0414014
0.0410471
0.040688
0.0403116
0.0394615
0.0391092
0.0386371
0.0382456
0.0374275
0.037001
0.0366271
0.0362441
0.0355613
0.0352284
0.0348619
0.034462
0.0336374
0.0332046
0.032795
0.0319567
0.0315453
0.0311291
0.0307403
0.0300368
0.0296824
0.0293458
0.0289819
0.028168
0.0277517
0.0273304
0.0269195
0.0261008
0.0256834
0.02531
0.0245652
0.0242278
0.0238742
0.0235131
0.0226765
0.022266
0.0218261
0.0214188
0.0205957
0.0201645
0.0197632
0.0193839
0.0186952
0.0183613
0.0180019
0.0171993
0.0167864
0.0163614
0.0159537
0.0152341
0.0150013
0.0149105
0.014867
0.0148601
0.0148391
0.01487
0.0148671
0.0148558
0.014836
0.0148579
0.0148378
0.014845
0.0148463
0.0148392
0.0148495
0.0148633
0.0148534
0.014861
0.0148791
0.0149042
0.0148872
0.0149097
0.0149276
0.0149427
0.0149427
0.0149613
0.0149452
0.0149421
0.0149278
0.014922
0.0149201
0.0149142
0.0149213
0.0149071
0.0149384
0.0149209
0.0149268
0.014947
0.0149568
0.0149753
0.0149839
0.0149983
0.0150097
0.0150123
0.0149894
0.0149681
0.0149872
0.0149757
0.0149819
0.0149507
0.0149548
0.0149424
0.0149453
0.0149509
0.0149664
0.0149825
0.0150001
0.0149878
0.0150248
0.0150223
0.0150205
0.0149967
0.0149784
0.0149773
0.0149502
0.0149556
0.0149374
0.0149552
0.0149419
0.0149409
0.0149679
0.0149746
0.014987
0.0150005
0.0149869
0.0150059
0.0150011
0.0150052
0.0149745
0.0149634
0.0149494
0.0149697
0.0149417
0.0149679
0.0149716
0.0149897
0.015001
0.0150222
0.0150169
0.0150497
0.0150282
0.0150457
0.0150272
0.0150006
0.0149958
0.0149644
0.0149682
0.0149569
0.0149579
0.0149641
0.0149924
0.0149841
0.0149982
0.0150134
0.0150258
0.015006
0.0150045
0.0149598
0.0149495
0.0149542
0.0149564
0.0149662
0.0149757
0.0149746
0.0150014
0.0149944
0.0150216
0.015013
0.0150173
0.0150032
0.0149935
0.0149939
0.0149669
0.0149785
0.0149715
0.0150098
0.0150053
0.0150227
0.0150291
0.0150549
0.015064
0.0150617
0.0150201
0.0150219
0.0149776
0.0149963
0.0150166
0.0150089
0.0150157
0.015058
0.0150694
0.0150729
0.0150467
0.0150484
0.0150155
0.0150024
0.0149904
0.0149944
0.0150134
0.015001
0.0150285
0.0150161
0.0150144
0.0150179
0.0150232
0.0149932
0.0149942
0.014981
0.014979
0.014975
0.0149825
0.0150085
0.0150207
0.0150243
0.0150401
0.0150367
0.0150257
0.0150064
0.0149744
0.014973
0.0149687
0.0149651
0.0149789
0.0149944
0.0149909
0.0150207
0.0150133
0.015024
0.0149884
0.0149939
0.0149603
0.0149724
0.0149541
0.0149753
0.0149981
0.0150032
0.0149946
0.0149924
0.0149737
0.0149762
0.0149672
0.0149381
0.0149566
0.0149672
0.0149792
0.0149874
0.0149901
0.0150181
0.0150233
0.0149804
0.0149699
0.0149691
0.014993
0.0149788
0.014986
0.0149783
0.0150123
0.0150072
0.0149771
0.0149863
0.0149754
0.0149786
0.0149792
0.0149822
0.0149926
0.0150007
0.0150274
0.0150351
0.0150384
0.0150112
0.015014
0.0150087
0.0149746
0.0149563
0.0149993
0.0150114
0.014994
0.0150052
0.0150472
0.0150178
0.0150043
0.0149913
0.0149898
0.0150164
0.0150205
0.0150059
0.0150308
0.0150611
0.0150416
0.0150448
0.0150137
0.0150128
0.0150266
0.0150073
0.0150198
0.0150224
0.0150337
0.0150365
0.0150423
0.0150532
0.0150346
0.014986
0.0149978
0.014997
0.0150044
0.0150095
0.0149974
0.0150294
0.0150334
0.0150318
0.014984
0.0150014
0.0149869
0.0149832
0.014977
0.0150203
0.0150305
0.0150578
0.0149884
0.01503
0.0149933
0.0149871
0.0149777
0.0149852
0.0150029
0.0150051
0.0150107
0.0150135
0.014984
0.0149877
0.0149506
0.0149535
0.0149343
0.0149608
0.0149724
0.0150022
0.0150011
0.0150086
0.0150022
0.015001
0.0150273
0.0150162
0.0150033
0.0150133
0.0150241
0.0150356
0.0150469
0.0150404
0.0150369
0.0150273
0.0150086
0.014997
0.0150257
0.01501
0.0150298
0.0150139
0.0150261
0.0150023
0.015022
0.0150301
0.0150186
0.015016
0.0150352
0.0150453
0.0150335
0.0150284
0.0150362
0.0150269
0.0150457
0.0150543
0.0150321
0.0150395
0.0150264
0.0150396
0.0150397
0.0150382
0.0150275
0.0150517
0.0150387
0.0150336
0.0150402
0.0150443
0.0150363
0.0150313
0.0150378
0.0150274
0.0150387
0.0150243
0.015025
0.0150306
0.0150259
0.0150349
0.0150357
0.0150403
0.0150345
0.0150411
0.0150448
0.0150495
0.015028
0.0150524
0.0150435
0.015036
0.0150087
0.0150328
0.0150594
0.015034
0.0150358
0.0150377
0.0150423
0.0150351
0.0150412
0.0150403
0.0150223
0.0150273
0.0150313
0.0150362
0.0150279
0.0150212
0.0150366
0.015025
0.0150229
0.0150231
0.0150416
0.0150389
0.0150356
0.0150325
0.0150304
0.0150499
0.0150303
0.015016
0.0150325
0.015024
0.015021
0.0150428
0.0150481
0.0150442
0.0150199
0.0150315
0.0150351
0.0150244
0.0150387
0.0150155
0.0150273
0.0150388
0.0150325
0.0150273
0.0150253
0.0150413
0.0150239
0.0150222
0.0150269
0.0150464
0.0150357
0.0150427
0.015031
0.0150223
0.015036
0.0150377
0.015037
0.0150471
0.0150164
0.0150477
0.0150268
0.0150419
0.0150208
0.0150358
0.0150286
0.0150432
0.0150306
0.0150271
0.0150173
0.0150202
0.0150207
0.0150207
0.0150333
0.0150371
0.0150372
0.0150288
0.0150582
0.0150404
0.0150169
0.0150407
0.0150292
0.0150315
0.0150414
0.0150242
0.0150236
0.0150402
0.015044
0.0150389
0.0150352
0.0150277
0.0150285
0.0150251
0.0150372
0.0150422
0.015042
0.0150255
0.0150396
0.0150263
0.0150311
0.0150348
0.0150217
0.0150264
0.015041
0.0150281
0.0150172
0.0150156
0.0150323
0.0150315
0.0150236
0.0150259
0.0150449
0.0150423
0.015036
0.0150226
0.0150215
0.015023
0.0150163
0.0150382
0.0150384
0.0150452
0.0150367
0.0150213
0.0150145
0.015027
0.015045
0.0150377
0.0150355
0.015029
0.0150324
0.0150453
0.0150503
0.0150249
0.0150444
0.015038
0.0150373
0.0150372
0.0150324
0.0150353
0.0150327
0.0150477
0.0150352
0.0150344
0.0150342
0.0150314
0.0150287
0.0150342
0.0150323
0.0150292
0.0150472
0.0150389
0.0150434
0.015027
0.0150281
0.0150285
0.0150256
0.0150384
0.0150404
0.0150208
0.0150179
0.0150356
0.0150256
0.0150313
0.0150393
0.0150424
0.0150387
0.0150191
0.0150133
0.0150388
0.0150285
0.015027
0.0150424
0.0150469
0.0150181
0.0150153
0.0150421
0.0150278
0.0150276
0.015033
0.0150269
0.0150453
0.0150325
0.0150198
0.0150289
0.0150354
0.0150456
0.0150299
0.0150402
0.0150371
0.0150323
0.0150177
0.0150208
0.0150282
0.0150273
0.0150376
0.0150182
0.0150371
0.0150384
0.015028
0.0150243
0.0150404
0.0150371
0.015036
0.0150204
0.015033
0.0150408
0.0150274
0.01503
0.0150358
0.0150205
0.015035
0.0150387
0.0150335
0.0150197
0.0150348
0.0150178
0.0150336
0.0150252
0.0150368
0.0150447
0.0150256
0.015038
0.0150419
0.0150206
0.0150272
0.0150207
0.015025
0.0150357
0.015022
0.0150379
0.0150105
0.0150112
0.0150371
0.0150419
0.0150421
0.0150301
0.0150434
0.015033
0.0150472
0.0150372
0.0150429
0.0150378
0.0150373
0.0150555
0.0150358
0.0150427
0.0150279
0.0150178
0.0150293
0.0150326
0.0150383
0.0150331
0.0150306
0.0150208
0.0150264
0.0150243
0.0150467
0.0150455
0.0150252
0.0150174
0.0150333
0.0150067
0.0150402
0.0150373
0.0150366
0.0150139
0.0150254
0.0150252
0.0150314
0.0150412
0.0150252
0.0150246
0.0150295
0.0150338
0.0150214
0.0150327
0.0150344
0.0150146
0.015026
0.0150195
0.0150217
0.0150205
0.0150285
0.0150453
0.0150331
0.0150142
0.0150231
0.0150441
0.0150376
0.015031
0.0150181
0.0150343
0.0150225
0.0150373
0.0150382
0.015017
0.0150293
0.0150484
0.0150222
0.0150384
0.015015
0.0150353
0.0150163
0.0150256
0.0150286
0.0150223
0.0150425
0.0150298
0.0150379
0.0150305
0.0150367
0.0150328
0.0150383
0.0150513
0.0150268
0.0150276
0.0150391
0.0150186
0.0150225
0.0150365
0.0150252
0.0150266
0.0150461
0.015032
0.0150374
0.015029
0.0150163
0.0150308
0.0150204
0.0150479
0.0150423
0.0150375
0.0150224
0.0150238
0.0150478
0.0150344
0.0150407
0.015023
0.015034
0.0150369
0.0150265
0.0150384
0.0150373
0.0150399
0.0150367
0.0150389
0.0150363
0.015018
0.0150467
0.0150232
0.0150368
0.0150192
0.0150417
0.015028
0.0150426
0.0150291
0.0150268
0.0150391
0.0150244
0.0150453
0.0150608
0.0150236
0.0150336
0.0150321
0.0150286
0.0150247
0.0150256
0.0150357
0.0150285
0.0150332
0.015027
0.0150464
0.0150339
0.0150152
0.0150206
0.0150288
0.0150264
0.0150271
0.0150356
0.0150208
0.0150423
0.015023
0.0150255
0.0150497
0.0150318
0.0150355
0.0150201
0.0150458
0.0150286
0.0150279
0.0150344
0.0150257
0.0150297
0.015046
0.0150205
0.0150365
0.0150315
0.0150273
0.0150233
0.0150379
0.01504
0.0150404
0.0150344
0.0150405
0.0150229
0.0150251
0.0150259
0.015024
0.015046
0.0150286
0.0150232
0.0150405
0.015029
0.0150206
0.0150184
0.0150388
0.0150261
0.0150419
0.0150365
0.0150221
0.0150356
0.0150378
0.0150207
0.0150503
0.0150475
0.0150198
0.0150438
0.0150411
0.0150443
0.0150451
0.0150392
0.0150233
0.0150213
0.0150334
0.0150371
0.0150393
0.0150365
0.0150311
0.0150231
0.0150336
0.0150266
0.015041
0.0150338
0.0150412
0.0150177
0.0150467
0.0150397
0.0150432
0.0150363
0.015028
0.0150333
0.0150315
0.0150235
0.0150494
0.0150475
0.0150414
0.015025
0.0150325
0.015034
0.0150439
0.0150218
0.0150215
0.0150399
0.0150338
0.01504
0.0150384
0.0150305
0.015019
0.0150264
0.0150309
0.0150381
0.0150384
0.0150314
0.0150472
0.0150379
0.0150327
0.0150202
0.015024
0.0150339
0.0150374
0.0150245
0.015037
0.0150307
0.0150273
0.015025
0.0150329
0.0150387
0.0150285
0.0150259
0.0150183
0.0150183
0.0150291
0.0150185
0.0150297
0.0150304
0.0150368
0.0150261
0.0150329
0.0150217
0.0150414
0.015035
0.0150269
0.0150506
0.0150315
0.0150417
0.0150332
0.0150403
0.0150295
0.0150296
0.0150227
0.0150384
0.0150291
0.0150246
0.0150369
0.0150556
0.0150271
0.015047
0.015029
0.015037
0.0150248
0.0150314
0.0150169
0.0150355
0.0150371
0.0150484
0.015036
0.0150281
0.015052
0.0150324
0.0150151
0.0150295
0.0150144
0.0150224
0.0150235
0.0150434
0.0150165
0.0150267
0.0150302
0.0150334
0.0150371
0.0150216
0.0150302
0.0150195
0.0150384
0.0150372
0.0150263
0.0150363
0.0150238
0.0150313
0.0150163
0.0150399
0.0150411
0.015036
0.0150329
0.0150219
0.0150296
0.0150376
0.0150266
0.0150311
0.0150222
0.0150304
0.0150268
0.0150206
0.0150387
0.015029
0.0150306
0.0150191
0.0150393
0.0150313
0.0150107
0.0150272
0.0150359
0.0150315
0.0150296
0.0150147
0.0150371
0.0150292
0.01503
0.0150278
0.015018
0.0150129
0.0150336
0.0150468
0.0150356
0.0150254
0.0150382
0.0150164
0.01502
0.0150308
0.0150264
0.0150191
0.0150191
0.0150158
0.0150405
0.015036
0.01501
0.0150236
0.0150226
0.0150242
0.0150246
0.0150408
0.0150388
0.0150216
0.0150444
0.015023
0.0150202
0.0150392
0.0150423
0.0150229
0.0150368
0.0150324
0.0150269
0.015037
0.0150231
0.0150262
0.0150223
0.0150438
0.0150423
0.0150293
0.0150298
0.015021
0.01505
0.0150236
0.0150286
0.0150287
0.0150267
0.0150293
0.0150243
0.0150407
0.0150213
0.0150335
0.0150211
0.0150281
0.0150325
0.0150181
0.0150409
0.0150141
0.0150335
0.0150229
0.0150104
0.0150345
0.0150104
0.0150324
0.0150238
0.0150286
0.0150302
0.0150371
0.0150354
0.0150124
0.0150253
0.0150354
0.0150357
0.0150389
0.0150348
0.0150223
0.0150295
0.0150124
0.0150315
0.0150238
0.0150386
0.0150157
0.0150439
0.0150327
0.0150282
0.0150179
0.0150423
0.0150326
0.0150104
0.0150315
0.0150409
0.0150269
0.0150323
0.0150401
0.01504
0.015025
0.0150254
0.0150362
0.0150187
0.0150185
0.0150312
0.015035
0.0150242
0.0150296
0.0150152
0.0150154
