-9.99099e-05
-6.31813e-05
-5.38687e-05
-8.47906e-05
-0.000100202
-0.000102135
-0.000102465
-4.85892e-05
-2.97946e-05
-6.2942e-05
-8.24889e-05
-4.58135e-05
-4.41731e-05
-4.22232e-05
-6.80106e-05
-6.23891e-05
-0.000102457
-6.17936e-05
-8.61443e-05
-4.91213e-05
-0.000106562
-7.86794e-05
-8.2841e-05
-0.000101901
-3.06187e-05
-2.58885e-05
-6.73057e-05
-4.42064e-05
-4.38793e-05
-7.06662e-05
-4.6947e-05
-6.89665e-05
-4.96668e-05
-0.000101101
-8.4997e-05
-5.08239e-05
-4.80166e-05
-0.000103301
-5.07938e-05
-4.94449e-05
-0.000104322
-0.000124991
-0.000101701
-8.91477e-05
-5.07908e-05
-3.05477e-05
-5.18504e-05
-4.75485e-05
-4.82508e-05
-6.51387e-05
-5.08396e-05
-4.96365e-05
-4.85996e-05
-4.55092e-05
-8.12002e-05
-4.82402e-05
-8.50682e-05
-7.83792e-05
-0.000116718
-4.57628e-05
-6.58862e-05
-4.69435e-05
-0.000102123
-8.74334e-05
-6.48974e-05
-3.25709e-05
-0.000103203
-6.18224e-05
-6.74317e-05
-6.85007e-05
-0.000101399
-6.18619e-05
-6.77013e-05
-6.61866e-05
-6.40382e-05
-8.19728e-05
-2.45142e-05
-0.000104384
-8.41782e-05
-0.000103596
-4.44172e-05
-6.37195e-05
-7.89178e-05
-3.06765e-05
-0.000100202
-4.58584e-05
-5.02329e-05
-8.41688e-05
-9.74664e-05
-7.31511e-05
-0.0001022
-5.18248e-05
-9.99578e-05
-8.47589e-05
-6.59769e-05
-4.0362e-05
-0.000104675
-4.66661e-05
-0.000105256
-6.43706e-05
-6.43083e-05
-6.75578e-05
-8.14095e-05
-4.69001e-05
-8.61714e-05
-6.79429e-05
-6.95389e-05
-9.92099e-06
-9.8842e-05
-9.9745e-05
-2.61798e-05
-6.43368e-05
-6.15349e-05
-8.89563e-05
-5.37868e-05
-4.63581e-05
-2.61271e-05
-6.23303e-05
-6.57225e-05
-4.80262e-05
-8.14331e-05
-9.14238e-05
-8.09033e-05
-7.92295e-05
-2.48936e-05
-6.72764e-05
-0.000102159
-6.37707e-05
-5.22102e-05
-8.31306e-05
-8.31207e-05
-1.01719e-05
-4.68912e-05
-4.46771e-05
-6.35386e-05
-5.23872e-05
-4.52859e-05
-3.03578e-05
-4.29974e-05
-6.3496e-05
-4.58167e-05
-6.93033e-05
-3.005e-05
-2.7562e-05
-6.73786e-05
-6.51466e-05
-8.85116e-05
-4.5812e-05
-7.01847e-05
-0.000102192
-2.72873e-05
-7.04812e-05
-6.79667e-05
-8.49714e-05
-6.18464e-05
-5.88003e-05
-9.82868e-06
-4.96461e-05
-4.91067e-05
-4.71833e-05
-2.35686e-05
-6.46449e-05
-4.58329e-05
-4.72159e-05
-2.64624e-05
-5.07953e-05
-6.56835e-05
-0.000101913
-0.00010327
-2.58923e-05
-4.96871e-05
-6.68811e-05
-2.69682e-05
-4.6893e-05
-4.82958e-05
-4.33104e-05
1.19366e-05
-7.06617e-05
-8.22293e-05
-6.5685e-05
-8.5875e-05
-7.14813e-05
-5.10722e-05
-4.86148e-05
-8.72066e-05
-8.55201e-05
-7.97888e-05
-6.7664e-05
-0.000100536
-6.8558e-05
-2.61745e-05
-6.43368e-05
-2.28943e-05
-5.29024e-05
-7.10521e-06
-4.21345e-05
-6.90289e-05
-4.55565e-05
-2.8646e-05
-8.45118e-05
-4.88525e-05
-4.69594e-05
-6.78476e-05
-8.65061e-05
-6.26609e-05
-6.54132e-05
-2.78986e-05
-6.92982e-05
-4.54883e-05
-1.57528e-05
-6.68179e-05
-6.57225e-05
-3.3184e-05
-0.000102747
-8.81023e-05
-7.97506e-06
-6.63054e-05
-0.000102457
-6.30034e-05
-2.87219e-05
-6.52099e-05
-3.60827e-05
-6.71518e-05
-0.000101044
-4.16561e-05
-4.90943e-05
-2.70019e-05
-4.77232e-05
-9.05168e-05
-2.76302e-05
-9.87841e-06
-6.82856e-05
-8.66818e-05
-4.77849e-05
-6.48518e-05
-6.65879e-05
-1.01834e-05
-6.62682e-05
-6.65544e-05
-5.43825e-05
-4.68942e-05
-0.000285154
-0.00101351
-0.00296483
-0.00450514
-0.00628276
-0.0100608
-0.0119601
-0.013792
-0.0155663
-0.019267
-0.0210618
-0.0228944
-0.0246973
-0.0283975
-0.0301526
-0.0319756
-0.0336505
-0.0370747
-0.03888
-0.0406369
-0.04239
-0.0461455
-0.0478822
0.0496638
0.0532935
0.0550572
0.0568198
0.0586048
0.0620991
0.0639678
0.0657717
0.06748
0.0708725
0.0725945
0.0744032
0.0762467
0.0796969
0.0814321
0.083241
0.0866557
0.0883388
0.0900607
0.0917958
0.0953667
0.0970708
0.0989241
0.100621
0.104029
0.105775
0.107555
0.109237
0.112759
0.114563
0.116308
0.1198
0.121495
0.123207
0.124857
0.128356
0.129983
0.131679
0.133275
0.136558
0.138204
0.139921
0.141691
0.145099
0.146768
0.148504
0.150235
0.153618
0.155307
0.157048
0.160513
0.162204
0.163853
0.165457
0.168971
0.170661
0.172416
0.174111
0.177432
0.179008
0.180698
0.182337
0.185541
0.187254
0.188941
0.192293
0.193964
0.195678
0.197407
0.200778
0.202486
0.20413
0.20578
0.2091
0.210841
0.212519
0.214135
0.217341
0.219001
0.220533
0.223735
0.22534
0.227035
0.228605
0.232002
0.233665
0.235272
0.236977
0.240257
0.24187
0.243545
0.24515
0.248494
0.250009
0.251727
0.25331
0.256631
0.258207
0.259755
0.262878
0.264502
0.266002
0.267607
0.270777
0.272362
0.274008
0.275672
0.278882
0.280524
0.282104
0.283791
0.287093
0.288683
0.290326
0.293527
0.295196
0.29669
0.298242
0.301325
0.302859
0.304417
0.305985
0.309114
0.310731
0.312269
0.313924
0.317066
0.318602
0.320156
0.323374
0.324869
0.326446
0.327932
0.331197
0.332718
0.334381
0.33587
0.338978
0.340455
0.341972
0.343442
0.346512
0.348132
0.349712
0.351219
0.354436
0.356004
0.357595
0.360724
0.362312
0.363776
0.365391
0.368516
0.369965
0.371522
0.372964
0.375945
0.377393
0.378954
0.380414
0.383473
0.385116
0.386514
0.389647
0.391072
0.392619
0.394173
0.397193
0.398725
0.400241
0.401745
0.404876
0.406356
0.407799
0.40931
0.412173
0.413652
0.415065
0.418063
0.419547
0.421079
0.422581
0.425661
0.427151
0.428704
0.430187
0.43306
0.434607
0.436153
0.437593
0.440601
0.442175
0.443525
0.446502
0.44793
0.449379
0.450872
0.453722
0.455134
0.456528
0.457975
0.460859
0.462297
0.463785
0.465256
0.468201
0.46964
0.471098
0.4726
0.475463
0.476892
0.47838
0.481285
0.482758
0.484269
0.485805
0.488727
0.490274
0.491663
0.493154
0.496054
0.497465
0.498869
0.5003
0.503035
0.5044
0.50579
0.508512
0.509979
0.511259
0.512704
0.515451
0.516971
0.518402
0.519771
0.5226
0.524017
0.525441
0.52683
0.529864
0.531392
0.532769
0.534258
0.536986
0.538362
0.539732
0.542492
0.543797
0.545237
0.54665
0.549465
0.550776
0.552164
0.553551
0.556394
0.557784
0.559076
0.560485
0.563253
0.564599
0.566
0.568736
0.570066
0.571434
0.572826
0.575462
0.576918
0.578347
0.579748
0.582398
0.583768
0.58506
0.58648
0.589271
0.590641
0.592055
0.593372
0.595995
0.597303
0.598627
0.601329
0.602769
0.60411
0.605523
0.608182
0.609603
0.61089
0.612228
0.614859
0.616192
0.617547
0.618877
0.621537
0.622836
0.624137
0.626756
0.62812
0.629485
0.630778
0.633354
0.634684
0.635943
0.637344
0.640039
0.641365
0.642725
0.644036
0.646645
0.648002
0.649282
0.65184
0.653055
0.654403
0.655715
0.658327
0.659625
0.660957
0.662256
0.664893
0.666131
0.667453
0.66876
0.671361
0.67266
0.673999
0.675262
0.677834
0.678989
0.680306
0.682911
0.68417
0.685484
0.68673
0.689159
0.690557
0.691819
0.693105
0.695633
0.696949
0.698197
0.699545
0.701962
0.703182
0.704438
0.707059
0.708317
0.709571
0.710752
0.713158
0.714404
0.715635
0.716907
0.719508
0.72076
0.721969
0.723232
0.725671
0.726925
0.728215
0.730713
0.732002
0.73328
0.734502
0.736916
0.738201
0.739484
0.740812
0.743239
0.744461
0.745757
0.746915
0.749391
0.750558
0.751689
0.75289
0.755363
0.756595
0.757786
0.760253
0.761352
0.762536
0.763802
0.76613
0.767288
0.768602
0.76984
0.772374
0.773527
0.774722
0.775845
0.778212
0.779434
0.780663
0.783115
0.784264
0.785389
0.78665
0.788889
0.790152
0.791352
0.792663
0.795048
0.796337
0.797449
0.798663
0.801025
0.802256
0.803529
0.806049
0.807098
0.808233
0.809379
0.811669
0.812896
0.81408
0.815223
0.817516
0.81864
0.819728
0.820853
0.823128
0.824276
0.825403
0.827688
0.828792
0.82999
0.831082
0.833537
0.834689
0.835948
0.837048
0.839326
0.840452
0.841653
0.842812
0.845044
0.846097
0.847283
0.848431
0.850587
0.851832
0.852958
0.855234
0.856348
0.857489
0.858574
0.860932
0.862181
0.863269
0.864313
0.866462
0.867569
0.868528
0.869587
0.871848
0.872985
0.874012
0.876262
0.877291
0.878346
0.879413
0.881758
0.882851
0.884038
0.885177
0.887301
0.88845
0.889481
0.890565
0.892879
0.893975
0.895081
0.896217
0.898331
0.899429
0.900622
0.902757
0.903855
0.90496
0.906116
0.908234
0.909303
0.910329
0.911407
0.913613
0.914754
0.915793
0.918067
0.919201
0.920277
0.921252
0.923464
0.924542
0.925664
0.926731
0.928889
0.929907
0.930848
0.931915
0.934019
0.935076
0.936155
0.938182
0.939293
0.940264
0.941341
0.943529
0.944599
0.945689
0.946772
0.948779
0.949826
0.950786
0.9518
0.953843
0.954825
0.955843
0.957856
0.958885
0.959934
0.960869
0.962998
0.963997
0.964987
0.966135
0.968411
0.969498
0.970624
0.971594
0.973608
0.974622
0.975617
0.976608
0.978612
0.979707
0.980691
0.9817
0.983607
0.984624
0.985665
0.987785
0.988829
0.989911
0.990921
0.992969
0.993978
0.994971
0.995994
0.997925
0.998937
0.999857
1.00088
1.00282
1.0037
1.00466
1.00561
1.0075
1.00853
1.00955
1.01061
1.01257
1.01353
1.0145
1.01652
1.01763
1.01867
1.01963
1.02166
1.02253
1.02344
1.02438
1.02609
1.02714
1.02815
1.02909
1.0311
1.03209
1.03316
1.03406
1.03598
1.03695
1.03786
1.03996
1.04094
1.04185
1.04288
1.04464
1.04557
1.0464
1.04735
1.04929
1.05024
1.05115
1.05213
1.05407
1.05499
1.05601
1.05779
1.0587
1.05962
1.06053
1.06249
1.06356
1.06459
1.0654
1.06731
1.0682
1.06908
1.07005
1.07198
1.07289
1.07401
1.07586
1.07686
1.07792
1.07878
1.08055
1.08137
1.08223
1.08316
1.08498
1.08589
1.0868
1.08773
1.08961
1.09051
1.09136
1.09228
1.09399
1.09496
1.09584
1.09771
1.09868
1.09958
1.10054
1.10235
1.10325
1.10412
1.10496
1.10689
1.10788
1.10875
1.10964
1.11146
1.11227
1.11319
1.11476
1.11574
1.11654
1.11747
1.11919
1.12008
1.1209
1.12182
1.12359
1.12466
1.12555
1.12668
1.1285
1.12933
1.13014
1.13174
1.13249
1.13319
1.134
1.13586
1.13667
1.13759
1.13832
1.14009
1.14108
1.14199
1.14288
1.14475
1.14547
1.14615
1.1477
1.14846
1.14932
1.15029
1.15207
1.1529
1.1538
1.15468
1.15661
1.15747
1.1582
1.15887
1.16032
1.16111
1.16184
1.16377
1.16474
1.16558
1.1665
1.16794
1.16858
1.16936
1.17029
1.17175
1.17209
1.17328
1.17429
1.17624
1.177
1.17773
1.17843
1.17995
1.18072
1.18149
1.183
1.18402
1.18489
1.18592
1.18764
1.18826
1.18886
1.1895
1.19106
1.19184
1.19274
1.19363
1.19517
1.19601
1.19669
1.19791
1.1987
1.19945
1.20044
1.20217
1.20302
1.2039
1.20472
1.2063
1.20694
1.20738
1.20813
1.20985
1.21089
1.21173
1.21323
1.21401
1.21464
1.2153
1.21665
1.21747
1.21827
1.21908
1.22104
1.22164
1.22234
1.22295
1.2245
1.22522
1.22586
1.22711
1.22751
1.2278
1.22775
1.22768
1.22763
1.22771
1.22774
1.22783
1.22761
1.22762
1.22762
1.22771
1.22769
1.22767
1.22767
1.2277
1.22765
1.22766
1.22767
1.22766
1.22775
1.22774
1.22775
1.22767
1.22768
1.22766
1.22757
1.22748
1.22751
1.2274
1.22748
1.2275
1.2275
1.22759
1.22769
1.22769
1.22769
1.22773
1.22769
1.22765
1.22767
1.22773
1.22769
1.22764
1.22765
1.22748
1.2275
1.22742
1.22744
1.22734
1.22729
1.2273
1.22739
1.22755
1.22759
1.22766
1.22786
1.22777
1.22784
1.22775
1.2278
1.2278
1.22778
1.22775
1.2276
1.22759
1.22755
1.22741
1.22734
1.2273
1.2273
1.22734
1.22748
1.22749
1.22752
1.22752
1.22758
1.22767
1.22759
1.22768
1.22763
1.22762
1.22758
1.22749
1.22746
1.22738
1.22726
1.22719
1.22714
1.2272
1.22735
1.22754
1.22745
1.22758
1.22763
1.22767
1.22776
1.22786
1.22774
1.22769
1.22771
1.22759
1.22751
1.22751
1.22729
1.22736
1.22735
1.22742
1.22747
1.22751
1.22754
1.22756
1.22769
1.22778
1.22777
1.2277
1.22762
1.22759
1.22748
1.22738
1.22731
1.22725
1.22727
1.22738
1.22749
1.22749
1.22752
1.22761
1.22758
1.22769
1.22768
1.22755
1.22746
1.22738
1.22753
1.22726
1.22729
1.2273
1.22739
1.22755
1.22764
1.22766
1.22775
1.22782
1.22784
1.2279
1.22788
1.22785
1.22763
1.22763
1.22741
1.22745
1.22748
1.22757
1.22758
1.22762
1.22764
1.22776
1.22781
1.22769
1.22766
1.22739
1.22742
1.22727
1.22725
1.2273
1.22743
1.22752
1.22762
1.22759
1.22771
1.22769
1.22789
1.22765
1.22777
1.22759
1.22747
1.22728
1.22735
1.2273
1.22749
1.22753
1.22758
1.22764
1.22777
1.22779
1.22777
1.22767
1.22758
1.2274
1.22741
1.22729
1.22735
1.22741
1.22757
1.22762
1.22763
1.22764
1.22781
1.22778
1.22773
1.22758
1.22753
1.22737
1.22742
1.22741
1.22754
1.22761
1.22777
1.22771
1.22776
1.22773
1.22772
1.22763
1.22744
1.22737
1.22737
1.22743
1.2276
1.22759
1.22771
1.2277
1.22786
1.22774
1.22777
1.22751
1.2275
1.22734
1.22732
1.22742
1.22745
1.22753
1.22753
1.22757
1.22767
1.22765
1.22759
1.22735
1.22727
1.22725
1.2272
1.22738
1.22747
1.22751
1.22762
1.22771
1.22772
1.22769
1.22756
1.22749
1.22736
1.22725
1.22735
1.22739
1.22748
1.22746
1.22761
1.2276
1.2276
1.22748
1.22736
1.22729
1.2272
1.22731
1.22731
1.22748
1.22745
1.22763
1.22764
1.2277
1.22764
1.22743
1.22727
1.22715
1.22725
1.22726
1.22739
1.22737
1.22753
1.22758
1.22751
1.22745
1.22748
1.22752
1.22743
1.22748
1.22751
1.22751
1.22747
1.22752
1.22749
1.22754
1.22757
1.22752
1.2275
1.22748
1.22756
1.22763
1.22762
1.22766
1.22764
1.22763
1.22766
1.22764
1.22761
1.22761
1.2276
1.2276
1.22764
1.22764
1.22761
1.22762
1.22763
1.22758
1.2276
1.22763
1.22768
1.22765
1.22764
1.22766
1.22762
1.22762
1.22761
1.22763
1.22761
1.22756
1.22759
1.22754
1.2276
1.22759
1.22756
1.22759
1.22757
1.22756
1.22763
1.22762
1.22762
1.22756
1.22754
1.22756
1.22756
1.22762
1.22759
1.2276
1.22759
1.2276
1.22752
1.22758
1.22759
1.22762
1.22762
1.22761
1.2276
1.22767
1.22763
1.22761
1.22756
1.22758
1.22757
1.2276
1.22754
1.22758
1.22755
1.22756
1.22757
1.22754
1.22759
1.22759
1.22756
1.22765
1.22759
1.22755
1.22753
1.22753
1.2276
1.22753
1.22758
1.22761
1.2276
1.22757
1.22764
1.22764
1.22765
1.22766
1.22762
1.22762
1.22765
1.22763
1.22759
1.22761
1.22761
1.22763
1.22761
1.22758
1.22758
1.22761
1.22764
1.22763
1.22762
1.22755
1.22757
1.22763
1.22755
1.22756
1.2275
1.22754
1.22762
1.22762
1.22757
1.22755
1.22755
1.22755
1.22752
1.22759
1.2275
1.22745
1.22752
1.22758
1.22752
1.22749
1.22753
1.22758
1.22753
1.22758
1.22755
1.22752
1.22751
1.22749
1.22758
1.22749
1.22751
1.22757
1.22759
1.22761
1.22762
1.22759
1.22753
1.22756
1.22758
1.22756
1.22754
1.22751
1.22754
1.2276
1.22759
1.22755
1.22757
1.22759
1.22757
1.22754
1.22756
1.22757
1.22761
1.22761
1.22755
1.22761
1.22758
1.22762
1.22756
1.22757
1.22759
1.22764
1.22764
1.22759
1.22761
1.22765
1.22763
1.22763
1.22758
1.22756
1.22764
1.22762
1.22759
1.22756
1.22757
1.22764
1.22762
1.2276
1.22757
1.22757
1.22757
1.22754
1.22754
1.22754
1.22757
1.22758
1.2276
1.22768
1.22761
1.22759
1.2276
1.22758
1.22755
1.22757
1.22757
1.22756
1.22756
1.22756
1.22762
1.22754
1.22746
1.22755
1.22761
1.22753
1.22752
1.22759
1.22762
1.22756
1.22754
1.22755
1.22759
1.22754
1.22751
1.22751
1.22752
1.22754
1.22753
1.22755
1.22751
1.22749
1.22748
1.22746
1.22753
1.22754
1.22751
1.22754
1.22759
1.22759
1.22753
1.2275
1.22759
1.2276
1.22761
1.22756
1.22762
1.2277
1.22765
1.22762
1.2275
1.22761
1.22756
1.22758
1.22755
1.22754
1.22752
1.22755
1.22752
1.2276
1.22749
1.22748
1.22751
1.22753
1.22752
1.22745
1.22751
1.22753
1.22759
1.22759
1.22756
1.22761
1.22755
1.22765
1.2276
1.22755
1.22753
1.22757
1.22761
1.22761
1.22753
1.22749
1.22752
1.22751
1.22752
1.22754
1.22755
1.22753
1.22752
1.22751
1.22757
1.22755
1.22755
1.22753
1.22752
1.22755
1.22749
1.22748
1.22752
1.22748
1.22744
1.22752
1.22754
1.22746
1.22746
1.22749
1.22748
1.22748
1.2275
1.22748
1.22749
1.22748
1.22749
1.22751
1.22749
1.22745
1.22747
1.22744
1.22743
1.22744
1.22745
1.22745
1.22747
1.22749
1.22748
1.22749
1.22749
1.22749
1.2275
1.22748
1.22748
1.22746
1.22746
1.22748
1.22748
1.22747
1.22746
1.22748
1.22746
1.22752
1.22747
1.22747
1.2275
1.22756
1.22751
1.22746
1.22749
1.22751
1.22749
1.22747
1.22752
1.22749
1.22749
1.22752
1.22754
1.22753
1.22752
1.22751
1.22754
1.2275
1.22753
1.22753
1.22752
1.22749
1.22747
1.22752
1.22751
1.22751
1.22747
1.22751
1.22755
1.2275
1.22755
1.22753
1.22748
1.22749
1.2275
1.22755
1.22752
1.22752
1.22754
1.22752
1.22754
1.22755
1.22749
1.22753
1.22751
1.22753
1.22749
1.22752
1.22753
1.22754
1.22749
1.22753
1.22748
1.22752
1.22754
1.22752
1.22752
1.22751
1.22749
1.22755
1.22751
1.22753
1.22751
1.22756
1.22752
1.22754
1.22753
1.22752
1.22753
1.22756
1.22753
1.22755
1.22755
1.22755
1.22753
1.22752
1.22757
1.22746
1.22751
1.22755
1.22751
1.22753
1.22753
1.22749
1.22751
1.22755
1.22755
1.22751
1.22753
1.22753
1.22755
1.22753
1.22754
1.22753
1.22754
1.2275
1.22756
1.22751
1.22755
1.22755
1.22753
1.22755
1.22755
1.2275
1.22752
1.22757
1.22755
1.22755
1.22754
1.22758
1.22754
1.22748
1.22749
1.22755
1.22752
1.22757
1.22754
1.22757
1.22752
1.22751
1.2275
1.22752
1.22757
1.22756
1.22753
1.22752
1.22753
1.22751
1.22755
1.22754
1.2275
1.22752
1.22756
1.22752
1.22753
1.22753
1.22753
1.22754
1.22751
1.22753
1.22753
1.22753
1.22755
1.22755
1.22756
1.22753
1.22754
1.22753
1.22754
1.22752
1.22752
1.22756
1.22753
1.22757
1.22753
1.22758
1.22752
1.22753
1.22757
1.22759
1.22755
1.22755
1.22754
1.2275
1.22751
1.22752
1.22754
1.22759
1.22751
1.22754
1.22753
1.22752
1.22751
1.22755
1.22757
1.22752
1.22755
1.22754
1.22753
1.22755
1.22754
1.22753
1.22755
1.22755
1.22755
1.22751
1.22754
1.22753
1.22754
1.22756
1.22757
1.22756
1.22754
1.22756
1.22753
1.22757
1.22751
1.22751
1.22754
1.22756
1.22752
1.22753
1.22753
1.22756
1.22756
1.22751
1.22754
1.22754
1.22752
1.22757
1.22752
1.22751
1.22756
1.22758
1.22753
1.22758
1.22756
1.22758
1.22753
1.22753
1.22757
1.22753
1.22754
1.22758
1.22757
1.2276
1.22757
1.22751
1.22755
1.22754
1.22757
1.22759
1.22751
1.22752
1.22755
1.22754
1.22748
1.22754
1.22753
1.22755
1.22752
1.22754
1.22755
1.2275
1.22755
1.22752
1.22754
1.22756
1.22758
1.22754
1.22755
1.22754
1.22758
1.22757
1.22754
1.22756
1.22751
1.22753
1.22757
1.22757
1.22756
1.22761
1.22751
1.22753
1.22755
1.22759
1.22756
1.22758
1.22753
1.22751
1.22759
1.22757
1.22754
1.22754
1.22756
1.22755
1.22755
1.22754
1.22757
1.22758
1.22758
1.22758
1.22754
1.22752
1.22753
1.22757
1.22758
1.22753
1.22753
1.22755
1.22759
1.22754
1.22757
1.22755
1.22753
1.2276
1.22757
1.22752
1.22759
1.22751
1.22759
1.22752
1.22756
1.22757
1.22755
1.22755
1.22753
1.22757
1.22754
1.22755
1.22754
1.22755
1.22754
1.2275
1.22759
1.22753
1.22754
1.22756
1.22757
1.22754
1.22757
1.22758
1.22753
1.22755
1.22755
1.22755
1.22758
1.22756
1.22761
1.22753
1.22755
1.22756
1.22756
1.22755
1.2275
1.22753
1.22754
1.22755
1.22753
1.22757
1.22757
1.22753
1.22752
1.22754
1.22751
1.22755
1.22757
1.22757
1.22752
1.22758
1.22756
1.22758
1.22752
1.22757
1.2275
1.22754
1.22758
1.22753
1.22757
1.22755
1.22749
1.22755
1.22756
1.22754
1.22756
1.22756
1.22756
1.22755
1.22756
1.22756
1.22757
1.22753
1.22755
1.22757
1.22758
1.22755
1.22756
1.22759
1.22752
1.22757
1.22753
1.22756
1.22754
1.2275
1.22755
1.22754
1.22757
1.22752
1.22757
1.22756
1.22753
1.22759
1.22754
1.22751
1.22756
1.22754
1.22757
1.22755
1.22755
1.22756
1.22756
1.22753
1.22754
1.22756
1.22758
1.22755
1.22755
1.22755
1.22752
1.22753
1.22756
1.22753
1.22758
1.22759
1.22758
1.22756
1.22758
1.22752
1.22754
1.22756
1.22755
1.22754
1.22758
1.22751
1.22752
1.22759
1.22753
1.22754
1.22755
1.22753
1.22755
1.22756
1.22754
1.22754
1.22755
1.22753
1.22753
1.22757
1.22754
1.22753
1.22756
1.22752
1.22756
1.22754
1.22758
1.22755
1.22753
1.22752
1.22755
1.22757
1.22755
1.22754
1.22758
1.22749
1.22752
1.22753
1.22756
1.22754
1.22754
1.22749
1.22756
1.22758
1.22752
1.22755
1.22753
1.22754
1.22754
1.22758
1.22752
1.22756
1.22753
1.22755
1.22756
1.22752
1.22755
1.22752
1.22758
1.22759
1.22755
1.22755
1.22757
1.22754
1.22758
1.22756
1.22758
1.22756
1.22752
1.22754
1.22756
1.22759
1.22756
1.22753
1.22759
1.22756
1.22756
1.22756
1.22757
1.22754
1.22759
1.22754
1.22754
1.22753
1.22752
1.22756
1.22752
1.22754
1.22752
1.22758
1.22755
1.22757
1.22753
1.22755
1.22758
1.22756
1.22751
1.22755
1.22755
1.22754
1.22754
1.22758
1.22754
1.22758
1.22752
1.22756
1.22754
1.22756
1.22756
1.22752
1.22753
1.22758
1.22756
1.22758
1.22757
1.22757
1.22753
1.22758
1.22756
1.22756
1.22756
1.22755
1.22756
1.22755
1.22758
1.22751
1.22754
1.22755
1.22755
1.22757
1.22757
1.22758
1.22754
1.22756
1.22754
1.22754
1.22757
1.22755
1.22753
1.22758
1.22755
1.22757
1.22756
1.22756
1.22758
1.22752
1.22757
1.22758
1.2276
1.22755
1.22753
1.22758
1.22758
1.22756
1.22753
1.22756
1.22758
1.22754
1.22755
1.22757
1.22754
1.22757
1.22758
1.22756
1.22752
1.22755
1.22755
1.22754
1.2276
1.22758
1.22754
1.22758
1.22756
1.22759
1.22758
1.22754
1.22754
1.22759
1.22758
1.22756
1.22756
1.22756
1.22754
1.22755
1.22758
1.22754
1.22759
1.22759
1.22756
1.2275
1.22757
1.22755
1.22753
1.22758
1.22754
1.22758
1.22756
1.22756
1.22755
1.22754
1.22755
1.22757
1.22761
1.22752
1.22754
1.22755
1.22754
1.22756
1.22756
1.22758
1.22752
1.22757
1.22757
1.22758
1.22757
1.22753
1.22757
1.22753
1.22759
1.22756
1.22757
1.22761
1.22753
1.22759
1.22757
1.22758
1.22754
1.22753
1.22755
1.22753
1.22759
1.22756
1.22756
1.22753
1.22754
1.22756
1.2276
1.22754
1.22758
1.22755
1.22757
1.22752
1.22757
1.22753
1.22755
1.22756
1.22757
1.22754
1.22757
1.22761
1.22756
1.22754
1.22757
1.22755
1.22751
1.22755
1.22757
1.22754
1.22755
1.22758
1.22758
1.22756
1.22757
1.22758
1.22754
1.22759
1.22756
