2.2001
2.20003
2.2001
2.20004
2.20003
2.20006
2.20006
2.20008
2.20007
2.19999
2.2
2.20007
2.20002
2.19995
2.20007
2.20007
2.20005
2.20006
2.20006
2.20007
2.20009
2.20002
2.20006
2.20006
2.20004
2.20004
2.20011
2.20002
2.20001
2.2001
2.20007
2.20009
2.20006
2.20004
2.20005
2.20013
2.20011
2.20008
2.20011
2.20005
2.20005
2.20009
2.20013
2.20012
2.20006
2.20008
2.20008
2.20005
2.2001
2.20002
2.20005
2.2001
2.20009
2.20003
2.19999
2.20007
2.20008
2.20004
2.19999
2.20004
2.20006
2.20005
2.20006
2.20009
2.2001
2.2001
2.20007
2.20006
2.20002
2.20011
2.20006
2.2
2.20008
2.20002
2.2001
2.20004
2.20002
2.20012
2.20009
2.20007
2.20005
2.20004
2.20004
2.20008
2.20003
2.20001
2.20013
2.20007
2.20004
2.20016
2.20003
2.20008
2.20004
2.20009
2.20011
2.20002
2.20008
2.20009
2.20006
2.20001
2.20001
2.20005
2.20008
2.20008
2.20009
2.2001
2.20012
2.20005
2.19998
2.20003
2.19998
2.20006
2.20002
2.20008
2.20011
2.20009
2.20004
2.19999
2.20006
2.20008
2.20002
2.20006
2.20001
2.20005
2.2
2.20013
2.20003
2.20003
2.20009
2.20007
2.20007
2.20004
2.20005
2.20004
2.20004
2.20008
2.2
2.20007
2.20002
2.20002
2.20007
2.20005
2.20006
2.20005
2.20008
2.20003
2.20008
2.20004
2.20015
2.20001
2.20004
2.20012
2.2001
2.20005
2.20004
2.19998
2.20005
2.20007
2.2
2.20003
2.19998
2.20003
2.20001
2.20004
2.19999
2.20008
2.20009
2.20006
2.20007
2.20002
2.20007
2.20004
2.20003
2.20002
2.20007
2.20006
2.20005
2.20005
2.20007
2.20012
2.20005
2.2001
2.20011
2.20008
2.20004
2.20005
2.20003
2.19998
2.2001
2.20006
2.20008
2.20006
2.20001
2.20006
2.20006
2.2
2.20012
2.20005
2.20001
2.20006
2.20007
2.2001
2.2001
2.20008
2.20003
2.20004
2.20001
2.20011
2.20003
2.20005
2.20004
2.20006
2.2001
2.20006
2.20009
2.20005
2.20007
2.20005
2.20004
2.20001
2.20005
2.20016
2.20012
2.20005
2.2
2.20009
2.20009
2.20008
2.20009
2.2
2.20002
2.20006
2.20009
2.20007
2.20002
2.20003
2.2001
2.20009
2.20006
2.20006
2.2001
2.20013
2.20045
2.20125
2.20197
2.20279
2.20448
2.20533
2.20616
2.20696
2.20834
2.20908
2.20985
2.21076
2.21235
2.21325
2.21402
2.21486
2.21639
2.21719
2.21809
2.21877
2.22041
2.22114
-2.22074
-2.21904
-2.21832
-2.21756
-2.2167
-2.21496
-2.21419
-2.21333
-2.21258
-2.21081
-2.20993
-2.20897
-2.20805
-2.20631
-2.2056
-2.20477
-2.20317
-2.20232
-2.20138
-2.20052
-2.19895
-2.19816
-2.19735
-2.19648
-2.1949
-2.194
-2.19312
-2.19231
-2.19068
-2.18986
-2.18906
-2.1872
-2.18639
-2.18545
-2.1846
-2.18294
-2.18214
-2.18139
-2.18063
-2.17898
-2.17812
-2.17725
-2.17642
-2.17477
-2.17396
-2.1731
-2.17229
-2.17058
-2.16987
-2.169
-2.16719
-2.16645
-2.16553
-2.16455
-2.16269
-2.16184
-2.16084
-2.15989
-2.15831
-2.15735
-2.15648
-2.15565
-2.15401
-2.15309
-2.15213
-2.15038
-2.14961
-2.14871
-2.14781
-2.1462
-2.14535
-2.14447
-2.14354
-2.14195
-2.14115
-2.14026
-2.13934
-2.13751
-2.13655
-2.13563
-2.13397
-2.13315
-2.1322
-2.13144
-2.12969
-2.12886
-2.12802
-2.12711
-2.12532
-2.12451
-2.1236
-2.12275
-2.12091
-2.12017
-2.11917
-2.11823
-2.11644
-2.11558
-2.11462
-2.11267
-2.11173
-2.11085
-2.10982
-2.108
-2.10719
-2.10623
-2.1054
-2.10364
-2.10273
-2.10183
-2.10085
-2.09915
-2.09818
-2.09735
-2.09559
-2.09472
-2.09383
-2.09297
-2.09118
-2.09032
-2.08944
-2.08853
-2.08676
-2.08585
-2.08485
-2.08393
-2.08209
-2.08116
-2.08026
-2.07841
-2.07745
-2.07652
-2.07555
-2.07368
-2.07275
-2.07177
-2.0708
-2.06907
-2.06824
-2.06728
-2.06622
-2.06455
-2.06349
-2.06256
-2.06164
-2.0598
-2.05893
-2.05799
-2.05611
-2.05508
-2.05416
-2.05331
-2.05144
-2.05053
-2.04961
-2.04865
-2.04675
-2.04585
-2.04481
-2.04393
-2.04211
-2.04116
-2.04025
-2.03837
-2.03734
-2.03639
-2.03552
-2.03367
-2.03277
-2.03172
-2.03086
-2.02891
-2.02797
-2.02697
-2.02606
-2.02399
-2.02305
-2.02202
-2.02023
-2.01927
-2.0183
-2.01745
-2.01557
-2.01453
-2.01359
-2.01262
-2.01068
-2.00976
-2.00894
-2.00804
-2.00616
-2.00523
-2.00435
-2.00237
-2.00141
-2.00038
-1.99945
-1.99742
-1.99631
-1.99522
-1.99429
-1.99233
-1.9913
-1.99041
-1.98948
-1.98741
-1.98644
-1.98548
-1.9845
-1.98265
-1.98171
-1.9808
-1.97903
-1.97807
-1.97719
-1.97617
-1.97438
-1.97344
-1.97244
-1.97142
-1.96954
-1.96849
-1.96743
-1.96645
-1.96447
-1.96348
-1.96252
-1.9604
-1.95931
-1.95847
-1.95731
-1.95529
-1.95429
-1.95334
-1.95241
-1.95041
-1.94943
-1.94855
-1.94757
-1.9457
-1.94481
-1.94379
-1.94274
-1.94076
-1.93984
-1.93895
-1.93698
-1.936
-1.93504
-1.93401
-1.93187
-1.93088
-1.92991
-1.9289
-1.92696
-1.92599
-1.92494
-1.9239
-1.92191
-1.92093
-1.9199
-1.91794
-1.91691
-1.91583
-1.91489
-1.91279
-1.91186
-1.91088
-1.90995
-1.90795
-1.9069
-1.90585
-1.90487
-1.90277
-1.9018
-1.90084
-1.89984
-1.89784
-1.89675
-1.89578
-1.89381
-1.89285
-1.89185
-1.89079
-1.88873
-1.88761
-1.8866
-1.88559
-1.88351
-1.88255
-1.88153
-1.88043
-1.87844
-1.87741
-1.87633
-1.8744
-1.87338
-1.87239
-1.87139
-1.8693
-1.86827
-1.86726
-1.86623
-1.86426
-1.86329
-1.8622
-1.8612
-1.85909
-1.85812
-1.85706
-1.85505
-1.85405
-1.853
-1.85196
-1.84988
-1.84882
-1.84783
-1.84686
-1.84479
-1.84378
-1.84274
-1.84169
-1.83968
-1.83858
-1.83755
-1.83648
-1.83447
-1.83343
-1.83238
-1.83029
-1.82918
-1.82813
-1.82713
-1.82503
-1.82395
-1.82294
-1.82188
-1.81979
-1.81874
-1.81771
-1.8167
-1.81463
-1.81359
-1.81262
-1.81057
-1.80957
-1.80846
-1.8074
-1.80529
-1.80427
-1.8032
-1.80218
-1.8
-1.79898
-1.79786
-1.79683
-1.79469
-1.79369
-1.79261
-1.79057
-1.78953
-1.78847
-1.78745
-1.78529
-1.78434
-1.78329
-1.78225
-1.78011
-1.77908
-1.77801
-1.77699
-1.77493
-1.77385
-1.77283
-1.77175
-1.76966
-1.76856
-1.76755
-1.76541
-1.76425
-1.76323
-1.76226
-1.76001
-1.75898
-1.75794
-1.75689
-1.75473
-1.75371
-1.75254
-1.75154
-1.74932
-1.74824
-1.74717
-1.74507
-1.74397
-1.7429
-1.74186
-1.73957
-1.73852
-1.73754
-1.73642
-1.73428
-1.7333
-1.73226
-1.73119
-1.7291
-1.72807
-1.72693
-1.72481
-1.72375
-1.72268
-1.72161
-1.71943
-1.71832
-1.71724
-1.71613
-1.71397
-1.71288
-1.71183
-1.71076
-1.70857
-1.70745
-1.7064
-1.70422
-1.7031
-1.70204
-1.70093
-1.69886
-1.69778
-1.69675
-1.69567
-1.69348
-1.69244
-1.69134
-1.69026
-1.68815
-1.68706
-1.68598
-1.68491
-1.68269
-1.68168
-1.68059
-1.67842
-1.67735
-1.67626
-1.67523
-1.67315
-1.67204
-1.67092
-1.66986
-1.66773
-1.66661
-1.66552
-1.66442
-1.66221
-1.66111
-1.66005
-1.65784
-1.6567
-1.65558
-1.65444
-1.65225
-1.65111
-1.65002
-1.64889
-1.64665
-1.64565
-1.6445
-1.64337
-1.6411
-1.64009
-1.63901
-1.6379
-1.6357
-1.6346
-1.63351
-1.63135
-1.63024
-1.62914
-1.62801
-1.62585
-1.62479
-1.62367
-1.62258
-1.62037
-1.61932
-1.61821
-1.61604
-1.61493
-1.61382
-1.61268
-1.61051
-1.60946
-1.60829
-1.60715
-1.60488
-1.60382
-1.60272
-1.60163
-1.59938
-1.59827
-1.5971
-1.59493
-1.59377
-1.59264
-1.59153
-1.58932
-1.58819
-1.58708
-1.58597
-1.58368
-1.58259
-1.58148
-1.5804
-1.57816
-1.57703
-1.57601
-1.57374
-1.57262
-1.5715
-1.57046
-1.56818
-1.56708
-1.56598
-1.56482
-1.56261
-1.56159
-1.56039
-1.55931
-1.55708
-1.55596
-1.55483
-1.55372
-1.5515
-1.5504
-1.54927
-1.54816
-1.54585
-1.54475
-1.54364
-1.54134
-1.54023
-1.5391
-1.5381
-1.53575
-1.53461
-1.53349
-1.53237
-1.53018
-1.52907
-1.52793
-1.52688
-1.52462
-1.52349
-1.52235
-1.52123
-1.51897
-1.51784
-1.5167
-1.51557
-1.51324
-1.51211
-1.51095
-1.5087
-1.50754
-1.50634
-1.50527
-1.50297
-1.50182
-1.50072
-1.49959
-1.49737
-1.49626
-1.49514
-1.49402
-1.49179
-1.49069
-1.48947
-1.48834
-1.48606
-1.4849
-1.48378
-1.48141
-1.48031
-1.47915
-1.47801
-1.47578
-1.47462
-1.47352
-1.47242
-1.47021
-1.46908
-1.46794
-1.46681
-1.46456
-1.4634
-1.46226
-1.45998
-1.45883
-1.45767
-1.45648
-1.45419
-1.45306
-1.45191
-1.45082
-1.44851
-1.44742
-1.44626
-1.44511
-1.4428
-1.44162
-1.44047
-1.43809
-1.4369
-1.43574
-1.43464
-1.43236
-1.43125
-1.43012
-1.42899
-1.42673
-1.42555
-1.42443
-1.42324
-1.42095
-1.41987
-1.41867
-1.41756
-1.41528
-1.41411
-1.41289
-1.41055
-1.40938
-1.40819
-1.40701
-1.40473
-1.40361
-1.40245
-1.40132
-1.39896
-1.39781
-1.39661
-1.39548
-1.39316
-1.392
-1.39095
-1.38861
-1.38749
-1.38636
-1.3852
-1.38283
-1.38168
-1.38052
-1.37938
-1.37714
-1.37607
-1.37484
-1.37366
-1.37125
-1.37012
-1.36899
-1.36676
-1.36567
-1.36447
-1.36333
-1.36092
-1.35973
-1.35855
-1.35747
-1.35511
-1.35394
-1.35275
-1.35155
-1.34908
-1.34796
-1.34688
-1.34464
-1.34345
-1.34223
-1.34103
-1.3386
-1.33746
-1.33629
-1.33508
-1.33266
-1.33141
-1.33026
-1.32922
-1.32692
-1.32578
-1.32457
-1.32209
-1.32087
-1.31969
-1.3185
-1.31622
-1.31509
-1.31396
-1.31278
-1.31059
-1.30972
-1.30841
-1.30716
-1.30463
-1.30349
-1.30235
-1.30121
-1.29895
-1.2978
-1.29665
-1.2944
-1.29323
-1.29196
-1.29067
-1.28819
-1.28708
-1.28603
-1.28494
-1.28265
-1.28151
-1.28032
-1.27911
-1.27665
-1.2754
-1.2742
-1.27209
-1.271
-1.26982
-1.26863
-1.26619
-1.265
-1.26381
-1.26257
-1.26017
-1.25908
-1.25809
-1.25701
-1.25452
-1.25325
-1.25199
-1.24963
-1.24843
-1.24718
-1.24608
-1.24385
-1.24269
-1.2415
-1.24029
-1.23773
-1.23655
-1.23547
-1.23434
-1.23206
-1.2308
-1.22977
-1.2281
-1.22759
-1.22732
-1.22722
-1.22732
-1.2274
-1.22736
-1.2273
-1.22712
-1.22732
-1.22739
-1.2274
-1.22751
-1.22761
-1.22759
-1.2276
-1.22758
-1.22761
-1.22761
-1.22753
-1.22756
-1.22756
-1.22748
-1.22745
-1.22736
-1.22731
-1.22734
-1.22722
-1.22721
-1.2272
-1.22714
-1.22725
-1.22727
-1.2273
-1.2275
-1.22756
-1.2276
-1.22759
-1.22764
-1.22765
-1.22763
-1.22771
-1.22775
-1.22778
-1.22776
-1.22772
-1.2276
-1.22754
-1.22756
-1.22749
-1.22739
-1.22734
-1.22736
-1.22737
-1.22748
-1.22753
-1.22756
-1.22762
-1.22762
-1.22765
-1.22763
-1.22765
-1.22771
-1.22774
-1.22768
-1.22751
-1.2275
-1.22747
-1.22737
-1.22739
-1.22735
-1.22737
-1.22743
-1.22755
-1.22762
-1.22766
-1.2277
-1.22773
-1.22773
-1.22772
-1.22782
-1.22789
-1.22788
-1.22772
-1.22761
-1.22759
-1.22756
-1.22735
-1.22732
-1.22726
-1.22727
-1.22742
-1.22755
-1.22754
-1.22752
-1.22758
-1.22758
-1.22761
-1.22773
-1.22763
-1.22759
-1.22753
-1.22742
-1.22731
-1.22732
-1.22718
-1.2272
-1.22724
-1.22735
-1.22745
-1.22754
-1.22759
-1.22756
-1.22772
-1.22776
-1.22776
-1.22775
-1.22764
-1.2276
-1.22753
-1.22743
-1.22731
-1.22728
-1.22739
-1.22747
-1.22761
-1.22757
-1.22761
-1.22766
-1.22764
-1.22771
-1.22766
-1.22749
-1.22742
-1.22737
-1.22745
-1.22728
-1.22731
-1.22731
-1.22742
-1.22753
-1.2276
-1.22759
-1.2277
-1.22774
-1.22783
-1.2278
-1.22777
-1.22769
-1.22764
-1.22754
-1.22741
-1.22742
-1.2275
-1.22755
-1.22765
-1.22763
-1.22769
-1.22773
-1.22772
-1.2277
-1.22761
-1.22746
-1.22735
-1.22732
-1.22727
-1.22733
-1.22735
-1.22751
-1.2276
-1.22767
-1.22769
-1.22779
-1.2279
-1.22787
-1.22777
-1.22772
-1.22756
-1.22749
-1.22744
-1.22749
-1.22764
-1.22775
-1.22772
-1.22779
-1.22786
-1.22791
-1.22784
-1.2278
-1.22767
-1.2276
-1.22746
-1.22744
-1.22747
-1.22764
-1.22768
-1.22775
-1.22773
-1.22785
-1.22792
-1.22787
-1.22785
-1.22777
-1.22764
-1.22746
-1.22754
-1.22762
-1.22764
-1.22777
-1.22782
-1.22791
-1.22796
-1.22792
-1.22782
-1.22778
-1.22759
-1.22754
-1.22744
-1.22761
-1.2277
-1.22775
-1.22776
-1.22784
-1.22791
-1.2279
-1.22788
-1.22773
-1.22759
-1.22755
-1.22748
-1.22764
-1.22752
-1.22767
-1.22768
-1.22775
-1.22778
-1.22778
-1.22773
-1.22752
-1.22738
-1.22735
-1.22736
-1.22746
-1.22761
-1.2276
-1.22778
-1.22777
-1.22791
-1.22786
-1.22779
-1.22765
-1.22754
-1.22749
-1.22757
-1.22761
-1.22766
-1.22773
-1.22776
-1.22791
-1.22788
-1.22778
-1.22761
-1.22749
-1.22745
-1.22756
-1.2276
-1.22766
-1.22768
-1.22779
-1.22787
-1.22785
-1.22784
-1.22756
-1.22743
-1.22739
-1.22744
-1.22746
-1.2275
-1.2275
-1.22769
-1.22779
-1.22774
-1.22775
-1.22781
-1.22786
-1.2278
-1.2278
-1.22778
-1.22777
-1.22771
-1.2278
-1.22777
-1.22782
-1.22778
-1.22771
-1.22768
-1.22771
-1.22772
-1.22774
-1.22774
-1.22778
-1.22777
-1.22781
-1.22775
-1.22782
-1.22776
-1.22772
-1.22772
-1.22767
-1.22766
-1.22762
-1.22765
-1.22759
-1.22763
-1.22759
-1.22764
-1.22762
-1.22762
-1.22769
-1.22767
-1.2277
-1.22771
-1.22773
-1.22769
-1.22766
-1.22765
-1.22758
-1.22759
-1.22753
-1.22757
-1.22755
-1.22754
-1.22758
-1.22763
-1.22761
-1.22764
-1.22771
-1.22773
-1.22771
-1.22772
-1.22771
-1.22769
-1.22765
-1.22756
-1.22756
-1.22756
-1.22756
-1.22748
-1.22753
-1.22751
-1.22752
-1.22765
-1.22765
-1.22772
-1.22773
-1.22771
-1.22771
-1.22761
-1.2276
-1.22761
-1.22759
-1.22755
-1.2276
-1.22756
-1.22757
-1.22756
-1.22763
-1.22767
-1.22772
-1.22771
-1.22773
-1.22767
-1.22765
-1.2276
-1.22755
-1.22757
-1.22754
-1.22754
-1.22757
-1.22759
-1.22761
-1.2278
-1.22782
-1.22786
-1.22779
-1.22776
-1.22775
-1.22774
-1.22771
-1.22768
-1.22766
-1.22764
-1.22766
-1.22769
-1.22769
-1.22774
-1.22774
-1.22777
-1.22775
-1.22775
-1.22766
-1.22761
-1.22764
-1.22758
-1.22757
-1.22753
-1.22764
-1.22772
-1.22776
-1.22772
-1.22775
-1.22765
-1.22761
-1.22755
-1.22755
-1.22754
-1.22754
-1.22756
-1.2276
-1.22765
-1.22765
-1.22768
-1.22774
-1.22768
-1.22767
-1.22764
-1.22758
-1.2276
-1.22753
-1.22751
-1.22756
-1.22767
-1.22768
-1.22773
-1.2277
-1.22772
-1.22768
-1.22759
-1.22759
-1.22755
-1.22757
-1.22758
-1.22765
-1.22767
-1.22767
-1.22774
-1.22771
-1.22766
-1.22762
-1.22751
-1.22755
-1.22758
-1.22761
-1.22763
-1.22772
-1.22773
-1.22775
-1.22764
-1.22767
-1.22756
-1.22758
-1.22758
-1.22763
-1.22764
-1.22773
-1.22778
-1.22778
-1.22767
-1.22768
-1.22762
-1.22757
-1.22764
-1.22763
-1.22764
-1.2276
-1.22767
-1.22775
-1.22775
-1.2277
-1.22767
-1.22761
-1.2276
-1.22754
-1.22754
-1.22757
-1.2276
-1.22768
-1.22776
-1.22782
-1.22778
-1.22766
-1.22756
-1.22756
-1.22759
-1.22767
-1.22766
-1.22773
-1.22778
-1.22774
-1.2277
-1.22764
-1.22755
-1.2276
-1.2276
-1.22758
-1.22765
-1.2277
-1.22776
-1.22771
-1.22771
-1.22767
-1.22757
-1.22752
-1.22753
-1.22752
-1.22761
-1.22765
-1.22767
-1.22768
-1.22763
-1.22752
-1.22748
-1.22743
-1.22748
-1.22754
-1.22759
-1.22765
-1.22771
-1.2277
-1.22766
-1.2276
-1.22757
-1.22758
-1.22762
-1.22766
-1.22771
-1.22774
-1.22772
-1.22775
-1.2276
-1.22759
-1.2275
-1.22757
-1.22763
-1.22767
-1.2276
-1.2277
-1.22772
-1.22777
-1.22761
-1.22754
-1.22751
-1.2276
-1.22763
-1.22765
-1.22771
-1.22777
-1.22779
-1.2278
-1.2277
-1.22768
-1.22767
-1.2277
-1.22769
-1.22768
-1.22776
-1.2278
-1.22778
-1.22773
-1.22762
-1.22753
-1.22757
-1.22758
-1.22765
-1.22762
-1.22771
-1.22769
-1.22771
-1.22765
-1.2276
-1.22757
-1.22759
-1.22752
-1.22759
-1.22767
-1.22766
-1.22762
-1.22767
-1.22766
-1.22765
-1.22768
-1.22771
-1.22764
-1.22759
-1.22765
-1.22768
-1.22762
-1.22767
-1.22765
-1.22768
-1.22772
-1.22766
-1.22766
-1.22764
-1.22762
-1.22758
-1.2276
-1.22755
-1.22758
-1.22762
-1.22757
-1.22759
-1.22756
-1.22759
-1.22755
-1.2276
-1.22761
-1.22762
-1.22761
-1.22763
-1.2276
-1.22761
-1.22761
-1.22759
-1.2276
-1.22759
-1.22757
-1.22756
-1.22761
-1.22754
-1.22758
-1.22756
-1.22765
-1.22758
-1.22752
-1.2276
-1.22755
-1.22758
-1.22756
-1.22758
-1.22757
-1.22755
-1.22759
-1.2276
-1.22758
-1.22759
-1.22758
-1.2276
-1.22756
-1.22759
-1.22759
-1.22761
-1.22755
-1.22759
-1.22756
-1.22757
-1.22757
-1.22755
-1.22758
-1.22761
-1.22758
-1.22761
-1.2276
-1.22757
-1.22757
-1.22755
-1.22759
-1.22757
-1.22756
-1.22759
-1.22755
-1.2276
-1.22758
-1.22754
-1.2276
-1.2276
-1.22758
-1.22755
-1.22758
-1.22758
-1.22759
-1.22754
-1.22756
-1.22753
-1.22757
-1.22757
-1.22756
-1.22755
-1.22756
-1.22753
-1.22759
-1.22753
-1.22757
-1.22754
-1.22762
-1.22756
-1.22758
-1.22753
-1.22758
-1.22758
-1.22762
-1.2276
-1.22757
-1.22757
-1.22757
-1.22754
-1.22754
-1.22756
-1.22751
-1.22756
-1.22763
-1.22753
-1.22756
-1.22757
-1.22756
-1.22758
-1.22758
-1.22754
-1.22752
-1.22755
-1.22756
-1.22752
-1.22756
-1.22758
-1.22753
-1.22756
-1.22756
-1.22756
-1.22754
-1.22757
-1.22759
-1.22755
-1.22757
-1.22758
-1.22756
-1.22756
-1.22758
-1.22761
-1.22754
-1.22755
-1.22756
-1.22757
-1.22754
-1.22754
-1.22754
-1.22758
-1.22755
-1.22758
-1.22756
-1.22755
-1.22755
-1.22754
-1.22756
-1.22756
-1.22759
-1.22756
-1.22751
-1.22754
-1.22758
-1.22755
-1.22754
-1.22754
-1.22752
-1.22757
-1.22752
-1.22754
-1.22753
-1.22754
-1.22758
-1.22753
-1.22754
-1.22751
-1.22754
-1.22754
-1.22751
-1.22755
-1.22756
-1.22755
-1.22754
-1.22755
-1.22753
-1.22755
-1.22752
-1.22759
-1.22753
-1.22758
-1.22755
-1.22754
-1.22753
-1.22757
-1.22756
-1.22756
-1.22755
-1.22753
-1.22755
-1.22755
-1.22755
-1.2276
-1.22759
-1.22755
-1.22756
-1.22756
-1.22753
-1.22752
-1.2276
-1.22758
-1.22754
-1.22754
-1.22754
-1.22754
-1.22757
-1.22753
-1.22755
-1.22758
-1.22758
-1.22755
-1.22753
-1.22756
-1.22755
-1.22754
-1.22755
-1.2276
-1.22756
-1.22755
-1.22757
-1.22756
-1.22758
-1.22755
-1.22753
-1.22756
-1.22756
-1.22756
-1.22753
-1.22755
-1.22758
-1.22753
-1.22754
-1.22755
-1.22754
-1.22754
-1.22755
-1.22754
-1.22753
-1.22753
-1.22757
-1.22752
-1.22757
-1.22754
-1.22755
-1.22755
-1.22753
-1.22756
-1.22754
-1.22753
-1.22758
-1.22756
-1.22757
-1.22756
-1.22757
-1.22757
-1.22755
-1.2276
-1.2276
-1.22755
-1.22755
-1.22753
-1.22754
-1.22751
-1.22752
-1.22751
-1.22754
-1.22754
-1.22752
-1.22753
-1.22752
-1.22753
-1.22753
-1.22755
-1.22757
-1.22754
-1.22754
-1.22752
-1.22754
-1.22754
-1.22757
-1.22759
-1.22756
-1.22753
-1.22751
-1.22755
-1.22757
-1.22755
-1.2276
-1.22755
-1.22753
-1.22754
-1.22756
-1.22756
-1.22756
-1.22756
-1.22755
-1.22754
-1.22756
-1.22756
-1.22753
-1.22756
-1.22755
-1.22755
-1.22759
-1.22755
-1.22757
-1.22757
-1.22757
-1.22755
-1.22752
-1.22754
-1.22759
-1.22758
-1.22753
-1.22756
-1.22755
-1.22757
-1.22754
-1.22755
-1.22754
-1.22753
-1.22759
-1.22752
-1.22752
-1.22757
-1.22754
-1.22757
-1.22754
-1.22757
-1.22756
-1.22756
-1.22756
-1.22754
-1.22754
-1.22754
-1.22754
-1.22752
-1.22753
-1.22754
-1.22751
-1.22754
-1.22758
-1.22754
-1.22759
-1.22759
-1.22755
-1.22755
-1.22753
-1.22754
-1.22753
-1.22755
-1.22753
-1.22755
-1.22755
-1.22757
-1.22754
-1.22751
-1.22755
-1.22755
-1.22757
-1.22752
-1.22755
-1.22755
-1.22757
-1.22753
-1.22752
-1.22755
-1.22754
-1.22755
-1.22753
-1.22756
-1.22755
-1.22753
-1.22758
-1.22751
-1.22759
-1.22754
-1.22755
-1.22754
-1.22754
-1.22755
-1.22755
-1.22756
-1.22756
-1.22755
-1.22751
-1.22749
-1.22757
-1.22753
-1.22755
-1.22754
-1.22756
-1.22754
-1.22753
-1.22755
-1.22755
-1.22755
-1.22751
-1.22754
-1.2276
-1.22757
-1.22754
-1.22755
-1.22755
-1.22753
-1.22756
-1.22752
-1.22756
-1.22756
-1.22751
-1.22753
-1.22754
-1.22756
-1.22752
-1.22754
-1.22756
-1.22755
-1.22756
-1.22753
-1.22754
-1.22755
-1.22753
-1.22752
-1.22756
-1.22758
-1.22753
-1.22755
-1.22752
-1.22753
-1.22751
-1.22757
-1.22756
-1.22757
-1.22757
-1.22751
-1.22756
-1.22754
-1.22755
-1.22755
-1.22756
-1.22758
-1.2275
-1.22755
-1.22752
-1.22754
-1.22755
-1.22752
-1.22754
-1.22756
-1.22753
-1.2275
-1.22755
-1.22752
-1.22753
-1.2275
-1.22753
-1.22752
-1.22756
-1.22759
-1.22753
-1.22752
-1.22751
-1.22753
-1.22754
-1.2276
-1.22752
-1.22755
-1.22752
-1.22752
-1.22751
-1.22758
-1.22749
-1.22752
-1.22752
-1.22752
-1.22755
-1.22753
-1.22756
-1.22756
-1.22752
-1.22752
-1.22754
-1.22754
-1.22754
-1.22755
-1.22753
-1.22757
-1.22755
-1.22753
-1.22755
-1.22753
-1.22754
-1.22755
-1.22756
-1.22756
-1.22756
-1.22752
-1.22752
-1.22756
-1.22751
-1.22755
-1.22753
-1.22755
-1.22753
-1.22754
-1.22752
-1.22757
-1.22754
-1.22754
-1.22755
-1.22756
-1.22753
-1.22751
-1.22757
-1.22753
-1.22757
-1.22756
-1.22756
-1.22756
-1.22755
-1.22755
-1.22752
-1.22756
-1.22755
-1.22757
-1.22754
-1.22754
-1.22757
-1.22751
-1.22754
-1.22753
-1.22754
-1.22751
-1.22756
-1.22753
-1.22756
-1.22755
-1.22754
-1.22757
-1.22752
-1.22747
-1.22755
-1.22752
-1.22751
-1.22753
-1.22756
-1.22755
-1.22756
-1.22755
-1.22753
-1.22753
-1.22752
-1.22754
-1.22749
-1.22756
-1.22758
-1.22754
-1.22759
-1.22755
-1.22755
-1.22751
-1.22755
-1.22756
-1.22755
-1.22755
-1.22752
-1.22758
-1.22753
-1.22755
-1.22754
-1.22753
-1.22755
-1.22751
-1.22756
-1.22753
-1.22758
-1.22753
-1.22752
-1.22756
-1.22752
-1.22757
-1.22755
-1.22754
-1.22756
-1.22756
-1.22756
-1.22754
-1.22753
-1.22756
-1.22754
-1.22756
-1.22753
-1.22757
-1.22752
-1.22755
-1.22758
-1.22755
-1.22753
-1.22754
-1.22754
-1.2276
-1.22756
-1.22755
-1.22754
-1.22756
-1.22757
-1.22758
-1.22755
-1.22751
-1.22754
-1.22756
-1.22756
-1.22756
-1.22754
-1.22756
-1.22754
-1.22758
-1.22757
-1.22759
-1.22751
-1.22753
-1.22761
-1.22754
-1.22757
-1.22757
-1.22755
-1.22752
-1.2275
-1.22757
-1.22751
-1.22756
-1.22755
-1.22752
-1.22753
-1.22755
-1.22752
-1.22756
-1.22755
-1.22754
-1.22755
-1.22755
-1.22756
-1.22749
-1.22753
-1.22756
-1.22755
-1.22755
-1.22749
-1.22757
-1.22756
-1.22756
-1.22756
-1.22755
-1.22755
-1.22753
-1.22755
-1.22755
-1.22755
-1.22755
-1.22756
-1.22756
-1.2275
-1.22759
-1.22751
-1.22756
-1.22758
-1.22756
-1.22757
-1.22753
-1.22753
-1.22755
-1.22756
-1.22755
-1.22753
-1.22757
-1.22755
-1.22751
-1.2275
-1.22754
-1.22752
-1.22753
-1.22754
-1.22759
-1.22754
-1.22756
-1.22753
-1.22759
-1.22754
-1.22754
-1.22753
-1.22759
-1.22754
-1.22754
-1.22756
-1.22754
-1.22751
-1.22755
-1.22753
-1.22752
-1.22752
-1.22755
-1.22757
-1.22754
-1.22755
-1.22757
-1.22754
-1.22755
-1.22756
-1.22756
-1.22757
-1.22756
