-0.320019
-0.320002
-0.319999
-0.320006
-0.320001
-0.320006
-0.320002
-0.320002
-0.32
-0.319993
-0.320003
-0.32
-0.319992
-0.319996
-0.319993
-0.320003
-0.320007
-0.320002
-0.320012
-0.319998
-0.320007
-0.32
-0.320008
-0.320003
-0.319995
-0.320001
-0.320012
-0.319999
-0.319992
-0.320011
-0.320002
-0.320007
-0.320002
-0.320003
-0.320003
-0.320006
-0.320006
-0.320004
-0.320009
-0.32
-0.320011
-0.320006
-0.320002
-0.320009
-0.320005
-0.32
-0.320003
-0.319993
-0.320009
-0.319994
-0.319997
-0.320007
-0.320008
-0.319995
-0.319999
-0.320001
-0.320002
-0.320004
-0.319999
-0.32
-0.320012
-0.320003
-0.320007
-0.320014
-0.320007
-0.320003
-0.320008
-0.319997
-0.320001
-0.320006
-0.32
-0.319993
-0.32
-0.320001
-0.32001
-0.32
-0.319991
-0.320011
-0.320009
-0.320006
-0.32
-0.319999
-0.320004
-0.319989
-0.320001
-0.319994
-0.320012
-0.320011
-0.320003
-0.320009
-0.320005
-0.320005
-0.320001
-0.320009
-0.320009
-0.319991
-0.320008
-0.320003
-0.320003
-0.319996
-0.32
-0.320008
-0.320006
-0.320007
-0.320012
-0.32
-0.320005
-0.319996
-0.320002
-0.319998
-0.319992
-0.320002
-0.319998
-0.320004
-0.320006
-0.319997
-0.319998
-0.319997
-0.32
-0.320003
-0.319997
-0.320007
-0.319996
-0.319999
-0.31999
-0.320015
-0.320002
-0.319998
-0.320004
-0.32
-0.320007
-0.319991
-0.32
-0.320006
-0.319998
-0.320003
-0.319989
-0.319998
-0.319998
-0.319994
-0.320004
-0.320007
-0.32
-0.319993
-0.32
-0.32
-0.320014
-0.319998
-0.32001
-0.320001
-0.319995
-0.320008
-0.320008
-0.320005
-0.32
-0.320001
-0.319997
-0.320004
-0.319992
-0.319998
-0.319986
-0.319993
-0.319996
-0.319994
-0.319992
-0.320004
-0.320009
-0.320004
-0.320009
-0.319993
-0.32
-0.319997
-0.319998
-0.320002
-0.320002
-0.319995
-0.31999
-0.319999
-0.320008
-0.320011
-0.320002
-0.320007
-0.319998
-0.32
-0.320007
-0.320005
-0.319998
-0.319995
-0.320013
-0.320001
-0.32
-0.320002
-0.319995
-0.320005
-0.319994
-0.319991
-0.32001
-0.319998
-0.319994
-0.320005
-0.319998
-0.319996
-0.320004
-0.320003
-0.319997
-0.319998
-0.319991
-0.320008
-0.319995
-0.319992
-0.320002
-0.32
-0.320002
-0.320003
-0.320008
-0.31999
-0.320004
-0.320007
-0.319995
-0.319997
-0.319994
-0.320012
-0.320006
-0.320005
-0.319996
-0.320005
-0.320007
-0.320006
-0.320007
-0.319987
-0.319992
-0.319999
-0.320007
-0.319999
-0.319998
-0.320004
-0.320001
-0.320004
-0.319999
-0.319998
-0.320004
-0.319989
-0.320052
-0.320134
-0.320216
-0.320311
-0.320505
-0.32061
-0.3207
-0.320786
-0.320921
-0.321002
-0.32108
-0.321163
-0.321312
-0.321386
-0.321452
-0.32152
-0.321641
-0.321726
-0.321817
-0.321873
-0.322065
-0.322132
-0.322213
-0.322403
-0.322479
-0.322559
-0.322663
-0.322808
-0.32291
-0.322997
-0.323085
-0.323233
-0.323331
-0.323413
-0.3235
-0.32365
-0.323718
-0.32382
-0.323933
-0.323983
-0.324074
-0.324151
-0.324301
-0.324382
-0.324485
-0.324557
-0.324703
-0.324798
-0.324886
-0.324974
-0.325148
-0.325244
-0.325331
-0.325502
-0.325581
-0.325671
-0.325755
-0.325921
-0.325985
-0.326066
-0.326121
-0.326249
-0.326342
-0.326422
-0.326522
-0.326683
-0.326768
-0.326844
-0.326936
-0.327106
-0.327187
-0.327266
-0.327451
-0.327535
-0.327599
-0.327677
-0.32786
-0.327949
-0.328041
-0.328128
-0.32827
-0.328321
-0.328413
-0.328476
-0.328616
-0.3287
-0.328773
-0.328948
-0.329023
-0.329099
-0.329192
-0.329367
-0.329451
-0.329532
-0.329618
-0.32978
-0.329885
-0.329987
-0.330057
-0.330222
-0.330296
-0.330386
-0.330522
-0.330599
-0.330684
-0.330742
-0.330917
-0.331007
-0.331076
-0.331169
-0.331346
-0.331426
-0.331514
-0.331601
-0.331764
-0.331843
-0.331916
-0.332
-0.332169
-0.332244
-0.332338
-0.33249
-0.332565
-0.332642
-0.33272
-0.332864
-0.332933
-0.333009
-0.333094
-0.333249
-0.333349
-0.333423
-0.333517
-0.333702
-0.333786
-0.333884
-0.334062
-0.334146
-0.334221
-0.334304
-0.334443
-0.334525
-0.334608
-0.334688
-0.334847
-0.334929
-0.335001
-0.335093
-0.33525
-0.335324
-0.3354
-0.335548
-0.33562
-0.335696
-0.335782
-0.335971
-0.336041
-0.336138
-0.33623
-0.336363
-0.336438
-0.336512
-0.336617
-0.336761
-0.336858
-0.336955
-0.33704
-0.337208
-0.337292
-0.337393
-0.337549
-0.337632
-0.33773
-0.337807
-0.337974
-0.338047
-0.338123
-0.338195
-0.338372
-0.338444
-0.338529
-0.338593
-0.338751
-0.338848
-0.338916
-0.33909
-0.339161
-0.339253
-0.339318
-0.33949
-0.339549
-0.339636
-0.339722
-0.339886
-0.339971
-0.340038
-0.340131
-0.340284
-0.340363
-0.340442
-0.340598
-0.340688
-0.340776
-0.340865
-0.341039
-0.341128
-0.341235
-0.341313
-0.341472
-0.341573
-0.341653
-0.34173
-0.34189
-0.34197
-0.342021
-0.34218
-0.34226
-0.342335
-0.342411
-0.342582
-0.342649
-0.342731
-0.342816
-0.342986
-0.343062
-0.343126
-0.343214
-0.343382
-0.343463
-0.343553
-0.343634
-0.343796
-0.343867
-0.343952
-0.344107
-0.344191
-0.344272
-0.34436
-0.344513
-0.344601
-0.344691
-0.344788
-0.344961
-0.345052
-0.345132
-0.34521
-0.345366
-0.345439
-0.345518
-0.34567
-0.345763
-0.34584
-0.345904
-0.346058
-0.346152
-0.346224
-0.346288
-0.346453
-0.346532
-0.346607
-0.346679
-0.346871
-0.346962
-0.347048
-0.347135
-0.347295
-0.347385
-0.347461
-0.347625
-0.347712
-0.347794
-0.347892
-0.348072
-0.348165
-0.348241
-0.348323
-0.348479
-0.348555
-0.348622
-0.348706
-0.348859
-0.348921
-0.349001
-0.349151
-0.349231
-0.3493
-0.349399
-0.349557
-0.349651
-0.349726
-0.349798
-0.349968
-0.350048
-0.350135
-0.350232
-0.350413
-0.350492
-0.350583
-0.350668
-0.350809
-0.350901
-0.350969
-0.351123
-0.351213
-0.351299
-0.351388
-0.351547
-0.351643
-0.351723
-0.351812
-0.35196
-0.352036
-0.352112
-0.352197
-0.35234
-0.35242
-0.352511
-0.352666
-0.35273
-0.352825
-0.352906
-0.353069
-0.353141
-0.35321
-0.353308
-0.353474
-0.353563
-0.353641
-0.353734
-0.353914
-0.353999
-0.354073
-0.354222
-0.354297
-0.354387
-0.354476
-0.354638
-0.354733
-0.354824
-0.354893
-0.355052
-0.355126
-0.355206
-0.355279
-0.355444
-0.355518
-0.355595
-0.355676
-0.355842
-0.355913
-0.356005
-0.356167
-0.356247
-0.356322
-0.356402
-0.356561
-0.356644
-0.356738
-0.356831
-0.357001
-0.357078
-0.357157
-0.357243
-0.357383
-0.357461
-0.357525
-0.357701
-0.357786
-0.357871
-0.357946
-0.358122
-0.358208
-0.358282
-0.358369
-0.358535
-0.358607
-0.358681
-0.358779
-0.358933
-0.359012
-0.359094
-0.359255
-0.35933
-0.359412
-0.359501
-0.359643
-0.359718
-0.359808
-0.359892
-0.360051
-0.360149
-0.36024
-0.36033
-0.360507
-0.360585
-0.36065
-0.360735
-0.3609
-0.360988
-0.36107
-0.361248
-0.361312
-0.361382
-0.361478
-0.361624
-0.361713
-0.361802
-0.361867
-0.362026
-0.362101
-0.362173
-0.362256
-0.36241
-0.362505
-0.362581
-0.362749
-0.362829
-0.362897
-0.36299
-0.363159
-0.363254
-0.363338
-0.363417
-0.363592
-0.363675
-0.363747
-0.363831
-0.363979
-0.364047
-0.364141
-0.364315
-0.364391
-0.364479
-0.364558
-0.364721
-0.364808
-0.364888
-0.364976
-0.365145
-0.36523
-0.365306
-0.365383
-0.365539
-0.365604
-0.365682
-0.36584
-0.365914
-0.36599
-0.366068
-0.366236
-0.366314
-0.366407
-0.366496
-0.366665
-0.366756
-0.366844
-0.366918
-0.367078
-0.367153
-0.36724
-0.367328
-0.36749
-0.367582
-0.367658
-0.367815
-0.367901
-0.367976
-0.368056
-0.368228
-0.368311
-0.368391
-0.368465
-0.368635
-0.368714
-0.368798
-0.368873
-0.369036
-0.369118
-0.36919
-0.369355
-0.369422
-0.369505
-0.369587
-0.369751
-0.369829
-0.369911
-0.369995
-0.370141
-0.370226
-0.3703
-0.370375
-0.370547
-0.370638
-0.370722
-0.370803
-0.370953
-0.371034
-0.371124
-0.371292
-0.371373
-0.371456
-0.371543
-0.371713
-0.371792
-0.371863
-0.371949
-0.372117
-0.372207
-0.372278
-0.372439
-0.372524
-0.372616
-0.372693
-0.372871
-0.37296
-0.373033
-0.373112
-0.373275
-0.373361
-0.373437
-0.373526
-0.37368
-0.373759
-0.373835
-0.373991
-0.374068
-0.374138
-0.374214
-0.37437
-0.374451
-0.374542
-0.374627
-0.374788
-0.374878
-0.37495
-0.375024
-0.375188
-0.375264
-0.375351
-0.375513
-0.375587
-0.375668
-0.375749
-0.375916
-0.375992
-0.37608
-0.376164
-0.376332
-0.376426
-0.37651
-0.376583
-0.376736
-0.376824
-0.376905
-0.376989
-0.377165
-0.377248
-0.377323
-0.377408
-0.377561
-0.377639
-0.37773
-0.377892
-0.37797
-0.378059
-0.378155
-0.378307
-0.37838
-0.378451
-0.378534
-0.378698
-0.378781
-0.378857
-0.37895
-0.37911
-0.379185
-0.379265
-0.379339
-0.379506
-0.379588
-0.379669
-0.379752
-0.379908
-0.379988
-0.380063
-0.380228
-0.38031
-0.380384
-0.380469
-0.380635
-0.380709
-0.380792
-0.380874
-0.381031
-0.381116
-0.381202
-0.381284
-0.381453
-0.381542
-0.381624
-0.3817
-0.381861
-0.38194
-0.38202
-0.382173
-0.382267
-0.38234
-0.382427
-0.38259
-0.382669
-0.382744
-0.382827
-0.382998
-0.383079
-0.383158
-0.383244
-0.383417
-0.383493
-0.383579
-0.383736
-0.38382
-0.383895
-0.383969
-0.384137
-0.384222
-0.384305
-0.384383
-0.384547
-0.384629
-0.38471
-0.384788
-0.384957
-0.385035
-0.385132
-0.385294
-0.385377
-0.385465
-0.385547
-0.385712
-0.38579
-0.385869
-0.38595
-0.386117
-0.386193
-0.386276
-0.386354
-0.38652
-0.386608
-0.386676
-0.386758
-0.386916
-0.386998
-0.387063
-0.38723
-0.387319
-0.387393
-0.387481
-0.387651
-0.387735
-0.387816
-0.3879
-0.388063
-0.388155
-0.388232
-0.388318
-0.388481
-0.38855
-0.388648
-0.388791
-0.388877
-0.388951
-0.389039
-0.389192
-0.38928
-0.38936
-0.389449
-0.389619
-0.389724
-0.389803
-0.389901
-0.39006
-0.390147
-0.390229
-0.390381
-0.390464
-0.390528
-0.39061
-0.390766
-0.390842
-0.390925
-0.39101
-0.391173
-0.391268
-0.391357
-0.391441
-0.391592
-0.391668
-0.391745
-0.391898
-0.391965
-0.39204
-0.392122
-0.392288
-0.392369
-0.392462
-0.392542
-0.392711
-0.392781
-0.392855
-0.392932
-0.393075
-0.393154
-0.393229
-0.393408
-0.393493
-0.393585
-0.393666
-0.393823
-0.393895
-0.393967
-0.394047
-0.394206
-0.394287
-0.394379
-0.394469
-0.394648
-0.394733
-0.394811
-0.394882
-0.395033
-0.395112
-0.395185
-0.395359
-0.39546
-0.395543
-0.395634
-0.395791
-0.39586
-0.395935
-0.396007
-0.396172
-0.396262
-0.396351
-0.396446
-0.396613
-0.396687
-0.396757
-0.396904
-0.396984
-0.397066
-0.39716
-0.397335
-0.397428
-0.397516
-0.397588
-0.397738
-0.397811
-0.397865
-0.397957
-0.398137
-0.398228
-0.398318
-0.398485
-0.398559
-0.398619
-0.398697
-0.39885
-0.398938
-0.399025
-0.399118
-0.399295
-0.399376
-0.399448
-0.39951
-0.399665
-0.399739
-0.399816
-0.399938
-0.399982
-0.40001
-0.400009
-0.400003
-0.4
-0.400009
-0.400012
-0.400083
-0.400136
-0.400209
-0.400292
-0.400453
-0.400532
-0.400611
-0.400693
-0.400846
-0.40093
-0.401009
-0.401165
-0.401245
-0.401326
-0.401402
-0.401573
-0.401644
-0.401723
-0.401802
-0.401948
-0.402025
-0.402111
-0.402179
-0.402339
-0.402418
-0.402499
-0.402661
-0.402737
-0.40282
-0.402899
-0.403062
-0.403135
-0.403212
-0.403294
-0.403446
-0.403524
-0.403592
-0.403677
-0.403816
-0.403893
-0.403976
-0.404053
-0.404198
-0.404273
-0.404358
-0.40452
-0.40461
-0.404695
-0.404781
-0.404956
-0.405023
-0.405111
-0.405181
-0.405343
-0.405423
-0.405501
-0.405576
-0.405721
-0.405805
-0.405874
-0.40602
-0.406094
-0.406167
-0.406248
-0.406406
-0.406492
-0.406574
-0.406644
-0.406811
-0.406887
-0.406966
-0.407033
-0.407198
-0.407276
-0.407346
-0.407496
-0.407572
-0.407648
-0.407728
-0.407865
-0.407954
-0.408031
-0.408112
-0.408284
-0.408375
-0.40845
-0.408536
-0.408702
-0.408781
-0.408864
-0.409029
-0.409096
-0.409176
-0.40925
-0.409406
-0.409474
-0.409553
-0.409617
-0.409782
-0.409856
-0.409937
-0.410018
-0.410175
-0.410253
-0.41033
-0.410496
-0.410574
-0.41065
-0.410726
-0.410886
-0.410959
-0.41103
-0.411104
-0.411261
-0.411334
-0.411415
-0.41149
-0.411653
-0.411733
-0.411807
-0.411972
-0.412049
-0.412134
-0.41221
-0.412366
-0.412439
-0.412514
-0.412598
-0.412742
-0.412832
-0.412909
-0.412995
-0.413153
-0.413242
-0.413317
-0.413406
-0.413573
-0.413652
-0.413733
-0.413886
-0.413967
-0.414043
-0.414112
-0.414265
-0.414341
-0.414422
-0.414502
-0.414649
-0.414729
-0.414813
-0.414979
-0.415064
-0.415132
-0.415214
-0.415356
-0.415435
-0.415505
-0.415579
-0.415752
-0.415826
-0.415912
-0.415988
-0.41615
-0.416229
-0.416309
-0.416396
-0.416541
-0.416625
-0.416695
-0.416845
-0.416919
-0.417011
-0.417079
-0.417246
-0.417322
-0.4174
-0.41748
-0.417644
-0.417722
-0.4178
-0.417878
-0.41803
-0.418103
-0.418176
-0.418339
-0.418417
-0.418498
-0.418581
-0.418742
-0.418816
-0.418896
-0.418983
-0.419132
-0.419214
-0.419285
-0.419365
-0.419519
-0.419613
-0.419689
-0.419769
-0.41993
-0.420021
-0.420104
-0.42026
-0.420335
-0.420406
-0.420495
-0.420642
-0.420722
-0.420798
-0.420879
-0.421033
-0.421102
-0.421189
-0.421261
-0.421412
-0.42148
-0.421569
-0.421707
-0.421778
-0.42186
-0.421928
-0.422083
-0.422145
-0.422222
-0.422305
-0.422459
-0.422531
-0.422615
-0.422684
-0.422839
-0.422918
-0.423009
-0.423077
-0.423246
-0.423333
-0.423411
-0.423573
-0.423651
-0.423732
-0.423802
-0.423967
-0.424038
-0.424115
-0.4242
-0.424364
-0.424445
-0.424527
-0.424607
-0.424766
-0.42486
-0.424941
-0.425093
-0.425168
-0.425247
-0.425331
-0.425488
-0.425556
-0.425634
-0.425716
-0.425876
-0.425953
-0.426029
-0.42611
-0.426255
-0.426327
-0.426406
-0.426567
-0.426636
-0.426719
-0.42679
-0.426901
-0.426942
-0.426979
-0.427001
-0.427002
-0.427001
-0.427004
-0.427002
-0.426989
-0.426983
-0.426982
-0.426981
-0.426958
-0.426965
-0.426961
-0.426953
-0.426949
-0.426957
-0.426967
-0.42699
-0.427004
-0.427017
-0.42702
-0.427027
-0.427031
-0.427042
-0.427026
-0.427006
-0.427
-0.426985
-0.426971
-0.426954
-0.42696
-0.426954
-0.426955
-0.42695
-0.426956
-0.426966
-0.426985
-0.427
-0.427018
-0.427018
-0.427028
-0.427036
-0.427033
-0.427017
-0.426998
-0.42699
-0.42699
-0.426971
-0.426957
-0.426954
-0.426955
-0.42695
-0.426962
-0.426967
-0.42699
-0.427006
-0.427008
-0.427023
-0.427021
-0.427023
-0.427008
-0.426997
-0.426979
-0.426966
-0.426963
-0.426958
-0.42695
-0.426962
-0.426953
-0.426981
-0.427
-0.427016
-0.42702
-0.427027
-0.427027
-0.427023
-0.426993
-0.426975
-0.426969
-0.426961
-0.426952
-0.426943
-0.426953
-0.426967
-0.426972
-0.426987
-0.427024
-0.42703
-0.427038
-0.42704
-0.427037
-0.427015
-0.427002
-0.426989
-0.426982
-0.426965
-0.426971
-0.426977
-0.426991
-0.426997
-0.427031
-0.42704
-0.427056
-0.427051
-0.427026
-0.427014
-0.426999
-0.426992
-0.426977
-0.42698
-0.426978
-0.426997
-0.427004
-0.427016
-0.427019
-0.427047
-0.427046
-0.427047
-0.427032
-0.427001
-0.426996
-0.426988
-0.426984
-0.426992
-0.42699
-0.427011
-0.427038
-0.427056
-0.427048
-0.427066
-0.427037
-0.427013
-0.426996
-0.426989
-0.426977
-0.426988
-0.42699
-0.427002
-0.427026
-0.427039
-0.427045
-0.427036
-0.427034
-0.427017
-0.426997
-0.426978
-0.426986
-0.426978
-0.426984
-0.426999
-0.427016
-0.427016
-0.427031
-0.42702
-0.427021
-0.427004
-0.42698
-0.426985
-0.426987
-0.426975
-0.427006
-0.427025
-0.42703
-0.427033
-0.427047
-0.427036
-0.427016
-0.427
-0.426977
-0.42698
-0.426984
-0.426996
-0.427002
-0.427018
-0.427026
-0.427037
-0.427021
-0.427011
-0.426989
-0.426978
-0.426978
-0.426983
-0.426996
-0.427017
-0.427024
-0.427027
-0.427
-0.426991
-0.426985
-0.426975
-0.426971
-0.426977
-0.426991
-0.426994
-0.427007
-0.427014
-0.42703
-0.427026
-0.427
-0.426985
-0.426994
-0.426992
-0.426982
-0.426981
-0.426993
-0.427023
-0.427019
-0.427011
-0.42702
-0.427003
-0.426995
-0.426985
-0.426989
-0.427
-0.426996
-0.427022
-0.42703
-0.427035
-0.427017
-0.427011
-0.426985
-0.426984
-0.426977
-0.426993
-0.427013
-0.427026
-0.427031
-0.427049
-0.427036
-0.427034
-0.427008
-0.427003
-0.427016
-0.427018
-0.42702
-0.427034
-0.427042
-0.427041
-0.427029
-0.427007
-0.427002
-0.427004
-0.427008
-0.427016
-0.427025
-0.427038
-0.427042
-0.427051
-0.427041
-0.427029
-0.427021
-0.427016
-0.427024
-0.427029
-0.427035
-0.427037
-0.427043
-0.427043
-0.427018
-0.427002
-0.426989
-0.426991
-0.426991
-0.426992
-0.426989
-0.427001
-0.427012
-0.427
-0.426987
-0.426953
-0.426951
-0.426949
-0.426955
-0.426959
-0.426972
-0.426975
-0.426981
-0.42697
-0.42697
-0.426957
-0.426956
-0.42695
-0.426959
-0.426963
-0.426983
-0.42699
-0.427006
-0.42699
-0.426994
-0.426985
-0.426997
-0.42698
-0.426999
-0.426997
-0.427018
-0.427015
-0.427026
-0.427016
-0.427011
-0.427
-0.426995
-0.427005
-0.426998
-0.427007
-0.426996
-0.426993
-0.426992
-0.426987
-0.42699
-0.426987
-0.426997
-0.42698
-0.426996
-0.426993
-0.426998
-0.426989
-0.426999
-0.426994
-0.427009
-0.427003
-0.426996
-0.426996
-0.426996
-0.426992
-0.426987
-0.42699
-0.426991
-0.426984
-0.426995
-0.42699
-0.426995
-0.426992
-0.426992
-0.426994
-0.426993
-0.426992
-0.426991
-0.426991
-0.426988
-0.426991
-0.426994
-0.426995
-0.426994
-0.426992
-0.426991
-0.426996
-0.426995
-0.426988
-0.426996
-0.426991
-0.426992
-0.426995
-0.426991
-0.426994
-0.426993
-0.426992
-0.42699
-0.426989
-0.426991
-0.426995
-0.426994
-0.426991
-0.426995
-0.42699
-0.426992
-0.426988
-0.426994
-0.426989
-0.426997
-0.426989
-0.426992
-0.426995
-0.426988
-0.426992
-0.426997
-0.426994
-0.426992
-0.426992
-0.426994
-0.426987
-0.426994
-0.426993
-0.426994
-0.426994
-0.426996
-0.426992
-0.426992
-0.426994
-0.426987
-0.426992
-0.426993
-0.426992
-0.426991
-0.426995
-0.426993
-0.426994
-0.426992
-0.426993
-0.426991
-0.426997
-0.426991
-0.426999
-0.42699
-0.426989
-0.426991
-0.426999
-0.426997
-0.42699
-0.426992
-0.426994
-0.426997
-0.426994
-0.426992
-0.426996
-0.426988
-0.426987
-0.426991
-0.426995
-0.42699
-0.426998
-0.426992
-0.42699
-0.426993
-0.426992
-0.426993
-0.426993
-0.426994
-0.426992
-0.426991
-0.426991
-0.426991
-0.426993
-0.426996
-0.426992
-0.426993
-0.426996
-0.426995
-0.426991
-0.426996
-0.426994
-0.426988
-0.426989
-0.426992
-0.426993
-0.426994
-0.426996
-0.426996
-0.426989
-0.42699
-0.426993
-0.426994
-0.426994
-0.426993
-0.426995
-0.426992
-0.426992
-0.426993
-0.426994
-0.426993
-0.426994
-0.426993
-0.426996
-0.426993
-0.426992
-0.426991
-0.426993
-0.426992
-0.42699
-0.426994
-0.426988
-0.426997
-0.426996
-0.426991
-0.426991
-0.42699
-0.426993
-0.426994
-0.426992
-0.42699
-0.426994
-0.426993
-0.426994
-0.426998
-0.426996
-0.426994
-0.426993
-0.426993
-0.426994
-0.426988
-0.426991
-0.426994
-0.426991
-0.42699
-0.42699
-0.42699
-0.42699
-0.426993
-0.426991
-0.42699
-0.426992
-0.426996
-0.426992
-0.42699
-0.426996
-0.426993
-0.426993
-0.426991
-0.426998
-0.42699
-0.426989
-0.426995
-0.426995
-0.426992
-0.426989
-0.426993
-0.426992
-0.42699
-0.426994
-0.426992
-0.426993
-0.42699
-0.426994
-0.426992
-0.426993
-0.426989
-0.426993
-0.426995
-0.426991
-0.426991
-0.426991
-0.426994
-0.426987
-0.426995
-0.42699
-0.426992
-0.426995
-0.426991
-0.426994
-0.426994
-0.426998
-0.426993
-0.426989
-0.426992
-0.426992
-0.426994
-0.426993
-0.42699
-0.426991
-0.426995
-0.426991
-0.426994
-0.426993
-0.426992
-0.426989
-0.426989
-0.426995
-0.426991
-0.426991
-0.426992
-0.42699
-0.42699
-0.426991
-0.426992
-0.426995
-0.426994
-0.426989
-0.426992
-0.426992
-0.426996
-0.426994
-0.426996
-0.426994
-0.426993
-0.426996
-0.426995
-0.426994
-0.426989
-0.426992
-0.426991
-0.426991
-0.42699
-0.426991
-0.42699
-0.426996
-0.426997
-0.426991
-0.426987
-0.426989
-0.426993
-0.426994
-0.426994
-0.426991
-0.426994
-0.426993
-0.426989
-0.42699
-0.426992
-0.426996
-0.426994
-0.426988
-0.426996
-0.426992
-0.426989
-0.426993
-0.42699
-0.426991
-0.426992
-0.426991
-0.426996
-0.426992
-0.426989
-0.426992
-0.426994
-0.426994
-0.42699
-0.426991
-0.426995
-0.426992
-0.426989
-0.426992
-0.426992
-0.426991
-0.426991
-0.426992
-0.426987
-0.426995
-0.426997
-0.426991
-0.42699
-0.426992
-0.426998
-0.426993
-0.426992
-0.426987
-0.426989
-0.426992
-0.426993
-0.426993
-0.426991
-0.42699
-0.42699
-0.426993
-0.426989
-0.426997
-0.426992
-0.426992
-0.426994
-0.426994
-0.426989
-0.426992
-0.426989
-0.426991
-0.426993
-0.426993
-0.426989
-0.426988
-0.426994
-0.426994
-0.426988
-0.426992
-0.426986
-0.426995
-0.426992
-0.426991
-0.426994
-0.426988
-0.426993
-0.426991
-0.426996
-0.426993
-0.426992
-0.42699
-0.426992
-0.426997
-0.426994
-0.426993
-0.426994
-0.426993
-0.426993
-0.426994
-0.426991
-0.426995
-0.426995
-0.426993
-0.426993
-0.42699
-0.426995
-0.426993
-0.426989
-0.426997
-0.426987
-0.426989
-0.426991
-0.426994
-0.426993
-0.426996
-0.426996
-0.42699
-0.426992
-0.426993
-0.426994
-0.426991
-0.426992
-0.426993
-0.42699
-0.426993
-0.426994
-0.426993
-0.426994
-0.426994
-0.426993
-0.426993
-0.42699
-0.426991
-0.426993
-0.426991
-0.426989
-0.426999
-0.426993
-0.426993
-0.426994
-0.426995
-0.426996
-0.426989
-0.426993
-0.426996
-0.42699
-0.426995
-0.426988
-0.426989
-0.426997
-0.426993
-0.426992
-0.426992
-0.426991
-0.426998
-0.426992
-0.426991
-0.426993
-0.426996
-0.42699
-0.426996
-0.42699
-0.426994
-0.426993
-0.426989
-0.42699
-0.426991
-0.42699
-0.426995
-0.426994
-0.426994
-0.42699
-0.426995
-0.42699
-0.426992
-0.42699
-0.42699
-0.426991
-0.426992
-0.426992
-0.426998
-0.426994
-0.426994
-0.426994
-0.426989
-0.426996
-0.426989
-0.426993
-0.426991
-0.426992
-0.426995
-0.42699
-0.42699
-0.426994
-0.426992
-0.426992
-0.426988
-0.426993
-0.42699
-0.426993
-0.426986
-0.42699
-0.426992
-0.426993
-0.426992
-0.426989
-0.426993
-0.426996
-0.426992
-0.426988
-0.426991
-0.426993
-0.426995
-0.426993
-0.426995
-0.426993
-0.426991
-0.426992
-0.426989
-0.426992
-0.42699
-0.426997
-0.426992
-0.426993
-0.426992
-0.426992
-0.426991
-0.426996
-0.426992
-0.426991
-0.426991
-0.426994
-0.426996
-0.426994
-0.426992
-0.426991
-0.426991
-0.426989
-0.426993
-0.426991
-0.426992
-0.42699
-0.426993
-0.426988
-0.42699
-0.426989
-0.426994
-0.426996
-0.426991
-0.426995
-0.426993
-0.426993
-0.426991
-0.426992
-0.426995
-0.426989
-0.426996
-0.426993
-0.426991
-0.426993
-0.426993
-0.42699
-0.426995
-0.426996
-0.426996
-0.426994
-0.426992
-0.426995
-0.426992
-0.426994
-0.426987
-0.426997
-0.42699
-0.426993
-0.426996
-0.426991
-0.426995
-0.42699
-0.426996
-0.426992
-0.426993
-0.426995
-0.426994
-0.426993
-0.426991
-0.426993
-0.426986
-0.42699
-0.426992
-0.42699
-0.426992
-0.426992
-0.426994
-0.426998
-0.426993
-0.426989
-0.426992
-0.426994
-0.426989
-0.426991
-0.426992
-0.426992
-0.42699
-0.426991
-0.426994
-0.426994
-0.426995
-0.426996
-0.426991
-0.426994
-0.426991
-0.426992
-0.426992
-0.426991
-0.42699
-0.426993
-0.42699
-0.426993
-0.426991
-0.426994
-0.426996
-0.426992
-0.426991
-0.426991
-0.426994
-0.426991
-0.426994
-0.42699
-0.426992
-0.426995
-0.42699
-0.426993
-0.426992
-0.426993
-0.426992
-0.426992
-0.42699
-0.426988
-0.426987
-0.426989
-0.426992
-0.426994
-0.426991
-0.426996
-0.426994
-0.42699
-0.426992
-0.426988
-0.426989
-0.42699
-0.426993
-0.426996
-0.426992
-0.426992
-0.426992
-0.426991
-0.426992
-0.426989
-0.426994
-0.426991
-0.426995
-0.42699
-0.426991
-0.426995
-0.42699
-0.42699
-0.426989
-0.426994
-0.426991
-0.426995
-0.426995
-0.426992
-0.426993
-0.426996
-0.426986
-0.426993
-0.426993
-0.426992
-0.42699
-0.426994
-0.426994
-0.42699
-0.426993
-0.426993
-0.426991
-0.426995
-0.426993
-0.426991
-0.426998
-0.426994
-0.426992
-0.426993
-0.426996
-0.42699
-0.426994
-0.426991
-0.426994
-0.426991
-0.426994
-0.426993
-0.426994
-0.426992
-0.426987
-0.426993
-0.426988
-0.426992
-0.426993
-0.426992
-0.42699
-0.426996
-0.42699
-0.426991
-0.426991
-0.426993
-0.426988
-0.426994
-0.426994
-0.426993
-0.426992
-0.426992
-0.426988
-0.426993
-0.426991
-0.426995
-0.426993
-0.426989
-0.426996
-0.426994
-0.426992
-0.426994
-0.426992
-0.426995
-0.426992
-0.426996
-0.426993
-0.426992
-0.426987
-0.426993
-0.426998
-0.426994
-0.426991
-0.426993
-0.426991
-0.426996
-0.426988
-0.426993
-0.426994
-0.426993
-0.426993
-0.426995
-0.426994
-0.42699
-0.42699
-0.426989
