2.19992
2.19998
2.20003
2.20002
2.19998
2.19999
2.19996
2.19998
2.2
2.20002
2.20003
2.19996
2.19997
2.20003
2.2
2.19994
2.2
2.19993
2.20002
2.20002
2.20002
2.19994
2.19996
2.19996
2.20004
2.19997
2.19999
2.19998
2.19999
2.20003
2.19997
2.20001
2.20002
2.19997
2.20001
2.19998
2.19996
2.19996
2.20001
2.20003
2.20003
2.19999
2.1999
2.19999
2.20006
2.19998
2.20003
2.2
2.19998
2.2
2.20005
2.2
2.19999
2.2
2.2
2.19999
2.19998
2.19994
2.19999
2.19999
2.20001
2.2
2.19999
2.20002
2.19995
2.20003
2.19999
2.19993
2.20005
2.19999
2.19996
2.19998
2.19998
2.20005
2.19993
2.19997
2.19997
2.19994
2.19997
2.19997
2.19998
2.19999
2.19994
2.19998
2.19998
2.20002
2.19998
2.19999
2.19994
2.20001
2.20001
2.20003
2.19997
2.19997
2.19996
2.19992
2.19998
2.19996
2.20002
2.20002
2.20002
2.20005
2.19995
2.19998
2.19999
2.19998
2.19999
2.2
2.20001
2.19998
2.20004
2.19996
2.19997
2.20003
2.20004
2.19994
2.19999
2.20002
2.19999
2.19998
2.19999
2.20009
2.19999
2.19993
2.19998
2.19995
2.20001
2.19998
2.20002
2.19994
2.19994
2.20001
2.2
2.19999
2.19997
2.20003
2.20001
2.2
2.19997
2.2
2.19997
2.20006
2.20001
2.19998
2.2
2.20001
2.20005
2.19999
2.19998
2.20004
2.19999
2.20002
2.19998
2.20001
2.19996
2.19998
2.2
2.20003
2.20006
2.20001
2.19998
2.2
2.20002
2.20002
2.20002
2.20003
2.19997
2.19996
2.19999
2.2
2.20002
2.20002
2.2
2.20003
2.19999
2.19993
2.19995
2.20008
2.19997
2.19994
2.20003
2.20005
2.19999
2.19998
2.20005
2.20001
2.19995
2.2001
2.19992
2.20004
2.19993
2.19996
2.19996
2.20007
2.19996
2.19998
2.19999
2.19998
2.20004
2.20001
2.19999
2.19995
2.19998
2.2
2.19998
2.19999
2.20002
2.20001
2.2
2.20008
2.20002
2.19999
2.20002
2.19999
2.20002
2.19998
2.19999
2.2
2.19997
2.20004
2.19998
2.20001
2.19996
2.19998
2.19998
2.19999
2.19996
2.2
2.20004
2.20003
2.20003
2.20002
2.19999
2.19999
2.20003
2.20003
2.19997
2.19996
2.20001
2.20009
2.19995
2.20004
2.20038
2.20117
2.2019
2.20266
2.20436
2.20525
2.20599
2.20672
2.20819
2.20905
2.20992
2.21078
2.21249
2.21323
2.21398
2.21476
2.21614
2.21695
2.21784
2.21855
2.22015
2.22091
-2.22045
-2.21877
-2.21802
-2.21727
-2.21639
-2.21497
-2.21402
-2.21328
-2.2124
-2.2107
-2.20969
-2.20892
-2.20809
-2.20638
-2.20554
-2.20461
-2.20316
-2.20244
-2.20159
-2.20079
-2.19925
-2.19844
-2.19765
-2.19684
-2.19531
-2.19445
-2.1936
-2.19278
-2.19106
-2.19019
-2.18936
-2.18757
-2.18668
-2.18574
-2.18479
-2.18302
-2.18211
-2.18126
-2.18047
-2.17893
-2.17803
-2.17715
-2.17625
-2.17456
-2.17376
-2.17296
-2.17209
-2.17045
-2.16959
-2.16881
-2.16711
-2.16623
-2.16544
-2.16456
-2.16274
-2.16179
-2.16087
-2.15994
-2.15817
-2.15744
-2.1565
-2.15576
-2.15411
-2.15323
-2.15243
-2.15069
-2.14991
-2.14913
-2.14828
-2.14656
-2.14579
-2.1449
-2.14397
-2.14227
-2.14128
-2.14033
-2.13943
-2.13752
-2.13663
-2.13563
-2.13392
-2.13292
-2.13206
-2.13128
-2.12949
-2.12854
-2.12771
-2.12683
-2.12502
-2.12416
-2.12329
-2.12243
-2.12085
-2.11995
-2.11919
-2.11839
-2.11661
-2.11576
-2.11471
-2.11288
-2.11194
-2.11103
-2.11009
-2.10838
-2.10747
-2.1066
-2.1057
-2.10388
-2.10289
-2.10204
-2.1011
-2.09926
-2.09834
-2.09744
-2.09554
-2.09479
-2.09391
-2.09299
-2.09136
-2.09035
-2.08946
-2.08849
-2.08663
-2.08573
-2.08474
-2.08383
-2.08198
-2.08102
-2.08013
-2.07835
-2.07743
-2.07655
-2.07556
-2.07365
-2.07279
-2.07187
-2.07082
-2.06923
-2.06836
-2.06753
-2.06648
-2.06471
-2.06375
-2.06281
-2.06182
-2.05996
-2.05907
-2.05804
-2.05609
-2.05519
-2.0541
-2.05317
-2.0513
-2.05033
-2.04938
-2.04846
-2.04643
-2.04543
-2.04459
-2.0437
-2.04197
-2.04105
-2.04019
-2.03833
-2.03744
-2.03648
-2.03573
-2.03381
-2.03308
-2.0321
-2.03108
-2.02922
-2.0281
-2.02718
-2.02617
-2.02422
-2.02323
-2.02224
-2.02024
-2.01922
-2.01829
-2.01725
-2.01535
-2.01441
-2.01334
-2.01243
-2.01057
-2.00955
-2.00867
-2.00772
-2.00599
-2.00509
-2.00426
-2.00241
-2.00151
-2.00057
-1.99962
-1.99749
-1.99657
-1.99547
-1.99445
-1.99236
-1.9914
-1.99063
-1.98956
-1.98756
-1.98663
-1.98551
-1.98457
-1.98268
-1.98179
-1.98088
-1.97914
-1.97814
-1.97723
-1.97633
-1.97454
-1.97361
-1.97261
-1.9716
-1.96957
-1.96852
-1.96747
-1.96649
-1.96443
-1.96346
-1.96241
-1.96041
-1.9594
-1.95832
-1.95738
-1.95537
-1.9544
-1.9535
-1.95263
-1.9507
-1.94972
-1.94881
-1.94785
-1.94593
-1.94493
-1.944
-1.94301
-1.94109
-1.94007
-1.93907
-1.93707
-1.93597
-1.93499
-1.93389
-1.93169
-1.93051
-1.92947
-1.9285
-1.92658
-1.92562
-1.92463
-1.92361
-1.92164
-1.92072
-1.91978
-1.91788
-1.91687
-1.91599
-1.91489
-1.91285
-1.91186
-1.91099
-1.91011
-1.90808
-1.90711
-1.90605
-1.90495
-1.90284
-1.90189
-1.90087
-1.89984
-1.89787
-1.89672
-1.89575
-1.89373
-1.89272
-1.89162
-1.89058
-1.88848
-1.88738
-1.88634
-1.88519
-1.88326
-1.88219
-1.88131
-1.88033
-1.87843
-1.8774
-1.87634
-1.87445
-1.87364
-1.87259
-1.87156
-1.86946
-1.86852
-1.86755
-1.86654
-1.86448
-1.86339
-1.86243
-1.86127
-1.85893
-1.85789
-1.85693
-1.85488
-1.85381
-1.85275
-1.85166
-1.84949
-1.84835
-1.84724
-1.84623
-1.84429
-1.84335
-1.84238
-1.84141
-1.8394
-1.83849
-1.83762
-1.83659
-1.83465
-1.83356
-1.83252
-1.83053
-1.82941
-1.82849
-1.82744
-1.82531
-1.82437
-1.82317
-1.82205
-1.81984
-1.81883
-1.8178
-1.81674
-1.81479
-1.81372
-1.81277
-1.81055
-1.80953
-1.80838
-1.80727
-1.80503
-1.80391
-1.80283
-1.80182
-1.79982
-1.79888
-1.79785
-1.79676
-1.79474
-1.79378
-1.7928
-1.79084
-1.78992
-1.78887
-1.78779
-1.78574
-1.78484
-1.78377
-1.78279
-1.78068
-1.77943
-1.77836
-1.77713
-1.77485
-1.77376
-1.77277
-1.77168
-1.76955
-1.76843
-1.7673
-1.76502
-1.76397
-1.76297
-1.76182
-1.75967
-1.75851
-1.75753
-1.75659
-1.75462
-1.75361
-1.75269
-1.75148
-1.74944
-1.7484
-1.74746
-1.74543
-1.74439
-1.74336
-1.74235
-1.73994
-1.73885
-1.73768
-1.73681
-1.73455
-1.73361
-1.73259
-1.73155
-1.72952
-1.72858
-1.72753
-1.72543
-1.72418
-1.72309
-1.72197
-1.71977
-1.71874
-1.71768
-1.71649
-1.71419
-1.71297
-1.71184
-1.71077
-1.70863
-1.70765
-1.70664
-1.70454
-1.70351
-1.70249
-1.70143
-1.69938
-1.69826
-1.69717
-1.69601
-1.69373
-1.69257
-1.69148
-1.69056
-1.68844
-1.68731
-1.6862
-1.68502
-1.68274
-1.68162
-1.6806
-1.67851
-1.6774
-1.67635
-1.67525
-1.67301
-1.67205
-1.67091
-1.66978
-1.66748
-1.66642
-1.6651
-1.66404
-1.66186
-1.66081
-1.6597
-1.65751
-1.65649
-1.65528
-1.65411
-1.65193
-1.65083
-1.64976
-1.64867
-1.64661
-1.64553
-1.64443
-1.64333
-1.64118
-1.63999
-1.63888
-1.63784
-1.63575
-1.63467
-1.6336
-1.63136
-1.63024
-1.62912
-1.62807
-1.62585
-1.62475
-1.62379
-1.62267
-1.62053
-1.61942
-1.6184
-1.61642
-1.61526
-1.61409
-1.61287
-1.61052
-1.60936
-1.60836
-1.60724
-1.60504
-1.60393
-1.60275
-1.60158
-1.59939
-1.59828
-1.59721
-1.5951
-1.59411
-1.59302
-1.59196
-1.58984
-1.58876
-1.58758
-1.58644
-1.58411
-1.58289
-1.58179
-1.5808
-1.57857
-1.57742
-1.57619
-1.57392
-1.57286
-1.57178
-1.57061
-1.56832
-1.56725
-1.56599
-1.56491
-1.5628
-1.56163
-1.56056
-1.55953
-1.55734
-1.55618
-1.55502
-1.55382
-1.55141
-1.55038
-1.54925
-1.5481
-1.54592
-1.54482
-1.54371
-1.5416
-1.54057
-1.5394
-1.5381
-1.53605
-1.53499
-1.53399
-1.53298
-1.53068
-1.52949
-1.52826
-1.52716
-1.52487
-1.52367
-1.52248
-1.52137
-1.51898
-1.51775
-1.51661
-1.51549
-1.51322
-1.51209
-1.51102
-1.50877
-1.50784
-1.50679
-1.50563
-1.50341
-1.50226
-1.50104
-1.49985
-1.49747
-1.49641
-1.49526
-1.4941
-1.49177
-1.49053
-1.48941
-1.4883
-1.48612
-1.48505
-1.48393
-1.48205
-1.48085
-1.47971
-1.4786
-1.47621
-1.4751
-1.47386
-1.47267
-1.4703
-1.46908
-1.46794
-1.46674
-1.46437
-1.4632
-1.46203
-1.45976
-1.45858
-1.45744
-1.45634
-1.45411
-1.45299
-1.4519
-1.45077
-1.44847
-1.4474
-1.44622
-1.44516
-1.44299
-1.44189
-1.44078
-1.43849
-1.43749
-1.43639
-1.43523
-1.43291
-1.43175
-1.43055
-1.42947
-1.42719
-1.42602
-1.42487
-1.42369
-1.42139
-1.42014
-1.41909
-1.41787
-1.41549
-1.4143
-1.4132
-1.41088
-1.40977
-1.40859
-1.40739
-1.4051
-1.40398
-1.40287
-1.40172
-1.39975
-1.39868
-1.39751
-1.39632
-1.39393
-1.39275
-1.39149
-1.3892
-1.38807
-1.38682
-1.38572
-1.38338
-1.38215
-1.38089
-1.37986
-1.37751
-1.37643
-1.37535
-1.37442
-1.37232
-1.37108
-1.36977
-1.36735
-1.36598
-1.36472
-1.36349
-1.36135
-1.36013
-1.35904
-1.35763
-1.35559
-1.35456
-1.35362
-1.35258
-1.3505
-1.34913
-1.34772
-1.34504
-1.34382
-1.3427
-1.34159
-1.33952
-1.33834
-1.3373
-1.33621
-1.33424
-1.33313
-1.33188
-1.33033
-1.32768
-1.32643
-1.32531
-1.32339
-1.32236
-1.3214
-1.32035
-1.31784
-1.31647
-1.31503
-1.31388
-1.31121
-1.30954
-1.30867
-1.30771
-1.30597
-1.30485
-1.30364
-1.30235
-1.29971
-1.29838
-1.29712
-1.29462
-1.29364
-1.2927
-1.29184
-1.28985
-1.28845
-1.28688
-1.28534
-1.2828
-1.28157
-1.28059
-1.27969
-1.27739
-1.27629
-1.275
-1.27199
-1.27063
-1.26948
-1.26846
-1.26641
-1.26535
-1.26434
-1.26327
-1.26081
-1.25934
-1.25758
-1.25627
-1.25425
-1.25341
-1.25247
-1.25018
-1.24903
-1.24775
-1.24624
-1.24353
-1.24242
-1.2413
-1.24022
-1.23851
-1.23721
-1.23579
-1.23439
-1.23172
-1.23056
-1.22937
-1.2283
-1.22793
-1.22759
-1.22734
-1.22748
-1.22731
-1.22753
-1.2276
-1.22811
-1.22766
-1.22761
-1.2276
-1.22758
-1.22745
-1.22746
-1.22748
-1.22759
-1.22752
-1.22755
-1.22772
-1.22772
-1.22776
-1.2279
-1.22801
-1.2281
-1.22818
-1.22814
-1.22823
-1.22819
-1.22821
-1.22823
-1.22813
-1.22811
-1.22804
-1.22778
-1.22774
-1.22768
-1.22769
-1.22765
-1.22759
-1.22759
-1.2275
-1.22744
-1.22735
-1.2273
-1.22736
-1.22745
-1.22755
-1.22748
-1.22762
-1.22765
-1.22772
-1.2277
-1.22779
-1.22779
-1.22777
-1.22778
-1.22789
-1.22782
-1.22783
-1.22777
-1.22778
-1.22768
-1.22762
-1.2277
-1.22783
-1.22782
-1.22784
-1.22784
-1.22774
-1.22776
-1.22771
-1.22768
-1.22759
-1.22745
-1.22738
-1.22733
-1.22733
-1.2274
-1.22732
-1.22723
-1.22704
-1.22705
-1.22727
-1.22739
-1.22738
-1.2274
-1.22757
-1.22758
-1.22767
-1.22773
-1.22761
-1.22761
-1.22757
-1.22772
-1.22774
-1.22776
-1.22782
-1.22773
-1.22776
-1.22784
-1.22792
-1.22801
-1.22813
-1.22809
-1.22809
-1.22816
-1.2281
-1.22795
-1.22783
-1.22763
-1.22757
-1.22764
-1.22746
-1.22751
-1.22746
-1.2274
-1.22751
-1.22754
-1.22755
-1.22768
-1.22782
-1.22769
-1.22755
-1.22753
-1.2273
-1.22744
-1.22738
-1.22745
-1.22735
-1.22739
-1.22748
-1.22768
-1.22772
-1.22776
-1.22772
-1.22772
-1.22783
-1.22779
-1.22774
-1.22765
-1.22774
-1.22777
-1.22767
-1.22763
-1.22757
-1.22765
-1.22776
-1.22782
-1.22775
-1.22786
-1.22785
-1.22794
-1.22789
-1.22779
-1.22755
-1.22767
-1.22762
-1.22776
-1.22788
-1.22767
-1.22779
-1.22769
-1.22794
-1.2279
-1.22799
-1.22806
-1.22808
-1.22797
-1.22783
-1.22778
-1.22773
-1.22762
-1.22761
-1.22744
-1.22763
-1.22752
-1.22764
-1.2276
-1.22779
-1.22757
-1.22746
-1.22736
-1.22742
-1.22747
-1.22739
-1.22741
-1.22743
-1.22741
-1.22742
-1.22741
-1.22755
-1.22759
-1.22748
-1.22729
-1.22744
-1.22745
-1.22738
-1.22725
-1.22733
-1.22726
-1.22729
-1.22728
-1.22746
-1.22754
-1.22754
-1.22739
-1.22746
-1.22728
-1.22735
-1.2273
-1.22721
-1.22736
-1.2274
-1.22745
-1.2275
-1.22767
-1.22769
-1.22758
-1.22753
-1.22744
-1.22753
-1.22732
-1.22746
-1.22726
-1.22748
-1.22743
-1.22768
-1.22768
-1.22772
-1.22756
-1.22766
-1.22745
-1.22744
-1.22739
-1.22738
-1.22745
-1.22742
-1.22756
-1.22773
-1.22796
-1.22775
-1.22787
-1.22778
-1.22771
-1.22764
-1.22765
-1.22758
-1.22756
-1.22781
-1.22791
-1.22803
-1.22807
-1.22799
-1.22787
-1.22783
-1.22765
-1.22772
-1.2277
-1.22774
-1.22769
-1.22771
-1.22784
-1.22786
-1.22781
-1.22765
-1.22762
-1.22747
-1.22753
-1.22735
-1.2273
-1.22731
-1.22734
-1.22743
-1.22757
-1.22778
-1.22764
-1.22754
-1.22746
-1.22709
-1.22704
-1.22719
-1.22738
-1.22753
-1.22739
-1.22747
-1.22749
-1.22715
-1.22702
-1.22696
-1.22699
-1.22694
-1.22718
-1.22714
-1.22693
-1.22691
-1.22679
-1.2268
-1.2271
-1.22721
-1.2272
-1.22727
-1.22739
-1.22748
-1.22759
-1.22762
-1.22746
-1.22742
-1.2273
-1.22748
-1.22739
-1.22736
-1.22732
-1.22732
-1.22738
-1.22738
-1.22734
-1.22753
-1.22751
-1.22755
-1.2277
-1.22784
-1.22779
-1.22789
-1.22766
-1.22749
-1.22736
-1.22744
-1.22733
-1.22735
-1.22734
-1.22718
-1.22735
-1.22741
-1.2275
-1.22777
-1.22799
-1.22791
-1.22802
-1.22785
-1.22795
-1.22775
-1.22763
-1.22749
-1.22737
-1.22731
-1.22716
-1.22698
-1.22719
-1.22713
-1.22725
-1.22752
-1.22767
-1.22781
-1.22776
-1.22791
-1.22788
-1.22774
-1.22754
-1.22751
-1.22742
-1.22738
-1.22749
-1.22749
-1.22744
-1.22754
-1.22775
-1.22797
-1.22794
-1.22813
-1.22809
-1.22807
-1.22785
-1.22747
-1.22738
-1.22736
-1.22724
-1.2271
-1.22728
-1.22734
-1.22747
-1.2279
-1.22796
-1.2281
-1.22815
-1.22803
-1.22799
-1.22779
-1.22747
-1.22745
-1.22745
-1.2276
-1.22759
-1.22758
-1.22763
-1.22769
-1.22789
-1.22791
-1.22792
-1.22785
-1.22763
-1.22753
-1.22754
-1.22736
-1.22732
-1.22741
-1.22763
-1.22798
-1.2281
-1.22815
-1.22819
-1.22808
-1.22772
-1.22758
-1.2274
-1.22727
-1.22739
-1.22745
-1.2278
-1.22803
-1.22812
-1.2282
-1.22827
-1.22802
-1.22785
-1.22772
-1.22752
-1.22755
-1.22757
-1.22753
-1.22764
-1.22773
-1.22777
-1.22798
-1.22795
-1.22785
-1.22763
-1.22736
-1.22738
-1.22732
-1.22743
-1.22744
-1.22762
-1.22777
-1.228
-1.22799
-1.22776
-1.22762
-1.22726
-1.2271
-1.22716
-1.22721
-1.22743
-1.22767
-1.22779
-1.22794
-1.22794
-1.22781
-1.22765
-1.22739
-1.22724
-1.22737
-1.22747
-1.22745
-1.22766
-1.22792
-1.22801
-1.22786
-1.2277
-1.22753
-1.22733
-1.22744
-1.22745
-1.22747
-1.22742
-1.22767
-1.22792
-1.22816
-1.22802
-1.2276
-1.22743
-1.22741
-1.22739
-1.22732
-1.22733
-1.22736
-1.22778
-1.22798
-1.22796
-1.2278
-1.22747
-1.22729
-1.22729
-1.22742
-1.22768
-1.22779
-1.22797
-1.2281
-1.22809
-1.22795
-1.22773
-1.22731
-1.22731
-1.22729
-1.22742
-1.22753
-1.22773
-1.2279
-1.22798
-1.22766
-1.22748
-1.22738
-1.22721
-1.22726
-1.22742
-1.22738
-1.22765
-1.22794
-1.22797
-1.22774
-1.22722
-1.22706
-1.22713
-1.22706
-1.22734
-1.22729
-1.22762
-1.2278
-1.22786
-1.22768
-1.22739
-1.22702
-1.2272
-1.22725
-1.22728
-1.22757
-1.22771
-1.22779
-1.22791
-1.22746
-1.22727
-1.22725
-1.22724
-1.22734
-1.22744
-1.22776
-1.22819
-1.22835
-1.22803
-1.22802
-1.22768
-1.22765
-1.22782
-1.22784
-1.22799
-1.22827
-1.22852
-1.22858
-1.22827
-1.22803
-1.22771
-1.22757
-1.22765
-1.22781
-1.22771
-1.22809
-1.22812
-1.22816
-1.22813
-1.22761
-1.22751
-1.22749
-1.22753
-1.22778
-1.22785
-1.22808
-1.22813
-1.22802
-1.22779
-1.22776
-1.22749
-1.22749
-1.22743
-1.22744
-1.22787
-1.22768
-1.22762
-1.22772
-1.22781
-1.22777
-1.22785
-1.22788
-1.22785
-1.22779
-1.22781
-1.22785
-1.2278
-1.22787
-1.22794
-1.22793
-1.2279
-1.22793
-1.22778
-1.22788
-1.22773
-1.2277
-1.22752
-1.22762
-1.22763
-1.2276
-1.22765
-1.22768
-1.22767
-1.22761
-1.22763
-1.22767
-1.22773
-1.22763
-1.22759
-1.22771
-1.22758
-1.22762
-1.22766
-1.22766
-1.22769
-1.22766
-1.22767
-1.22769
-1.22775
-1.22765
-1.22772
-1.22763
-1.22766
-1.22765
-1.22769
-1.22765
-1.22765
-1.22771
-1.2277
-1.22775
-1.2277
-1.22762
-1.22766
-1.22768
-1.22772
-1.22777
-1.22766
-1.22763
-1.22762
-1.22768
-1.22766
-1.22772
-1.2277
-1.22773
-1.22766
-1.22764
-1.22768
-1.2277
-1.22761
-1.22763
-1.22769
-1.22773
-1.22765
-1.22766
-1.22773
-1.22764
-1.22769
-1.22772
-1.22767
-1.22772
-1.22766
-1.22764
-1.22768
-1.2277
-1.22771
-1.22772
-1.22772
-1.22763
-1.22763
-1.22767
-1.22772
-1.22773
-1.22761
-1.22764
-1.22767
-1.22766
-1.22765
-1.22771
-1.22771
-1.22769
-1.22764
-1.22769
-1.22765
-1.2277
-1.22774
-1.22774
-1.22769
-1.22774
-1.22768
-1.22772
-1.22768
-1.22766
-1.22761
-1.22764
-1.22773
-1.22772
-1.22768
-1.22773
-1.22773
-1.2277
-1.22774
-1.22769
-1.22766
-1.22769
-1.22767
-1.22762
-1.22766
-1.22773
-1.22769
-1.2277
-1.22769
-1.22766
-1.22771
-1.22768
-1.2277
-1.22774
-1.22768
-1.22764
-1.22769
-1.22769
-1.22773
-1.22769
-1.22763
-1.22771
-1.22769
-1.22765
-1.22765
-1.2277
-1.22767
-1.22767
-1.22769
-1.22768
-1.22763
-1.22766
-1.22772
-1.22763
-1.22768
-1.22769
-1.22767
-1.2277
-1.22774
-1.22767
-1.22768
-1.22764
-1.22767
-1.22773
-1.22771
-1.22766
-1.22765
-1.22771
-1.22769
-1.22774
-1.22769
-1.22767
-1.22769
-1.22772
-1.22769
-1.22773
-1.22772
-1.22765
-1.22766
-1.22768
-1.22773
-1.22773
-1.22768
-1.22771
-1.22766
-1.22772
-1.22766
-1.22765
-1.22778
-1.22766
-1.22774
-1.22774
-1.22765
-1.22767
-1.22767
-1.22773
-1.22761
-1.22768
-1.22771
-1.22773
-1.22771
-1.22766
-1.22772
-1.22769
-1.22766
-1.22768
-1.22769
-1.22769
-1.22764
-1.22768
-1.22766
-1.22772
-1.22766
-1.22764
-1.22773
-1.22767
-1.2277
-1.22768
-1.22769
-1.22776
-1.22772
-1.22761
-1.22776
-1.22774
-1.22764
-1.22774
-1.2277
-1.2277
-1.22765
-1.22766
-1.22767
-1.22765
-1.22772
-1.22769
-1.22764
-1.22768
-1.2277
-1.22762
-1.2277
-1.22774
-1.22769
-1.22773
-1.2277
-1.22772
-1.22767
-1.22766
-1.22769
-1.22764
-1.22763
-1.22769
-1.22769
-1.22773
-1.2277
-1.22761
-1.2277
-1.22777
-1.22771
-1.22773
-1.2277
-1.22764
-1.22772
-1.22771
-1.22768
-1.22771
-1.22772
-1.22771
-1.2277
-1.22764
-1.22771
-1.22768
-1.22772
-1.22768
-1.2277
-1.22775
-1.22763
-1.22763
-1.22764
-1.22776
-1.22771
-1.22769
-1.2277
-1.22767
-1.22774
-1.2277
-1.22772
-1.22767
-1.2276
-1.22768
-1.2277
-1.22766
-1.2277
-1.22774
-1.22769
-1.2277
-1.2277
-1.22767
-1.22771
-1.22764
-1.22769
-1.22776
-1.2277
-1.22768
-1.22764
-1.22771
-1.22767
-1.2277
-1.22775
-1.22771
-1.22773
-1.22772
-1.22772
-1.2277
-1.22771
-1.22769
-1.22771
-1.22768
-1.22761
-1.2277
-1.2277
-1.22766
-1.22765
-1.22774
-1.22774
-1.22766
-1.22763
-1.22774
-1.22769
-1.22769
-1.22769
-1.22768
-1.22769
-1.2277
-1.22773
-1.22769
-1.22773
-1.22767
-1.22773
-1.22775
-1.22767
-1.2277
-1.22763
-1.22765
-1.22771
-1.22776
-1.22767
-1.22772
-1.22771
-1.22774
-1.22766
-1.22769
-1.22763
-1.22774
-1.2277
-1.22771
-1.2277
-1.22769
-1.22766
-1.2277
-1.22771
-1.2277
-1.22772
-1.22776
-1.22763
-1.22774
-1.22763
-1.2276
-1.22766
-1.22773
-1.22776
-1.22767
-1.22771
-1.22762
-1.22769
-1.22769
-1.22769
-1.22772
-1.22763
-1.22768
-1.2277
-1.22776
-1.22772
-1.22766
-1.22771
-1.22764
-1.22775
-1.22774
-1.22764
-1.22772
-1.22778
-1.22775
-1.22767
-1.22775
-1.22767
-1.22764
-1.22766
-1.22774
-1.22771
-1.22768
-1.22775
-1.22768
-1.22769
-1.22772
-1.22766
-1.22768
-1.2277
-1.2277
-1.22763
-1.22771
-1.22766
-1.2277
-1.22771
-1.22766
-1.22772
-1.22765
-1.22766
-1.22765
-1.22769
-1.22768
-1.22772
-1.22764
-1.22763
-1.22771
-1.22768
-1.22762
-1.2277
-1.22767
-1.22774
-1.22772
-1.22767
-1.22769
-1.22771
-1.22766
-1.2277
-1.22761
-1.22774
-1.22771
-1.22774
-1.22765
-1.22773
-1.22776
-1.22764
-1.22767
-1.22768
-1.22772
-1.22767
-1.2277
-1.22768
-1.22771
-1.22768
-1.22766
-1.22769
-1.22771
-1.22768
-1.2277
-1.22776
-1.22771
-1.2277
-1.22769
-1.22765
-1.22763
-1.22771
-1.22769
-1.22776
-1.22764
-1.22764
-1.22772
-1.22777
-1.22771
-1.22772
-1.22771
-1.22769
-1.22765
-1.22766
-1.22771
-1.22769
-1.22769
-1.2277
-1.22767
-1.22765
-1.22764
-1.22771
-1.22769
-1.22766
-1.22768
-1.22775
-1.22765
-1.22769
-1.22772
-1.22768
-1.22767
-1.22768
-1.22769
-1.22766
-1.22771
-1.22771
-1.22765
-1.22771
-1.22765
-1.22763
-1.22772
-1.22766
-1.22768
-1.22768
-1.22769
-1.2277
-1.22772
-1.22769
-1.22764
-1.2277
-1.22767
-1.22772
-1.22774
-1.22767
-1.2278
-1.22766
-1.2277
-1.22771
-1.22771
-1.22773
-1.22769
-1.22775
-1.22773
-1.22771
-1.22769
-1.22765
-1.22767
-1.22766
-1.22762
-1.22768
-1.22757
-1.22769
-1.2277
-1.22766
-1.22764
-1.22773
-1.22767
-1.22765
-1.22768
-1.22781
-1.22771
-1.22768
-1.22771
-1.2277
-1.22768
-1.22763
-1.22767
-1.22768
-1.22767
-1.22763
-1.22773
-1.22767
-1.2277
-1.22767
-1.2277
-1.22762
-1.22777
-1.22766
-1.22766
-1.22769
-1.22765
-1.22766
-1.22767
-1.22772
-1.22776
-1.22769
-1.22768
-1.22771
-1.22768
-1.22769
-1.22765
-1.22765
-1.22764
-1.2277
-1.22775
-1.2276
-1.22767
-1.22764
-1.22773
-1.22767
-1.22771
-1.22768
-1.22769
-1.22767
-1.22766
-1.22768
-1.22765
-1.22771
-1.22769
-1.22768
-1.22771
-1.22773
-1.22774
-1.22764
-1.22769
-1.22768
-1.22772
-1.22769
-1.22773
-1.22766
-1.22768
-1.22767
-1.22766
-1.2277
-1.22777
-1.22772
-1.22772
-1.22772
-1.22773
-1.22763
-1.22772
-1.22773
-1.22757
-1.22768
-1.22769
-1.22773
-1.22769
-1.22771
-1.22768
-1.22769
-1.22769
-1.22773
-1.22767
-1.22771
-1.22772
-1.22773
-1.22772
-1.22765
-1.22771
-1.22769
-1.22768
-1.22769
-1.22771
-1.2277
-1.22765
-1.22768
-1.22769
-1.22772
-1.22771
-1.22766
-1.22769
-1.22772
-1.22765
-1.22766
-1.2277
-1.22769
-1.22767
-1.22766
-1.22768
-1.22772
-1.22772
-1.22771
-1.22775
-1.22771
-1.22766
-1.2277
-1.22769
-1.22776
-1.22773
-1.2277
-1.22774
-1.22771
-1.22768
-1.22772
-1.22771
-1.22767
-1.22771
-1.22773
-1.22768
-1.22764
-1.22774
-1.22769
-1.22775
-1.22778
-1.22761
-1.22773
-1.22768
-1.22761
-1.22773
-1.22771
-1.22769
-1.22765
-1.22774
-1.22768
-1.22761
-1.22767
-1.22774
-1.2277
-1.22763
-1.22765
-1.22768
-1.22767
-1.22769
-1.22769
-1.22765
-1.22771
-1.22767
-1.22766
-1.22767
-1.22766
-1.22763
-1.22772
-1.22767
-1.22767
-1.2277
-1.22774
-1.22771
-1.22766
-1.22774
-1.22764
-1.22768
-1.22768
-1.22768
-1.22773
-1.22764
-1.22772
-1.22772
-1.22767
-1.2277
-1.22768
-1.22774
-1.22769
-1.22773
-1.2277
-1.22764
