-9.990990000000000374e-05
-9.990990000000000374e-05
-1.001364595308563380e-04
-1.007757405401639499e-04
-1.019768301437280788e-04
-1.038554207682818172e-04
-1.064981271895095848e-04
-1.099676583506170363e-04
-1.143089678488145921e-04
-1.195563145897933889e-04
-1.257407625865985493e-04
-1.328969202075126158e-04
-1.410667403770621969e-04
-1.502976451151938233e-04
-1.606335185503142112e-04
-1.721010591801807460e-04
-1.846982006540005892e-04
-1.983910357875118616e-04
-2.131202053744576670e-04
-2.288124086420187462e-04
-2.453917771483155584e-04
-2.627880978226701221e-04
-2.809411964414251848e-04
-2.998018725939888035e-04
-3.193299972211718820e-04
-3.394904951668200536e-04
-3.602482500828304451e-04
-3.815633099005791219e-04
-4.033877956010480472e-04
-4.256654523100064907e-04
-4.483339630622137223e-04
-4.713293016718789782e-04
-4.945908371345084618e-04
-5.180657564311163740e-04
-5.417116255070932290e-04
-5.654964586728211543e-04
-5.893963794008955266e-04
-6.133916590693993393e-04
-6.374624120543018017e-04
-6.615853304948102458e-04
-6.857325030732674921e-04
-7.098726887605753301e-04
-7.339746398772986928e-04
-7.580114351346881052e-04
-7.819644634813480372e-04
-8.058257615667646515e-04
-8.295978317435857407e-04
-8.532907607690605250e-04
-8.769172550937418724e-04
-9.004868798552887084e-04
-9.240011082066131899e-04
-9.474506243116735020e-04
-9.708157140018357180e-04
-9.940697152636614360e-04
-1.017184648111084302e-03
-1.040137528756238886e-03
-1.062915639356899885e-03
-1.085519228272553921e-03
-1.107960735992964988e-03
-1.130260569095154150e-03
-1.152440461866908886e-03
-1.174516274509865158e-03
-1.196492399010174248e-03
-1.218359651671751523e-03
-1.240097721430638436e-03
-1.261682186561796475e-03
-1.283095123405231502e-03
-1.304337650591435357e-03
-1.325442513296605550e-03
-1.346485062130492504e-03
-1.367591702251680016e-03
-1.388945966819332212e-03
-1.410793544786993542e-03
-1.433448463024970723e-03
-1.457302752883984486e-03
-1.482841034770196204e-03
-1.510659510165519989e-03
-1.541486080323620700e-03
-1.576195068962501361e-03
-1.615806746132684947e-03
-1.661459117711810464e-03
-1.714338097098945567e-03
-1.775553205605563201e-03
-1.845950049773627559e-03
-1.925857716264924545e-03
-2.014777288638062384e-03
-2.111024530364293689e-03
-2.211343710943645263e-03
-2.310511044554339286e-03
-2.400948018661120797e-03
-2.472370515507284639e-03
-2.511510921378269905e-03
-2.501965508161411045e-03
-2.424231807470042434e-03
-2.256000510875879120e-03
-1.972743949539070962e-03
-1.548595452641954567e-03
-9.574504768456222224e-04
-1.741632949924911203e-04
8.243133270975434076e-04
2.057981388252819177e-03
3.543128225140188600e-03
5.291955470020660510e-03
7.312476286090349373e-03
9.608624634599013600e-03
1.218051842845820076e-02
1.502483089432583852e-02
1.813523900356375437e-02
2.150292502957600396e-02
2.511710384261293255e-02
2.896553816840717610e-02
3.303499522644744169e-02
3.731159922396701939e-02
4.178104820515036316e-02
4.642868734556639121e-02
5.123945715107564719e-02
5.619775827935089008e-02
6.128729171123069308e-02
6.649094207074147944e-02
7.179077053670367137e-02
7.716816835394831042e-02
8.260419052368739301e-02
8.808004626731913422e-02
9.357768106036470912e-02
9.908036079818915987e-02
1.045731722199009228e-01
1.100433820121312078e-01
1.154806356738072998e-01
1.208770099133762571e-01
1.262269494429939520e-01
1.315271201068164697e-01
1.367762012985465347e-01
1.419746296394627239e-01
1.471242996688665872e-01
1.522282291100452711e-01
1.572902046950879762e-01
1.623144340634270488e-01
1.673052333741834596e-01
1.722667755561525793e-01
1.772029122674905199e-01
1.821170688547925076e-01
1.870122009536425434e-01
1.918907962283521451e-01
1.967549046419725944e-01
2.016061836474598301e-01
2.064459487886914912e-01
2.112752240034948548e-01
2.160947887436592829e-01
2.209052207269337487e-01
2.257069339225965532e-01
2.305002116233341170e-01
2.352852345371566900e-01
2.400621039610275897e-01
2.448308603137303585e-01
2.495914975450230222e-01
2.543439741249721719e-01
2.590882214120976412e-01
2.638241501973383474e-01
2.685516561329289731e-01
2.732706245951705415e-01
2.779809353230734414e-01
2.826824669665030099e-01
2.873751015236413742e-01
2.920587285834925217e-01
2.967332493022969975e-01
3.013985800770503376e-01
3.060546558688685970e-01
3.107014330349367470e-01
3.153388913598652588e-01
3.199670347986217633e-01
3.245858903612750535e-01
3.291955047019617386e-01
3.337959383780720324e-01
3.383872583396044242e-01
3.429695297620475314e-01
3.475428085803222156e-01
3.521071358872735479e-01
3.566625348285710762e-01
3.612090100046481123e-01
3.657465489051163199e-01
3.702751246474861313e-01
3.747946992462589111e-01
3.793052267322615245e-01
3.838066556241996330e-01
3.882989305028465843e-01
3.927819927320563842e-01
3.972557806563857263e-01
4.017202297973017089e-01
4.061752735970012296e-01
4.106208451135559545e-01
4.150568798148117078e-01
4.194833193332293542e-01
4.239001157814714649e-01
4.283072360032006420e-01
4.327046649574602388e-01
4.370924073608999372e-01
4.414704868398370285e-01
4.458389422640385846e-01
4.501978216226970586e-01
4.545471745525867524e-01
4.588870451126383365e-01
4.632174663743543475e-01
4.675384578765537924e-01
4.718500262252115496e-01
4.761521684008815924e-01
4.804448768372769907e-01
4.847281450717071394e-01
4.890019726950021184e-01
4.932663684352642242e-01
4.975213505474558873e-01
5.017669442920226208e-01
5.060031770891373348e-01
5.102300726758797200e-01
5.144476459519262690e-01
5.186559000043210466e-01
5.228548261577448120e-01
5.270444070934896530e-01
5.312246223851915250e-01
5.353954553244455461e-01
5.395568996395366801e-01
5.437089646189022796e-01
5.478516772868593510e-01
5.519850807520809699e-01
5.561092287041938809e-01
5.602241771025172623e-01
5.643299749875905214e-01
5.684266566362794482e-01
5.725142368357635236e-01
5.765927101080027262e-01
5.806620536965199086e-01
5.847222333528604432e-01
5.887732105230354396e-01
5.928149493729271136e-01
5.968474221413652137e-01
6.008706115913232670e-01
6.048845099157225125e-01
6.088891143355851243e-01
6.128844205933072775e-01
6.168704162157774284e-01
6.208470754856788565e-01
6.248143574955498103e-01
6.287722077538924204e-01
6.327205629337733228e-01
6.366593577232861900e-01
6.405885323792258612e-01
6.445080394399087531e-01
6.484178481086433354e-01
6.523179451589337097e-01
6.562083319310531015e-01
6.600890180299608945e-01
6.639600133845913188e-01
6.678213209332335420e-01
6.716729320594237995e-01
6.755148260968607543e-01
6.793469741305949716e-01
6.831693463345983597e-01
6.869819213839702954e-01
6.907846960492435295e-01
6.945776928740750034e-01
6.983609639216671328e-01
7.021345891301637998e-01
7.058986689686090887e-01
7.096533126591086926e-01
7.133986246709546064e-01
7.171346928254171971e-01
7.208615808567021555e-01
7.245793269284170890e-01
7.282879480346333700e-01
7.319874489494838654e-01
7.356778336091759352e-01
7.393591164340780342e-01
7.430313310281904116e-01
7.466945339826170924e-01
7.503488023317268496e-01
7.539942246325133102e-01
7.576308873649444386e-01
7.612588597214233754e-01
7.648781802134035912e-01
7.684888477170355170e-01
7.720908180718980551e-01
7.756840058563054807e-01
7.792682899889382675e-01
7.828435214482656335e-01
7.864095314924379743e-01
7.899661390986687515e-01
7.935131568088771292e-01
7.970503947358458241e-01
8.005776631115635311e-01
8.040947743232071954e-01
8.076015456983421936e-01
8.110978042423943046e-01
8.145833941238892484e-01
8.180581870897226660e-01
8.215220953059486630e-01
8.249750853965186481e-01
8.284171916813802827e-01
8.318485258758416823e-01
8.352692801011821766e-01
8.386797204610112466e-01
8.420801700621929342e-01
8.454709830618060140e-01
8.488525141579624789e-01
8.522250895511582769e-01
8.555889849290557736e-01
8.589444137694282055e-01
8.622915263830911448e-01
8.656304177828231250e-01
8.689611411663757945e-01
8.722837234182988508e-01
8.755981792317569790e-01
8.789045210383863438e-01
8.822027629421839157e-01
8.854929183370077173e-01
8.887749926369458153e-01
8.920489739994660328e-01
8.953148254416712915e-01
8.985724811154022218e-01
9.018218480852856489e-01
9.050628134068006148e-01
9.082952551204560576e-01
9.115190550809190162e-01
9.147341112077057579e-01
9.179403466834855640e-01
9.211377139251222257e-01
9.243261920200170900e-01
9.275057778274879983e-01
9.306764727540498550e-01
9.338382685938310113e-01
9.369911360960775371e-01
9.401350189592846407e-01
9.432698342818942594e-01
9.463954788644106664e-01
9.495118396218759083e-01
9.526188057798252729e-01
9.557162803331288314e-01
9.588041883527378406e-01
9.618824802234786642e-01
9.649511289567067607e-01
9.680101223179295999e-01
9.710594522037504506e-01
9.740991047711978768e-01
9.771290547309546826e-01
9.801492660276804880e-01
9.831596994259980127e-01
9.861603259227759155e-01
9.891511437013748020e-01
9.921321954938421284e-01
9.951035826487160119e-01
9.980654720782231593e-01
1.001018093007386645e+00
1.003961722444810967e+00
1.006896661337281396e+00
1.009823206401780027e+00
1.012741624201968893e+00
1.015652133327147988e+00
1.018554897972943518e+00
1.021450033103987964e+00
1.024337618862790400e+00
1.027217720401836676e+00
1.030090408673648428e+00
1.032955777627921456e+00
1.035813953731832715e+00
1.038665095036780395e+00
1.041509379362292043e+00
1.044346984164606251e+00
1.047178063200761011e+00
1.050002725972044582e+00
1.052821024718570531e+00
1.055632951158245403e+00
1.058438442473212060e+00
1.061237394155416291e+00
1.064029676425709114e+00
1.066815150765773268e+00
1.069593683357069391e+00
1.072365152857058801e+00
1.075129451102140088e+00
1.077886477045246094e+00
1.080636126145002152e+00
1.083378278780336545e+00
1.086112791419755474e+00
1.088839493186224638e+00
1.091558188722443035e+00
1.094268666629879094e+00
1.096970711650935293e+00
1.099664118188466100e+00
1.102348702534716951e+00
1.105024311244565904e+00
1.107690823582544004e+00
1.110348147117416140e+00
1.112996207301424123e+00
1.115634933738482326e+00
1.118264246984732146e+00
1.120884049551275075e+00
1.123494223414163384e+00
1.126094634482393442e+00
1.128685142850489154e+00
1.131265616580463096e+00
1.133835946142511597e+00
1.136396056335403193e+00
1.138945912540209049e+00
1.141485518805425814e+00
1.144014906776705365e+00
1.146534116709345907e+00
1.149043173954974906e+00
1.151542065357370470e+00
1.154030719392634241e+00
1.156508992060319763e+00
1.158976658499652146e+00
1.161433408959253955e+00
1.163878847385391158e+00
1.166312491255218520e+00
1.168733771829733259e+00
1.171142034149785349e+00
1.173536535390483193e+00
1.175916438514152507e+00
1.178280795957098448e+00
1.180628516271052586e+00
1.182958306168192530e+00
1.185268581783020858e+00
1.187557346209597409e+00
1.189822035607172035e+00
1.192059343932019511e+00
1.194265047183825423e+00
1.196433861125976605e+00
1.198559377879113930e+00
1.200634129131138650e+00
1.202649808619304705e+00
1.204597651536768899e+00
1.206468923576992314e+00
1.208255438199822507e+00
1.209950015816199542e+00
1.211546824746685402e+00
1.213041585029249081e+00
1.214431651471827855e+00
1.215716009234363959e+00
1.216895213191329095e+00
1.217971288503988836e+00
1.218947593560738119e+00
1.219828636222519469e+00
1.220619835882840620e+00
1.221327237665341237e+00
1.221957204475204284e+00
1.222516126356754995e+00
1.223010186137768462e+00
1.223445205938753499e+00
1.223826578826296974e+00
1.224159272699817613e+00
1.224447883837546103e+00
1.224696714797724129e+00
1.224909852930652798e+00
1.225091229747779620e+00
1.225244647619304850e+00
1.225373769116908873e+00
1.225482074839228774e+00
1.225572804598007215e+00
1.225648900566491450e+00
1.225712967857379487e+00
1.225767260178515894e+00
1.225813689907954362e+00
1.225853856404297115e+00
1.225889084487790992e+00
1.225920465835046436e+00
1.225948898079103788e+00
1.225975118636764449e+00
1.225999732191826341e+00
1.226023232181195688e+00
1.226046017498140905e+00
1.226068405910770931e+00
1.226090645463617346e+00
1.226112924609545241e+00
1.226135381301335148e+00
1.226158110964924886e+00
1.226181173224442089e+00
1.226204597378441674e+00
1.226228386828681627e+00
1.226252522843365389e+00
1.226276968121041255e+00
1.226301670553096690e+00
1.226326567350997765e+00
1.226351589380953122e+00
1.226376665280147549e+00
1.226401724852249853e+00
1.226426701383570350e+00
1.226451532788914722e+00
1.226476161750400085e+00
1.226500535166500372e+00
1.226524603271943681e+00
1.226548318755219968e+00
1.226571636125596942e+00
1.226594511486172268e+00
1.226616902762401651e+00
1.226638770326776928e+00
1.226660077869145882e+00
1.226680793312503903e+00
1.226700889580656595e+00
1.226720345080919428e+00
1.226739143846898417e+00
1.226757275362990063e+00
1.226774734142750845e+00
1.226791519152437449e+00
1.226807633165520439e+00
1.226823082115062968e+00
1.226837874488362345e+00
1.226852020788264941e+00
1.226865533070572667e+00
1.226878424557131586e+00
1.226890709318579686e+00
1.226902402018133387e+00
1.226913517707099333e+00
1.226924071663208826e+00
1.226934079263812150e+00
1.226943555887112236e+00
1.226952516835752238e+00
1.226960977278114484e+00
1.226968952203586927e+00
1.226976456388808367e+00
1.226983504372524347e+00
1.226990110437184756e+00
1.226996288595812779e+00
1.227002052582992109e+00
1.227007415849067140e+00
1.227012391556849602e+00
1.227016992580274080e+00
1.227021231504569210e+00
1.227025120627603494e+00
1.227028671962137274e+00
1.227031897238771485e+00
1.227034807909428205e+00
1.227037415151233102e+00
1.227039729870696316e+00
1.227041762708114270e+00
1.227043524042126688e+00
1.227045023994380424e+00
1.227046272434261898e+00
1.227047278983667278e+00
1.227048053021789098e+00
1.227048603689902873e+00
1.227048939896142610e+00
1.227049070320261004e+00
1.227049003418376083e+00
1.227048747427710751e+00
1.227048310371344764e+00
1.227047700063009117e+00
1.227046924111970361e+00
1.227045989928081671e+00
1.227044904727112584e+00
1.227043675536528600e+00
1.227042309201977766e+00
1.227040812394863512e+00
1.227039191621567271e+00
1.227037453235148012e+00
1.227035603450716827e+00
1.227033648366190333e+00
1.227031593990767000e+00
1.227029446284186642e+00
1.227027211210379498e+00
1.227024894808922628e+00
1.227022503285585042e+00
1.227020043117234671e+00
1.227017521154380564e+00
1.227014944686948494e+00
1.227012321423313512e+00
1.227009659337413128e+00
1.227006966381495534e+00
1.227004250131233709e+00
1.227001517474959780e+00
1.226998774436686812e+00
1.226996026152219033e+00
1.226993276956914736e+00
1.226990530524967760e+00
1.226987790013489121e+00
1.226985058186856214e+00
1.226982337513812471e+00
1.226979630238897334e+00
1.226976938433145259e+00
1.226974264029352391e+00
1.226971608846394002e+00
1.226968974605992413e+00
1.226966362944375666e+00
1.226963775420510494e+00
1.226961213522056449e+00
1.226958678669804126e+00
1.226956172221105312e+00
1.226953695472631445e+00
1.226951249662678878e+00
1.226948835973166840e+00
1.226946455531424895e+00
1.226944109411829631e+00
1.226941798637334102e+00
1.226939524180916896e+00
1.226937286966968355e+00
1.226935087872626173e+00
1.226932927729069478e+00
1.226930807322774930e+00
1.226928727396740193e+00
1.226926688651677866e+00
1.226924691747179441e+00
1.226922737302854394e+00
1.226920825899440626e+00
1.226918958079892930e+00
1.226917134350444583e+00
1.226915355181647405e+00
1.226913621009386945e+00
1.226911932235877023e+00
1.226910289230630502e+00
1.226908692331409645e+00
1.226907141845154925e+00
1.226905638048893410e+00
1.226904181190626275e+00
1.226902771490196997e+00
1.226901409140139787e+00
1.226900094306508704e+00
1.226898827129689007e+00
1.226897607725188966e+00
1.226896436184413908e+00
1.226895312575423169e+00
1.226894236943669725e+00
1.226893209312721833e+00
1.226892229684969360e+00
1.226891298042313005e+00
1.226890414346837765e+00
1.226889578541470627e+00
1.226888790550623387e+00
1.226888050280819709e+00
1.226887357621308183e+00
1.226886712444660077e+00
1.226886114607354195e+00
1.226885563950346203e+00
1.226885060299626184e+00
1.226884603466761092e+00
1.226884193249425437e+00
1.226883829431918871e+00
1.226883511785671121e+00
1.226883240069734482e+00
1.226883014031264763e+00
1.226882833405989581e+00
1.226882697918666665e+00
1.226882607283528825e+00
1.226882561204720057e+00
1.226882559376718751e+00
1.226882601484751811e+00
1.226882687205197442e+00
1.226882816205978166e+00
1.226882988146944076e+00
1.226883202680245422e+00
1.226883459450697211e+00
1.226883758096132260e+00
1.226884098247747579e+00
1.226884479530439442e+00
1.226884901563131569e+00
1.226885363959093089e+00
1.226885866326249630e+00
1.226886408267484851e+00
1.226886989380934878e+00
1.226887609260273848e+00
1.226888267494992801e+00
1.226888963670670574e+00
1.226889697369236698e+00
1.226890468169228088e+00
1.226891275646037949e+00
1.226892119372158030e+00
1.226892998917413768e+00
1.226893913849193218e+00
1.226894863732669094e+00
1.226895848131015043e+00
1.226896866605615255e+00
1.226897918716267633e+00
1.226899004021381856e+00
1.226900122078171007e+00
1.226901272442838087e+00
1.226902454670756537e+00
1.226903668316644769e+00
1.226904912934737135e+00
1.226906188078947357e+00
1.226907493303029284e+00
1.226908828160730769e+00
1.226910192205943773e+00
1.226911584992849136e+00
1.226913006076057355e+00
1.226914455010743810e+00
1.226915931352781097e+00
1.226917434658865380e+00
1.226918964486639396e+00
1.226920520394811920e+00
1.226922101943271448e+00
1.226923708693197890e+00
1.226925340207168924e+00
1.226926996049263696e+00
1.226928675785161627e+00
1.226930378982239001e+00
1.226932105209661339e+00
1.226933854038472216e+00
1.226935625041678968e+00
1.226937417794335294e+00
1.226939231873620306e+00
1.226941066858914908e+00
1.226942922331875074e+00
1.226944797876501791e+00
1.226946693079208339e+00
1.226948607528884905e+00
1.226950540816960533e+00
1.226952492537462192e+00
1.226954462287070946e+00
1.226956449665176141e+00
1.226958454273927357e+00
1.226960475718282373e+00
1.226962513606055127e+00
1.226964567547959462e+00
1.226966637157651308e+00
1.226968722051768879e+00
1.226970821849970861e+00
1.226972936174971718e+00
1.226975064652575886e+00
1.226977206911709306e+00
1.226979362584449840e+00
1.226981531306055251e+00
1.226983712714989183e+00
1.226985906452946029e+00
1.226988112164873579e+00
1.226990329498994337e+00
1.226992558106825060e+00
1.226994797643194746e+00
1.226997047766261062e+00
1.226999308137525002e+00
1.227001578421844874e+00
1.227003858287448290e+00
1.227006147405942382e+00
1.227008445452324015e+00
1.227010752104987334e+00
1.227013067045730876e+00
1.227015389959763336e+00
1.227017720535707568e+00
1.227020058465604357e+00
1.227022403444914422e+00
1.227024755172519743e+00
1.227027113350723564e+00
1.227029477685249503e+00
1.227031847885239335e+00
1.227034223663250545e+00
1.227036604735252556e+00
1.227038990820622066e+00
1.227041381642137052e+00
1.227043776925970775e+00
1.227046176401684896e+00
1.227048579802221040e+00
1.227050986863892357e+00
1.227053397326373974e+00
1.227055810932693003e+00
1.227058227429217441e+00
1.227060646565644841e+00
1.227063068094990550e+00
1.227065491773574379e+00
1.227067917361007954e+00
1.227070344620179831e+00
1.227072773317242405e+00
1.227075203221595689e+00
1.227077634105872894e+00
1.227080065745923765e+00
1.227082497920798376e+00
1.227084930412730701e+00
1.227087363007120402e+00
1.227089795492516178e+00
1.227092227660596890e+00
1.227094659306153579e+00
1.227097090227070142e+00
1.227099520224304463e+00
1.227101949101869316e+00
1.227104376666811492e+00
1.227106802729192703e+00
1.227109227102068489e+00
1.227111649601467791e+00
1.227114070046372296e+00
1.227116488258694682e+00
1.227118904063257521e+00
1.227121317287771962e+00
1.227123727762815086e+00
1.227126135321808587e+00
1.227128539800996565e+00
1.227130941039422440e+00
1.227133338878907187e+00
1.227135733164026243e+00
1.227138123742086862e+00
1.227140510463105016e+00
1.227142893179782535e+00
1.227145271747483779e+00
1.227147646024212557e+00
1.227150015870588362e+00
1.227152381149823279e+00
1.227154741727698672e+00
1.227157097472540981e+00
1.227159448255198626e+00
1.227161793949018254e+00
1.227164134429820752e+00
1.227166469575878160e+00
1.227168799267889021e+00
1.227171123388955509e+00
1.227173441824558786e+00
1.227175754462536128e+00
1.227178061193056280e+00
1.227180361908596362e+00
1.227182656503917890e+00
1.227184944876042572e+00
1.227187226924229657e+00
1.227189502549951294e+00
1.227191771656869435e+00
1.227194034150811852e+00
1.227196289939749274e+00
1.227198538933771399e+00
1.227200781045063360e+00
1.227203016187882856e+00
1.227205244278536611e+00
1.227207465235357287e+00
1.227209678978679941e+00
1.227211885430819605e+00
1.227214084516047965e+00
1.227216276160570496e+00
1.227218460292503588e+00
1.227220636841852341e+00
1.227222805740487255e+00
1.227224966922122462e+00
1.227227120322292864e+00
1.227229265878331921e+00
1.227231403529349896e+00
1.227233533216211203e+00
1.227235654881512872e+00
1.227237768469562784e+00
1.227239873926357472e+00
1.227241971199561466e+00
1.227244060238484646e+00
1.227246140994062262e+00
1.227248213418832723e+00
1.227250277466916950e+00
1.227252333093997283e+00
1.227254380257297273e+00
1.227256418915560143e+00
1.227258449029028808e+00
1.227260470559425665e+00
1.227262483469932164e+00
1.227264487725168385e+00
1.227266483291173493e+00
1.227268470135386202e+00
1.227270448226624566e+00
1.227272417535066662e+00
1.227274378032231272e+00
1.227276329690959011e+00
1.227278272485392563e+00
1.227280206390958250e+00
1.227282131384347386e+00
1.227284047443497395e+00
1.227285954547573388e+00
1.227287852676950175e+00
1.227289741813193835e+00
1.227291621939043731e+00
1.227293493038394745e+00
1.227295355096279517e+00
1.227297208098851122e+00
1.227299052033365534e+00
1.227300886888164744e+00
1.227302712652659000e+00
1.227304529317310600e+00
1.227306336873616788e+00
1.227308135314093329e+00
1.227309924632258076e+00
1.227311704822614535e+00
1.227313475880635885e+00
1.227315237802748760e+00
1.227316990586317935e+00
1.227318734229630115e+00
1.227320468731878833e+00
1.227322194093148910e+00
1.227323910314401356e+00
1.227325617397458268e+00
1.227327315344987957e+00
1.227329004160490067e+00
1.227330683848281367e+00
1.227332354413480875e+00
1.227334015861995864e+00
1.227335668200507879e+00
1.227337311436458078e+00
1.227338945578034135e+00
1.227340570634156469e+00
1.227342186614464259e+00
1.227343793529302340e+00
1.227345391389708107e+00
1.227346980207398186e+00
1.227348559994755561e+00
1.227350130764816916e+00
1.227351692531259753e+00
1.227353245308389962e+00
1.227354789111129829e+00
1.227356323955005157e+00
1.227357849856133498e+00
1.227359366831212384e+00
1.227360874897507337e+00
1.227362374072840101e+00
1.227363864375577318e+00
1.227365345824619203e+00
1.227366818439387997e+00
1.227368282239817088e+00
1.227369737246340131e+00
1.227371183479879724e+00
1.227372620961837191e+00
1.227374049714081927e+00
1.227375469758940740e+00
1.227376881119187635e+00
1.227378283818033600e+00
1.227379677879116837e+00
1.227381063326492328e+00
1.227382440184622503e+00
1.227383808478367033e+00
1.227385168232973944e+00
1.227386519474069848e+00
1.227387862227650395e+00
1.227389196520071390e+00
1.227390522378039694e+00
1.227391839828604336e+00
1.227393148899147635e+00
1.227394449617376537e+00
1.227395742011313740e+00
1.227397026109289468e+00
1.227398301939933267e+00
1.227399569532165557e+00
1.227400828915189424e+00
1.227402080118483063e+00
1.227403323171791127e+00
1.227404558105117616e+00
1.227405784948718104e+00
1.227407003733091528e+00
1.227408214488973304e+00
1.227409417247328216e+00
1.227410612039342430e+00
1.227411798896416828e+00
1.227412977850159681e+00
1.227414148932380211e+00
1.227415312175081263e+00
1.227416467610452422e+00
1.227417615270864015e+00
1.227418755188860233e+00
1.227419887397152465e+00
1.227421011928613082e+00
1.227422128816269664e+00
1.227423238093297897e+00
1.227424339793016461e+00
1.227425433948880595e+00
1.227426520594476100e+00
1.227427599763513788e+00
1.227428671489823930e+00
1.227429735807350264e+00
1.227430792750144439e+00
1.227431842352361357e+00
1.227432884648252953e+00
1.227433919672163087e+00
1.227434947458522885e+00
1.227435968041845182e+00
1.227436981456719867e+00
1.227437987737808323e+00
1.227438986919839214e+00
1.227439979037603601e+00
1.227440964125950051e+00
1.227441942219780202e+00
1.227442913354044318e+00
1.227443877563736407e+00
1.227444834883890445e+00
1.227445785349575713e+00
1.227446728995892578e+00
1.227447665857968273e+00
1.227448595970953349e+00
1.227449519370017006e+00
1.227450436090343322e+00
1.227451346167127699e+00
1.227452249635572867e+00
1.227453146530884887e+00
1.227454036888270039e+00
1.227454920742930833e+00
1.227455798130062670e+00
1.227456669084850072e+00
1.227457533642463572e+00
1.227458391838056606e+00
1.227459243706761738e+00
1.227460089283687772e+00
1.227460928603916201e+00
1.227461761702498766e+00
1.227462588614453898e+00
1.227463409374763836e+00
1.227464224018372185e+00
1.227465032580180360e+00
1.227465835095045366e+00
1.227466631597776692e+00
1.227467422123133645e+00
1.227468206705822906e+00
1.227468985380496092e+00
1.227469758181746640e+00
1.227470525144108038e+00
1.227471286302050935e+00
1.227472041689980919e+00
1.227472791342236302e+00
1.227473535293085893e+00
1.227474273576726338e+00
1.227475006227280341e+00
1.227475733278794667e+00
