1.999890000000000001e-01
1.999890000000000001e-01
1.999890220280882980e-01
1.999890868548824530e-01
1.999892137673135173e-01
1.999894202566158963e-01
1.999897215690639996e-01
1.999901300846605168e-01
1.999906545140740233e-01
1.999912989509712025e-01
1.999920619066244964e-01
1.999929356043460560e-01
1.999939059955617715e-01
1.999949540272227544e-01
1.999960583612666043e-01
1.999971989109874115e-01
1.999983597757030995e-01
1.999995303582989548e-01
2.000007046293642565e-01
2.000018794900041419e-01
2.000030532240112680e-01
2.000042244894768562e-01
2.000053918271722242e-01
2.000065534918342158e-01
2.000077074408692923e-01
2.000088513897265441e-01
2.000099828915185840e-01
2.000110994170586909e-01
2.000121984182554324e-01
2.000132773649021811e-01
2.000143337546944344e-01
2.000153651059663473e-01
2.000163689488006213e-01
2.000173428312710666e-01
2.000182843539188016e-01
2.000191912384311765e-01
2.000200614276370359e-01
2.000208932054916566e-01
2.000216853200276756e-01
2.000224370910253513e-01
2.000231484875675259e-01
2.000238201670098137e-01
2.000244534735667601e-01
2.000250503995373297e-01
2.000256135145032366e-01
2.000261458684246263e-01
2.000266508748489158e-01
2.000271321814971470e-01
2.000275935373466429e-01
2.000280386670226507e-01
2.000284711634733315e-01
2.000288944076391295e-01
2.000293115193403637e-01
2.000297253381128071e-01
2.000301384277950179e-01
2.000305530955226729e-01
2.000309714149298423e-01
2.000313952447181354e-01
2.000318262369466249e-01
2.000322658338940240e-01
2.000327152575490930e-01
2.000331755010971990e-01
2.000336473368387047e-01
2.000341313599950099e-01
2.000346280936689258e-01
2.000351381879534873e-01
2.000356627565133272e-01
2.000362039063193764e-01
2.000367655282591639e-01
2.000373544241381696e-01
2.000379818447849400e-01
2.000386655018847049e-01
2.000394320936985104e-01
2.000403203564324051e-01
2.000413846234218584e-01
2.000426988433726683e-01
2.000443609689434854e-01
2.000464975661881972e-01
2.000492684081682793e-01
2.000528707161137176e-01
2.000575426419431424e-01
2.000635656178044453e-01
2.000712654083918740e-01
2.000810121261118457e-01
2.000932200476935596e-01
2.001083486246390541e-01
2.001269063604854404e-01
2.001494590294904119e-01
2.001766429723751128e-01
2.002091830206990386e-01
2.002479131546175406e-01
2.002937964917352320e-01
2.003479398757941066e-01
2.004115975369606117e-01
2.004861585288926495e-01
2.005731143965742425e-01
2.006740068943526079e-01
2.007903598946018942e-01
2.009236034828966455e-01
2.010750000652182234e-01
2.012455813543232164e-01
2.014361019159505439e-01
2.016470110697530516e-01
2.018784419211291647e-01
2.021302149700988093e-01
2.024018539789127213e-01
2.026926127963213364e-01
2.030015126400050163e-01
2.033273891611309114e-01
2.036689472628851749e-01
2.040248196552673920e-01
2.043936235510205035e-01
2.047740097076473642e-01
2.051646994661968648e-01
2.055645079547452070e-01
2.059723542228209803e-01
2.063872609490814136e-01
2.068083472229703124e-01
2.072348178818097797e-01
2.076659523029021071e-01
2.081010946879990609e-01
2.085396469239216566e-01
2.089810641986789008e-01
2.094248528404989984e-01
2.098705694591632143e-01
2.103178204523512840e-01
2.107662612081934450e-01
2.112155947057342276e-01
2.116655695069272758e-01
2.121159772522055731e-01
2.125666497262354848e-01
2.130174554338067627e-01
2.134682955280568784e-01
2.139190989591495673e-01
2.143698168990093855e-01
2.148204167960612032e-01
2.152708766915601701e-01
2.157211805396858917e-01
2.161713151462941740e-01
2.166212690224156578e-01
2.170710330593510762e-01
2.175206025860177694e-01
2.179699801226847033e-01
2.184191780099095093e-01
2.188682200769293817e-01
2.193171416540299623e-01
2.197659875664850215e-01
2.202148082545633268e-01
2.206636547182330710e-01
2.211125733780982261e-01
2.215616020002250108e-01
2.220107675285337145e-01
2.224600861468951918e-01
2.229095653584878545e-01
2.233592074671029992e-01
2.238090136161281773e-01
2.242589874671116201e-01
2.247091376662582185e-01
2.251594784709392838e-01
2.256100283071364454e-01
2.260608065555454460e-01
2.265118293698185625e-01
2.269631056156422855e-01
2.274146339574658338e-01
2.278664017483544579e-01
2.283183858699210644e-01
2.287705552105723794e-01
2.292228741640737200e-01
2.296753063853275156e-01
2.301278180264880180e-01
2.305803797821201484e-01
2.310329673138143691e-01
2.314855600075086950e-01
2.319381384763117560e-01
2.323906816099185202e-01
2.328431641253587148e-01
2.332955554228977046e-01
2.337478201691646496e-01
2.341999205758981406e-01
2.346518199538569771e-01
2.351034868531570732e-01
2.355548989500964863e-01
2.360060458046142617e-01
2.364569297305596229e-01
2.369075643514753915e-01
2.373579709603065857e-01
2.378081734351624177e-01
2.382581929426283995e-01
2.387080437614161610e-01
2.391577312335901873e-01
2.396072522556930706e-01
2.400565980984770698e-01
2.405057588621265507e-01
2.409547285793303961e-01
2.414035098468887974e-01
2.418521168899244456e-01
2.423005761886405096e-01
2.427489242841636419e-01
2.431972030936481732e-01
2.436454538071545217e-01
2.440937109058629595e-01
2.445419978112626513e-01
2.449903251702997831e-01
2.454386920447784726e-01
2.458870895863917161e-01
2.463355063001016754e-01
2.467839337414083067e-01
2.472323714138645601e-01
2.476808297269510184e-01
2.481293301967262555e-01
2.485779026683519743e-01
2.490265801317284589e-01
2.494753924358440456e-01
2.499243605649705824e-01
2.503734929499036865e-01
2.508227846550619700e-01
2.512722195003584402e-01
2.517217745168759957e-01
2.521714257125076686e-01
2.526211539179780141e-01
2.530709494494008394e-01
2.535208144747780334e-01
2.539707623775351863e-01
2.544208140976213506e-01
2.548709922687074081e-01
2.553213146560330271e-01
2.557717886189720957e-01
2.562224079731236781e-01
2.566731528939688034e-01
2.571239927119424173e-01
2.575748908415469995e-01
2.580258107337083384e-01
2.584767215954683617e-01
2.589276026428480870e-01
2.593784448714284152e-01
2.598292498141918649e-01
2.602800255023440257e-01
2.607307806699188935e-01
2.611815188204192340e-01
2.616322338290605898e-01
2.620829082679572153e-01
2.625335148577065958e-01
2.629840206827455118e-01
2.634343932495085139e-01
2.638846071381341640e-01
2.643346498514751453e-01
2.647845254972682749e-01
2.652342552337593751e-01
2.656838740577816549e-01
2.661334244666940241e-01
2.665829484937373706e-01
2.670324801783590662e-01
2.674820404103614435e-01
2.679316353534726969e-01
2.683812586665471622e-01
2.688308968670902188e-01
2.692805365959662911e-01
2.697301722275891600e-01
2.701798121615635595e-01
2.706294822443550130e-01
2.710792252113086165e-01
2.715290958909717944e-01
2.719791530506307509e-01
2.724294497915600854e-01
2.728800248516980442e-01
2.733308968229514746e-01
2.737820623427227318e-01
2.742334982301141144e-01
2.746851666903017963e-01
2.751370222370986829e-01
2.755890188184541567e-01
2.760411156751234052e-01
2.764932807052056241e-01
2.769454906091430857e-01
2.773977278720083373e-01
2.778499755481073641e-01
2.783022115127504748e-01
2.787544040128943079e-01
2.792065099091344260e-01
2.796584761880531178e-01
2.801102444839642103e-01
2.805617577132389906e-01
2.810129675321297871e-01
2.814638411238740701e-01
2.819143657894633281e-01
2.823645500518419671e-01
2.828144206173135444e-01
2.832640155684857386e-01
2.837133753102556999e-01
2.841625335653261142e-01
2.846115107298032298e-01
2.850603111573875581e-01
2.855089248228311338e-01
2.859573327739335924e-01
2.864055150611471978e-01
2.868534594359115619e-01
2.873011689456117512e-01
2.877486666162357154e-01
2.881959958208865635e-01
2.886432158103342527e-01
2.890903931537597837e-01
2.895375910999590796e-01
2.899848595529418982e-01
2.904322281183473464e-01
2.908797036671028624e-01
2.913272725873543578e-01
2.917749068376699895e-01
2.922225722725006469e-01
2.926702374293598252e-01
2.931178809314697875e-01
2.935654958565490635e-01
2.940130899541068543e-01
2.944606815363589591e-01
2.949082920755244364e-01
2.953559375866230963e-01
2.958036212722623959e-01
2.962513294614592674e-01
2.966990318392106474e-01
2.971466858186971871e-01
2.975942440209297102e-01
2.980416632926222720e-01
2.984889134313489789e-01
2.989359837334621961e-01
2.993828857042282188e-01
2.998296509293190693e-01
3.002763242548125988e-01
3.007229538010927072e-01
3.011695803899155366e-01
3.016162291721809496e-01
3.020629055124902651e-01
3.025095959113843214e-01
3.029562734855590356e-01
3.034029066280269915e-01
3.038494689705858454e-01
3.042959485563796473e-01
3.047423541512141454e-01
3.051887169852420256e-01
3.056350870871887282e-01
3.060815247373075421e-01
3.065280890407148240e-01
3.069748265690286915e-01
3.074217629583239630e-01
3.078688993433632004e-01
3.083162140828867304e-01
3.087636689728642803e-01
3.092112183408435300e-01
3.096588190331411306e-01
3.101064392076411380e-01
3.105540639873968778e-01
3.110016965241456099e-01
3.114493539921524556e-01
3.118970593869511698e-01
3.123448313013892919e-01
3.127926745001805564e-01
3.132405737891585384e-01
3.136884925769307664e-01
3.141363762033296259e-01
3.145841590448652525e-01
3.150317737724849243e-01
3.154791608500545075e-01
3.159262763085800008e-01
3.163730960269952042e-01
3.168196153378252111e-01
3.172658438496342437e-01
3.177117967555777578e-01
3.181574850672556076e-01
3.186029076113038316e-01
3.190480470556596448e-01
3.194928710119355197e-01
3.199373379478517299e-01
3.203814066355909485e-01
3.208250472359100436e-01
3.212682517707516339e-01
3.217110416195794742e-01
3.221534699201881735e-01
3.225956176009547316e-01
3.230375832896480448e-01
3.234794691659426680e-01
3.239213661848102110e-01
3.243633423045064190e-01
3.248054363201681172e-01
3.252476582032149399e-01
3.256899952335061132e-01
3.261324221279637281e-01
3.265749128345502572e-01
3.270174514966071033e-01
3.274600402044852143e-01
3.279027016383410653e-01
3.283454757414964176e-01
3.287884111164031675e-01
3.292315534611555683e-01
3.296749343502848872e-01
3.301185635118846773e-01
3.305624265766659020e-01
3.310064886854000576e-01
3.314507029654982784e-01
3.318950219980510985e-01
3.323394099282080960e-01
3.327838526788294282e-01
3.332283638172529039e-01
3.336729841963404497e-01
3.341177747363933692e-01
3.345628034989861499e-01
3.350081299095441500e-01
3.354537897996134888e-01
3.358997844459065685e-01
3.363460752975479529e-01
3.367925843820260279e-01
3.372391991247098986e-01
3.376857797186480492e-01
3.381321670865513607e-01
3.385781896342101582e-01
3.390236672555427266e-01
3.394684114050356971e-01
3.399122205396489238e-01
3.403548707966672082e-01
3.407961022288160668e-01
3.412356010620232194e-01
3.416729782656824366e-01
3.421077445045076493e-01
3.425392817167590698e-01
3.429668125283553137e-01
3.433893706174458993e-01
3.438057777244885038e-01
3.442146353900226718e-01
3.446143401941494377e-01
3.450031286522505236e-01
3.453791515019628000e-01
3.457405687610264899e-01
3.460856505412046591e-01
3.464128676462571166e-01
3.467209608185908842e-01
3.470089851290753535e-01
3.472763324623897585e-01
3.475227379376007453e-01
3.477482753057746789e-01
3.479533432820538508e-01
3.481386413451935113e-01
3.483051316850123147e-01
3.484539850660829940e-01
3.485865124725773811e-01
3.487040897353916868e-01
3.488080859762690555e-01
3.488998064491765083e-01
3.489804563901983125e-01
3.490511270035835945e-01
3.491128001145190063e-01
3.491663654516881099e-01
3.492126437941691641e-01
3.492524096150472768e-01
3.492864079035660207e-01
3.493153615335800599e-01
3.493399679991193163e-01
3.493608872945850874e-01
3.493787252736845206e-01
3.493940178745476022e-01
3.494072206966820637e-01
3.494187061644647430e-01
3.494287680942592123e-01
3.494376318158304295e-01
3.494454673213606699e-01
3.494524029647553265e-01
3.494585376482585160e-01
3.494639500123532527e-01
3.494687038696870918e-01
3.494728500077794453e-01
3.494764254012835414e-01
3.494794515266032575e-01
3.494819335785570580e-01
3.494838619205225538e-01
3.494852163116944910e-01
3.494859726816234580e-01
3.494861116483218288e-01
3.494856275925311562e-01
3.494845368252750273e-01
3.494828832185807865e-01
3.494807397625221412e-01
3.494782050914849725e-01
3.494753951650950152e-01
3.494724316980516998e-01
3.494694299778796087e-01
3.494664888261804214e-01
3.494636845931798907e-01
3.494610697167797597e-01
3.494586751591877150e-01
3.494565153246235734e-01
3.494545938743089941e-01
3.494529090171172303e-01
3.494514571964407179e-01
3.494502345277590849e-01
3.494492358330156812e-01
3.494484516227160387e-01
3.494478638019616890e-01
3.494474411050479401e-01
3.494471352218021520e-01
3.494468782956216546e-01
3.494465820695771829e-01
3.494461385804182862e-01
3.494454220519672694e-01
3.494442915446289155e-01
3.494425939436531237e-01
3.494401669605028404e-01
3.494368419310459606e-01
3.494324462916018614e-01
3.494268056869007100e-01
3.494197457119200267e-01
3.494110933169004007e-01
3.494006779175333754e-01
3.493883322556737281e-01
3.493738930539491694e-01
3.493572015030393940e-01
3.493381036148457408e-01
3.493164504692231609e-01
3.492920983768783016e-01
3.492649089766448611e-01
3.492347492816642029e-01
3.492014916859803586e-01
3.491650139406219933e-01
3.491251991062969129e-01
3.490819354882832570e-01
3.490351165578851056e-01
3.489846408638647146e-01
3.489304119365149726e-01
3.488723381864474171e-01
3.488103327997122971e-01
3.487443136305037883e-01
3.486742030924194213e-01
3.485999280490134078e-01
3.485214197042006412e-01
3.484386134929143841e-01
3.483514489722864815e-01
3.482598697134963728e-01
3.481638231943074424e-01
3.480632606921688632e-01
3.479581371775859466e-01
3.478484112072317003e-01
3.477340448159517705e-01
3.476150034063546501e-01
3.474912556340077341e-01
3.473627732852689887e-01
3.472295311433122311e-01
3.470915068357116051e-01
3.469486806536785650e-01
3.468010353281540947e-01
3.466485557406523421e-01
3.464912285358431876e-01
3.463290415866044358e-01
3.461619832381306328e-01
3.459900412220234811e-01
3.458132010790742061e-01
3.456314438540713518e-01
3.454447427195890818e-01
3.452530580411647398e-01
3.450563302125850829e-01
3.448544693858515142e-01
3.446473410626332279e-01
3.444347465697721877e-01
3.442163980515054456e-01
3.439918893325284999e-01
3.437606674412559959e-01
3.435220146438640598e-01
3.432750552984380477e-01
3.430188004643681676e-01
3.427522309676917511e-01
3.424743998149024082e-01
3.421845219583538045e-01
3.418820257394526441e-01
3.415665604843130532e-01
3.412379721161021839e-01
3.408962640023928126e-01
3.405415564141716644e-01
3.401740516212434229e-01
3.397940067758198346e-01
3.394017141328626308e-01
3.389974871931377698e-01
3.385816512515725796e-01
3.381545370682833007e-01
3.377164766883521962e-01
3.372678007127064559e-01
3.368088365372490789e-01
3.363399072330433004e-01
3.358613308487448101e-01
3.353734199901788338e-01
3.348764815813358164e-01
3.343708167438386170e-01
3.338567207535644843e-01
3.333344830473330966e-01
3.328043872619060317e-01
3.322667112936646960e-01
3.317217273713417569e-01
3.311697021368105731e-01
3.306108967306569668e-01
3.300455668803889409e-01
3.294739629898791322e-01
3.288963302291230684e-01
3.283129086237147609e-01
3.277239331436527237e-01
3.271296337912273366e-01
3.265302356878317935e-01
3.259259591595999872e-01
3.253170198218128251e-01
3.247036286620423318e-01
3.240859921220189399e-01
3.234643121782193598e-01
3.228387864211796354e-01
3.222096081335431017e-01
3.215769663668558986e-01
3.209410460171247537e-01
3.203020278991530745e-01
3.196600888196720613e-01
3.190154016492842137e-01
3.183681353932362734e-01
3.177184552610391455e-01
3.170665227349524495e-01
3.164124956373502440e-01
3.157565281969857973e-01
3.150987711141716718e-01
3.144393716248919945e-01
3.137784735638635136e-01
3.131162174265614273e-01
3.124527404302260836e-01
3.117881765738663158e-01
3.111226566972750129e-01
3.104563085390720789e-01
3.097892567937899910e-01
3.091216231680168902e-01
3.084535264356115802e-01
3.077850824920050909e-01
3.071164044076029609e-01
3.064476024803022280e-01
3.057787842871368955e-01
3.051100547350654169e-01
3.044415161109136903e-01
3.037732681304867177e-01
3.031054079868616968e-01
3.024380303978757567e-01
3.017712276528204396e-01
3.011050896583556957e-01
3.004397039836554928e-01
2.997751559047970304e-01
2.991115284484055503e-01
2.984489024345661767e-01
2.977873565190145011e-01
2.971269672346171786e-01
2.964678090321538062e-01
2.958099543204107396e-01
2.951534735055979519e-01
2.944984350300996478e-01
2.938449054105690128e-01
2.931929492753771460e-01
2.925426294014271122e-01
2.918940067503423830e-01
2.912471405040397698e-01
2.906020880996971756e-01
2.899589052641246001e-01
2.893176460475488931e-01
2.886783628568210247e-01
2.880411064880550875e-01
2.874059261587083025e-01
2.867728695391102978e-01
2.861419827834512652e-01
2.855133105602369326e-01
2.848868960822190100e-01
2.842627811358096612e-01
2.836410061099879365e-01
2.830216100247064936e-01
2.824046305588065464e-01
2.817901040774486998e-01
2.811780656590676664e-01
2.805685491218584127e-01
2.799615870498010639e-01
2.793572108182322822e-01
2.787554506189700021e-01
2.781563354849990732e-01
2.775598933147245817e-01
2.769661508958000118e-01
2.763751339285367425e-01
2.757868670489022622e-01
2.752013738511129293e-01
2.746186769098284408e-01
2.740387978019541149e-01
2.734617571280574810e-01
2.728875745334053415e-01
2.723162687286274641e-01
2.717478575100129023e-01
2.711823577794450491e-01
2.706197855639810301e-01
2.700601560350814334e-01
2.695034835274960350e-01
2.689497815578110740e-01
2.683990628426634051e-01
2.678513393166274681e-01
2.673066221497796269e-01
2.667649217649460947e-01
2.662262478546387201e-01
2.656906093976841854e-01
2.651580146755519451e-01
2.646284712883850698e-01
2.641019861707393224e-01
2.635785656070354643e-01
2.630582152467291213e-01
2.625409401192028702e-01
2.620267446483853790e-01
2.615156326671019826e-01
2.610076074311609151e-01
2.605026716331799164e-01
2.600008274161572652e-01
2.595020763867915692e-01
2.590064196285544185e-01
2.585138577145199568e-01
2.580243907199555320e-01
2.575380182346774238e-01
2.570547393751752008e-01
2.565745527965091477e-01
2.560974567039839278e-01
2.556234488646026426e-01
2.551525266183048979e-01
2.546846868889920956e-01
2.542199261953441702e-01
2.537582406614308228e-01
2.532996260271205280e-01
2.528440776582913663e-01
2.523915905568462903e-01
2.519421593705367113e-01
2.514957784025972365e-01
2.510524416211947218e-01
2.506121426686951925e-01
2.501748748707514625e-01
2.497406312452140620e-01
2.493094045108694146e-01
2.488811870960072892e-01
2.484559711468208865e-01
2.480337485356424176e-01
2.476145108690167296e-01
2.471982494956159182e-01
2.467849555139976780e-01
2.463746197802099136e-01
2.459672329152443049e-01
2.455627853123414917e-01
2.451612671441503188e-01
2.447626683697436967e-01
2.443669787414934624e-01
2.439741878118068530e-01
2.435842849397268361e-01
2.431972592973985769e-01
2.428130998764046200e-01
2.424317954939707309e-01
2.420533347990449502e-01
2.416777062782518026e-01
2.413048982617239657e-01
2.409348989288135900e-01
2.405676963136851865e-01
2.402032783107923286e-01
2.398416326802400300e-01
2.394827470530350444e-01
2.391266089362256986e-01
2.387732057179335898e-01
2.384225246722787295e-01
2.380745529642002145e-01
2.377292776541741759e-01
2.373866857028308075e-01
2.370467639754723077e-01
2.367094992464935377e-01
2.363748782037069507e-01
2.360428874525736243e-01
2.357135135203421716e-01
2.353867428600968925e-01
2.350625618547169671e-01
2.347409568207483310e-01
2.344219140121896749e-01
2.341054196241942054e-01
2.337914597966885000e-01
2.334800206179102888e-01
2.331710881278662162e-01
2.328646483217113872e-01
2.325606871530518927e-01
2.322591905371717835e-01
2.319601443541858821e-01
2.316635344521197903e-01
2.313693466499182338e-01
2.310775667403834610e-01
2.307881804930445313e-01
2.305011736569590186e-01
2.302165319634482954e-01
2.299342411287677301e-01
2.296542868567127138e-01
2.293766548411620421e-01
2.291013307685596245e-01
2.288283003203356869e-01
2.285575491752685762e-01
2.282890630117883624e-01
2.280228275102232083e-01
2.277588283549897008e-01
2.274970512367280873e-01
2.272374818543834440e-01
2.269801059172339430e-01
2.267249091468670485e-01
2.264718772791046719e-01
2.262209960658784214e-01
2.259722512770555025e-01
2.257256287022167129e-01
2.254811141523869467e-01
2.252386934617195413e-01
2.249983524891350783e-01
2.247600771199156355e-01
2.245238532672552412e-01
2.242896668737675570e-01
2.240575039129514001e-01
2.238273503906151318e-01
2.235991923462605502e-01
2.233730158544270650e-01
2.231488070259972367e-01
2.229265520094639019e-01
2.227062369921601614e-01
2.224878482014527037e-01
2.222713719058991289e-01
2.220567944163701901e-01
2.218441020871374791e-01
2.216332813169273608e-01
2.214243185499417121e-01
2.212172002768462709e-01
2.210119130357271200e-01
2.208084434130159757e-01
2.206067780443849990e-01
2.204069036156117156e-01
2.202088068634144580e-01
2.200124745762592482e-01
2.198178935951384805e-01
2.196250508143220426e-01
2.194339331820815142e-01
2.192445277013879146e-01
2.190568214305834427e-01
2.188708014840280991e-01
2.186864550327212997e-01
2.185037693048993146e-01
2.183227315866088925e-01
2.181433292222575149e-01
2.179655496151409744e-01
2.177893802279486646e-01
2.176148085832468326e-01
2.174418222639407650e-01
2.172704089137158234e-01
2.171005562374581088e-01
2.169322520016551681e-01
2.167654840347770229e-01
2.166002402276381300e-01
2.164365085337405514e-01
2.162742769695988332e-01
2.161135336150469266e-01
2.159542666135277067e-01
2.157964641723651711e-01
2.156401145630200689e-01
2.154852061213290704e-01
2.153317272477279221e-01
2.151796664074590582e-01
2.150290121307638080e-01
2.148797530130597544e-01
2.147318777151034641e-01
2.145853749631390361e-01
2.144402335490325495e-01
2.142964423303931887e-01
2.141539902306807963e-01
2.140128662393007142e-01
2.138730594116857731e-01
2.137345588693660980e-01
2.135973538000266736e-01
2.134614334575532790e-01
2.133267871620669054e-01
2.131934042999469314e-01
2.130612743238434192e-01
2.129303867526786964e-01
2.128007311716385574e-01
2.126722972321534177e-01
2.125450746518694478e-01
2.124190532146101873e-01
2.122942227703286666e-01
2.121705732350505080e-01
2.120480945908080339e-01
2.119267768855657152e-01
2.118066102331371825e-01
2.116875848130939930e-01
2.115696908706664325e-01
2.114529187166364621e-01
2.113372587272230874e-01
2.112227013439604006e-01
2.111092370735684065e-01
2.109968564878169361e-01
2.108855502233826229e-01
2.107753089816995218e-01
2.106661235288030676e-01
2.105579846951680101e-01
2.104508833755402430e-01
2.103448105287627490e-01
2.102397571775958540e-01
2.101357144085320150e-01
2.100326733716051386e-01
2.099306252801948491e-01
2.098295614108256490e-01
2.097294731029611670e-01
2.096303517587937149e-01
2.095321888430293766e-01
2.094349758826684338e-01
2.093387044667817387e-01
2.092433662462828414e-01
2.091489529336961473e-01
2.090554563029211332e-01
2.089628681889929285e-01
2.088711804878392586e-01
2.087803851560338930e-01
2.086904742105467614e-01
2.086014397284908228e-01
2.085132738468658542e-01
2.084259687622991852e-01
2.083395167307836859e-01
2.082539100674128674e-01
2.081691411461133179e-01
2.080852023993746969e-01
2.080020863179772583e-01
2.079197854507169041e-01
2.078382924041282387e-01
2.077575998422052372e-01
2.076777004861200815e-01
2.075985871139399142e-01
2.075202525603417614e-01
2.074426897163257344e-01
2.073658915289265658e-01
2.072898510009234530e-01
2.072145611905485685e-01
2.071400152111939341e-01
2.070662062311171836e-01
2.069931274731458826e-01
2.069207722143807660e-01
2.068491337858978651e-01
2.067782055724495527e-01
2.067079810121646433e-01
2.066384535962476621e-01
2.065696168686771694e-01
2.065014644259034748e-01
2.064339899165455461e-01
2.063671870410874187e-01
2.063010495515738840e-01
2.062355712513058437e-01
2.061707459945351373e-01
2.061065676861589258e-01
2.060430302814139358e-01
2.059801277855702883e-01
2.059178542536251322e-01
2.058562037899961950e-01
2.057951705482151117e-01
2.057347487306208367e-01
2.056749325880529444e-01
2.056157164195449583e-01
2.055570945720178178e-01
2.054990614399735405e-01
2.054416114651889114e-01
2.053847391364095054e-01
2.053284389890439321e-01
2.052727056048583854e-01
2.052175336116715820e-01
2.051629176830500056e-01
2.051088525380036220e-01
2.050553329406820668e-01
2.050023537000713048e-01
2.049499096696908162e-01
2.048979957472913394e-01
2.048466068745532498e-01
2.047957380367855795e-01
2.047453842626255627e-01
2.046955406237390696e-01
2.046462022345216236e-01
2.045973642518002511e-01
2.045490218745359967e-01
2.045011703435273553e-01
2.044538049411145642e-01
2.044069209908845886e-01
2.043605138573771074e-01
2.043145789457914419e-01
2.042691117016942892e-01
2.042241076107284836e-01
2.041795621983227838e-01
2.041354710294025487e-01
2.040918297081014410e-01
2.040486338774742670e-01
2.040058792192107617e-01
2.039635614533504837e-01
2.039216763379988473e-01
2.038802196690441548e-01
2.038391872798759052e-01
2.037985750411040742e-01
2.037583788602796708e-01
2.037185946816164328e-01
2.036792184857136867e-01
2.036402462892804854e-01
2.036016741448607725e-01
2.035634981405600452e-01
2.035257143997729889e-01
2.034883190809125553e-01
2.034513083771401776e-01
2.034146785160973470e-01
2.033784257596383815e-01
