2.200099999999999945e+00
2.200099999999999945e+00
2.200100717995538524e+00
2.200102754244511516e+00
2.200106599548204755e+00
2.200112644147659946e+00
2.200121187790580191e+00
2.200132451429435143e+00
2.200146590865465157e+00
2.200163712330806653e+00
2.200183889282722127e+00
2.200207178321883728e+00
2.200233630221688053e+00
2.200263290762010993e+00
2.200296188115830720e+00
2.200332310806849101e+00
2.200371588604268069e+00
2.200413888974799281e+00
2.200459031730711779e+00
2.200506814027455960e+00
2.200557035363050584e+00
2.200609516025112899e+00
2.200664106826960342e+00
2.200720690277052416e+00
2.200779174140401917e+00
2.200839479086590611e+00
2.200901523309778618e+00
2.200965208103968340e+00
2.201030408466405852e+00
2.201096971450245743e+00
2.201164722614116442e+00
2.201233478486692707e+00
2.201303061356711943e+00
2.201373312298395390e+00
2.201444099073292637e+00
2.201515317108541758e+00
2.201586883748547940e+00
2.201658727934638016e+00
2.201730778830337520e+00
2.201802957201797195e+00
2.201875172430999505e+00
2.201947326186493914e+00
2.202019321638323479e+00
2.202091075357544447e+00
2.202162528157935562e+00
2.202233651308068474e+00
2.202304445714531322e+00
2.202374933596714435e+00
2.202445144378905706e+00
2.202515098385720904e+00
2.202584792809655134e+00
2.202654193959459494e+00
2.202723238096639946e+00
2.202791840762029718e+00
2.202859912110792351e+00
2.202927374044383324e+00
2.202994174242292491e+00
2.203060292699910327e+00
2.203125737997429390e+00
2.203190532930246359e+00
2.203254691688209643e+00
2.203318192604368342e+00
2.203380950763700330e+00
2.203442793032097669e+00
2.203503434510908132e+00
2.203562450720561117e+00
2.203619234834019114e+00
2.203672924817615453e+00
2.203722282086530981e+00
2.203765501885107003e+00
2.203799936540557614e+00
2.203821715941506110e+00
2.203825253962736763e+00
2.203802632915978332e+00
2.203742857913962627e+00
2.203630967583160682e+00
2.203446976699276139e+00
2.203164610939799317e+00
2.202749774411438821e+00
2.202158665210614874e+00
2.201335418949368350e+00
2.200209110243825261e+00
2.198689876219208639e+00
2.196663851244879950e+00
2.193986538210077608e+00
2.190474221368884145e+00
2.185893089639359133e+00
2.179945928790202547e+00
2.172256595148708946e+00
2.162353037012811896e+00
2.149650401927543530e+00
2.133436726005359052e+00
2.112864700062085266e+00
2.086953730266837059e+00
2.054606484786465348e+00
2.014642875383015230e+00
1.965851825047110868e+00
1.907057724370675889e+00
1.837195325533574897e+00
1.755385231618031172e+00
1.661002718534416056e+00
1.553734881733825679e+00
1.433623723577202913e+00
1.301094468442525409e+00
1.156968482943263821e+00
1.002458997943138641e+00
8.391464421135490515e-01
6.689299823570820092e-01
4.939539002271073898e-01
3.165117967430363666e-01
1.389369958307384578e-01
-3.650840082829534539e-02
-2.077326077710235364e-01
-3.728912378276585393e-01
-5.304376118630400594e-01
-6.791469808552184073e-01
-8.181190021633879539e-01
-9.467640795085083827e-01
-1.064778555447732700e+00
-1.172112265140189402e+00
-1.268930629856044323e+00
-1.355572925088406100e+00
-1.432508693061083305e+00
-1.500295045250190862e+00
-1.559538112679238919e+00
-1.610861611939680582e+00
-1.654884356555566871e+00
-1.692206971039218244e+00
-1.723406607352409026e+00
-1.749037481067651001e+00
-1.769634617264111975e+00
-1.785718236661920422e+00
-1.797796619871336876e+00
-1.806366008956617364e+00
-1.811907079161121592e+00
-1.814878570745118491e+00
-1.815709517208035750e+00
-1.814791849859326289e+00
-1.812474901679237194e+00
-1.809062650666589223e+00
-1.804813768127678575e+00
-1.799943960022926559e+00
-1.794629828683297568e+00
-1.789013496847210005e+00
-1.783207409587129533e+00
-1.777298947913184657e+00
-1.771354674384185701e+00
-1.765424151732002622e+00
-1.759543329661223288e+00
-1.753737503971401157e+00
-1.748023845320136438e+00
-1.742413494968118259e+00
-1.736913239006163900e+00
-1.731526794764473021e+00
-1.726255762902127344e+00
-1.721100309193136946e+00
-1.716059640244589790e+00
-1.711132330111003519e+00
-1.706316543728013224e+00
-1.701610191211059719e+00
-1.697011036186821364e+00
-1.692516772517356438e+00
-1.688125077600688417e+00
-1.683833646916810922e+00
-1.679640213093303247e+00
-1.675542552599951218e+00
-1.671538483419347854e+00
-1.667625857202416961e+00
-1.663802549366931505e+00
-1.660066450333460786e+00
-1.656415460566126319e+00
-1.652847491163611293e+00
-1.649360470361330711e+00
-1.645952354656513128e+00
-1.642621141864679446e+00
-1.639364882835433912e+00
-1.636181689045254739e+00
-1.633069734575598231e+00
-1.630027252492933787e+00
-1.627052526864437798e+00
-1.624143882362646840e+00
-1.621299673679406750e+00
-1.618518276887936924e+00
-1.615798084483744290e+00
-1.613137505051186693e+00
-1.610534967365362169e+00
-1.607988927491648790e+00
-1.605497876531393864e+00
-1.603060346482200860e+00
-1.600674912307171516e+00
-1.598340189432928993e+00
-1.596054827069594229e+00
-1.593817498653571585e+00
-1.591626891276238576e+00
-1.589481696223975060e+00
-1.587380602724154377e+00
-1.585322296565783384e+00
-1.583305464321899114e+00
-1.581328802507196540e+00
-1.579391029549070957e+00
-1.577490897533429637e+00
-1.575627200746818168e+00
-1.573798779031082562e+00
-1.572004515417857240e+00
-1.570243328861473664e+00
-1.568514163827077645e+00
-1.566815978989671176e+00
-1.565147737446820120e+00
-1.563508400656942410e+00
-1.561896927682290048e+00
-1.560312280154629194e+00
-1.558753431845955717e+00
-1.557219380306005929e+00
-1.555709157338928339e+00
-1.554221835462519907e+00
-1.552756528722660345e+00
-1.551312387759588907e+00
-1.549888590320473991e+00
-1.548484329264603554e+00
-1.547098800549017605e+00
-1.545731193789293689e+00
-1.544380687711958355e+00
-1.543046451991236134e+00
-1.541727655528326579e+00
-1.540423479462941003e+00
-1.539133131749651051e+00
-1.537855859658789903e+00
-1.536590957294398541e+00
-1.535337766765597634e+00
-1.534095673308133900e+00
-1.532864095902403134e+00
-1.531642475623229638e+00
-1.530430264190599354e+00
-1.529226915085510230e+00
-1.528031879132910165e+00
-1.526844605531963106e+00
-1.525664547950118966e+00
-1.524491173815476497e+00
-1.523323973915932772e+00
-1.522162469322392520e+00
-1.521006213523704353e+00
-1.519854789056871214e+00
-1.518707799279209514e+00
-1.517564856926174155e+00
-1.516425571691988994e+00
-1.515289539344014891e+00
-1.514156334831687101e+00
-1.513025511317301675e+00
-1.511896605866900778e+00
-1.510769150788166426e+00
-1.509642687820484497e+00
-1.508516781349211966e+00
-1.507391027047005672e+00
-1.506265053706840051e+00
-1.505138517873178428e+00
-1.504011092528959814e+00
-1.502882452241693256e+00
-1.501752257838539162e+00
-1.500620143965781583e+00
-1.499485712719992092e+00
-1.498348535658417413e+00
-1.497208164719799006e+00
-1.496064150178078034e+00
-1.494916061554216968e+00
-1.493763506445530798e+00
-1.492606142976007799e+00
-1.491443683598892456e+00
-1.490275890323273789e+00
-1.489102563269278479e+00
-1.487923525499727617e+00
-1.486738607466096429e+00
-1.485547634343169499e+00
-1.484350419023543255e+00
-1.483146762447421052e+00
-1.481936461201120547e+00
-1.480719320275769357e+00
-1.479495167293297442e+00
-1.478263864118058768e+00
-1.477025312746159225e+00
-1.475779454170021987e+00
-1.474526260750482098e+00
-1.473265723952160489e+00
-1.471997840012186920e+00
-1.470722596366938362e+00
-1.469439961557742258e+00
-1.468149880783689243e+00
-1.466852278088896844e+00
-1.465547064386129916e+00
-1.464234148594658169e+00
-1.462913447903536168e+00
-1.461584893186923306e+00
-1.460248426883822503e+00
-1.458903992608417077e+00
-1.457551517684681164e+00
-1.456190891348411176e+00
-1.454821942535006185e+00
-1.453444422015367055e+00
-1.452057993914905865e+00
-1.450662240786627200e+00
-1.449256683902995890e+00
-1.447840816501434924e+00
-1.446414143685516018e+00
-1.444976220435005398e+00
-1.443526679879347130e+00
-1.442065247194159072e+00
-1.440591738538063105e+00
-1.439106047751020911e+00
-1.437608125398709635e+00
-1.436097955350100763e+00
-1.434575533871683906e+00
-1.433040855436466199e+00
-1.431493907981373992e+00
-1.429934678092842804e+00
-1.428363163882407250e+00
-1.426779391032275246e+00
-1.425183426658529040e+00
-1.423575386628137984e+00
-1.421955434200984136e+00
-1.420323770298099086e+00
-1.418680617532082522e+00
-1.417026201177901790e+00
-1.415360730700842229e+00
-1.413684385463195081e+00
-1.411997307708879212e+00
-1.410299604599983381e+00
-1.408591358864215159e+00
-1.406872644997468225e+00
-1.405143545990484188e+00
-1.403404165183902874e+00
-1.401654629275483899e+00
-1.399895080977747730e+00
-1.398125662340697017e+00
-1.396346491701926595e+00
-1.394557638553115320e+00
-1.392759101474078998e+00
-1.390950794601050644e+00
-1.389132547377227134e+00
-1.387304119996981333e+00
-1.385465233014507414e+00
-1.383615605200961829e+00
-1.381754990864489052e+00
-1.379883207979031079e+00
-1.378000151465615941e+00
-1.376105790248321581e+00
-1.374200150493729788e+00
-1.372283289851204735e+00
-1.370355268623068223e+00
-1.368416124034693704e+00
-1.366465853293697741e+00
-1.364504409632970816e+00
-1.362531712678245688e+00
-1.360547670547905819e+00
-1.358552207345009366e+00
-1.356545287838452296e+00
-1.354526932080321711e+00
-1.352497215898137428e+00
-1.350456257076407374e+00
-1.348404190241747402e+00
-1.346341135526081034e+00
-1.344267167227948923e+00
-1.342182289173172505e+00
-1.340086423078484357e+00
-1.337979414317068461e+00
-1.335861055673537301e+00
-1.333731124625393116e+00
-1.331589425323815412e+00
-1.329435824911700870e+00
-1.327270275878910777e+00
-1.325092820617727041e+00
-1.322903579067689517e+00
-1.320702723769040299e+00
-1.318490448437031448e+00
-1.316266936759818984e+00
-1.314032337919017079e+00
-1.311786754251872189e+00
-1.309530244091935414e+00
-1.307262839028672907e+00
-1.304984570476939609e+00
-1.302695497292745808e+00
-1.300395725763119792e+00
-1.298085415787669561e+00
-1.295764771129914505e+00
-1.293434015544875804e+00
-1.291093359432681220e+00
-1.288742963420786758e+00
-1.286382906281311911e+00
-1.284013164826623976e+00
-1.281633612270777434e+00
-1.279244038222111080e+00
-1.276844188047958850e+00
-1.274433813466832488e+00
-1.272012722557057218e+00
-1.269580817830991748e+00
-1.267138115243710006e+00
-1.264684742709726528e+00
-1.262220921501435722e+00
-1.259746936701552356e+00
-1.257263103902807266e+00
-1.254769739278799534e+00
-1.252267139345441205e+00
-1.249755575007324593e+00
-1.247235301531081531e+00
-1.244706582200790113e+00
-1.242169719837238118e+00
-1.239625088726405311e+00
-1.237073160585057341e+00
-1.234514521256188546e+00
-1.231949878199226411e+00
-1.229380061110500799e+00
-1.226806018745085547e+00
-1.224228814639696683e+00
-1.221649623769126558e+00
-1.219069732012714846e+00
-1.216490541222754240e+00
-1.213913584758084196e+00
-1.211340561003186878e+00
-1.208773394533909862e+00
-1.206214335097184343e+00
-1.203666102794821002e+00
-1.201132083511514015e+00
-1.198616571154824673e+00
-1.196125041557851931e+00
-1.193664426037633008e+00
-1.191243331997206445e+00
-1.188872139816682161e+00
-1.186562901413156679e+00
-1.184328989391347342e+00
-1.182184500568262964e+00
-1.180143488164885790e+00
-1.178219150536480297e+00
-1.176423112002147997e+00
-1.174764890273591877e+00
-1.173251580226885027e+00
-1.171887728178261145e+00
-1.170675344055585487e+00
-1.169614001669507575e+00
-1.168700998543633185e+00
-1.167931571970745486e+00
-1.167299184052562611e+00
-1.166795886685525252e+00
-1.166412757060129479e+00
-1.166140365257670952e+00
-1.165969214879603699e+00
-1.165890098254323881e+00
-1.165894329306952137e+00
-1.165973847645724426e+00
-1.166121213305781223e+00
-1.166329526251777660e+00
-1.166592309036772468e+00
-1.166903388870638603e+00
-1.167256809476783008e+00
-1.167646793696248908e+00
-1.168067764175625411e+00
-1.168514413115270711e+00
-1.168981797916793353e+00
-1.169465433699423240e+00
-1.169961358512569882e+00
-1.170466159279876406e+00
-1.170976959489441249e+00
-1.171491378248017412e+00
-1.172007473161835511e+00
-1.172523678090154009e+00
-1.173038743447991639e+00
-1.173551683166871751e+00
-1.174061729565360812e+00
-1.174568295554153430e+00
-1.175070942810878760e+00
-1.175569354607317596e+00
-1.176063312481105294e+00
-1.176552676484730053e+00
-1.177037369022301716e+00
-1.177517362242314958e+00
-1.177992668706271839e+00
-1.178463334744912716e+00
-1.178929435645770907e+00
-1.179391071651128442e+00
-1.179848363752296514e+00
-1.180301448518181751e+00
-1.180750471705410920e+00
-1.181195581031231789e+00
-1.181636918984860340e+00
-1.182074616671260125e+00
-1.182508789395597670e+00
-1.182939534204948906e+00
-1.183366929168056858e+00
-1.183791033948180749e+00
-1.184211891210733780e+00
-1.184629528520142472e+00
-1.185043960522141449e+00
-1.185455191312328127e+00
-1.185863216932167896e+00
-1.186268027916208112e+00
-1.186669611769022303e+00
-1.187067955215991732e+00
-1.187463046076911111e+00
-1.187854874660274174e+00
-1.188243434650414043e+00
-1.188628723531572451e+00
-1.189010742641367857e+00
-1.189389496964373460e+00
-1.189764994770106110e+00
-1.190137247179314350e+00
-1.190506267717893030e+00
-1.190872071895380468e+00
-1.191234676827613415e+00
-1.191594100911115284e+00
-1.191950363549327596e+00
-1.192303484926700019e+00
-1.192653485824786586e+00
-1.193000387474011159e+00
-1.193344211435031887e+00
-1.193684979504275878e+00
-1.194022713638985378e+00
-1.194357435897887454e+00
-1.194689168394299728e+00
-1.195017933259095777e+00
-1.195343752611470078e+00
-1.195666648535858689e+00
-1.195986643063717159e+00
-1.196303758159129371e+00
-1.196618015707437976e+00
-1.196929437506261129e+00
-1.197238045258393280e+00
-1.197543860566197660e+00
-1.197846904927178269e+00
-1.198147199730487777e+00
-1.198444766254178395e+00
-1.198739625663039821e+00
-1.199031799006906152e+00
-1.199321307219330501e+00
-1.199608171116548716e+00
-1.199892411396666914e+00
-1.200174048639014668e+00
-1.200453103303612767e+00
-1.200729595730704258e+00
-1.201003546140295253e+00
-1.201274974631640902e+00
-1.201543901182594132e+00
-1.201810345648706591e+00
-1.202074327761924799e+00
-1.202335867128653701e+00
-1.202594983226855208e+00
-1.202851695401689680e+00
-1.203106022858967838e+00
-1.203357984655321511e+00
-1.203607599683467422e+00
-1.203854886650137512e+00
-1.204099864043060686e+00
-1.204342550081626051e+00
-1.204582962643289346e+00
-1.204821119154071196e+00
-1.205057036426261829e+00
-1.205290730419331879e+00
-1.205522215891003501e+00
-1.205751505895390929e+00
-1.205978611077351825e+00
-1.206203538714935686e+00
-1.206426291491846436e+00
-1.206646866066581225e+00
-1.206865251674002604e+00
-1.207081429244247772e+00
-1.207295371743359214e+00
-1.207507046372377824e+00
-1.207716418659389834e+00
-1.207923457503951026e+00
-1.208128139598825257e+00
-1.208330451965231367e+00
-1.208530392329613790e+00
-1.208727967925962821e+00
-1.208923193571266319e+00
-1.209116089672567451e+00
-1.209306680511426535e+00
-1.209494992911709144e+00
-1.209681055268480909e+00
-1.209864896868401374e+00
-1.210046547426923746e+00
-1.210226036779162184e+00
-1.210403394676486055e+00
-1.210578650654499988e+00
-1.210751833948642275e+00
-1.210922973441295181e+00
-1.211092097629637987e+00
-1.211259234607100721e+00
-1.211424412053706767e+00
-1.211587657232206849e+00
-1.211748996987971561e+00
-1.211908457751309731e+00
-1.212066065541338222e+00
-1.212221845970833156e+00
-1.212375824251687551e+00
-1.212528025200728221e+00
-1.212678473245733857e+00
-1.212827192431548795e+00
-1.212974206426222334e+00
-1.213119538527131835e+00
-1.213263211667058750e+00
-1.213405248420199811e+00
-1.213545671008102067e+00
-1.213684501305513530e+00
-1.213821760846147457e+00
-1.213957470828355589e+00
-1.214091652120710574e+00
-1.214224325267497351e+00
-1.214355510494114165e+00
-1.214485227712383431e+00
-1.214613496525773773e+00
-1.214740336234534368e+00
-1.214865765840742906e+00
-1.214989804053268285e+00
-1.215112469292649156e+00
-1.215233779695891192e+00
-1.215353753121181768e+00
-1.215472407152524914e+00
-1.215589759104299450e+00
-1.215705826025737402e+00
-1.215820624705328701e+00
-1.215934171675149500e+00
-1.216046483215118768e+00
-1.216157575357181164e+00
-1.216267463889419531e+00
-1.216376164360098322e+00
-1.216483692081636869e+00
-1.216590062134517147e+00
-1.216695289371123145e+00
-1.216799388419516736e+00
-1.216902373687148708e+00
-1.217004259364506735e+00
-1.217105059428701175e+00
-1.217204787646990916e+00
-1.217303457580248160e+00
-1.217401082586365257e+00
-1.217497675823602687e+00
-1.217593250253881321e+00
-1.217687818646017606e+00
-1.217781393578904803e+00
-1.217873987444638928e+00
-1.217965612451592516e+00
-1.218056280627436205e+00
-1.218146003822107692e+00
-1.218234793710731623e+00
-1.218322661796489292e+00
-1.218409619413439282e+00
-1.218495677729290128e+00
-1.218580847748126139e+00
-1.218665140313087036e+00
-1.218748566109001175e+00
-1.218831135664974807e+00
-1.218912859356936718e+00
-1.218993747410139772e+00
-1.219073809901619843e+00
-1.219153056762613208e+00
-1.219231497780932427e+00
-1.219309142603301810e+00
-1.219386000737652909e+00
-1.219462081555382049e+00
-1.219537394293567889e+00
-1.219611948057152118e+00
-1.219685751821083297e+00
-1.219758814432423621e+00
-1.219831144612419704e+00
-1.219902750958538951e+00
-1.219973641946470622e+00
-1.220043825932092485e+00
-1.220113311153405045e+00
-1.220182105732432243e+00
-1.220250217677089744e+00
-1.220317654883021685e+00
-1.220384425135406126e+00
-1.220450536110729178e+00
-1.220515995378530283e+00
-1.220580810403116390e+00
-1.220644988545247944e+00
-1.220708537063795784e+00
-1.220771463117370059e+00
-1.220833773765920727e+00
-1.220895475972312072e+00
-1.220956576603869692e+00
-1.221017082433901280e+00
-1.221077000143191427e+00
-1.221136336321471560e+00
-1.221195097468864121e+00
-1.221253289997302982e+00
-1.221310920231928998e+00
-1.221367994412462910e+00
-1.221424518694553596e+00
-1.221480499151104349e+00
-1.221535941773576717e+00
-1.221590852473271704e+00
-1.221645237082588986e+00
-1.221699101356266137e+00
-1.221752450972595438e+00
-1.221805291534620252e+00
-1.221857628571312082e+00
-1.221909467538726535e+00
-1.221960813821140635e+00
-1.222011672732170151e+00
-1.222062049515868276e+00
-1.222111949347806092e+00
-1.222161377336133725e+00
-1.222210338522624840e+00
-1.222258837883702931e+00
-1.222306880331449408e+00
-1.222354470714596575e+00
-1.222401613819501742e+00
-1.222448314371106015e+00
-1.222494577033877317e+00
-1.222540406412736314e+00
-1.222585807053967466e+00
-1.222630783446114755e+00
-1.222675340020862089e+00
-1.222719481153898613e+00
-1.222763211165770025e+00
-1.222806534322715688e+00
-1.222849454837490413e+00
-1.222891976870174036e+00
-1.222934104528966337e+00
-1.222975841870969083e+00
-1.223017192902954298e+00
-1.223058161582120773e+00
-1.223098751816836804e+00
-1.223138967467370941e+00
-1.223178812346610744e+00
-1.223218290220768889e+00
-1.223257404810077942e+00
-1.223296159789473592e+00
-1.223334558789265447e+00
-1.223372605395798507e+00
-1.223410303152101530e+00
-1.223447655558526304e+00
-1.223484666073375138e+00
-1.223521338113518153e+00
-1.223557675055000793e+00
-1.223593680233640679e+00
-1.223629356945614477e+00
-1.223664708448035432e+00
-1.223699737959521583e+00
-1.223734448660753316e+00
-1.223768843695023145e+00
-1.223802926168775063e+00
-1.223836699152136109e+00
-1.223870165679438626e+00
-1.223903328749733621e+00
-1.223936191327296141e+00
-1.223968756342122211e+00
-1.224001026690417326e+00
-1.224033005235076743e+00
-1.224064694806159093e+00
-1.224096098201350236e+00
-1.224127218186421340e+00
-1.224158057495678520e+00
-1.224188618832404929e+00
-1.224218904869296187e+00
-1.224248918248888485e+00
-1.224278661583979577e+00
-1.224308137458042900e+00
-1.224337348425635463e+00
-1.224366297012797755e+00
-1.224394985717449202e+00
-1.224423417009774750e+00
-1.224451593332607668e+00
-1.224479517101804138e+00
-1.224507190706612958e+00
-1.224534616510038365e+00
-1.224561796849198414e+00
-1.224588734035675586e+00
-1.224615430355863843e+00
-1.224641888071308360e+00
-1.224668109419040807e+00
-1.224694096611908645e+00
-1.224719851838900198e+00
-1.224745377265462620e+00
-1.224770675033817202e+00
-1.224795747263267343e+00
-1.224820596050502974e+00
-1.224845223469900102e+00
-1.224869631573814566e+00
-1.224893822392872478e+00
-1.224917797936255326e+00
-1.224941560191980194e+00
-1.224965111127176431e+00
-1.224988452688357432e+00
-1.225011586801688201e+00
-1.225034515373248478e+00
-1.225057240289292526e+00
-1.225079763416503820e+00
-1.225102086602246398e+00
-1.225124211674811781e+00
-1.225146140443663212e+00
-1.225167874699673920e+00
-1.225189416215364480e+00
-1.225210766745133517e+00
-1.225231928025487527e+00
-1.225252901775265135e+00
-1.225273689695859147e+00
-1.225294293471434148e+00
-1.225314714769141666e+00
-1.225334955239332002e+00
-1.225355016515761619e+00
-1.225374900215798979e+00
-1.225394607940625935e+00
-1.225414141275436908e+00
-1.225433501789634505e+00
-1.225452691037022479e+00
-1.225471710555995353e+00
-1.225490561869725825e+00
-1.225509246486348847e+00
-1.225527765899142807e+00
-1.225546121586708725e+00
-1.225564315013145888e+00
-1.225582347628225266e+00
-1.225600220867560486e+00
-1.225617936152775700e+00
-1.225635494891671895e+00
-1.225652898478389652e+00
-1.225670148293570128e+00
-1.225687245704514039e+00
-1.225704192065336873e+00
-1.225720988717123427e+00
-1.225737636988079027e+00
-1.225754138193679399e+00
-1.225770493636817227e+00
-1.225786704607947364e+00
-1.225802772385230055e+00
-1.225818698234671489e+00
-1.225834483410262576e+00
-1.225850129154115953e+00
-1.225865636696600758e+00
-1.225881007256475641e+00
-1.225896242041019324e+00
-1.225911342246160052e+00
-1.225926309056603047e+00
-1.225941143645955300e+00
-1.225955847176850133e+00
-1.225970420801068661e+00
-1.225984865659659917e+00
-1.225999182883059424e+00
-1.226013373591206435e+00
-1.226027438893658728e+00
-1.226041379889706295e+00
-1.226055197668483476e+00
-1.226068893309079311e+00
-1.226082467880646787e+00
-1.226095922442510089e+00
-1.226109258044270289e+00
-1.226122475725910377e+00
-1.226135576517898063e+00
-1.226148561441287477e+00
-1.226161431507819310e+00
-1.226174187720019848e+00
-1.226186831071299110e+00
-1.226199362546045890e+00
-1.226211783119724119e+00
-1.226224093758965461e+00
-1.226236295421662570e+00
-1.226248389057059685e+00
-1.226260375605843223e+00
-1.226272256000229932e+00
-1.226284031164055044e+00
-1.226295702012858868e+00
-1.226307269453971394e+00
-1.226318734386597553e+00
-1.226330097701899380e+00
-1.226341360283078830e+00
-1.226352523005458162e+00
-1.226363586736560540e+00
-1.226374552336188417e+00
-1.226385420656501690e+00
-1.226396192542094310e+00
-1.226406868830070884e+00
-1.226417450350120619e+00
-1.226427937924592371e+00
-1.226438332368567252e+00
-1.226448634489930356e+00
-1.226458845089442917e+00
-1.226468964960812036e+00
-1.226478994890760399e+00
-1.226488935659094670e+00
-1.226498788038773435e+00
-1.226508552795974483e+00
-1.226518230690160083e+00
-1.226527822474142937e+00
-1.226537328894150791e+00
-1.226546750689889498e+00
-1.226556088594606519e+00
-1.226565343335152880e+00
-1.226574515632044893e+00
-1.226583606199524112e+00
-1.226592615745618398e+00
-1.226601544972200308e+00
-1.226610394575045948e+00
-1.226619165243892695e+00
-1.226627857662496934e+00
-1.226636472508689568e+00
-1.226645010454432860e+00
-1.226653472165874836e+00
-1.226661858303404573e+00
-1.226670169521705267e+00
-1.226678406469808413e+00
-1.226686569791145764e+00
-1.226694660123601732e+00
-1.226702678099564903e+00
-1.226710624345978884e+00
-1.226718499484392266e+00
-1.226726304131009027e+00
-1.226734038896737378e+00
-1.226741704387237952e+00
-1.226749301202972875e+00
-1.226756829939252169e+00
-1.226764291186281941e+00
-1.226771685529209899e+00
-1.226779013548171759e+00
-1.226786275818336769e+00
-1.226793472909952776e+00
-1.226800605388390197e+00
-1.226807673814186872e+00
-1.226814678743090470e+00
-1.226821620726102680e+00
-1.226828500309520953e+00
-1.226835318034981137e+00
-1.226842074439498997e+00
-1.226848770055511517e+00
-1.226855405410917310e+00
-1.226861981029117477e+00
-1.226868497429055571e+00
-1.226874955125256461e+00
-1.226881354627866294e+00
-1.226887696442690467e+00
-1.226893981071232487e+00
-1.226900209010731269e+00
-1.226906380754199333e+00
-1.226912496790459439e+00
-1.226918557604181448e+00
-1.226924563675918511e+00
-1.226930515482143491e+00
-1.226936413495284039e+00
-1.226942258183758128e+00
-1.226948050012009128e+00
-1.226953789440540232e+00
-1.226959476925948200e+00
-1.226965112920958001e+00
-1.226970697874455674e+00
-1.226976232231521857e+00
-1.226981716433464653e+00
-1.226987150917852043e+00
-1.226992536118544308e+00
-1.226997872465725337e+00
-1.227003160385934821e+00
-1.227008400302099345e+00
-1.227013592633563466e+00
-1.227018737796119918e+00
-1.227023836202040696e+00
-1.227028888260106587e+00
-1.227033894375636924e+00
-1.227038854950519786e+00
-1.227043770383240195e+00
-1.227048641068909873e+00
-1.227053467399295439e+00
-1.227058249762847275e+00
-1.227062988544727284e+00
-1.227067684126836422e+00
-1.227072336887843340e+00
-1.227076947203210588e+00
-1.227081515445222371e+00
-1.227086041983011189e+00
-1.227090527182584490e+00
-1.227094971406850865e+00
-1.227099375015646476e+00
-1.227103738365760144e+00
-1.227108061810959994e+00
-1.227112345702018104e+00
-1.227116590386735817e+00
-1.227120796209968612e+00
-1.227124963513651190e+00
-1.227129092636821461e+00
-1.227133183915644743e+00
-1.227137237683438409e+00
-1.227141254270694981e+00
-1.227145234005106111e+00
-1.227149177211585673e+00
-1.227153084212293521e+00
-1.227156955326657917e+00
-1.227160790871398399e+00
-1.227164591160548435e+00
-1.227168356505477842e+00
-1.227172087214914331e+00
-1.227175783594966596e+00
-1.227179445949145187e+00
-1.227183074578384270e+00
-1.227186669781063166e+00
-1.227190231853027669e+00
-1.227193761087610913e+00
-1.227197257775653805e+00
-1.227200722205526340e+00
-1.227204154663148028e+00
-1.227207555432007435e+00
-1.227210924793183056e+00
-1.227214263025363072e+00
-1.227217570404865121e+00
-1.227220847205655829e+00
-1.227224093699370133e+00
