1.499870000000000092e-01
1.499870000000000092e-01
1.499870386888706164e-01
1.499871495358649498e-01
1.499873610290552994e-01
1.499876969045504105e-01
1.499881763680012969e-01
1.499888143124357698e-01
1.499896215401542443e-01
1.499906050015524517e-01
1.499917680700215417e-01
1.499931108771218324e-01
1.499946307292654435e-01
1.499963226055075483e-01
1.499981796928356592e-01
1.500001938776765187e-01
1.500023561312275322e-01
1.500046568070482478e-01
1.500070859327359285e-01
1.500096335558024352e-01
1.500122901291231214e-01
1.500150468643374480e-01
1.500178959692343716e-01
1.500208307045932943e-01
1.500238452327038452e-01
1.500269342801968941e-01
1.500300926959607650e-01
1.500333150309365038e-01
1.500365952741832265e-01
1.500399268363941108e-01
1.500433027920671236e-01
1.500467163072604082e-01
1.500501611220680653e-01
1.500536319408705688e-01
1.500571246088377442e-01
1.500606360112571591e-01
1.500641637094278502e-01
1.500677054042695302e-01
1.500712583733742889e-01
1.500748190388414838e-01
1.500783827853144903e-01
1.500819440726080811e-01
1.500854968012528823e-01
1.500890348195518254e-01
1.500925524257047117e-01
1.500960447246575680e-01
1.500995077433588953e-01
1.501029382794947797e-01
1.501063335401026377e-01
1.501096906948093668e-01
1.501130065011314352e-01
1.501162771432172360e-01
1.501194983641251091e-01
1.501226658843816952e-01
1.501257760124023732e-01
1.501288262888766933e-01
1.501318159829330701e-01
1.501347462798958976e-01
1.501376200677033701e-01
1.501404413303125129e-01
1.501432142677802672e-01
1.501459423505807078e-01
1.501486275483458754e-01
1.501512699359345282e-01
1.501538677831926183e-01
1.501564181094619810e-01
1.501589175653229857e-01
1.501613634198259994e-01
1.501637543974492506e-01
1.501660911323282055e-01
1.501683760883227303e-01
1.501706129221704045e-01
1.501728054165925585e-01
1.501749562380053360e-01
1.501770658347454379e-01
1.501791317619558530e-01
1.501811486083230451e-01
1.501831085461346471e-01
1.501850023757987651e-01
1.501868208237121805e-01
1.501885557958336781e-01
1.501902012952392451e-01
1.501917537826533977e-01
1.501932118902537805e-01
1.501945755702548957e-01
1.501958449274296281e-01
1.501970190925484561e-01
1.501980954988742234e-01
1.501990698216712494e-01
1.501999366670505320e-01
1.502006909058830053e-01
1.502013293871954369e-01
1.502018526598547232e-01
1.502022662948951093e-01
1.502025814455404396e-01
1.502028144186183523e-01
1.502029852532186516e-01
1.502031155662675310e-01
1.502032261481206221e-01
1.502033348868150320e-01
1.502034555240827074e-01
1.502035975278471769e-01
1.502037670846637363e-01
1.502039689550649926e-01
1.502042087466040066e-01
1.502044950615413765e-01
1.502048409743444723e-01
1.502052643988185388e-01
1.502057871239097786e-01
1.502064326090344348e-01
1.502072229590850905e-01
1.502081757322537847e-01
1.502093012755647550e-01
1.502106011181587875e-01
1.502120676555421530e-01
1.502136850441839477e-01
1.502154309854279168e-01
1.502172789460844426e-01
1.502192003341087378e-01
1.502211662044933005e-01
1.502231482031920473e-01
1.502251186563462459e-01
1.502270499482964705e-01
1.502289135429290545e-01
1.502306791144470688e-01
1.502323142212771967e-01
1.502337847959031580e-01
1.502350564976325797e-01
1.502360967550224191e-01
1.502368771532347769e-01
1.502373757135027077e-01
1.502375785747854242e-01
1.502374806416200692e-01
1.502370849345313619e-01
1.502364006724536682e-01
1.502354404708399482e-01
1.502342173322523122e-01
1.502327422106162769e-01
1.502310227937366516e-01
1.502290638283183266e-01
1.502268689298158211e-01
1.502244434845046717e-01
1.502217980142099840e-01
1.502189512431756913e-01
1.502159320897048511e-01
1.502127799358022320e-01
1.502095428439305380e-01
1.502062738739888825e-01
1.502030261842350889e-01
1.501998479761650074e-01
1.501967783960795610e-01
1.501938452133055046e-01
1.501910645956816837e-01
1.501884427960762103e-01
1.501859791902833696e-01
1.501836699064988956e-01
1.501815112367326233e-01
1.501795020967722216e-01
1.501776450070680113e-01
1.501759454100378977e-01
1.501744095785512156e-01
1.501730417847300658e-01
1.501718416277277868e-01
1.501708023633346323e-01
1.501699107681589707e-01
1.501691486441792955e-01
1.501684956731751119e-01
1.501679330453478678e-01
1.501674471222452234e-01
1.501670323398209828e-01
1.501666926277877012e-01
1.501664408584978960e-01
1.501662962608293628e-01
1.501662802683394471e-01
1.501664117354889194e-01
1.501667026477936928e-01
1.501671552815962429e-01
1.501677613255815169e-01
1.501685029572091823e-01
1.501693554469255287e-01
1.501702906125627901e-01
1.501712803512631200e-01
1.501722995023450080e-01
1.501733274360506354e-01
1.501743480385471230e-01
1.501753481650471844e-01
1.501763150741328157e-01
1.501772336797320972e-01
1.501780845204200299e-01
1.501788431224279075e-01
1.501794810302308492e-01
1.501799683552513531e-01
1.501802773588323259e-01
1.501803863686564655e-01
1.501802832155352263e-01
1.501799673756605003e-01
1.501794501599162945e-01
1.501787526592673616e-01
1.501779017095945246e-01
1.501769247232170035e-01
1.501758446045680373e-01
1.501746759455841740e-01
1.501734232983784889e-01
1.501720817416989928e-01
1.501706394192019733e-01
1.501690813595315532e-01
1.501673937010575555e-01
1.501655673993011197e-01
1.501636005795433659e-01
1.501614989431580838e-01
1.501592740722588748e-01
1.501569400458775405e-01
1.501545093031695643e-01
1.501519889408413910e-01
1.501493784941359544e-01
1.501466697981264364e-01
1.501438489645318120e-01
1.501409000280986006e-01
1.501378094951384412e-01
1.501345708527898060e-01
1.501311880471909443e-01
1.501276770379092185e-01
1.501240648518105680e-01
1.501203861194945477e-01
1.501166777723592916e-01
1.501129731527784950e-01
1.501092969767295338e-01
1.501056622987536615e-01
1.501020700179145906e-01
1.500985108039199767e-01
1.500949688225248213e-01
1.500914263579749275e-01
1.500878683272430236e-01
1.500842857138104391e-01
1.500806771306773257e-01
1.500770480993345035e-01
1.500734081977334600e-01
1.500697668501008442e-01
1.500661289628225648e-01
1.500624916512109663e-01
1.500588429396609580e-01
1.500551627361981499e-01
1.500514258180516980e-01
1.500476061596716926e-01
1.500436817044047688e-01
1.500396385862812765e-01
1.500354738405484667e-01
1.500311958530690937e-01
1.500268222504346216e-01
1.500223755896127331e-01
1.500178778712519256e-01
1.500133452861232286e-01
1.500087845200516745e-01
1.500041914418100975e-01
1.499995523275149123e-01
1.499948471887617429e-01
1.499900543907765615e-01
1.499851555589035434e-01
1.499801397258751501e-01
1.499750057652692870e-01
1.499697624449523314e-01
1.499644259620257214e-01
1.499590155114055856e-01
1.499535480588537195e-01
1.499480337548414199e-01
1.499424732088158185e-01
1.499368572652730325e-01
1.499311692522738437e-01
1.499253891331479294e-01
1.499194986576437572e-01
1.499134864452300320e-01
1.499073519025009016e-01
1.499011070079757091e-01
1.498947753708598785e-01
1.498883886145414568e-01
1.498819809156928806e-01
1.498755831454881560e-01
1.498692182148336771e-01
1.498628988468408973e-01
1.498566282868116495e-01
1.498504037206894457e-01
1.498442216149597217e-01
1.498380838523553915e-01
1.498320033674121754e-01
1.498260079652715959e-01
1.498201412072452110e-01
1.498144597741508932e-01
1.498090275719641817e-01
1.498039077939503916e-01
1.497991547964450110e-01
1.497948076620823632e-01
1.497908867223205487e-01
1.497873934127028350e-01
1.497843130244160270e-01
1.497816194067950746e-01
1.497792804681940815e-01
1.497772633210568971e-01
1.497755380560567007e-01
1.497740794219802885e-01
1.497728661698356500e-01
1.497718784489777133e-01
1.497710942366930753e-01
1.497704860889485234e-01
1.497700193737747099e-01
1.497696526661840555e-01
1.497693403755410990e-01
1.497690371543070886e-01
1.497687032815362695e-01
1.497683099997007827e-01
1.497678436777683808e-01
1.497673077183122037e-01
1.497667214304002625e-01
1.497661157256422459e-01
1.497655263579687479e-01
1.497649861979370167e-01
1.497645183372774969e-01
1.497641315052470612e-01
1.497638185279759060e-01
1.497635577399079598e-01
1.497633166488480383e-01
1.497630568437263721e-01
1.497627390506617306e-01
1.497623273060347815e-01
1.497617914112105153e-01
1.497611072058999127e-01
1.497602547574554133e-01
1.497592151957965745e-01
1.497579673891438201e-01
1.497564857348377132e-01
1.497547399994887118e-01
1.497526975581698616e-01
1.497503277891060747e-01
1.497476079169333951e-01
1.497445292729094324e-01
1.497411027188101651e-01
1.497373618892192115e-01
1.497333630715486641e-01
1.497291811139316586e-01
1.497249017267632820e-01
1.497206116355507821e-01
1.497163887596515142e-01
1.497122945613708900e-01
1.497083699667563217e-01
1.497046352029018090e-01
1.497010929758517406e-01
1.496977338557314574e-01
1.496945425214039060e-01
1.496915035261945914e-01
1.496886054096094321e-01
1.496858423239567082e-01
1.496832129202179118e-01
1.496807169891425093e-01
1.496783510510044934e-01
1.496761044247925387e-01
1.496739571226890497e-01
1.496718803201598225e-01
1.496698394334317339e-01
1.496677992411447056e-01
1.496657300961768411e-01
1.496636140441899576e-01
1.496614495559099867e-01
1.496592536416835040e-01
1.496570604802584248e-01
1.496549164416394739e-01
1.496528723841710484e-01
1.496509749742854778e-01
1.496492590846862369e-01
1.496477429185091579e-01
1.496464266218580641e-01
1.496452942138941089e-01
1.496443179971901349e-01
1.496434642820075045e-01
1.496426991776420024e-01
1.496419932795166607e-01
1.496413243077102662e-01
1.496406771922313972e-01
1.496400417664104643e-01
1.496394089755466450e-01
1.496387670404235037e-01
1.496380990770377617e-01
1.496373832419322369e-01
1.496365957680618752e-01
1.496357165569786318e-01
1.496347364482562836e-01
1.496336648920734702e-01
1.496325364617210052e-01
1.496314145066865997e-01
1.496303904423031683e-01
1.496295778987621339e-01
1.496291022021472850e-01
1.496290870437859410e-01
1.496296410695334977e-01
1.496308470263863766e-01
1.496327551235440145e-01
1.496353809463439322e-01
1.496387071896810583e-01
1.496426879317768743e-01
1.496472540993013800e-01
1.496523189839344681e-01
1.496577829879488786e-01
1.496635371210974785e-01
1.496694651202860049e-01
1.496754443895406406e-01
1.496813461948444113e-01
1.496870356232150590e-01
1.496923717117932817e-01
1.496972079374315756e-01
1.497013930336007215e-01
1.497047719379484276e-01
1.497071865720584205e-01
1.497084760670573944e-01
1.497084759153041456e-01
1.497070153110995616e-01
1.497039116462036135e-01
1.496989608015461826e-01
1.496919216072974401e-01
1.496824927030726282e-01
1.496702800657010723e-01
1.496547537532225691e-01
1.496351931308536332e-01
1.496106213664288309e-01
1.495797327738296323e-01
1.495408209145241696e-01
1.494917208047389923e-01
1.494297833814845766e-01
1.493519013589325317e-01
1.492545992606684468e-01
1.491341857334989585e-01
1.489869474384121761e-01
1.488093495559109081e-01
1.485982059506538167e-01
1.483507931388064749e-01
1.480648998993293886e-01
1.477388202053295796e-01
1.473713061926625600e-01
1.469615000198295496e-01
1.465088612314547345e-01
1.460131021713922117e-01
1.454741394692911360e-01
1.448920650339619587e-01
1.442671355866903538e-01
1.435997763020699369e-01
1.428905926026433071e-01
1.421403849793326235e-01
1.413501640994793140e-01
1.405211658471759717e-01
1.396548669221219507e-01
1.387530006328039633e-01
1.378175698601218080e-01
1.368508508460232753e-01
1.358553790923235360e-01
1.348339091816747881e-01
1.337893450949260987e-01
1.327246458896940984e-01
1.316427200477226500e-01
1.305463259763940675e-01
1.294379937745714637e-01
1.283199760519520005e-01
1.271942273767458220e-01
1.260624062970764070e-01
1.249258919989971878e-01
1.237858087209725705e-01
1.226430534993758759e-01
1.214983252937225089e-01
1.203521551260175876e-01
1.192049371821320425e-01
1.180569600591076934e-01
1.169084362200226712e-01
1.157595271082765553e-01
1.146103617437042310e-01
1.134610477823328051e-01
1.123116753944436164e-01
1.111623154253825463e-01
1.100130140087122316e-01
1.088637861844840432e-01
1.077146111955370467e-01
1.065654318738886719e-01
1.054161596577211091e-01
1.042666852301527697e-01
1.031168929249258875e-01
1.019666756878092051e-01
1.008159472123527911e-01
9.966464894127058383e-02
9.851275132003042834e-02
9.736025021263021439e-02
9.620716028104879525e-02
9.505350737164350305e-02
9.389932175545358251e-02
9.274463363851595532e-02
9.158947179411541795e-02
9.043386550954173042e-02
8.927784934729872390e-02
8.812146962898512181e-02
8.696479122960977526e-02
8.580790332808931054e-02
8.465092315909651666e-02
8.349399738179927311e-02
8.233730121384533196e-02
8.118103583065232332e-02
8.002542466421970480e-02
7.887070919865113439e-02
7.771714472903941406e-02
7.656499639463411333e-02
7.541453565849902396e-02
7.426603730160627470e-02
7.311977693075083495e-02
7.197602896038073073e-02
7.083506501001839151e-02
6.969715265386514091e-02
6.856255446173974144e-02
6.743152727684696701e-02
6.630432168361000134e-02
6.518118162657232650e-02
6.406234414849094894e-02
6.294803922192120094e-02
6.183848965377836127e-02
6.073391104661537282e-02
5.963451180379220062e-02
5.854049316845723328e-02
5.745204928843773012e-02
5.636936730085240210e-02
5.529262743160792692e-02
5.422200310599870066e-02
5.315766106745725000e-02
5.209976150215162721e-02
5.104845816763479982e-02
5.000389852415117881e-02
4.896622386752183531e-02
4.793556946278240000e-02
4.691206467795259322e-02
4.589583311748753752e-02
4.488699275511059961e-02
4.388565606586775081e-02
4.289193015738704262e-02
4.190591690048948298e-02
4.092771305949910454e-02
3.995741042286821143e-02
3.899509593510819966e-02
3.804085183155458960e-02
3.709475577828238307e-02
3.615688102065171827e-02
3.522729654569345392e-02
3.430606726612280000e-02
3.339325423761913686e-02
3.248891492676062032e-02
3.159310355558571370e-02
3.070587156154359204e-02
2.982726823058994003e-02
2.895734158923981769e-02
2.809613968246446949e-02
2.724371242361691911e-02
2.640011428625457096e-02
2.556540822143772707e-02
2.473967132858371012e-02
2.392300296855424599e-02
2.311553613175808611e-02
2.231745283019161835e-02
2.152900380239472500e-02
2.075053146609237911e-02
1.998249235091983586e-02
1.922547126214712090e-02
1.848017591878980612e-02
1.774740189050989098e-02
1.702796728209805474e-02
1.632263219669682214e-02
1.563202814854029732e-02
1.495661762186353827e-02
1.429668812256699485e-02
1.365237138949129507e-02
1.302367422029335371e-02
1.241051038901124295e-02
1.181272812921904149e-02
1.123013149004477643e-02
1.066249592018228207e-02
1.010957919227985918e-02
9.571128861402289703e-03
9.046887266573152425e-03
8.536594841552768223e-03
8.039992283672059079e-03
7.556821960569955199e-03
7.086828812236122856e-03
6.629760920491719473e-03
6.185369860062513853e-03
5.753410906554544575e-03
5.333643150857560709e-03
4.925829552484076342e-03
4.529736953160675740e-03
4.145136064643860363e-03
3.771801439918342179e-03
3.409511433781142568e-03
3.058048156747933052e-03
2.717197424863312255e-03
2.386748707108301767e-03
2.066495071515329907e-03
1.756233130718047770e-03
1.455762987411624455e-03
1.164888180033531043e-03
8.834156288657539838e-04
6.111555826874665812e-04
3.479215660597455772e-04
9.353032729260087920e-05
-1.521982128761081073e-04
-3.894410118739583329e-04
-6.183719551525659192e-04
-8.391619053105662564e-04
-1.051978750483942640e-03
-1.256987452009230817e-03
-1.454350091366782066e-03
-1.644225916412330379e-03
-1.826771386905762891e-03
-2.002140219346395991e-03
-2.170483431124267757e-03
-2.331949383997067044e-03
-2.486683826902333014e-03
-2.634829938114529192e-03
-2.776528366756537362e-03
-2.911917273675018823e-03
-3.041132371688994029e-03
-3.164306965220878461e-03
-3.281571989319092848e-03
-3.393056048081247514e-03
-3.498885452486773934e-03
-3.599184257647759094e-03
-3.694074299486607704e-03
-3.783675230849041071e-03
-3.868104557060816125e-03
-3.947477670936430129e-03
-4.021907887247957308e-03
-4.091506476662038795e-03
-4.156382699152950944e-03
-4.216643836899534002e-03
-4.272395226673678971e-03
-4.323740291727937342e-03
-4.370780573189720838e-03
-4.413615760969443781e-03
-4.452343724189861823e-03
-4.487060541143741976e-03
-4.517860528786908636e-03
-4.544836271773603636e-03
-4.568078651040990805e-03
-4.587676871949547888e-03
-4.603718491985981168e-03
-4.616289448035202671e-03
-4.625474083227824884e-03
-4.631355173369517721e-03
-4.634013952958490092e-03
-4.633530140797271699e-03
-4.629981965204864845e-03
-4.623446188835261469e-03
-4.613998133108234735e-03
-4.601711702258210433e-03
-4.586659407006960995e-03
-4.568912387865763439e-03
-4.548540438072597517e-03
-4.525612026169854515e-03
-4.500194318227975984e-03
-4.472353199720341919e-03
-4.442153297054651610e-03
-4.409657998765979629e-03
-4.374929476376594913e-03
-4.338028704927563220e-03
-4.299015483187087344e-03
-4.257948453540454439e-03
-4.214885121566397386e-03
-4.169881875304600784e-03
-4.122994004219018849e-03
-4.074275717861601358e-03
-4.023780164240950939e-03
-3.971559447900378619e-03
-3.917664647709755144e-03
-3.862145834375484057e-03
-3.805052087672869572e-03
-3.746431513405084658e-03
-3.686331260092882717e-03
-3.624797535399133363e-03
-3.561875622292210320e-03
-3.497609894952190095e-03
-3.432043834423771905e-03
-3.365220044019761290e-03
-3.297180264478914279e-03
-3.227965388881875227e-03
-3.157615477328887688e-03
-3.086169771382906921e-03
-3.013666708281685386e-03
-2.940143934922352306e-03
-2.865638321621956277e-03
-2.790185975657384458e-03
-2.713822254588030194e-03
-2.636581779364521524e-03
-2.558498447226782279e-03
-2.479605444394641055e-03
-2.399935258554164366e-03
-2.319519691142837760e-03
-2.238389869436672314e-03
-2.156576258442271382e-03
-2.074108672596847430e-03
-1.991016287279127970e-03
-1.907327650134059980e-03
-1.823070692214160109e-03
-1.738272738940335477e-03
-1.652960520884941492e-03
-1.567160184379813234e-03
-1.480897301951961164e-03
-1.394196882589581604e-03
-1.307083381840997522e-03
-1.219580711749099601e-03
-1.131712250623826809e-03
-1.043500852655181209e-03
-9.549688573692390221e-04
-8.661380989295822119e-04
-7.770299152865374698e-04
-6.876651571765759639e-04
-5.980641969741902529e-04
-5.082469373985319108e-04
-4.182328200770584967e-04
-3.280408339684044629e-04
-2.376895236466588786e-04
-1.471969974491993990e-04
-5.658093549019978079e-05
3.414140245810302801e-05
1.249531692143275217e-04
2.158379225650280345e-04
3.067796177679430001e-04
3.977626001794476625e-04
4.887715980042760212e-04
5.797917151656070385e-04
6.708084242936380439e-04
7.618075598307960661e-04
8.527753112517663919e-04
9.436982163965443229e-04
1.034563154914743205e-03
1.125357341819418263e-03
1.216068321148692545e-03
1.306683959733494823e-03
1.397192441069749092e-03
1.487582259293374629e-03
1.577842213256484610e-03
1.667961400703194723e-03
1.757929212543474446e-03
1.847735327223501639e-03
1.937369705190999762e-03
2.026822583454064314e-03
2.116084470232002922e-03
2.205146139696741864e-03
2.293998626803365505e-03
2.382633222208385693e-03
2.471041467274352667e-03
2.559215149159441410e-03
2.647146295990672905e-03
2.734827172119442835e-03
2.822250273458052749e-03
2.909408322895963919e-03
2.996294265794504936e-03
3.082901265558787504e-03
3.169222699285607035e-03
3.255252153486116323e-03
3.340983419882082722e-03
3.426410491274560922e-03
3.511527557483821223e-03
3.596329001359402280e-03
3.680809394859165494e-03
3.764963495196251703e-03
3.848786241052852466e-03
3.932272748859728245e-03
4.015418309140423095e-03
4.098218382919131125e-03
4.180668598191207737e-03
4.262764746455308638e-03
4.344502779306169161e-03
4.425878805087056327e-03
4.506889085600924820e-03
4.587530032879337527e-03
4.667798206008217342e-03
4.747690308009513450e-03
4.827203182777886972e-03
4.906333812071512167e-03
4.985079312556137121e-03
5.063436932901527014e-03
5.141404050929448619e-03
5.218978170812363371e-03
5.296156920321998078e-03
5.372938048126994423e-03
5.449319421138828015e-03
5.525299021905224171e-03
5.600874946050287198e-03
5.676045399760589437e-03
5.750808697316462867e-03
5.825163258667769017e-03
5.899107607053402126e-03
5.972640366663830788e-03
6.045760260345953846e-03
6.118466107349595715e-03
6.190756821114945518e-03
6.262631407100272170e-03
6.334088960649257929e-03
6.405128664897293857e-03
6.475749788716097036e-03
6.545951684696022475e-03
6.615733787165438244e-03
6.685095610246567094e-03
6.754036745947177879e-03
6.822556862287543038e-03
6.890655701462073193e-03
6.958333078035058156e-03
7.025588877169946199e-03
7.092423052891605635e-03
7.158835626381019647e-03
7.224826684301877480e-03
7.290396377158526835e-03
7.355544917684767037e-03
7.420272579262968647e-03
7.484579694373012966e-03
7.548466653070548364e-03
7.611933901494080321e-03
7.674981940400403373e-03
7.737611323727907470e-03
7.799822657187285152e-03
7.861616596879178118e-03
7.922993847938318221e-03
7.983955163203697997e-03
8.044501341914360448e-03
8.104633228430342326e-03
8.164351710978370175e-03
8.223657720421880674e-03
8.282552229054948936e-03
8.341036249419729251e-03
8.399110833146998870e-03
8.456777069819423204e-03
8.514036085857136504e-03
8.570889043425278936e-03
8.627337139363103202e-03
8.683381604134279494e-03
8.739023700798050076e-03
8.794264724000853614e-03
8.849105998988096577e-03
8.903548880635695287e-03
8.957594752501071150e-03
9.011245025893255614e-03
9.064501138961775228e-03
9.117364555803988968e-03
9.169836765590565555e-03
9.221919281708785068e-03
9.273613640923349111e-03
9.324921402554408115e-03
9.375844147672488318e-03
9.426383478310046068e-03
9.476541016689335462e-03
9.526318404466330853e-03
9.575717301990397182e-03
9.624739387579449648e-03
9.673386356810326908e-03
9.721659921824112385e-03
9.769561810646127872e-03
9.817093766520361767e-03
9.864257547258059589e-03
9.911054924600240859e-03
9.957487683593876926e-03
1.000355762198151290e-02
1.004926654960407173e-02
1.009461628781661673e-02
1.013960866891684513e-02
1.018424553558607698e-02
1.022852874034252055e-02
1.027246014500659936e-02
1.031604162017811001e-02
1.035927504472501648e-02
1.040216230528366072e-02
1.044470529577017949e-02
1.048690591690294542e-02
1.052876607573580495e-02
1.057028768520194492e-02
1.061147266366816756e-02
1.065232293449941761e-02
1.069284042563333967e-02
1.073302706916471130e-02
1.077288480093955246e-02
1.081241556015874461e-02
1.085162128899098792e-02
1.089050393219490563e-02
1.092906543675015510e-02
1.096730775149735299e-02
1.100523282678667406e-02
1.104284261413494492e-02
1.108013906589108699e-02
1.111712413490974390e-02
1.115379977423295622e-02
1.119016793677971196e-02
1.122623057504324416e-02
1.126198964079592156e-02
1.129744708480158802e-02
1.133260485653521908e-02
1.136746490390974466e-02
1.140202917300991992e-02
1.143629960783308988e-02
1.147027815003673692e-02
1.150396673869266695e-02
1.153736731004771296e-02
1.157048179729083977e-02
1.160331213032650931e-02
1.163586023555420422e-02
1.166812803565397787e-02
1.170011744937792322e-02
1.173183039134743748e-02
1.176326877185618520e-02
1.179443449667862825e-02
1.182532946688403218e-02
1.185595557865582947e-02
1.188631472311624596e-02
1.191640878615607586e-02
1.194623964826951011e-02
1.197580918439392073e-02
1.200511926375449380e-02
1.203417174971362774e-02
1.206296849962498752e-02
1.209151136469213336e-02
1.211980218983163028e-02
1.214784281354053773e-02
1.217563506776821007e-02
1.220318077779230376e-02
1.223048176209891313e-02
1.225753983226675337e-02
1.228435679285530373e-02
1.231093444129682801e-02
1.233727456779220438e-02
1.236337895521047101e-02
1.238924937899201981e-02
1.241488760705535856e-02
1.244029539970737709e-02
1.246547450955702574e-02
1.249042668143235564e-02
1.251515365230083422e-02
1.253965715119287512e-02
1.256393889912851315e-02
1.258800060904715669e-02
1.261184398574034804e-02
1.263547072578748154e-02
1.265888251749439260e-02
1.268208104083478477e-02
1.270506796739440288e-02
1.272784496031791925e-02
1.275041367425845326e-02
1.277277575532968605e-02
1.279493284106049400e-02
1.281688656035205771e-02
1.283863853343738919e-02
1.286019037184322686e-02
1.288154367835422746e-02
1.290270004697943555e-02
1.292366106292094571e-02
1.294442830254473147e-02
1.296500333335358010e-02
1.298538771396209011e-02
1.300558299407367918e-02
1.302559071445956278e-02
1.304541240693964620e-02
1.306504959436530743e-02
1.308450379060399800e-02
1.310377650052563930e-02
1.312286921999077267e-02
1.314178343584039739e-02
1.316052062588749481e-02
1.317908225891016062e-02
1.319746979464632777e-02
1.321568468379003686e-02
1.323372836798921738e-02
1.325160227984493663e-02
1.326930784291208143e-02
1.328684647170144846e-02
1.330421957168318771e-02
1.332142853929158509e-02
1.333847476193113571e-02
1.335535961798387655e-02
1.337208447681796121e-02
1.338865069879742117e-02
1.340505963529309633e-02
1.342131262869470688e-02
1.343741101242402688e-02
1.345335611094913494e-02
1.346914923979971278e-02
1.348479170558336375e-02
1.350028480600291847e-02
1.351562982987471184e-02
1.353082805714778819e-02
1.354588075892402231e-02
1.356078919747912524e-02
1.357555462628450699e-02
1.359017829002997710e-02
1.360466142464725366e-02
1.361900525733425980e-02
1.363321100658018009e-02
1.364727988219126276e-02
1.366121308531733844e-02
1.367501180847902932e-02
1.368867723559564001e-02
1.370221054201369547e-02
1.371561289453611734e-02
1.372888545145200916e-02
1.374202936256702957e-02
1.375504576923434856e-02
1.376793580438614648e-02
