2.199920000000000098e+00
2.199920000000000098e+00
2.199920690537382484e+00
2.199922646095148870e+00
2.199926333857965322e+00
2.199932123263453221e+00
2.199940297008177392e+00
2.199951064035378767e+00
2.199964574828733088e+00
2.199980938910404138e+00
2.200000243530154886e+00
2.200022570853491288e+00
2.200048008657587761e+00
2.200076648142167635e+00
2.200108565257241633e+00
2.200143790994836035e+00
2.200182286028331102e+00
2.200223934807988169e+00
2.200268561727229955e+00
2.200315959487752160e+00
2.200365917315683983e+00
2.200418241662910557e+00
2.200472767403300445e+00
2.200529360144655833e+00
2.200587910959621141e+00
2.200648325329221944e+00
2.200710509092323797e+00
2.200774355197549159e+00
2.200839735142677167e+00
2.200906497704338882e+00
2.200974475284863008e+00
2.201043495851882525e+00
2.201113396871361427e+00
2.201184037226756818e+00
2.201255303825998766e+00
2.201327111146188731e+00
2.201399393975122187e+00
2.201472095594866119e+00
2.201545155041792601e+00
2.201618497374123962e+00
2.201692029922841520e+00
2.201765645606740929e+00
2.201839232211484809e+00
2.201912684757323380e+00
2.201985917184957842e+00
2.202058869754363268e+00
2.202131509712416335e+00
2.202203824678565347e+00
2.202275810365560194e+00
2.202347456078079802e+00
2.202418732301533844e+00
2.202489584251481336e+00
2.202559933598516650e+00
2.202629688234818861e+00
2.202698757613258174e+00
2.202767069488544838e+00
2.202834583213669095e+00
2.202901295249186209e+00
2.202967234165905452e+00
2.203032444841860560e+00
2.203096964133438806e+00
2.203160792152172309e+00
2.203223863550477279e+00
2.203286021469449629e+00
2.203346993210308025e+00
2.203406361949520775e+00
2.203463523805124336e+00
2.203517615085174519e+00
2.203567391299094513e+00
2.203611038119981824e+00
2.203645895422628787e+00
2.203668078711484402e+00
2.203671986600053589e+00
2.203649686339669955e+00
2.203590169194014070e+00
2.203478462014941908e+00
2.203294570542025266e+00
2.203012214602763752e+00
2.202597295881970396e+00
2.202006013543723828e+00
2.201182507665011112e+00
2.200055860500170102e+00
2.198536219649583678e+00
2.196509732371624057e+00
2.193831916389078707e+00
2.190319072276897927e+00
2.185737406384516746e+00
2.179789722787784267e+00
2.172099896940379526e+00
2.162195897204103545e+00
2.149492892370201247e+00
2.133278941260908557e+00
2.112706759059297834e+00
2.086795777923179607e+00
2.054448693224632638e+00
2.014485444268839132e+00
1.965694980537072922e+00
1.906901716206222286e+00
1.837040421949468039e+00
1.755231711908146863e+00
1.660850863293293234e+00
1.553584960932911319e+00
1.433475982742410393e+00
1.300949113309269878e+00
1.156825663124256609e+00
1.002318790382954461e+00
8.390088354060698528e-01
6.687948632899792800e-01
4.938210440657787581e-01
3.163808626501531385e-01
1.388075283860776277e-01
-3.663696371401142793e-02
-2.078609209791549839e-01
-3.730200301939813889e-01
-5.305676636775344956e-01
-6.792790990275214824e-01
-8.182539942600977056e-01
-9.469027277360180239e-01
-1.064921591608094520e+00
-1.172260347637402278e+00
-1.269084323894865030e+00
-1.355732687151300908e+00
-1.432674860452204602e+00
-1.500467830936022651e+00
-1.559717604945556779e+00
-1.611047777727139474e+00
-1.655077046926106688e+00
-1.692405927160552048e+00
-1.723611465650571217e+00
-1.749247776697793855e+00
-1.769849785679691978e+00
-1.785937613722364370e+00
-1.798019441519390860e+00
-1.806591411908211819e+00
-1.812134104174544236e+00
-1.815106169817345183e+00
-1.815936565536693026e+00
-1.815017162772993409e+00
-1.812697256180020755e+00
-1.809280810883187929e+00
-1.805026513847752589e+00
-1.800150117446152942e+00
-1.794828302453196134e+00
-1.789203302165394804e+00
-1.783387702781748629e+00
-1.777469053356841577e+00
-1.771514105382045567e+00
-1.765572623187351420e+00
-1.759680761092187185e+00
-1.753864012662253113e+00
-1.748139730682118032e+00
-1.742519216155008044e+00
-1.737009388243742292e+00
-1.731614068730005895e+00
-1.726334934035142155e+00
-1.721172198283024368e+00
-1.716125091208503317e+00
-1.711192187619258620e+00
-1.706371634221072853e+00
-1.701661307783944421e+00
-1.697058927687019159e+00
-1.692562136956349716e+00
-1.688168559647237332e+00
-1.683875838917950674e+00
-1.679681658856818416e+00
-1.675583753116010266e+00
-1.671579903775232800e+00
-1.667667934085832249e+00
-1.663845698690592290e+00
-1.660111074603713321e+00
-1.656461955656145957e+00
-1.652896252165765745e+00
-1.649411896229521224e+00
-1.646006851445630303e+00
-1.642679124535747714e+00
-1.639426775785948198e+00
-1.636247925686730387e+00
-1.633140756366568080e+00
-1.630103507829484988e+00
-1.627134470146036849e+00
-1.624231973415905861e+00
-1.621394377562164424e+00
-1.618620063930413133e+00
-1.615907430271933176e+00
-1.613254889944212733e+00
-1.610660875088413713e+00
-1.608123842371758982e+00
-1.605642279030661923e+00
-1.603214706793527844e+00
-1.600839681870872777e+00
-1.598515790295309102e+00
-1.596241639064548634e+00
-1.594015844505300317e+00
-1.591837019959888133e+00
-1.589703765314508965e+00
-1.587614660974384639e+00
-1.585568268447695051e+00
-1.583563138526675296e+00
-1.581597826221608383e+00
-1.579670909643717147e+00
-1.577781008775446914e+00
-1.575926800124239691e+00
-1.574107024578647263e+00
-1.572320487714961690e+00
-1.570566053561346376e+00
-1.568842633970006784e+00
-1.567149176244251096e+00
-1.565484651681240846e+00
-1.563848047339616576e+00
-1.562238362609020825e+00
-1.560654611010427129e+00
-1.559095826238746652e+00
-1.557561070193292263e+00
-1.556049440146416663e+00
-1.554560072541538940e+00
-1.553092141997892472e+00
-1.551644855437511961e+00
-1.550217442393975409e+00
-1.548809143329610283e+00
-1.547419198210434832e+00
-1.546046837719977640e+00
-1.544691279264961192e+00
-1.543351729168402686e+00
-1.542027391088637955e+00
-1.540717479011281421e+00
-1.539421231759911413e+00
-1.538137925514139637e+00
-1.536866881528204498e+00
-1.535607467730112363e+00
-1.534359094478444652e+00
-1.533121205948926091e+00
-1.531893269268810087e+00
-1.530674763717568831e+00
-1.529465172187025379e+00
-1.528263976639036459e+00
-1.527070658429715344e+00
-1.525884703107240892e+00
-1.524705607932358653e+00
-1.523532889438289795e+00
-1.522366088273100493e+00
-1.521204769377051846e+00
-1.520048516849568099e+00
-1.518896924159858886e+00
-1.517749581361284905e+00
-1.516606061649026005e+00
-1.515465910003350070e+00
-1.514328636716789411e+00
-1.513193718070540594e+00
-1.512060605067352625e+00
-1.510928739048168490e+00
-1.509797570866977079e+00
-1.508666579031705757e+00
-1.507535282479324890e+00
-1.506403245285565795e+00
-1.505270072815137583e+00
-1.504135400763964459e+00
-1.502998879832146750e+00
-1.501860159430375319e+00
-1.500718874021225169e+00
-1.499574635424191893e+00
-1.498427033461318558e+00
-1.497275645528377552e+00
-1.496120053304014874e+00
-1.494959862667900596e+00
-1.493794721965257200e+00
-1.492624334478122927e+00
-1.491448462915808459e+00
-1.490266925964933264e+00
-1.489079588639065532e+00
-1.487886349062616853e+00
-1.486687124556280937e+00
-1.485481839693987505e+00
-1.484270418459123109e+00
-1.483052781676997167e+00
-1.481828849526788616e+00
-1.480598547399966547e+00
-1.479361812218420891e+00
-1.478118596075407520e+00
-1.476868864826539562e+00
-1.475612590661935508e+00
-1.474349739189363406e+00
-1.473080252807661195e+00
-1.471804033100619913e+00
-1.470520925685433911e+00
-1.469230711295746561e+00
-1.467933106493142903e+00
-1.466627775849545179e+00
-1.465314354703924460e+00
-1.463992478449014811e+00
-1.462661812130135131e+00
-1.461322074052934905e+00
-1.459973049104890785e+00
-1.458614590523785060e+00
-1.457246611591785923e+00
-1.455869070466438764e+00
-1.454481952066750683e+00
-1.453085250933653150e+00
-1.451678958500480343e+00
-1.450263057204496331e+00
-1.448837522225071117e+00
-1.447402329496067841e+00
-1.445957466629689492e+00
-1.444502942355285313e+00
-1.443038790509082459e+00
-1.441565066258236660e+00
-1.440081834340102285e+00
-1.438589150951688822e+00
-1.437087042278060611e+00
-1.435575483580089351e+00
-1.434054383323611459e+00
-1.432523576770939222e+00
-1.430982832260927928e+00
-1.429431870746227462e+00
-1.427870395482093047e+00
-1.426298125455933929e+00
-1.424714824825309645e+00
-1.423120321973092794e+00
-1.421514515023489356e+00
-1.419897364238790649e+00
-1.418268874413952885e+00
-1.416629071860570299e+00
-1.414977981094567738e+00
-1.413315606219878395e+00
-1.411641921207485550e+00
-1.409956871520007926e+00
-1.408260386738772185e+00
-1.406552400610239451e+00
-1.404832872499223173e+00
-1.403101803784805091e+00
-1.401359244448374231e+00
-1.399605288060223884e+00
-1.397840056299143097e+00
-1.396063676260928865e+00
-1.394276255056202451e+00
-1.392477856813345349e+00
-1.390668487250752650e+00
-1.388848090133185886e+00
-1.387016557718992793e+00
-1.385173753767801275e+00
-1.383319543819064412e+00
-1.381453824964171018e+00
-1.379576547486424998e+00
-1.377687723396431307e+00
-1.375787420662740512e+00
-1.373875745303496654e+00
-1.371952815717195406e+00
-1.370018734769512969e+00
-1.368073565559563720e+00
-1.366117316507649670e+00
-1.364149940056729848e+00
-1.362171346459258858e+00
-1.360181430106215839e+00
-1.358180101969104658e+00
-1.356167319761940382e+00
-1.354143108380440497e+00
-1.352107566446581588e+00
-1.350060858723751700e+00
-1.348003197298753397e+00
-1.345934816222984276e+00
-1.343855945011401820e+00
-1.341766786396893840e+00
-1.339667503067438536e+00
-1.337558216456131932e+00
-1.335439017790543748e+00
-1.333309988013842595e+00
-1.331171220174184766e+00
-1.329022836875060509e+00
-1.326864996878976743e+00
-1.324697888140741409e+00
-1.322521708002265317e+00
-1.320336634023546951e+00
-1.318142790777537599e+00
-1.315940219143151957e+00
-1.313728855217082492e+00
-1.311508525401136938e+00
-1.309278961689215093e+00
-1.307039836425666346e+00
-1.304790810013247926e+00
-1.302531580684828993e+00
-1.300261924760853782e+00
-1.297981719091590103e+00
-1.295690942802372181e+00
-1.293389660581529821e+00
-1.291077993129686741e+00
-1.288756081951293542e+00
-1.286424056001607141e+00
-1.284082007178899199e+00
-1.281729980070925645e+00
-1.279367978282727636e+00
-1.276995985199408601e+00
-1.274613992423921927e+00
-1.272222026368173831e+00
-1.269820163943854663e+00
-1.267408531676282868e+00
-1.264987287161034146e+00
-1.262556585903730655e+00
-1.260116539527791346e+00
-1.257667173299245933e+00
-1.255208392194234523e+00
-1.252739964997660271e+00
-1.250261534161555721e+00
-1.247772654473697340e+00
-1.245272856501584036e+00
-1.242761723830267950e+00
-1.240238969700158789e+00
-1.237704500543369335e+00
-1.235158459808504139e+00
-1.232601252048702856e+00
-1.230033551626839694e+00
-1.227456301556702378e+00
-1.224870706681730814e+00
-1.222278223171373579e+00
-1.219680544886920348e+00
-1.217079587884849712e+00
-1.214477477661904947e+00
-1.211876548761398720e+00
-1.209279370787679886e+00
-1.206688816274539500e+00
-1.204108183039701130e+00
-1.201541376958075169e+00
-1.198993151145449021e+00
-1.196469384137716085e+00
-1.193977362095113293e+00
-1.191526009481582271e+00
-1.189125994930316566e+00
-1.186789635745354232e+00
-1.184530548827615881e+00
-1.182363051654912400e+00
-1.180301388437269061e+00
-1.178358910789979674e+00
-1.176547349989446545e+00
-1.174876276294309019e+00
-1.173352775354550293e+00
-1.171981315707471438e+00
-1.170763754676231283e+00
-1.169699433415526624e+00
-1.168785334025737255e+00
-1.168016297674149939e+00
-1.167385318901973834e+00
-1.166883928522915559e+00
-1.166502655023733181e+00
-1.166231522932533959e+00
-1.166060524392189324e+00
-1.165980000965766150e+00
-1.165980896008032008e+00
-1.166054870702174506e+00
-1.166194304452868202e+00
-1.166392215560961398e+00
-1.166642141955533063e+00
-1.166938018630950369e+00
-1.167274081624016357e+00
-1.167644818588911670e+00
-1.168044972950253335e+00
-1.168469593589884781e+00
-1.168914109374111554e+00
-1.169374402747298758e+00
-1.169846861082185496e+00
-1.170328395341589722e+00
-1.170816426985042513e+00
-1.171308851406136275e+00
-1.171803988331707957e+00
-1.172300527931672942e+00
-1.172797478020142448e+00
-1.173294114409787703e+00
-1.173789934246403099e+00
-1.174284611401316569e+00
-1.174777953545984355e+00
-1.175269861661116799e+00
-1.175760293539700019e+00
-1.176249232783593612e+00
-1.176736663985791465e+00
-1.177222553809260441e+00
-1.177706837074312896e+00
-1.178189406979928133e+00
-1.178670109102397445e+00
-1.179148739513603772e+00
-1.179625047818998240e+00
-1.180098745743431987e+00
-1.180569520951672668e+00
-1.181037054398709873e+00
-1.181501038382458457e+00
-1.181961192289023854e+00
-1.182417273890722598e+00
-1.182869085470721560e+00
-1.183316475308080262e+00
-1.183759335744907881e+00
-1.184197599159478198e+00
-1.184631232908793796e+00
-1.185060233930977036e+00
-1.185484623378582514e+00
-1.185904441458048852e+00
-1.186319742575941083e+00
-1.186730590895603177e+00
-1.187137056430558113e+00
-1.187539211797576488e+00
-1.187937129706458039e+00
-1.188330881189000987e+00
-1.188720534494693615e+00
-1.189106154529108839e+00
-1.189487802691642226e+00
-1.189865536977296800e+00
-1.190239412231446359e+00
-1.190609480475962378e+00
-1.190975791252439686e+00
-1.191338391950075737e+00
-1.191697328101375852e+00
-1.192052643639095910e+00
-1.192404381113963963e+00
-1.192752581876030948e+00
-1.193097286223987252e+00
-1.193438533527189316e+00
-1.193776362324960871e+00
-1.194110810407259082e+00
-1.194441914880231437e+00
-1.194769712219614366e+00
-1.195094238314399204e+00
-1.195415528502733471e+00
-1.195733617601641097e+00
-1.196048539931823917e+00
-1.196360329338550299e+00
-1.196669019209428031e+00
-1.196974642489690321e+00
-1.197277231695494271e+00
-1.197576818925624620e+00
-1.197873435871913417e+00
-1.198167113828622510e+00
-1.198457883700980053e+00
-1.198745776013028230e+00
-1.199030820914899875e+00
-1.199313048189621700e+00
-1.199592487259518725e+00
-1.199869167192276986e+00
-1.200143116706709590e+00
-1.200414364178258086e+00
-1.200682937644247161e+00
-1.200948864808902838e+00
-1.201212173048127330e+00
-1.201472889414008982e+00
-1.201731040639022696e+00
-1.201986653139845984e+00
-1.202239753020670099e+00
-1.202490366075822159e+00
-1.202738517791417161e+00
-1.202984233345615550e+00
-1.203227537606849307e+00
-1.203468455129062864e+00
-1.203707010142538669e+00
-1.203943226538181976e+00
-1.204177127842094075e+00
-1.204408737175754363e+00
-1.204638077194934764e+00
-1.204865169997381358e+00
-1.205090036985097424e+00
-1.205312698661724191e+00
-1.205533174339583180e+00
-1.205751481726359042e+00
-1.205967636363022955e+00
-1.206181650902325098e+00
-1.206393534267203860e+00
-1.206603290828286434e+00
-1.206810919886720512e+00
-1.207016415878142457e+00
-1.207219769673655962e+00
-1.207420970998183796e+00
-1.207620011410968086e+00
-1.207816886918448906e+00
-1.208011599473489461e+00
-1.208204157200390538e+00
-1.208394573690450224e+00
-1.208582866868400663e+00
-1.208769057818425807e+00
-1.208953169773887115e+00
-1.209135227333287377e+00
-1.209315255889353180e+00
-1.209493281230151984e+00
-1.209669329268149296e+00
-1.209843425859936650e+00
-1.210015596688332584e+00
-1.210185867186583497e+00
-1.210354262490637156e+00
-1.210520807409980470e+00
-1.210685526410684387e+00
-1.210848443606443059e+00
-1.211009582754823288e+00
-1.211168967256899709e+00
-1.211326620159072887e+00
-1.211482564156287189e+00
-1.211636821596131730e+00
-1.211789414483487093e+00
-1.211940364485499799e+00
-1.212089692936736629e+00
-1.212237420844427760e+00
-1.212383568893736108e+00
-1.212528157453012234e+00
-1.212671206579010619e+00
-1.212812736022049753e+00
-1.212952765231105401e+00
-1.213091313358832357e+00
-1.213228399266509161e+00
-1.213364041528904202e+00
-1.213498258439063449e+00
-1.213631068013018233e+00
-1.213762487994413775e+00
-1.213892535859060873e+00
-1.214021228819408771e+00
-1.214148583828942307e+00
-1.214274617586504013e+00
-1.214399346540542046e+00
-1.214522786893285078e+00
-1.214644954604845895e+00
-1.214765865397253730e+00
-1.214885534758418428e+00
-1.215003977946025326e+00
-1.215121209991363749e+00
-1.215237245703089108e+00
-1.215352099670921282e+00
-1.215465786269277704e+00
-1.215578319660846063e+00
-1.215689713800093052e+00
-1.215799982436714499e+00
-1.215909139119025539e+00
-1.216017197197292177e+00
-1.216124169827005552e+00
-1.216230069972099814e+00
-1.216334910408114700e+00
-1.216438703725303494e+00
-1.216541462331687473e+00
-1.216643198456057506e+00
-1.216743924150923917e+00
-1.216843651295416384e+00
-1.216942391598132334e+00
-1.217040156599937806e+00
-1.217136957676718367e+00
-1.217232806042084281e+00
-1.217327712750028157e+00
-1.217421688697536419e+00
-1.217514744627156809e+00
-1.217606891129520807e+00
-1.217698138645822770e+00
-1.217788497470256415e+00
-1.217877977752409135e+00
-1.217966589499615671e+00
-1.218054342579270033e+00
-1.218141246721098803e+00
-1.218227311519394007e+00
-1.218312546435208921e+00
-1.218396960798515005e+00
-1.218480563810321549e+00
-1.218563364544759775e+00
-1.218645371951130096e+00
-1.218726594855914724e+00
-1.218807041964754978e+00
-1.218886721864394840e+00
-1.218965643024591650e+00
-1.219043813799992826e+00
-1.219121242431980612e+00
-1.219197937050485514e+00
-1.219273905675768210e+00
-1.219349156220170372e+00
-1.219423696489835951e+00
-1.219497534186403165e+00
-1.219570676908665829e+00
-1.219643132154207832e+00
-1.219714907321008956e+00
-1.219786009709022068e+00
-1.219856446521724980e+00
-1.219926224867643905e+00
-1.219995351761852254e+00
-1.220063834127442126e+00
-1.220131678796972485e+00
-1.220198892513890021e+00
-1.220265481933927809e+00
-1.220331453626479101e+00
-1.220396814075946912e+00
-1.220461569683071623e+00
-1.220525726766235053e+00
-1.220589291562742318e+00
-1.220652270230082159e+00
-1.220714668847164841e+00
-1.220776493415539621e+00
-1.220837749860590904e+00
-1.220898444032714414e+00
-1.220958581708472490e+00
-1.221018168591730513e+00
-1.221077210314773343e+00
-1.221135712439402443e+00
-1.221193680458015240e+00
-1.221251119794665163e+00
-1.221308035806103476e+00
-1.221364433782804459e+00
-1.221420318949972161e+00
-1.221475696468530048e+00
-1.221530571436094004e+00
-1.221584948887929123e+00
-1.221638833797889623e+00
-1.221692231079342772e+00
-1.221745145586077941e+00
-1.221797582113198999e+00
-1.221849545398002501e+00
-1.221901040120840998e+00
-1.221952070905970800e+00
-1.222002642322386201e+00
-1.222052758884639490e+00
-1.222102425053646968e+00
-1.222151645237480766e+00
-1.222200423792148660e+00
-1.222248765022359240e+00
-1.222296673182275084e+00
-1.222344152476252832e+00
-1.222391207059570828e+00
-1.222437841039145212e+00
-1.222484058474232471e+00
-1.222529863377121773e+00
-1.222575259713814422e+00
-1.222620251404693104e+00
-1.222664842325178469e+00
-1.222709036306375951e+00
-1.222752837135711479e+00
-1.222796248557555865e+00
-1.222839274273839871e+00
-1.222881917944657948e+00
-1.222924183188862646e+00
-1.222966073584648594e+00
-1.223007592670127375e+00
-1.223048743943892180e+00
-1.223089530865573593e+00
-1.223129956856385592e+00
-1.223170025299663344e+00
-1.223209739541391006e+00
-1.223249102890722195e+00
-1.223288118620490028e+00
-1.223326789967710937e+00
-1.223365120134077610e+00
-1.223403112286446603e+00
-1.223440769557315733e+00
-1.223478095045294589e+00
-1.223515091815567057e+00
-1.223551762900346729e+00
-1.223588111299323877e+00
-1.223624139980106662e+00
-1.223659851878653226e+00
-1.223695249899698467e+00
-1.223730336917173034e+00
-1.223765115774614998e+00
-1.223799589285576417e+00
-1.223833760234021462e+00
-1.223867631374719434e+00
-1.223901205433631123e+00
-1.223934485108288284e+00
-1.223967473068167777e+00
-1.224000171955059502e+00
-1.224032584383427880e+00
-1.224064712940768684e+00
-1.224096560187958538e+00
-1.224128128659600634e+00
-1.224159420864363579e+00
-1.224190439285314902e+00
-1.224221186380250348e+00
-1.224251664582016952e+00
-1.224281876298830785e+00
-1.224311823914591146e+00
-1.224341509789187654e+00
-1.224370936258804665e+00
-1.224400105636218816e+00
-1.224429020211093899e+00
-1.224457682250269741e+00
-1.224486093998046643e+00
-1.224514257676466045e+00
-1.224542175485586526e+00
-1.224569849603755145e+00
-1.224597282187875003e+00
-1.224624475373668586e+00
-1.224651431275936897e+00
-1.224678151988814578e+00
-1.224704639586020827e+00
-1.224730896121107637e+00
-1.224756923627702720e+00
-1.224782724119749533e+00
-1.224808299591743310e+00
-1.224833652018963992e+00
-1.224858783357705150e+00
-1.224883695545499140e+00
-1.224908390501340039e+00
-1.224932870125901685e+00
-1.224957136301753735e+00
-1.224981190893573491e+00
-1.225005035748355287e+00
-1.225028672695616327e+00
-1.225052103547599414e+00
-1.225075330099473003e+00
-1.225098354129528166e+00
-1.225121177399371986e+00
-1.225143801654119180e+00
-1.225166228622580400e+00
-1.225188460017447190e+00
-1.225210497535475396e+00
-1.225232342857664802e+00
-1.225253997649436766e+00
-1.225275463560809186e+00
-1.225296742226568592e+00
-1.225317835266440669e+00
-1.225338744285256576e+00
-1.225359470873119028e+00
-1.225380016605563949e+00
-1.225400383043721675e+00
-1.225420571734474384e+00
-1.225440584210611972e+00
-1.225460421990985482e+00
-1.225480086580658767e+00
-1.225499579471057476e+00
-1.225518902140116273e+00
-1.225538056052423830e+00
-1.225557042659366269e+00
-1.225575863399267496e+00
-1.225594519697528861e+00
-1.225613012966766169e+00
-1.225631344606944673e+00
-1.225649516005512751e+00
-1.225667528537533801e+00
-1.225685383565815023e+00
-1.225703082441036651e+00
-1.225720626501876964e+00
-1.225738017075137742e+00
-1.225755255475867056e+00
-1.225772343007479837e+00
-1.225789280961878003e+00
-1.225806070619568144e+00
-1.225822713249778539e+00
-1.225839210110573063e+00
-1.225855562448965319e+00
-1.225871771501029883e+00
-1.225887838492013326e+00
-1.225903764636442794e+00
-1.225919551138233032e+00
-1.225935199190793412e+00
-1.225950709977132069e+00
-1.225966084669959377e+00
-1.225981324431789865e+00
-1.225996430415043248e+00
-1.226011403762143681e+00
-1.226026245605618126e+00
-1.226040957068192716e+00
-1.226055539262889349e+00
-1.226069993293119165e+00
-1.226084320252776694e+00
-1.226098521226331783e+00
-1.226112597288920192e+00
-1.226126549506433738e+00
-1.226140378935609121e+00
-1.226154086624115624e+00
-1.226167673610641273e+00
-1.226181140924978763e+00
-1.226194489588109837e+00
-1.226207720612288554e+00
-1.226220835001123888e+00
-1.226233833749661217e+00
-1.226246717844462708e+00
-1.226259488263686581e+00
-1.226272145977166161e+00
-1.226284691946486927e+00
-1.226297127125063557e+00
-1.226309452458215876e+00
-1.226321668883243454e+00
-1.226333777329499330e+00
-1.226345778718464175e+00
-1.226357673963817563e+00
-1.226369463971509921e+00
-1.226381149639833357e+00
-1.226392731859491159e+00
-1.226404211513666853e+00
-1.226415589478092816e+00
-1.226426866621117107e+00
-1.226438043803770972e+00
-1.226449121879834347e+00
-1.226460101695901139e+00
-1.226470984091443617e+00
-1.226481769898876584e+00
-1.226492459943620217e+00
-1.226503055044162238e+00
-1.226513556012119865e+00
-1.226523963652300875e+00
-1.226534278762763774e+00
-1.226544502134877535e+00
-1.226554634553380652e+00
-1.226564676796439768e+00
-1.226574629635706959e+00
-1.226584493836377465e+00
-1.226594270157245870e+00
-1.226603959350762274e+00
-1.226613562163087368e+00
-1.226623079334147493e+00
-1.226632511597688602e+00
-1.226641859681330216e+00
-1.226651124306618268e+00
-1.226660306189077509e+00
-1.226669406038263688e+00
-1.226678424557815061e+00
-1.226687362445503027e+00
-1.226696220393282966e+00
-1.226704999087343317e+00
-1.226713699208155983e+00
-1.226722321430524287e+00
-1.226730866423632049e+00
-1.226739334851090879e+00
-1.226747727370988361e+00
-1.226756044635933796e+00
-1.226764287293106159e+00
-1.226772455984298738e+00
-1.226780551345965531e+00
-1.226788574009266330e+00
-1.226796524600110905e+00
-1.226804403739203631e+00
-1.226812212042087014e+00
-1.226819950119185432e+00
-1.226827618575847767e+00
-1.226835218012390039e+00
-1.226842749024137591e+00
-1.226850212201467061e+00
-1.226857608129847010e+00
-1.226864937389879451e+00
-1.226872200557340253e+00
-1.226879398203219340e+00
-1.226886530893760652e+00
-1.226893599190501005e+00
-1.226900603650309396e+00
-1.226907544825426299e+00
-1.226914423263501197e+00
-1.226921239507630768e+00
-1.226927994096396635e+00
-1.226934687563902449e+00
-1.226941320439811189e+00
-1.226947893249381361e+00
-1.226954406513503404e+00
-1.226960860748735671e+00
-1.226967256467339951e+00
-1.226973594177316773e+00
-1.226979874382440494e+00
-1.226986097582293711e+00
-1.226992264272301902e+00
-1.226998374943767178e+00
-1.227004430083902031e+00
-1.227010430175862865e+00
-1.227016375698783301e+00
-1.227022267127806598e+00
-1.227028104934118735e+00
-1.227033889584980386e+00
-1.227039621543758452e+00
-1.227045301269958699e+00
-1.227050929219256403e+00
-1.227056505843528100e+00
-1.227062031590881785e+00
-1.227067506905688221e+00
-1.227072932228610913e+00
-1.227078307996636308e+00
-1.227083634643103327e+00
-1.227088912597733561e+00
-1.227094142286659917e+00
-1.227099324132456148e+00
-1.227104458554165722e+00
-1.227109545967329796e+00
-1.227114586784016304e+00
-1.227119581412847715e+00
-1.227124530259028568e+00
-1.227129433724373886e+00
-1.227134292207335831e+00
-1.227139106103031230e+00
-1.227143875803268447e+00
-1.227148601696574026e+00
-1.227153284168219338e+00
-1.227157923600246781e+00
-1.227162520371495757e+00
-1.227167074857628659e+00
-1.227171587431156174e+00
-1.227176058461463048e+00
-1.227180488314832951e+00
-1.227184877354474013e+00
-1.227189225940543249e+00
-1.227193534430170763e+00
-1.227197803177485058e+00
-1.227202032533636356e+00
-1.227206222846821015e+00
-1.227210374462305298e+00
-1.227214487722448677e+00
-1.227218562966727822e+00
-1.227222600531759467e+00
-1.227226600751323060e+00
-1.227230563956384524e+00
-1.227234490475117790e+00
-1.227238380632928560e+00
-1.227242234752475181e+00
-1.227246053153692174e+00
-1.227249836153811113e+00
-1.227253584067382608e+00
-1.227257297206298503e+00
-1.227260975879812754e+00
-1.227264620394562522e+00
-1.227268231054589709e+00
-1.227271808161361610e+00
-1.227275352013791787e+00
-1.227278862908260493e+00
