-3.200189999999999979e-01
-3.200189999999999979e-01
-3.200189870527184177e-01
-3.200189513402653119e-01
-3.200188858105139089e-01
-3.200187857546145653e-01
-3.200186482845955305e-01
-3.200184716807003005e-01
-3.200182545943376922e-01
-3.200179951243302678e-01
-3.200176898481248977e-01
-3.200173330017845874e-01
-3.200169161475964752e-01
-3.200164287392420204e-01
-3.200158597773462565e-01
-3.200152001345203390e-01
-3.200144445072221622e-01
-3.200135920394979183e-01
-3.200126455208484044e-01
-3.200116098432526091e-01
-3.200104904964415908e-01
-3.200092925114159659e-01
-3.200080199070013398e-01
-3.200066755446095423e-01
-3.200052612859742296e-01
-3.200037783623683740e-01
-3.200022278508863893e-01
-3.200006111285359500e-01
-3.199989301744766146e-01
-3.199971876342415089e-01
-3.199953866363025590e-01
-3.199935304305094319e-01
-3.199916219710351450e-01
-3.199896635800176248e-01
-3.199876568034111246e-01
-3.199856025168383300e-01
-3.199835012694156600e-01
-3.199813537844969358e-01
-3.199791614880609369e-01
-3.199769269251138692e-01
-3.199746539570892390e-01
-3.199723476975301351e-01
-3.199700142165969874e-01
-3.199676601038648482e-01
-3.199652920084608554e-01
-3.199629162714019426e-01
-3.199605387306921900e-01
-3.199581647244844063e-01
-3.199557992551755325e-01
-3.199534472250001316e-01
-3.199511136283266222e-01
-3.199488035971204680e-01
-3.199465222413668264e-01
-3.199442742915162285e-01
-3.199420636157025433e-01
-3.199398927327804509e-01
-3.199377624609201498e-01
-3.199356718244540376e-01
-3.199336182890538671e-01
-3.199315983156360566e-01
-3.199296081356529098e-01
-3.199276445817254566e-01
-3.199257057836985552e-01
-3.199237915732113802e-01
-3.199219035213964335e-01
-3.199200446398962616e-01
-3.199182188763886048e-01
-3.199164306096996535e-01
-3.199146843828422071e-01
-3.199129850979923195e-01
-3.199113388337178066e-01
-3.199097543385960862e-01
-3.199082451279456341e-01
-3.199068319968130791e-01
-3.199055456991410917e-01
-3.199044295487249445e-01
-3.199035417605248788e-01
-3.199029574355989891e-01
-3.199027701611544816e-01
-3.199030932297344254e-01
-3.199040604875744154e-01
-3.199058268340008726e-01
-3.199085684501596361e-01
-3.199124829586619256e-01
-3.199177898902117456e-01
-3.199247319979345305e-01
-3.199335780270683438e-01
-3.199446274413918490e-01
-3.199582172997186280e-01
-3.199747309895729086e-01
-3.199946079158175194e-01
-3.200183525809345841e-01
-3.200465408847827931e-01
-3.200798210877465189e-01
-3.201189069704460932e-01
-3.201645615276811352e-01
-3.202175711105903488e-01
-3.202787119695246765e-01
-3.203487129768800012e-01
-3.204282191823098480e-01
-3.205177604100427624e-01
-3.206177276173285406e-01
-3.207283579243134231e-01
-3.208497278458972146e-01
-3.209817536924133297e-01
-3.211241982844738607e-01
-3.212766836445049012e-01
-3.214387096709293568e-01
-3.216096785743914332e-01
-3.217889239742742213e-01
-3.219757423383450279e-01
-3.221694235037521614e-01
-3.223692768943845488e-01
-3.225746508947505697e-01
-3.227849443172746691e-01
-3.229996104349601715e-01
-3.232181551807893349e-01
-3.234401316642963042e-01
-3.236651331911292173e-01
-3.238927866489801910e-01
-3.241227475749335341e-01
-3.243546975368338248e-01
-3.245883437452611320e-01
-3.248234202101223933e-01
-3.250596894266325476e-01
-3.252969436015347715e-01
-3.255350047517263645e-01
-3.257737234530578285e-01
-3.260129764071880709e-01
-3.262526632270419946e-01
-3.264927029086646115e-01
-3.267330304062254775e-01
-3.269735936127682319e-01
-3.272143509109843307e-01
-3.274552693194154318e-01
-3.276963231397808096e-01
-3.279374929321297594e-01
-3.281787646227300459e-01
-3.284201285846224949e-01
-3.286615786026815256e-01
-3.289031107156651923e-01
-3.291447219959200976e-01
-3.293864093751923683e-01
-3.296281686524470955e-01
-3.298699938251301589e-01
-3.301118768609649368e-01
-3.303538079640438996e-01
-3.305957762895422869e-01
-3.308377709514090936e-01
-3.310797820896854704e-01
-3.313218017548111294e-01
-3.315638244300141424e-01
-3.318058471197966597e-01
-3.320478690398547261e-01
-3.322898910212800927e-01
-3.325319147813086684e-01
-3.327739422200132746e-01
-3.330159748841129974e-01
-3.332580136970295093e-01
-3.335000589883915234e-01
-3.337421107744320548e-01
-3.339841691650183853e-01
-3.342262347319268079e-01
-3.344683086841110931e-01
-3.347103927533525147e-01
-3.349524887733772438e-01
-3.351945980113607559e-01
-3.354367203686933196e-01
-3.356788536056122263e-01
-3.359209927614372204e-01
-3.361631299316126253e-01
-3.364052545118562665e-01
-3.366473539226645939e-01
-3.368894147015544793e-01
-3.371314237395298119e-01
-3.373733693919256926e-01
-3.376152422343363102e-01
-3.378570353408618110e-01
-3.380987440868341576e-01
-3.383403655794393061e-01
-3.385818978799878809e-01
-3.388233392046314241e-01
-3.390646872848229743e-01
-3.393059390368382555e-01
-3.395470906272128331e-01
-3.397881379295550341e-01
-3.400290772671766271e-01
-3.402699062610478609e-01
-3.405106245859954028e-01
-3.407512344851356678e-01
-3.409917409770770735e-01
-3.412321517736428556e-01
-3.414724769803143545e-01
-3.417127286708995793e-01
-3.419529204207334971e-01
-3.421930668614930338e-01
-3.424331832946656551e-01
-3.426732853747317398e-01
-3.429133888501839089e-01
-3.431535093338409226e-01
-3.433936620668013306e-01
-3.436338616440245408e-01
-3.438741216818700375e-01
-3.441144544251036330e-01
-3.443548703100589581e-01
-3.445953775211699766e-01
-3.448359815996726030e-01
-3.450766851823898196e-01
-3.453174879558909005e-01
-3.455583868938005843e-01
-3.457993767939022689e-01
-3.460404510541815193e-01
-3.462816025508426154e-01
-3.465228244425627158e-01
-3.467641107441728487e-01
-3.470054565796740764e-01
-3.472468581077446936e-01
-3.474883121827941901e-01
-3.477298158580233722e-01
-3.479713658559206446e-01
-3.482129581322128686e-01
-3.484545876423117416e-01
-3.486962483799784795e-01
-3.489379336944445908e-01
-3.491796368163088138e-01
-3.494213514608622284e-01
-3.496630723576431565e-01
-3.499047955855941194e-01
-3.501465186571399713e-01
-3.503882403624428710e-01
-3.506299604348123711e-01
-3.508716791236072829e-01
-3.511133967669896050e-01
-3.513551134498802409e-01
-3.515968288139360576e-01
-3.518385420541907393e-01
-3.520802520920831569e-01
-3.523219578670387930e-01
-3.525636586563347108e-01
-3.528053543302511197e-01
-3.530470454767467570e-01
-3.532887333727339763e-01
-3.535304198193245373e-01
-3.537721068853188489e-01
-3.540137966157451688e-01
-3.542554907644225870e-01
-3.544971906042129195e-01
-3.547388968551009603e-01
-3.549806097464654475e-01
-3.552223291976822628e-01
-3.554640550695868373e-01
-3.557057874214116233e-01
-3.559475267119645570e-01
-3.561892739069876801e-01
-3.564310304847608801e-01
-3.566727983567379301e-01
-3.569145797334646319e-01
-3.571563769691562529e-01
-3.573981924149324807e-01
-3.576400283038802530e-01
-3.578818866819086231e-01
-3.581237693870080729e-01
-3.583656780673692421e-01
-3.586076142191351179e-01
-3.588495792210271151e-01
-3.590915743469904053e-01
-3.593336007470613880e-01
-3.595756593967113224e-01
-3.598177510227503206e-01
-3.600598760185708125e-01
-3.603020343637026723e-01
-3.605442255629000003e-01
-3.607864486177670416e-01
-3.610287020379982503e-01
-3.612709838892405600e-01
-3.615132918625252323e-01
-3.617556233408382171e-01
-3.619979754362778190e-01
-3.622403449776142592e-01
-3.624827284400949923e-01
-3.627251218227582341e-01
-3.629675204906373520e-01
-3.632099190096911845e-01
-3.634523110111921862e-01
-3.636946891278080574e-01
-3.639370450410553959e-01
-3.641793696639901157e-01
-3.644216534534124863e-01
-3.646638868110744225e-01
-3.649060605088857434e-01
-3.651481660714830380e-01
-3.653901960706902874e-01
-3.656321443177331654e-01
-3.658740059649069343e-01
-3.661157775395512681e-01
-3.663574569295485750e-01
-3.665990433271810178e-01
-3.668405371254484515e-01
-3.670819397559648700e-01
-3.673232534655356818e-01
-3.675644810485720893e-01
-3.678056255760002724e-01
-3.680466901755587439e-01
-3.682876779146979640e-01
-3.685285918168815233e-01
-3.687694350136775379e-01
-3.690102110073750774e-01
-3.692509239956295874e-01
-3.694915791906304703e-01
-3.697321830515859498e-01
-3.699727433474153671e-01
-3.702132689871223126e-01
-3.704537696050164142e-01
-3.706942549581677682e-01
-3.709347342573370288e-01
-3.711752155786989249e-01
-3.714157054785106049e-01
-3.716562088710062550e-01
-3.718967291610844605e-01
-3.721372685714018358e-01
-3.723778285750211081e-01
-3.726184103345249188e-01
-3.728590150503633960e-01
-3.730996441353172099e-01
-3.733402991635943469e-01
-3.735809815940844825e-01
-3.738216923268934955e-01
-3.740624311973446137e-01
-3.743031965206323197e-01
-3.745439847701814151e-01
-3.747847904216975445e-01
-3.750256059484040616e-01
-3.752664219275620994e-01
-3.755072272162077729e-01
-3.757480091677813383e-01
-3.759887538811422791e-01
-3.762294464909849978e-01
-3.764700715182094370e-01
-3.767106132983295552e-01
-3.769510564981521927e-01
-3.771913867221097783e-01
-3.774315912055758448e-01
-3.776716595932577691e-01
-3.779115847991474375e-01
-3.781513639296824048e-01
-3.783909992152029167e-01
-3.786304988361102186e-01
-3.788698774627842214e-01
-3.791091562835467443e-01
-3.793483623167723251e-01
-3.795875269253861095e-01
-3.798266836614995756e-01
-3.800658657874947943e-01
-3.803051039381912801e-01
-3.805444243423965478e-01
-3.807838478406480598e-01
-3.810233897150831495e-01
-3.812630601764258609e-01
-3.815028652671881293e-01
-3.817428079256633966e-01
-3.819828889827420193e-01
-3.822231079144330357e-01
-3.824634632448438709e-01
-3.827039525883171867e-01
-3.829445724223501935e-01
-3.831853177627451146e-01
-3.834261819356359347e-01
-3.836671565988875043e-01
-3.839082320816658567e-01
-3.841493980226533544e-01
-3.843906442187233763e-01
-3.846319615500481404e-01
-3.848733428173712889e-01
-3.851147833114265118e-01
-3.853562809467341865e-01
-3.855978358534238870e-01
-3.858394494383235451e-01
-3.860811230711369002e-01
-3.863228566609883674e-01
-3.865646474064298177e-01
-3.868064889212423085e-01
-3.870483708068760409e-01
-3.872902786247205964e-01
-3.875321941573085516e-01
-3.877740958401189597e-01
-3.880159592756172726e-01
-3.882577577853405515e-01
-3.884994629965371482e-01
-3.887410454865449227e-01
-3.889824755170067094e-01
-3.892237238845597247e-01
-3.894647629038270331e-01
-3.897055675311539291e-01
-3.899461166345012941e-01
-3.901863944065178669e-01
-3.904263918881547557e-01
-3.906661085058678040e-01
-3.909055534253434994e-01
-3.911447464103406935e-01
-3.913837177984942350e-01
-3.916225072405133401e-01
-3.918611610509818988e-01
-3.920997283638310571e-01
-3.923382566396610982e-01
-3.925767872541670034e-01
-3.928153518081374251e-01
-3.930539695020063840e-01
-3.932926455818550049e-01
-3.935313706424445890e-01
-3.937701205236735502e-01
-3.940088566263610370e-01
-3.942475266215683116e-01
-3.944860656442279456e-01
-3.947243980686725995e-01
-3.949624398248113288e-01
-3.952001009696581302e-01
-3.954372879977340327e-01
-3.956739052878921470e-01
-3.959098551997701776e-01
-3.961450366000883738e-01
-3.963793419195294487e-01
-3.966126531513257114e-01
-3.968448374976817350e-01
-3.970757436570979126e-01
-3.973051999744046658e-01
-3.975330157043335810e-01
-3.977589862912465635e-01
-3.979829027838054367e-01
-3.982045645005474754e-01
-3.984237932995661757e-01
-3.986404476893976034e-01
-3.988544355731596380e-01
-3.990657252511992659e-01
-3.992743548963407774e-01
-3.994804407251872358e-01
-3.996841834911224467e-01
-3.998858719634543757e-01
-4.000858811897911038e-01
-4.002846631576100211e-01
-4.004827284755000938e-01
-4.006806198812536968e-01
-4.008788809529134078e-01
-4.010780250460890262e-01
-4.012785092816584798e-01
-4.014807165343234896e-01
-4.016849459130554800e-01
-4.018914103318426134e-01
-4.021002389875245608e-01
-4.023114827761239409e-01
-4.025251214421344259e-01
-4.027410720865149396e-01
-4.029591991839359677e-01
-4.031793262717779935e-01
-4.034012490075341018e-01
-4.036247486497819281e-01
-4.038496046254898553e-01
-4.040756049674829042e-01
-4.043025539630855647e-01
-4.045302770255475022e-01
-4.047586232731563705e-01
-4.049874664500892618e-01
-4.052167047005215128e-01
-4.054462594533978503e-01
-4.056760734411388736e-01
-4.059061077837495257e-01
-4.061363381774815706e-01
-4.063667504871984471e-01
-4.065973363043851041e-01
-4.068280891304107971e-01
-4.070590017093301261e-01
-4.072900647404298913e-01
-4.075212668901124768e-01
-4.077525957985757010e-01
-4.079840396596585705e-01
-4.082155889116469427e-01
-4.084472375857319260e-01
-4.086789839247036982e-01
-4.089108300388087369e-01
-4.091427806180060744e-01
-4.093748410110482627e-01
-4.096070151904668277e-01
-4.098393041423777361e-01
-4.100717050449960155e-01
-4.103042113284504633e-01
-4.105368134650808076e-01
-4.107695001948963309e-01
-4.110022598478038081e-01
-4.112350814508360375e-01
-4.114679553760194897e-01
-4.117008733801921228e-01
-4.119338280075943159e-01
-4.121668114572989428e-01
-4.123998141325476152e-01
-4.126328231522166656e-01
-4.128658210931349104e-01
-4.130987851522996412e-01
-4.133316868039172975e-01
-4.135644919193738334e-01
-4.137971612476379901e-01
-4.140296511266800539e-01
-4.142619143040263685e-01
-4.144939007709795287e-01
-4.147255585465703387e-01
-4.149568343754438393e-01
-4.151876743250837998e-01
-4.154180242817785418e-01
-4.156478303528056695e-01
-4.158770391861566496e-01
-4.161055982202521708e-01
-4.163334558756641712e-01
-4.165605616996447824e-01
-4.167868664727497063e-01
-4.170123222853123757e-01
-4.172368825901176526e-01
-4.174605022363973572e-01
-4.176831374892399640e-01
-4.179047460376598133e-01
-4.181252869938868466e-01
-4.183447208858899202e-01
-4.185630096447132686e-01
-4.187801165878628495e-01
-4.189960063997095197e-01
-4.192106451096656028e-01
-4.194240000687248782e-01
-4.196360399248272866e-01
-4.198467345974074005e-01
-4.200560552514056023e-01
-4.202639742709582404e-01
-4.204704652329315229e-01
-4.206755028804242125e-01
-4.208790630963283874e-01
-4.210811228770091619e-01
-4.212816603061347309e-01
-4.214806545286602923e-01
-4.216780857249362580e-01
-4.218739350848709213e-01
-4.220681847820239585e-01
-4.222608179474315326e-01
-4.224518186428560251e-01
-4.226411718329954326e-01
-4.228288633559528220e-01
-4.230148798909197927e-01
-4.231992089215088071e-01
-4.233818386923967614e-01
-4.235627581557860344e-01
-4.237419569024654664e-01
-4.239194250696833866e-01
-4.240951532142295810e-01
-4.242691321334855492e-01
-4.244413526089513833e-01
-4.246118050348431372e-01
-4.247804788775422780e-01
-4.249473618888341409e-01
-4.251124389668404779e-01
-4.252756905262862208e-01
-4.254370902148068012e-01
-4.255966018208151014e-01
-4.257541753148697539e-01
-4.259097422385574316e-01
-4.260632111978253089e-01
-4.262144650176076799e-01
-4.263633618192761432e-01
-4.265097420652597116e-01
-4.266534416815761510e-01
-4.267943082384135223e-01
-4.269322151317824776e-01
-4.270670697085957590e-01
-4.271988144619160988e-01
-4.273274231714649929e-01
-4.274528947106757681e-01
-4.275752466344155400e-01
-4.276945096576069139e-01
-4.278107233648290597e-01
-4.279239330795510665e-01
-4.280341876695114012e-01
-4.281415380484224764e-01
-4.282460361712838171e-01
-4.283477343693781192e-01
-4.284466849146885692e-01
-4.285429397374234672e-01
-4.286365502449346332e-01
-4.287275672074467026e-01
-4.288160406876634356e-01
-4.289020199991201432e-01
-4.289855536833330762e-01
-4.290666894992141156e-01
-4.291454744204685756e-01
-4.292219546381688677e-01
-4.292961755666642176e-01
-4.293681818516203452e-01
-4.294380173793982958e-01
-4.295057252872538922e-01
-4.295713479740175811e-01
-4.296349271110315171e-01
-4.296965036531981141e-01
-4.297561178500440837e-01
-4.298138092567384549e-01
-4.298696167450232752e-01
-4.299235785140320121e-01
-4.299757321009787248e-01
-4.300261143917080697e-01
-4.300747616311005883e-01
-4.301217094333295021e-01
-4.301669927919681835e-01
-4.302106460899479123e-01
-4.302527031093664744e-01
-4.302931970411492113e-01
-4.303321604945631873e-01
-4.303696255065869725e-01
-4.304056235511374839e-01
-4.304401855481557182e-01
-4.304733418725533167e-01
-4.305051223630224078e-01
-4.305355563307099453e-01
-4.305646725677590436e-01
-4.305924993557190827e-01
-4.306190644738263629e-01
-4.306443952071576931e-01
-4.306685183546580808e-01
-4.306914602370451317e-01
-4.307132467045912683e-01
-4.307339031447862676e-01
-4.307534544898814488e-01
-4.307719252243173425e-01
-4.307893393920366187e-01
-4.308057206036842168e-01
-4.308210920436958413e-01
-4.308354764772770462e-01
-4.308488962572739611e-01
-4.308613733309379912e-01
-4.308729292465854344e-01
-4.308835851601536815e-01
-4.308933618416561084e-01
-4.309022796815363820e-01
-4.309103586969242339e-01
-4.309176185377939228e-01
-4.309240784930271073e-01
-4.309297574963810162e-01
-4.309346741323640262e-01
-4.309388466420195352e-01
-4.309422929286197412e-01
-4.309450305632704925e-01
-4.309470767904288180e-01
-4.309484485333342496e-01
-4.309491623993550458e-01
-4.309492346852512035e-01
-4.309486813823547591e-01
-4.309475181816692091e-01
-4.309457604788890506e-01
-4.309434233793404401e-01
-4.309405217028445256e-01
-4.309370699885044509e-01
-4.309330824994170861e-01
-4.309285732273107072e-01
-4.309235558971098445e-01
-4.309180439714281885e-01
-4.309120506549908858e-01
-4.309055888989868910e-01
-4.308986714053530953e-01
-4.308913106309903984e-01
-4.308835187919135556e-01
-4.308753078673354109e-01
-4.308666896036863481e-01
-4.308576755185704044e-01
-4.308482769046586558e-01
-4.308385048335208189e-01
-4.308283701593962900e-01
-4.308178835229051762e-01
-4.308070553547005965e-01
-4.307958958790628068e-01
-4.307844151174363145e-01
-4.307726228919104838e-01
-4.307605288286450729e-01
-4.307481423612408711e-01
-4.307354727340567679e-01
-4.307225290054739197e-01
-4.307093200511075137e-01
-4.306958545669676841e-01
-4.306821410725694688e-01
-4.306681879139931390e-01
-4.306540032668955131e-01
-4.306395951394731414e-01
-4.306249713753775854e-01
-4.306101396565842898e-01
-4.305951075062152134e-01
-4.305798822913161072e-01
-4.305644712255888851e-01
-4.305488813720803609e-01
-4.305331196458274112e-01
-4.305171928164595596e-01
-4.305011075107594842e-01
-4.304848702151822804e-01
-4.304684872783337557e-01
-4.304519649134088688e-01
-4.304353092005906434e-01
-4.304185260894100584e-01
-4.304016214010677466e-01
-4.303846008307179449e-01
-4.303674699497154754e-01
-4.303502342078259768e-01
-4.303328989354003320e-01
-4.303154693455135127e-01
-4.302979505360687296e-01
-4.302803474918670545e-01
-4.302626650866433478e-01
-4.302449080850688778e-01
-4.302270811447211907e-01
-4.302091888180216150e-01
-4.301912355541411825e-01
-4.301732257008750726e-01
-4.301551635064864154e-01
-4.301370531215197301e-01
-4.301188986005844428e-01
-4.301007039041092606e-01
-4.300824729000674029e-01
-4.300642093656733000e-01
-4.300459169890517019e-01
-4.300275993708785882e-01
-4.300092600259953768e-01
-4.299909023849962098e-01
-4.299725297957889825e-01
-4.299541455251303934e-01
-4.299357527601354034e-01
-4.299173546097618814e-01
-4.298989541062702702e-01
-4.298805542066589935e-01
-4.298621577940759386e-01
-4.298437676792064011e-01
-4.298253866016377156e-01
-4.298070172312010717e-01
-4.297886621692910691e-01
-4.297703239501627359e-01
-4.297520050422071192e-01
-4.297337078492053375e-01
-4.297154347115613171e-01
-4.296971879075142109e-01
-4.296789696543298342e-01
-4.296607821094724500e-01
-4.296426273717564581e-01
-4.296245074824787680e-01
-4.296064244265317411e-01
-4.295883801334977048e-01
-4.295703764787242585e-01
-4.295524152843819832e-01
-4.295344983205034994e-01
-4.295166273060053719e-01
-4.294988039096921395e-01
-4.294810297512435260e-01
-4.294633064021845525e-01
-4.294456353868391640e-01
-4.294280181832673127e-01
-4.294104562241862211e-01
-4.293929508978757137e-01
-4.293755035490677829e-01
-4.293581154798211674e-01
-4.293407879503803870e-01
-4.293235221800205115e-01
-4.293063193478767192e-01
-4.292891805937599781e-01
-4.292721070189581267e-01
-4.292550996870235780e-01
-4.292381596245467001e-01
-4.292212878219163197e-01
-4.292044852340665129e-01
-4.291877527812106297e-01
-4.291710913495622726e-01
-4.291545017920438410e-01
-4.291379849289825299e-01
-4.291215415487941165e-01
-4.291051724086547003e-01
-4.290888782351607866e-01
-4.290726597249773788e-01
-4.290565175454748581e-01
-4.290404523353547606e-01
-4.290244647052638971e-01
-4.290085552383982592e-01
-4.289927244910956561e-01
-4.289769729934180820e-01
-4.289613012497235367e-01
-4.289457097392277984e-01
-4.289301989165560380e-01
-4.289147692122844968e-01
-4.288994210334726165e-01
-4.288841547641853991e-01
-4.288689707660064410e-01
-4.288538693785419187e-01
-4.288388509199149712e-01
-4.288239156872516999e-01
-4.288090639571578988e-01
-4.287942959861874570e-01
-4.287796120113020470e-01
-4.287650122503224859e-01
-4.287504969023717694e-01
-4.287360661483101687e-01
-4.287217201511623332e-01
-4.287074590565362886e-01
-4.286932829930350519e-01
-4.286791920726604754e-01
-4.286651863912097626e-01
-4.286512660286644905e-01
-4.286374310495724704e-01
-4.286236815034226155e-01
-4.286100174250127015e-01
-4.285964388348103560e-01
-4.285829457393072195e-01
-4.285695381313666119e-01
-4.285562159905644264e-01
-4.285429792835239726e-01
-4.285298279642441033e-01
-4.285167619744215117e-01
-4.285037812437666460e-01
-4.284908856903138497e-01
-4.284780752207254517e-01
-4.284653497305900838e-01
-4.284527091047153902e-01
-4.284401532174150762e-01
-4.284276819327904051e-01
-4.284152951050063662e-01
-4.284029925785624582e-01
-4.283907741885583098e-01
-4.283786397609540275e-01
-4.283665891128257686e-01
-4.283546220526158188e-01
-4.283427383803784516e-01
-4.283309378880204021e-01
-4.283192203595370118e-01
-4.283075855712434876e-01
-4.282960332920017765e-01
-4.282845632834427763e-01
-4.282731753001843278e-01
-4.282618690900447667e-01
-4.282506443942523111e-01
-4.282395009476500092e-01
-4.282284384788969667e-01
-4.282174567106651897e-01
-4.282065553598327079e-01
-4.281957341376726456e-01
-4.281849927500384623e-01
-4.281743308975455298e-01
-4.281637482757488788e-01
-4.281532445753173932e-01
-4.281428194822045064e-01
-4.281324726778150680e-01
-4.281222038391691576e-01
-4.281120126390622893e-01
-4.281018987462222869e-01
-4.280918618254629382e-01
-4.280819015378344305e-01
-4.280720175407706218e-01
-4.280622094882330919e-01
-4.280524770308524740e-01
-4.280428198160663444e-01
-4.280332374882545587e-01
-4.280237296888714238e-01
-4.280142960565752053e-01
-4.280049362273547486e-01
-4.279956498346534355e-01
-4.279864365094903644e-01
-4.279772958805789784e-01
-4.279682275744430830e-01
-4.279592312155302003e-01
-4.279503064263225909e-01
-4.279414528274456675e-01
-4.279326700377741322e-01
-4.279239576745356710e-01
-4.279153153534122622e-01
-4.279067426886393188e-01
-4.278982392931025003e-01
-4.278898047784323588e-01
-4.278814387550969323e-01
-4.278731408324918939e-01
-4.278649106190289819e-01
-4.278567477222220972e-01
-4.278486517487716800e-01
-4.278406223046467560e-01
-4.278326589951654824e-01
-4.278247614250732522e-01
-4.278169291986195222e-01
-4.278091619196323636e-01
-4.278014591915914044e-01
-4.277938206176989389e-01
-4.277862458009494273e-01
-4.277787343441972201e-01
-4.277712858502224491e-01
-4.277638999217955873e-01
-4.277565761617402873e-01
-4.277493141729944992e-01
-4.277421135586702006e-01
-4.277349739221116831e-01
-4.277278948669520076e-01
-4.277208759971685148e-01
-4.277139169171363386e-01
-4.277070172316809749e-01
-4.277001765461292404e-01
-4.276933944663589560e-01
-4.276866705988472961e-01
-4.276800045507177517e-01
-4.276733959297859267e-01
-4.276668443446041135e-01
-4.276603494045044807e-01
-4.276539107196411504e-01
-4.276475279010312214e-01
-4.276412005605944588e-01
-4.276349283111918198e-01
-4.276287107666630338e-01
-4.276225475418630184e-01
-4.276164382526971841e-01
-4.276103825161558514e-01
-4.276043799503472798e-01
-4.275984301745301974e-01
-4.275925328091449429e-01
-4.275866874758437186e-01
-4.275808937975201229e-01
-4.275751513983374608e-01
-4.275694599037563326e-01
-4.275638189405611689e-01
-4.275582281368861537e-01
-4.275526871222400382e-01
-4.275471955275302327e-01
-4.275417529850860099e-01
-4.275363591286809872e-01
-4.275310135935548872e-01
-4.275257160164342429e-01
-4.275204660355526598e-01
-4.275152632906701333e-01
-4.275101074230917564e-01
-4.275049980756857049e-01
-4.274999348929004461e-01
-4.274949175207813368e-01
-4.274899456069866099e-01
-4.274850188008025853e-01
-4.274801367531582685e-01
-4.274752991166394511e-01
-4.274705055455020331e-01
-4.274657556956848459e-01
-4.274610492248218652e-01
-4.274563857922539234e-01
-4.274517650590397566e-01
-4.274471866879663851e-01
-4.274426503435593827e-01
-4.274381556920922032e-01
-4.274337024015951725e-01
-4.274292901418639268e-01
-4.274249185844675170e-01
-4.274205874027556806e-01
-4.274162962718661696e-01
-4.274120448687310225e-01
-4.274078328720829489e-01
-4.274036599624608801e-01
-4.273995258222152427e-01
-4.273954301355128438e-01
-4.273913725883413117e-01
-4.273873528685131484e-01
-4.273833706656693376e-01
-4.273794256712826756e-01
-4.273755175786607130e-01
-4.273716460829481423e-01
-4.273678108811291287e-01
-4.273640116720291426e-01
-4.273602481563164579e-01
-4.273565200365032624e-01
-4.273528270169467125e-01
-4.273491688038492109e-01
-4.273455451052589615e-01
-4.273419556310696366e-01
-4.273384000930202653e-01
-4.273348782046944572e-01
-4.273313896815195689e-01
-4.273279342407655390e-01
-4.273245116015434442e-01
-4.273211214848038342e-01
-4.273177636133348445e-01
-4.273144377117599202e-01
-4.273111435065355401e-01
-4.273078807259484413e-01
-4.273046491001129543e-01
-4.273014483609677283e-01
-4.272982782422725667e-01
-4.272951384796049301e-01
-4.272920288103562170e-01
-4.272889489737278779e-01
-4.272858987107274187e-01
-4.272828777641640707e-01
-4.272798858786443499e-01
-4.272769228005675601e-01
-4.272739882781209086e-01
-4.272710820612746208e-01
-4.272682039017768885e-01
-4.272653535531485414e-01
-4.272625307706777176e-01
-4.272597353114143126e-01
-4.272569669341642618e-01
-4.272542253994838779e-01
-4.272515104696736898e-01
-4.272488219087725025e-01
-4.272461594825512354e-01
-4.272435229585065941e-01
-4.272409121058545201e-01
-4.272383266955238623e-01
-4.272357665001496052e-01
