-0.725798 -1.36156 1.15606 -1.3356 -1.57636 0.0590804
-0.725738 -1.36151 1.15605 -1.33559 -1.57636 0.0590923
-0.725798 -1.36152 1.15608 -1.3356 -1.57636 0.0591163
-0.760419 -1.4292 1.22168 -1.40121 -1.51214 0.025414
-0.843216 -1.56508 1.36198 -1.53418 -1.36016 -0.0414818
-0.936859 -1.68938 1.50414 -1.65925 -1.18758 -0.0998939
-1.03571 -1.79934 1.64911 -1.78199 -0.998003 -0.145321
-1.12989 -1.88801 1.79755 -1.92091 -0.798679 -0.165829
-1.20573 -1.94075 1.95288 -2.12499 -0.600963 -0.133253
-1.24856 -1.91161 2.11151 -2.52007 -0.423613 0.0292453
-1.24942 -1.67915 2.18382 -3.3012 -0.314674 0.472835
-1.16087 -1.58896 2.18709 -3.67446 -0.38661 0.740487
-0.969683 -1.65335 2.24753 -3.6916 -0.577285 0.762604
-0.71932 -1.65883 2.25281 -3.70426 -0.827757 0.776983
-0.65725 -1.52898 2.34039 -3.92485 -0.888449 0.781152
-0.658747 -1.28197 2.43019 -4.26362 -0.885426 0.784144
-0.660292 -0.975346 2.45184 -4.59445 -0.88323 0.787712
-0.660723 -0.877833 2.4434 -4.68392 -0.882738 0.788793
-0.660771 -0.877893 2.44337 -4.68395 -0.882714 0.788865
-0.660747 -0.877868 2.44336 -4.68392 -0.882702 0.788793
-0.660759 -0.877893 2.44337 -4.68394 -0.882726 0.788841
