-0.319987 0.150006 0.200005 2.20001 2.20004 -2.87618e-05
-0.319997 0.149988 0.199991 2.19993 2.20005 -2.25654e-05
-0.319986 0.150005 0.199989 2.20002 2.19996 -2.34765e-05
-0.324756 0.150004 0.208981 -2.19511 -2.1948 0.104165
-0.33495 0.149985 0.227999 -2.08563 -2.08564 0.310813
-0.345158 0.149974 0.247087 -1.96725 -1.96738 0.498764
-0.355302 0.14988 0.266211 -1.84131 -1.8418 0.668831
-0.365465 0.149938 0.285375 -1.70948 -1.70962 0.821834
-0.375598 0.150075 0.304343 -1.57255 -1.57267 0.958688
-0.385794 0.150054 0.323347 -1.4312 -1.43134 1.08114
-0.395928 0.150065 0.342351 -1.28632 -1.28619 1.18851
-0.40516 0.124222 0.34996 -1.22773 -1.22753 1.2276
-0.414987 0.0751096 0.349955 -1.22765 -1.22781 1.22776
-0.424768 0.026137 0.349879 -1.22789 -1.22773 1.22746
-0.427013 0.0150202 0.315189 -1.22788 -1.22763 1.22756
-0.427027 0.0150365 0.265222 -1.22777 -1.22764 1.22753
-0.426961 0.0149732 0.215315 -1.22745 -1.22757 1.22754
-0.42699 0.0149813 0.199974 -1.22771 -1.22765 1.22765
-0.426989 0.014995 0.200003 -1.22766 -1.22757 1.22768
-0.426993 0.0149852 0.199993 -1.22763 -1.22764 1.22766
-0.426989 0.0149934 0.200001 -1.22765 -1.22758 1.22766
