1.156059999999999865e+00
1.156059999999999865e+00
1.156062889636806368e+00
1.156071440442879350e+00
1.156088300444519490e+00
1.156115986113404714e+00
1.156156870049749985e+00
1.156213163241857078e+00
1.156286891451874688e+00
1.156379866628953090e+00
1.156493656909955536e+00
1.156629563341844857e+00
1.156788617235151362e+00
1.156971614594764164e+00
1.157179194730181271e+00
1.157411944972205342e+00
1.157670488750504489e+00
1.157955518987830557e+00
1.158267774083720392e+00
1.158607984844331362e+00
1.158976823383744748e+00
1.159374869360637827e+00
1.159802594456290414e+00
1.160260360248023703e+00
1.160748424714683091e+00
1.161266953860475182e+00
1.161816035238397049e+00
1.162395689793568776e+00
1.163005878494288270e+00
1.163646501266966782e+00
1.164317387574765439e+00
1.165018279864377115e+00
1.165748812399873602e+00
1.166508488444230940e+00
1.167296658422243505e+00
1.168112500826594902e+00
1.168955006450102418e+00
1.169822965313596308e+00
1.170714954765972093e+00
1.171629327046662672e+00
1.172564195366367468e+00
1.173517419212665391e+00
1.174486591706174643e+00
1.175469033763632209e+00
1.176461800840078675e+00
1.177461707489323217e+00
1.178465372544232226e+00
1.179469283545131475e+00
1.180469874039691280e+00
1.181463603108309890e+00
1.182447024633377142e+00
1.183416835435538550e+00
1.184369896168793845e+00
1.185303225332819510e+00
1.186213972983468201e+00
1.187099385085094827e+00
1.187956771062366634e+00
1.188783485771959469e+00
1.189576933139010917e+00
1.190334592887841936e+00
1.191054065485911417e+00
1.191733125356739809e+00
1.192369770188531408e+00
1.192962255462169274e+00
1.193509107551032900e+00
1.194009114332268418e+00
1.194461297434213920e+00
1.194864873786667392e+00
1.195219215544613300e+00
1.195523816781600468e+00
1.195778272938585074e+00
1.195982275398646877e+00
1.196135619522631810e+00
1.196238221057889461e+00
1.196290134027516272e+00
1.196291563544413128e+00
1.196242869220889071e+00
1.196144558072299358e+00
1.195997268996106255e+00
1.195801753291720448e+00
1.195558856953832461e+00
1.195269510604440422e+00
1.194934732014307555e+00
1.194555644342656819e+00
1.194133510786048014e+00
1.193669783810504148e+00
1.193166165214729402e+00
1.192624672394508201e+00
1.192047706255399131e+00
1.191438116584451645e+00
1.190799260472516385e+00
1.190135048053124311e+00
1.189449967636253103e+00
1.188749080404778891e+00
1.188037974990562962e+00
1.187322676165959878e+00
1.186609510089338571e+00
1.185904939342343978e+00
1.185215390569062111e+00
1.184547101612278386e+00
1.183906011438062178e+00
1.183297706085693735e+00
1.182727421150453484e+00
1.182200089883562066e+00
1.181720418258640715e+00
1.181292964896106135e+00
1.180922204298009426e+00
1.180612556214859943e+00
1.180368371987854159e+00
1.180193879464586093e+00
1.180093099127930145e+00
1.180069751835101988e+00
1.180127180111972818e+00
1.180268299892947237e+00
1.180495590382127924e+00
1.180811120029791494e+00
1.181216599343470897e+00
1.181713447458983879e+00
1.182302858759509245e+00
1.182985857601198232e+00
1.183763332838748017e+00
1.184636048941748010e+00
1.185604636295160441e+00
1.186669568375138262e+00
1.187831136231154883e+00
1.189089430146369475e+00
1.190444334940230053e+00
1.191895540687225141e+00
1.193442566348944744e+00
1.195084790935355468e+00
1.196821485454625966e+00
1.198651838768841627e+00
1.200574971267194702e+00
1.202589931917359189e+00
1.204695676683108951e+00
1.206891029109413926e+00
1.209174626288465726e+00
1.211544854630163925e+00
1.213999779664823198e+00
1.216537073194676744e+00
1.219153940737368824e+00
1.221847053464287569e+00
1.224612492018739118e+00
1.227445713836339491e+00
1.230341558817185099e+00
1.233294307575897086e+00
1.236297799626833394e+00
1.239345605724949673e+00
1.242431232939381180e+00
1.245548329476721117e+00
1.248690854524510341e+00
1.251853187477753870e+00
1.255030166601128983e+00
1.258217063132133884e+00
1.261409508471211582e+00
1.264603398117425614e+00
1.267794797217752345e+00
1.270979870039053994e+00
1.274154849585807936e+00
1.277316053948165830e+00
1.280459943919675325e+00
1.283583205154961826e+00
1.286682831823558804e+00
1.289756189929841312e+00
1.292801046256857544e+00
1.295815559435091746e+00
1.298798238844214969e+00
1.301747882713933047e+00
1.304663508835861352e+00
1.307544290708537726e+00
1.310389509547826181e+00
1.313198528694079714e+00
1.315970791709327736e+00
1.318705839676593161e+00
1.321403338538274186e+00
1.324063105506020355e+00
1.326685125297482948e+00
1.329269551207974853e+00
1.331816690856674645e+00
1.334326980213484504e+00
1.336800951597710174e+00
1.339239201981463401e+00
1.341642367607514652e+00
1.344011109896334766e+00
1.346346115857476544e+00
1.348648113777457525e+00
1.350917902289721084e+00
1.353156388921704423e+00
1.355364633643820316e+00
1.357543893858341955e+00
1.359695668808509117e+00
1.361821742311776662e+00
1.363924222105023842e+00
1.366005571795841700e+00
1.368068628212610438e+00
1.370116594447842173e+00
1.372152999203894774e+00
1.374181617863777127e+00
1.376206359844144078e+00
1.378231137258765893e+00
1.380259736931986447e+00
1.382295717689089987e+00
1.384342347681607466e+00
1.386402585863503845e+00
1.388479101989172904e+00
1.390574323224524678e+00
1.392690492874506081e+00
1.394829726863951125e+00
1.396994055655102818e+00
1.399185443120819272e+00
1.401405779587498124e+00
1.403656853108231184e+00
1.405940309074585004e+00
1.408257611136445542e+00
1.410610014889183361e+00
1.412998560877602783e+00
1.415424087560290589e+00
1.417887260158082530e+00
1.420388608671386388e+00
1.422928567538111144e+00
1.425507509805896911e+00
1.428125769987765636e+00
1.430783652019210317e+00
1.433481421962293556e+00
1.436219288762246693e+00
1.438997379245281039e+00
1.441815714423882344e+00
1.444674192714416217e+00
1.447572582730400237e+00
1.450510525313315702e+00
1.453487542461284088e+00
1.456503050082126105e+00
1.459556371693456756e+00
1.462646750792564898e+00
1.465773360205213427e+00
1.468935307082413377e+00
1.472131632317633887e+00
1.475361303097210586e+00
1.478623197228426722e+00
1.481916077980118152e+00
1.485238558588788838e+00
1.488589056530329247e+00
1.491965739388278367e+00
1.495366466895967861e+00
1.498788737454630038e+00
1.502229651428105051e+00
1.505685906076243974e+00
1.509153835599148286e+00
1.512629502369855938e+00
1.516108832544426743e+00
1.519587775212120073e+00
1.523062455659087489e+00
1.526529294682735571e+00
1.529985076335127259e+00
1.533426960626885327e+00
1.536852449817100119e+00
1.540259324066695301e+00
1.543645564685816485e+00
1.547009282497276095e+00
1.550348666005528342e+00
1.553661959121832359e+00
1.556947470962865676e+00
1.560203611661198142e+00
1.563428940813999413e+00
1.566622212196536967e+00
1.569782400943958267e+00
1.572908705987687394e+00
1.576000527934581008e+00
1.579057428202982338e+00
1.582079078253365134e+00
1.585065208691601724e+00
1.588015567620641111e+00
1.590929896054540826e+00
1.593807925142592063e+00
1.596649395240541613e+00
1.599454091412659817e+00
1.602221885745426677e+00
1.604952775837009904e+00
1.607646911391758637e+00
1.610304605500987307e+00
1.612926331687471126e+00
1.615512710597949875e+00
1.618064491081031786e+00
1.620582529890892465e+00
1.623067773211096076e+00
1.625521242181506176e+00
1.627944023911330751e+00
1.630337269118684818e+00
1.632702197466381344e+00
1.635040111715310829e+00
1.637352421805909009e+00
1.639640679683503688e+00
1.641906624830061112e+00
1.644152238730984594e+00
1.646379803620348081e+00
1.648591956854829510e+00
1.650791727949253662e+00
1.652982542555172074e+00
1.655168179236377268e+00
1.657352672983718245e+00
1.659540173299965948e+00
1.661734779433339471e+00
1.663940383803064416e+00
1.666160552318064481e+00
1.668398458639249959e+00
1.670656874557591376e+00
1.672938206583171716e+00
1.675244562212989230e+00
1.677577827534652899e+00
1.679939739034650881e+00
1.682331935605048567e+00
1.684755981785499790e+00
1.687213360435484866e+00
1.689705441321055046e+00
1.692233438906966203e+00
1.694798375064885843e+00
1.697401059445691640e+00
1.700042093692888834e+00
1.702721898637345799e+00
1.705440758448983463e+00
1.708198872990942085e+00
1.710996408703679972e+00
1.713833538589172534e+00
1.716710463297953737e+00
1.719627408502051980e+00
1.722584598869869366e+00
1.725582214957825489e+00
1.728620343851728469e+00
1.731698935242528936e+00
1.734817771489113536e+00
1.737976454934043735e+00
1.741174410848006948e+00
1.744410901510037304e+00
1.747685046253355967e+00
1.750995843069790503e+00
1.754342188654489210e+00
1.757722894935826119e+00
1.761136700861179349e+00
1.764582278451656716e+00
1.768058232033068000e+00
1.771563089337476526e+00
1.775095283114768607e+00
1.778653122228281758e+00
1.782234752138819989e+00
1.785838106432741101e+00
1.789460853829158982e+00
1.793100348863386317e+00
1.796753598465019142e+00
1.800417259153330285e+00
1.804087677960759750e+00
1.807760982450286269e+00
1.811433212134390791e+00
1.815100470057372961e+00
1.818759065984835832e+00
1.822405625495881365e+00
1.826037150448844404e+00
1.829651029867433554e+00
1.833245010758641547e+00
1.836817143563165500e+00
1.840365717713674520e+00
1.843889200991984278e+00
1.847386193255014852e+00
1.850855400878416601e+00
1.854295632916971970e+00
1.857705814217850193e+00
1.861085006296427702e+00
1.864432425513831149e+00
1.867747450409120269e+00
1.871029614538995078e+00
1.874278585714818535e+00
1.877494135646318396e+00
1.880676105477121940e+00
1.883824373045593470e+00
1.886938827411230202e+00
1.890019355276747026e+00
1.893065842089149076e+00
1.896078187700225737e+00
1.899056333140900721e+00
1.902000292652628044e+00
1.904910184808612517e+00
1.907786258405276270e+00
1.910628911636840677e+00
1.913438705345587687e+00
1.916216371915256955e+00
1.918962820593475005e+00
1.921679138322196279e+00
1.924366583533456243e+00
1.927026569977821957e+00
1.929660639384876974e+00
1.932270425593493268e+00
1.934857617350963732e+00
1.937423929991138660e+00
1.939971095945410173e+00
1.942500880544811181e+00
1.945015124325177869e+00
1.947515807604794036e+00
1.950005128069972171e+00
1.952485577367509606e+00
1.954959998542523225e+00
1.957431604239835643e+00
1.959903938836878190e+00
1.962380778413856275e+00
1.964865979416772879e+00
1.967363303747390546e+00
1.969876256441821960e+00
1.972407967579328458e+00
1.974961135468036089e+00
1.977538031115561257e+00
1.980140551143646732e+00
1.982770299903166222e+00
1.985428680264516910e+00
1.988116974226447509e+00
1.990836398090001236e+00
1.993588122827110842e+00
1.996373258794192251e+00
1.999192813755760412e+00
2.002047640891176261e+00
2.004938395551389974e+00
2.007865515165748960e+00
2.010829228428600679e+00
2.013829591599767710e+00
2.016866543964404013e+00
2.019939971517251909e+00
2.023049766828375784e+00
2.026195873115395951e+00
2.029378302103360454e+00
2.032597119250865614e+00
2.035852396654939334e+00
2.039144141787480269e+00
2.042472215832640714e+00
2.045836255931941405e+00
2.049235611073778163e+00
2.052669294606924932e+00
2.056135951095786396e+00
2.059633833654502588e+00
2.063160790025105662e+00
2.066714259942440179e+00
2.070291290317449739e+00
2.073888575709001092e+00
2.077502527317212522e+00
2.081129364437297458e+00
2.084765211427140663e+00
2.088406176294679728e+00
2.092048387983985069e+00
2.095687977943045510e+00
2.099321003715463263e+00
2.102943324238402134e+00
2.106550446804416499e+00
2.110137374667278465e+00
2.113698491807988411e+00
2.117227524382648607e+00
2.120717611243573497e+00
2.124161494327589939e+00
2.127551806499235365e+00
2.130881402210023534e+00
2.134143661282480675e+00
2.137332706262231152e+00
2.140443502670718257e+00
2.143471844037815099e+00
2.146414247336378534e+00
2.149267795638958756e+00
2.152029966434330976e+00
2.154698480358127721e+00
2.157271197999411250e+00
2.159746081252378769e+00
2.162121219761309110e+00
2.164394904991814972e+00
2.166565720735177170e+00
2.168632615732019264e+00
2.170594932754378537e+00
2.172452383880465021e+00
2.174204976716342941e+00
2.175852906610129534e+00
2.177396435227745286e+00
2.178835778041158910e+00
2.180171023443348233e+00
2.181402103406085757e+00
2.182528827657195691e+00
2.183550979534897518e+00
2.184468455321843194e+00
2.185281416964355294e+00
2.185990426750247462e+00
2.186596542019214606e+00
2.187101362499531909e+00
2.187507035147501888e+00
2.187816227382445078e+00
2.188032079596353707e+00
2.188158144421761708e+00
2.188198316347471639e+00
2.188156752850042963e+00
2.188037788041312659e+00
2.187845841586326223e+00
2.187585328130476015e+00
2.187260574174583638e+00
2.186875749166265592e+00
2.186434815441956836e+00
2.185941498419408990e+00
2.185399275328198332e+00
2.184811378681049909e+00
2.184180809905253096e+00
2.183510358825009323e+00
2.182802625550511522e+00
2.182060042365982167e+00
2.181284894147551334e+00
2.180479336565798398e+00
2.179645411822848544e+00
2.178785061976754811e+00
2.177900140067954737e+00
2.176992419331504891e+00
2.176063600791457997e+00
2.175115319515797729e+00
2.174149149778245693e+00
2.173166609336758093e+00
2.172169163002974912e+00
2.171158225644868711e+00
2.170135164737280853e+00
2.169101302552031374e+00
2.168057918060465550e+00
2.167006248606108798e+00
2.165947491392953062e+00
2.164882804825270401e+00
2.163813309727239620e+00
2.162740090464672527e+00
2.161664195986439108e+00
2.160586640799493363e+00
2.159508405888522553e+00
2.158430439588994609e+00
2.157353658420623876e+00
2.156278947886931530e+00
2.155207163245544066e+00
2.154139130253128087e+00
2.153075645888331113e+00
2.152017479055815752e+00
2.150965371274403459e+00
2.149920037352547109e+00
2.148882166054889353e+00
2.147852420764634118e+00
2.146831440148067038e+00
2.145819838830065773e+00
2.144818208093276724e+00
2.143827116619442474e+00
2.142847111300091978e+00
2.141878718156930983e+00
2.140922443431900302e+00
2.139978774936288630e+00
2.139048183792208846e+00
2.138131126765252521e+00
2.137228049484438230e+00
2.136339390989312914e+00
2.135465590254538082e+00
2.134607095646143371e+00
2.133764378692462493e+00
2.132937954135466274e+00
2.132128408968703592e+00
2.131336443991043161e+00
2.130562932041380364e+00
2.129808996854708258e+00
2.129076114020431731e+00
2.128366228584085196e+00
2.127681869985144303e+00
2.127026224620283124e+00
2.126403108346922366e+00
2.125816786781677514e+00
2.125271640569088127e+00
2.124771752648755285e+00
2.124320546510003904e+00
2.123920578932927405e+00
2.123573509490043421e+00
2.123280198980241451e+00
2.123040867382799846e+00
2.122855257406196738e+00
2.122722775312916976e+00
2.122642600345786779e+00
2.122613764575737250e+00
2.122635208871468837e+00
2.122705821108178625e+00
2.122824461786067207e+00
2.122989980984817837e+00
2.123201229466510576e+00
2.123457065873508132e+00
2.123756361340380927e+00
2.124098002401965335e+00
2.124480892782539154e+00
2.124903954452038946e+00
2.125366128203104665e+00
2.125866373915535235e+00
2.126403670617385444e+00
2.126977016414298483e+00
2.127585428333999662e+00
2.128227942116705851e+00
2.128903611971621590e+00
2.129611510312738876e+00
2.130350727482619444e+00
2.131120371469836350e+00
2.131919567623799860e+00
2.132747458369398608e+00
2.133603202923036957e+00
2.134485977011095770e+00
2.135394972591470708e+00
2.136329397578597522e+00
2.137288475572223678e+00
2.138271445590063546e+00
2.139277561804422856e+00
2.140306093282814626e+00
2.141356323732570566e+00
2.142427551249426632e+00
2.143519088070050760e+00
2.144630260328468374e+00
2.145760407816342141e+00
2.146908883747051799e+00
2.148075054523526539e+00
2.149258299509773540e+00
2.150458010806048481e+00
2.151673593027617404e+00
2.152904463087054410e+00
2.154150049980021020e+00
2.155409794574477900e+00
2.156683149403273880e+00
2.157969578460064319e+00
2.159268556998504174e+00
2.160579571334670046e+00
2.161902118652657467e+00
2.163235706813310788e+00
2.164579854166031936e+00
2.165934089363624970e+00
2.167297951180127136e+00
2.168670988331584670e+00
2.170052759299723633e+00
2.171442832158474001e+00
2.172840784403303971e+00
2.174246202783319148e+00
2.175658683136084903e+00
2.177077830225131461e+00
2.178503257580099994e+00
2.179934587339485752e+00
2.181371450095944908e+00
2.182813484744118515e+00
2.184260338330940687e+00
2.185711665908388390e+00
2.187167130388638192e+00
2.188626402401591342e+00
2.190089160154729875e+00
2.191555089295270875e+00
2.193023882774578492e+00
2.194495240714804840e+00
2.195968870277719809e+00
2.197444485535697822e+00
2.198921807344830892e+00
2.200400563220130223e+00
2.201880487212786619e+00
2.203361319789459039e+00
2.204842807713556674e+00
2.206324703928485231e+00
2.207806767442827667e+00
2.209288763217427842e+00
2.210770462054347796e+00
2.212251640487669313e+00
2.213732080676113156e+00
2.215211570297444421e+00
2.216689902444637372e+00
2.218166875523773562e+00
2.219642293153643919e+00
2.221115964067030379e+00
2.222587702013639976e+00
2.224057325664663409e+00
2.225524658518936771e+00
2.226989528810677132e+00
2.228451769418771544e+00
2.229911217777589716e+00
2.231367715789302597e+00
2.232821109737677112e+00
2.234271250203329728e+00
2.235717991980410879e+00
2.237161193994699815e+00
2.238600719223088564e+00
2.240036434614432803e+00
2.241468211011744760e+00
2.242895923075712616e+00
2.244319449209520645e+00
2.245738671484951432e+00
2.247153475569750203e+00
2.248563750656231264e+00
2.249969389391104801e+00
2.251370287806508941e+00
2.252766345252222635e+00
2.254157464329044736e+00
2.255543550823318366e+00
2.256924513642585506e+00
2.258300264752348241e+00
2.259670719113925141e+00
2.261035794623381001e+00
2.262395412051514842e+00
2.263749494984889310e+00
2.265097969767883246e+00
2.266440765445753236e+00
2.267777813708685475e+00
2.269109048836825071e+00
2.270434407646265029e+00
2.271753829435978922e+00
2.273067255935684816e+00
2.274374631254623136e+00
2.275675901831233805e+00
2.276971016383720237e+00
2.278259925861484181e+00
2.279542583397416777e+00
2.280818944261033820e+00
2.282088965812440584e+00
2.283352607457113326e+00
2.284609830601482816e+00
2.285860598609309680e+00
2.287104876758835115e+00
2.288342632200697224e+00
2.289573833916600964e+00
2.290798452678724839e+00
2.292016461009859007e+00
2.293227833144257932e+00
2.294432544989197353e+00
2.295630574087224485e+00
2.296821899579091220e+00
2.298006502167355691e+00
2.299184364080644638e+00
2.300355469038565470e+00
2.301519802217253829e+00
2.302677350215552199e+00
2.303828101021803576e+00
2.304972043981253105e+00
2.306109169764047007e+00
2.307239470333819042e+00
2.308362938916854734e+00
2.309479569971823576e+00
2.310589359160070799e+00
2.311692303316457142e+00
2.312788400420741741e+00
2.313877649569494377e+00
2.314960050948531300e+00
2.316035605805864872e+00
2.317104316425159460e+00
2.318166186099683834e+00
2.319221219106752940e+00
2.320269420682649741e+00
2.321310796998020010e+00
2.322345355133732081e+00
2.323373103057194911e+00
2.324394049599122436e+00
2.325408204430742476e+00
2.326415578041439058e+00
2.327416181716823296e+00
2.328410027517220815e+00
2.329397128256576632e+00
2.330377497481761928e+00
2.331351149452282723e+00
2.332318099120379795e+00
2.333278362111514515e+00
2.334231954705233036e+00
2.335178893816405754e+00
2.336119196976830015e+00
2.337052882317195213e+00
2.337979968549401377e+00
2.338900474949225483e+00
2.339814421339331485e+00
2.340721828072613864e+00
2.341622716015874239e+00
2.342517106533821725e+00
2.343405021473393024e+00
2.344286483148386058e+00
2.345161514324402230e+00
2.346030138204091564e+00
2.346892378412696267e+00
2.347748258983887393e+00
2.348597804345887496e+00
2.349441039307877954e+00
2.350277989046683835e+00
2.351108679093730558e+00
2.351933135322270552e+00
2.352751383934872376e+00
2.353563451451168742e+00
2.354369364695860334e+00
2.355169150786968313e+00
2.355962837124334186e+00
2.356750451378358591e+00
2.357532021478979889e+00
2.358307575604884132e+00
2.359077142172944175e+00
2.359840749827884832e+00
2.360598427432166968e+00
2.361350204056089641e+00
2.362096108968106289e+00
2.362836171625348758e+00
2.363570421664357379e+00
2.364298888892013562e+00
2.365021603276670881e+00
2.365738594939480244e+00
2.366449894145907340e+00
2.367155531297436610e+00
2.367855536923461734e+00
2.368549941673355974e+00
2.369238776308721484e+00
2.369922071695812260e+00
2.370599858798129400e+00
2.371272168669185998e+00
2.371939032445434581e+00
2.372600481339360634e+00
2.373256546632732888e+00
2.373907259670011705e+00
2.374552651851910223e+00
2.375192754629107839e+00
2.375827599496110221e+00
2.376457217985255888e+00
2.377081641660865774e+00
2.377700902113531356e+00
2.378315030954542220e+00
2.378924059810448632e+00
2.379528020317754233e+00
2.380126944117741949e+00
2.380720862851425146e+00
2.381309808154625784e+00
2.381893811653173820e+00
2.382472904958229165e+00
2.383047119661720004e+00
2.383616487331898348e+00
2.384181039509010169e+00
2.384740807701075660e+00
2.385295823379780522e+00
2.385846117976473835e+00
2.386391722878273391e+00
2.386932669424271403e+00
2.387468988901844558e+00
2.388000712543063564e+00
2.388527871521197277e+00
2.389050496947317193e+00
2.389568619866992094e+00
2.390082271257077284e+00
2.390591482022593528e+00
2.391096282993693478e+00
2.391596704922716921e+00
2.392092778481329063e+00
2.392584534257744533e+00
2.393072002754032201e+00
2.393555214383499941e+00
2.394034199468158874e+00
2.394508988236263569e+00
2.394979610819929938e+00
2.395446097252824202e+00
2.395908477467928233e+00
2.396366781295372395e+00
2.396821038460340780e+00
2.397271278581043497e+00
2.397717531166755567e+00
2.398159825615923335e+00
2.398598191214333042e+00
2.399032657133342905e+00
2.399463252428178262e+00
2.399890006036285328e+00
2.400312946775744471e+00
2.400732103343742541e+00
2.401147504315100711e+00
2.401559178140859174e+00
2.401967153146914224e+00
2.402371457532710863e+00
2.402772119369986470e+00
2.403169166601564655e+00
2.403562627040201072e+00
2.403952528367477193e+00
2.404338898132740709e+00
2.404721763752095676e+00
2.405101152507435280e+00
2.405477091545521695e+00
2.405849607877109442e+00
2.406218728376110949e+00
2.406584479778804297e+00
2.406946888683083152e+00
2.407305981547745777e+00
2.407661784691822682e+00
2.408014324293945130e+00
2.408363626391748280e+00
2.408709716881313856e+00
2.409052621516646564e+00
2.409392365909186484e+00
2.409728975527356098e+00
2.410062475696139739e+00
2.410392891596698117e+00
2.410720248266011279e+00
2.411044570596555747e+00
2.411365883336011429e+00
2.411684211086998264e+00
2.411999578306841308e+00
2.412312009307365557e+00
2.412621528254717873e+00
2.412928159169215547e+00
2.413231925925221955e+00
2.413532852251048411e+00
2.413830961728880009e+00
2.414126277794727216e+00
2.414418823738400999e+00
2.414708622703511054e+00
2.414995697687487564e+00
2.415280071541623830e+00
2.415561766971142887e+00
2.415840806535283214e+00
2.416117212647405310e+00
2.416391007575119154e+00
2.416662213440431195e+00
2.416930852219909109e+00
2.417196945744866987e+00
2.417460515701567392e+00
2.417721583631440296e+00
2.417980170931321116e+00
2.418236298853704280e+00
2.418489988507012356e+00
2.418741260855881592e+00
2.418990136721463458e+00
2.419236636781740390e+00
2.419480781571855754e+00
2.419722591484457119e+00
2.419962086770056420e+00
2.420199287537399435e+00
2.420434213753850372e+00
2.420666885245788436e+00
2.420897321699016835e+00
2.421125542659182450e+00
2.421351567532208815e+00
2.421575415584738877e+00
2.421797105944587081e+00
2.422016657601205658e+00
2.422234089406157143e+00
2.422449420073598869e+00
2.422662668180775469e+00
2.422873852168522024e+00
2.423082990341774767e+00
2.423290100870090225e+00
2.423495201788173681e+00
2.423698310996414307e+00
2.423899446261429169e+00
2.424098625216612568e+00
2.424295865362695590e+00
2.424491184068309657e+00
2.424684598570557625e+00
2.424876125975591545e+00
2.425065783259196639e+00
2.425253587267379718e+00
2.425439554716965596e+00
2.425623702196195719e+00
2.425806046165335239e+00
2.425986602957282745e+00
2.426165388778184884e+00
2.426342419708057196e+00
2.426517711701407176e+00
2.426691280587862209e+00
2.426863142072801960e+00
2.427033311737992971e+00
2.427201805042229044e+00
2.427368637321972056e+00
2.427533823791998113e+00
2.427697379546046808e+00
2.427859319557470474e+00
2.428019658679889670e+00
2.428178411647848645e+00
2.428335593077473487e+00
2.428491217467133811e+00
2.428645299198104013e+00
2.428797852535228063e+00
2.428948891627586093e+00
2.429098430509161410e+00
2.429246483099509302e+00
2.429393063204427161e+00
2.429538184516626398e+00
2.429681860616403455e+00
2.429824104972313936e+00
2.429964930941845402e+00
2.430104351772092386e+00
2.430242380600431407e+00
2.430379030455195544e+00
2.430514314256349451e+00
2.430648244816165704e+00
2.430780834839899818e+00
2.430912096926466592e+00
2.431042043569114242e+00
2.431170687156099852e+00
2.431298039971363512e+00
2.431424114195203767e+00
2.431548921904949534e+00
2.431672475075634221e+00
2.431794785580666307e+00
2.431915865192502579e+00
2.432035725583316932e+00
2.432154378325670052e+00
2.432271834893178664e+00
2.432388106661180771e+00
2.432503204907402683e+00
2.432617140812624257e+00
2.432729925461340148e+00
2.432841569842422835e+00
2.432952084849782537e+00
2.433061481283026239e+00
2.433169769848113173e+00
2.433276961158012064e+00
2.433383065733353057e+00
2.433488094003080082e+00
2.433592056305100559e+00
2.433694962886932878e+00
