-2.876180000131560444e-05
-2.876180000131560444e-05
-2.824683375813449716e-05
-2.669960067817561561e-05
-2.360426655708520815e-05
-1.845116662717534832e-05
-1.074300979533898211e-05
-3.025218142579797669e-09
1.421474671693048442e-05
3.231328464112221663e-05
5.463974216389752737e-05
8.147477709159167670e-05
1.130290215830073318e-04
1.494526915293024135e-04
1.908611379785839224e-04
2.373701497948822671e-04
2.891257311041554000e-04
3.463143986688549999e-04
4.091526124008504372e-04
4.778653914754978039e-04
5.526655066166061238e-04
6.337392075499647618e-04
7.212392332813009985e-04
8.152836591979153091e-04
9.159589828362773439e-04
1.023326057494760005e-03
1.137427308100341563e-03
1.258293315365951841e-03
1.385946848266478423e-03
1.520403033093003196e-03
1.661665412231695714e-03
1.809718742852399909e-03
1.964520125396480507e-03
2.125990266091413571e-03
2.294006403528820077e-03
2.468397798606196576e-03
2.648943861034496264e-03
2.835374159899615130e-03
3.027368978727099699e-03
3.224558951053547746e-03
3.426522750853937607e-03
3.632782713183567956e-03
3.842799349287629243e-03
4.055966655630958637e-03
4.271610598041886316e-03
4.488992981477521460e-03
4.707322025715315189e-03
4.925769468315462779e-03
5.143492245977984018e-03
5.359655301368285857e-03
5.573451392562395017e-03
5.784114280473604333e-03
5.990923243892054550e-03
6.193199033925519438e-03
6.390293478748714298e-03
6.581576435125189792e-03
6.766424338550864476e-03
6.944214137961558612e-03
7.114325001721798387e-03
7.276148119127091515e-03
7.429102676786979685e-03
7.572654299150245218e-03
7.706331493988142350e-03
7.829736198390566462e-03
7.942546168153992447e-03
8.044509119195391439e-03
8.135430561058797430e-03
8.215158680412138273e-03
8.283570209351144575e-03
8.340560909543411408e-03
8.386043190599693289e-03
8.419951648862928836e-03
8.442255327996969066e-03
8.452973803923100743e-03
8.452193329934850480e-03
8.440079533752264246e-03
8.416884403599413783e-03
8.382947053875339921e-03
8.338689458795879583e-03
8.284609589000851634e-03
8.221275036287950186e-03
8.149320293494528855e-03
8.069450455131146893e-03
7.982453310219407919e-03
7.889220737877058673e-03
7.790779191515432266e-03
7.688328111670529943e-03
7.583284486988235359e-03
7.477331399022834127e-03
7.372467909204003488e-03
7.271056679950619814e-03
7.175864084737368712e-03
7.090085541182587769e-03
7.017347272963328324e-03
6.961676003294374297e-03
6.927431480312102978e-03
6.919203575464184623e-03
6.941684580324264386e-03
6.999535157951744871e-03
7.097265747051791258e-03
7.239152304463172989e-03
7.429197114315382912e-03
7.671135044127063048e-03
7.968476307204749864e-03
8.324570429566035407e-03
8.742673220165364523e-03
9.225998947888639987e-03
9.777743533334670029e-03
1.040107129190234736e-02
1.109906685771083583e-02
1.187466328647172886e-02
1.273056391304803851e-02
1.366917680594094409e-02
1.469257626010601198e-02
1.580249777216197887e-02
1.700036449138475625e-02
1.828733669050833927e-02
1.966437229540438092e-02
2.113228574828813697e-02
2.269179394293716762e-02
2.434354134790107579e-02
2.608810146258196475e-02
2.792595768526313568e-02
2.985747198870081220e-02
3.188285267011831819e-02
3.400213179470858854e-02
3.621515921832475782e-02
3.852161491283356831e-02
4.092103654457113909e-02
4.341285594509572410e-02
4.599643645012631982e-02
4.867110282608352878e-02
5.143615648910689064e-02
5.429087098680453194e-02
5.723446618916609718e-02
6.026606370330832990e-02
6.338462944824650724e-02
6.658891082813631068e-02
6.987737510899026672e-02
7.324815327924386055e-02
7.669899147556334673e-02
8.022721140172710264e-02
8.382968254625454418e-02
8.750281175865176619e-02
9.124255825985898294e-02
9.504448232900872262e-02
9.890383199322724805e-02
1.028156639425455432e-01
1.067749850027657627e-01
1.107768931019746106e-01
1.148166955074275131e-01
1.188899878960671258e-01
1.229926878364876880e-01
1.271210264027421433e-01
1.312715089357892051e-01
1.354408595697307593e-01
1.396259646460676351e-01
1.438238283644041604e-01
1.480315503111637732e-01
1.522463289827359900e-01
1.564654887331991817e-01
1.606865214194312941e-01
1.649071305782465746e-01
1.691252665695757440e-01
1.733391451905389735e-01
1.775472477189795062e-01
1.817483049610150170e-01
1.859412704653524429e-01
1.901252886430612188e-01
1.942996627653476582e-01
1.984638264127270291e-01
2.026173203737292594e-01
2.067597754765623241e-01
2.108909005594546415e-01
2.150104739478436722e-01
2.191183365692521146e-01
2.232143851795721223e-01
2.272985648639819223e-01
2.313708606944810120e-01
2.354312889487015226e-01
2.394798885630036178e-01
2.435167135645885661e-01
2.475418271780313040e-01
2.515552981616768213e-01
2.555571996871187634e-01
2.595476107303965052e-01
2.635266195641449705e-01
2.674943286593421399e-01
2.714508602435463658e-01
2.753963619280924147e-01
2.793310120842747990e-01
2.832550248357211808e-01
2.871686545082182129e-01
2.910721991187772972e-01
2.949660020942986294e-01
2.988504510929929081e-01
3.027259728222724267e-01
3.065930233132947991e-01
3.104520742048898496e-01
3.143035968481737719e-01
3.181480468880167334e-01
3.219858519647850192e-01
3.258174043150875443e-01
3.296430587633088494e-01
3.334631354117021385e-01
3.372779255647671559e-01
3.410876990923240037e-01
3.448927114333280031e-01
3.486932086815253684e-01
3.524894296721999831e-01
3.562816047228286043e-01
3.600699515770735548e-01
3.638546699004308604e-01
3.676359360560255141e-01
3.714138996887264010e-01
3.751886829900914488e-01
3.789603827222134402e-01
3.827290744336716011e-01
3.864948179244884763e-01
3.902576628787972068e-01
3.940176536121575146e-01
3.977748320490335221e-01
4.015292383814489940e-01
4.052809093729248247e-01
4.090298748711272969e-01
4.127761535723676878e-01
4.165197492298732262e-01
4.202606482530490406e-01
4.239988191436910303e-01
4.277342136889636381e-01
4.314667694533290132e-01
4.351964129282296367e-01
4.389230626640583943e-01
4.426466317637988701e-01
4.463670292354199320e-01
4.500841598860317871e-01
4.537979226921578513e-01
4.575082078464011159e-01
4.612148928672209491e-01
4.649178381894653600e-01
4.686168825387744263e-01
4.723118382362436196e-01
4.760024865154352525e-01
4.796885730525661806e-01
4.833698042166230668e-01
4.870458449444228788e-01
4.907163194440309906e-01
4.943808158748191350e-01
4.980388955445621546e-01
5.016901060430845050e-01
5.053339964885519286e-01
5.089701322903771308e-01
5.125981069435546766e-01
5.162175492896596829e-01
5.198281259282881983e-01
5.234295395161169262e-01
5.270215242840020631e-01
5.306038402580891544e-01
5.341762675427765839e-01
5.377386017403584795e-01
5.412906511922811470e-01
5.448322362417611364e-01
5.483631901947463305e-01
5.518833612352868068e-01
5.553926143888350264e-01
5.588908327776224150e-01
5.623779177757631809e-01
5.658537880636301809e-01
5.693183778550092722e-01
5.727716346827254057e-01
5.762135171162668934e-01
5.796439927102882139e-01
5.830630363913118508e-01
5.864706294013403154e-01
5.898667588369643777e-01
5.932514177571971414e-01
5.966246057945996384e-01
5.999863302006673837e-01
6.033366072793839852e-01
6.066754641843291607e-01
6.100029410394055551e-01
6.133190932654253302e-01
6.166239938522340980e-01
6.199177351416842452e-01
6.232004295588298159e-01
6.264722087641590997e-01
6.297332210049941814e-01
6.329836270217539251e-01
6.362235955388376718e-01
6.394532998348114727e-01
6.426729168923633884e-01
6.458826301531988001e-01
6.490826361392094679e-01
6.522731543771308482e-01
6.554544392908286943e-01
6.586267920087913730e-01
6.617905694174044395e-01
6.649461874971313025e-01
6.680941164121002585e-01
6.712348663238763002e-01
6.743689653346275348e-01
6.774969334963651946e-01
6.806192582507107902e-01
6.837363762373581677e-01
6.868486643971724037e-01
6.899564407306396641e-01
6.930599729653208474e-01
6.961594921720047902e-01
6.992552079406156862e-01
7.023473218095703796e-01
7.054360361173478422e-01
7.085215564030583613e-01
7.116040870102802174e-01
7.146838214207924533e-01
7.177609304316452388e-01
7.208355518771589754e-01
7.239077849198878312e-01
7.269776903862648076e-01
7.300452969362165589e-01
7.331106115857735084e-01
7.361736323879430888e-01
7.392343607856024512e-01
7.422928111514339733e-01
7.453490153707056365e-01
7.484030211776746544e-01
7.514548843856180271e-01
7.545046568419585542e-01
7.575523732231627116e-01
7.605980400318218537e-01
7.636416292675617390e-01
7.666830777122363161e-01
7.697222912961356744e-01
7.727591530340160997e-01
7.757935325832788775e-01
7.788252954125554073e-01
7.818543097356029925e-01
7.848804497639585431e-01
7.879035945448747968e-01
7.909236226626235045e-01
7.939404041315789584e-01
7.969537914653855859e-01
7.999636118553824504e-01
8.029696617010689819e-01
8.059717038094188490e-01
8.089694668612560369e-01
8.119626464586667813e-01
8.149509071895901791e-01
8.179338854980203743e-01
8.209111935153399209e-01
8.238824241969494588e-01
8.268471579972815899e-01
8.298049709228149107e-01
8.327554433163953940e-01
8.356981684247373199e-01
8.386327598637891567e-01
8.415588574726794446e-01
8.444761315062944140e-01
8.473842854244136857e-01
8.502830575834985360e-01
8.531722219592574596e-01
8.560515877494435655e-01
8.589209974944429504e-01
8.617803233714459443e-01
8.646294616520211473e-01
8.674683258822337706e-01
8.702968398887676038e-01
8.731149319321275248e-01
8.759225310883654858e-01
8.787195663717626282e-01
8.815059684746701096e-01
8.842816734965200931e-01
8.870466277118282949e-01
8.898007922468949005e-01
8.925441464795906832e-01
8.952766891156178630e-01
8.979984363455189023e-01
9.007094172797444065e-01
9.034096678014609250e-01
9.060992246759345115e-01
9.087781218579987774e-01
9.114463903958526236e-01
9.141040624142751092e-01
9.167511787300572923e-01
9.193877989031805642e-01
9.220140119611046625e-01
9.246299456098627800e-01
9.272357715570984649e-01
9.298317048942071894e-01
9.324179966111511009e-01
9.349949202224551170e-01
9.375627555728162088e-01
9.401217742010994360e-01
9.426722304774486361e-01
9.452143611893746300e-01
9.477483940969319010e-01
9.502745639892586915e-01
9.527931332907995099e-01
9.553044132142578526e-01
9.578087807427232425e-01
9.603066865705360833e-01
9.627986501071815750e-01
9.652852402290971190e-01
9.677670443537697009e-01
9.702446322102472598e-01
9.727185225385538425e-01
9.751891598913901005e-01
9.776569053964616618e-01
9.801220414680628101e-01
9.825847874895711209e-01
9.850453219022875517e-01
9.875038056357674510e-01
9.899604019725406490e-01
9.924152886556742992e-01
9.948686595572812097e-01
9.973207156949560614e-01
9.997716483895913164e-01
1.002221619796429541e+00
1.004670746749705579e+00
1.007119092518500736e+00
1.009566668454517258e+00
1.012013444845352383e+00
1.014459368385010496e+00
1.016904382650009042e+00
1.019348447549109249e+00
1.021791553710386102e+00
1.024233728330310234e+00
1.026675030484792694e+00
1.029115536382045226e+00
1.031555317911640124e+00
1.033994419895849282e+00
1.036432841634221891e+00
1.038870526606768818e+00
1.041307361541279342e+00
1.043743183661981933e+00
1.046177793482861995e+00
1.048610969970026785e+00
1.051042484935285515e+00
1.053472113889118100e+00
1.055899641279515855e+00
1.058324859202222745e+00
1.060747560241164456e+00
1.063167526652993855e+00
1.065584518980213113e+00
1.067998266942048913e+00
1.070408464296155104e+00
1.072814767935768021e+00
1.075216800414717788e+00
1.077614154639759070e+00
1.080006399543372186e+00
1.082393085907524144e+00
1.084773751928991725e+00
1.087147928461017488e+00
1.089515144069416186e+00
1.091874930096024876e+00
1.094226825871111863e+00
1.096570384133823683e+00
1.098905176669864536e+00
1.101230800167247059e+00
1.103546882271789986e+00
1.105853087716275329e+00
1.108149124146961650e+00
1.110434746891692193e+00
1.112709761521033958e+00
1.114974022878552962e+00
1.117227429578006248e+00
1.119469913924745041e+00
1.121701428593725680e+00
1.123921932583262784e+00
1.126131379322643733e+00
1.128329709145398319e+00
1.130516847028929073e+00
1.132692705163893088e+00
1.134857188966142516e+00
1.137010204635690691e+00
1.139151666157852461e+00
1.141281499629956731e+00
1.143399643049902270e+00
1.145506040393326819e+00
1.147600629990210175e+00
1.149683328607779442e+00
1.151754013674578969e+00
1.153812506245047720e+00
1.155858556607280319e+00
1.157891833391306413e+00
1.159911916263141496e+00
1.161918292116895124e+00
1.163910355029239341e+00
1.165887410784047118e+00
1.167848687104017680e+00
1.169793350507148944e+00
1.171720529803040423e+00
1.173629344826206955e+00
1.175518937552872956e+00
1.177388501876944771e+00
1.179237308447961707e+00
1.181064722068293049e+00
1.182870210754011220e+00
1.184653347086914277e+00
1.186413803497882835e+00
1.188151343505352342e+00
1.189865810813693692e+00
1.191557117778623942e+00
1.193225234271180213e+00
1.194870177544393508e+00
1.196492003381087743e+00
1.198090798582436500e+00
1.199666674726892035e+00
1.201219763063284374e+00
1.202750210377867557e+00
1.204258175675714915e+00
1.205743827530364243e+00
1.207207341974557258e+00
1.208648900824960348e+00
1.210068690352638976e+00
1.211466900227720078e+00
1.212843722680833736e+00
1.214199351835632434e+00
1.215533983176203980e+00
1.216847813120832678e+00
1.218141038679644295e+00
1.219413857178480498e+00
1.220666466035135400e+00
1.221899062577064488e+00
1.223111843892006334e+00
1.224305006704787147e+00
1.225478747275006830e+00
1.226633261311422141e+00
1.227768743899719794e+00
1.228885389441051856e+00
1.229983391599238862e+00
1.231062943254952469e+00
1.232124236465506062e+00
1.233167462429107131e+00
1.234192811452585969e+00
1.235200472921702319e+00
1.236190635273153982e+00
1.237163485967344601e+00
1.238119211460805058e+00
1.239057997176861825e+00
1.239980027472642021e+00
1.240885485599730886e+00
1.241774553654597879e+00
1.242647412513099514e+00
1.243504241740640559e+00
1.244345219465484931e+00
1.245170522196590523e+00
1.245980324558207952e+00
1.246774798899919601e+00
1.247554114720744733e+00
1.248318437816576365e+00
1.249067929017833922e+00
1.249802742324388038e+00
1.250523022163527065e+00
1.251228899393431293e+00
1.251920485559810725e+00
1.252597864824638751e+00
1.253261083017273014e+00
1.253910133601380261e+00
1.254544941319226226e+00
1.255165346206864374e+00
1.255771093520185122e+00
1.256361837619367039e+00
1.256937167086423779e+00
1.257496651469896420e+00
1.258039898910656262e+00
1.258566606653819697e+00
1.259076590007892404e+00
1.259569786643734757e+00
1.260046242905803693e+00
1.260506091819234120e+00
1.260949530315773393e+00
1.261376799629267076e+00
1.261788170070859305e+00
1.262183929930023485e+00
1.262564377706168584e+00
1.262929816817436768e+00
1.263280552065345175e+00
1.263616887307545511e+00
1.263939123946347776e+00
1.264247559961461098e+00
1.264542489302938222e+00
1.264824201521274061e+00
1.265092981553054718e+00
1.265349109608327804e+00
1.265592861124295032e+00
1.265824506762095902e+00
1.266044312431450880e+00
1.266252539333185156e+00
1.266449444013092451e+00
1.266635278422855837e+00
1.266810289985219828e+00
1.266974721661576098e+00
1.267128812020759110e+00
1.267272795308266753e+00
1.267406901515393480e+00
1.267531356447942681e+00
1.267646381794304888e+00
1.267752195192765496e+00
1.267849010297955825e+00
1.267937036846398247e+00
1.268016480721113837e+00
1.268087544015281454e+00
1.268150425094940248e+00
1.268205318660740710e+00
1.268252415808746703e+00
1.268291904090300459e+00
1.268323967570958555e+00
1.268348786888511048e+00
1.268366539310096019e+00
1.268377398788422150e+00
1.268381536017110900e+00
1.268379118485172263e+00
1.268370310530626544e+00
1.268355273393284133e+00
1.268334165266696401e+00
1.268307141349290124e+00
1.268274353894697892e+00
1.268235952261294930e+00
1.268192082960957201e+00
1.268142889707049692e+00
1.268088513461658629e+00
1.268029092482077624e+00
1.267964762366559528e+00
1.267895656099345736e+00
1.267821904094982743e+00
1.267743634241937034e+00
1.267660971945520521e+00
1.267574040170134309e+00
1.267482959480842997e+00
1.267387848084289281e+00
1.267288821868958859e+00
1.267185994444805397e+00
1.267079477182244895e+00
1.266969379250529881e+00
1.266855807655512756e+00
1.266738867276806291e+00
1.266618660904352600e+00
1.266495289274407909e+00
1.266368851104952675e+00
1.266239443130535491e+00
1.266107160136559884e+00
1.265972094993022656e+00
1.265834338687710892e+00
1.265693980358867377e+00
1.265551107327332225e+00
1.265405805128167804e+00
1.265258157541775841e+00
1.265108246624514265e+00
1.264956152738821116e+00
1.264801954582853494e+00
1.264645729219648906e+00
1.264487552105816315e+00
1.264327497119762889e+00
1.264165636589466901e+00
1.264002041319799430e+00
1.263836780619405076e+00
1.263669922327147255e+00
1.263501532838124719e+00
1.263331677129265973e+00
1.263160418784508465e+00
1.262987820019568108e+00
1.262813941706306231e+00
1.262638843396700628e+00
1.262462583346425138e+00
1.262285218538045095e+00
1.262106804703834406e+00
1.261927396348220043e+00
1.261747046769859493e+00
1.261565808083357165e+00
1.261383731240624417e+00
1.261200866051891190e+00
1.261017261206371032e+00
1.260832964292588176e+00
1.260648021818369768e+00
1.260462479230509691e+00
1.260276380934108431e+00
1.260089770311594082e+00
1.259902689741430271e+00
1.259715180616514107e+00
1.259527283362270822e+00
1.259339037454449084e+00
1.259150481436621449e+00
1.258961652937394593e+00
1.258772588687334437e+00
1.258583324535609504e+00
1.258393895466358492e+00
1.258204335614785174e+00
1.258014678282984633e+00
1.257824955955506141e+00
1.257635200314656254e+00
1.257445442255546553e+00
1.257255711900888695e+00
1.257066038615543002e+00
1.256876451020822127e+00
1.256686977008555139e+00
1.256497643754916016e+00
1.256308477734018547e+00
1.256119504731282976e+00
1.255930749856577711e+00
1.255742237557138541e+00
1.255553991630270261e+00
1.255366035235833566e+00
1.255178390908520347e+00
1.254991080569920925e+00
1.254804125540386783e+00
1.254617546550691909e+00
1.254431363753495843e+00
1.254245596734611112e+00
1.254060264524079038e+00
1.253875385607056581e+00
1.253690977934517337e+00
1.253507058933768903e+00
1.253323645518790608e+00
1.253140754100393828e+00
1.252958400596208000e+00
1.252776600440494992e+00
1.252595368593794278e+00
1.252414719552402245e+00
1.252234667357687847e+00
1.252055225605246846e+00
1.251876407453898832e+00
1.251698225634526818e+00
1.251520692458765405e+00
1.251343819827536175e+00
1.251167619239435647e+00
1.250992101798977574e+00
1.250817278224690465e+00
1.250643158857074333e+00
1.250469753666417994e+00
1.250297072260480258e+00
1.250125123892034784e+00
1.249953917466284814e+00
1.249783461548145125e+00
1.249613764369397195e+00
1.249444833835718027e+00
1.249276677533584179e+00
1.249109302737054561e+00
1.248942716414431775e+00
1.248776925234806878e+00
1.248611935574486909e+00
1.248447753523307835e+00
1.248284384890835597e+00
1.248121835212455899e+00
1.247960109755355651e+00
1.247799213524396933e+00
1.247639151267885715e+00
1.247479927483236439e+00
1.247321546422535565e+00
1.247164012098004315e+00
1.247007328287362604e+00
1.246851498539096381e+00
1.246696526177629272e+00
1.246542414308400071e+00
1.246389165822848977e+00
1.246236783403311232e+00
1.246085269527823725e+00
1.245934626474841656e+00
1.245784856327870171e+00
1.245635960980010282e+00
1.245487942138421955e+00
1.245340801328704394e+00
1.245194539899195485e+00
1.245049159025192642e+00
1.244904659713094164e+00
1.244761042804465312e+00
1.244618308980027122e+00
1.244476458763572380e+00
1.244335492525807885e+00
1.244195410488124320e+00
1.244056212726296629e+00
1.243917899174113995e+00
1.243780469626941887e+00
1.243643923745217039e+00
1.243508261057876263e+00
1.243373480965719979e+00
1.243239582744712246e+00
1.243106565549218390e+00
1.242974428415180022e+00
1.242843170263230768e+00
1.242712789901750270e+00
1.242583286029861789e+00
1.242454657240370519e+00
1.242326902022646395e+00
1.242200018765450054e+00
1.242074005759705280e+00
1.241948861201216170e+00
1.241824583193333220e+00
1.241701169749565237e+00
1.241578618796142175e+00
1.241456928174526242e+00
1.241336095643874593e+00
1.241216118883452513e+00
1.241096995494999744e+00
1.240978723005049744e+00
1.240861298867202089e+00
1.240744720464350914e+00
1.240628985110867610e+00
1.240514090054740226e+00
1.240400032479670456e+00
1.240286809507126886e+00
1.240174418198358719e+00
1.240062855556366639e+00
1.239952118527835268e+00
1.239842204005025206e+00
1.239733108827626662e+00
1.239624829784575333e+00
1.239517363615830536e+00
1.239410707014116486e+00
1.239304856626627815e+00
1.239199809056700019e+00
1.239095560865443924e+00
1.238992108573347073e+00
1.238889448661841142e+00
1.238787577574836263e+00
1.238686491720222493e+00
1.238586187471340194e+00
1.238486661168418879e+00
1.238387909119984975e+00
1.238289927604239837e+00
1.238192712870407775e+00
1.238096261140055221e+00
1.238000568608380592e+00
1.237905631445477272e+00
1.237811445797567966e+00
1.237718007788212615e+00
1.237625313519489012e+00
1.237533359073147654e+00
1.237442140511741062e+00
1.237351653879728230e+00
1.237261895204552875e+00
1.237172860497699256e+00
1.237084545755722909e+00
1.236996946961258059e+00
1.236910060084002838e+00
1.236823881081680732e+00
1.236738405900980942e+00
1.236653630478476318e+00
1.236569550741520418e+00
1.236486162609122808e+00
1.236403461992804598e+00
1.236321444797433777e+00
1.236240106922039894e+00
1.236159444260609863e+00
1.236079452702864678e+00
1.236000128135017473e+00
1.235921466440512706e+00
1.235843463500747585e+00
1.235766115195775949e+00
1.235689417404994384e+00
1.235613366007811686e+00
1.235537956884301014e+00
1.235463185915836259e+00
1.235389048985711780e+00
1.235315541979746801e+00
1.235242660786873836e+00
1.235170401299712228e+00
1.235098759415126368e+00
1.235027731034770149e+00
1.234957312065615653e+00
1.234887498420469187e+00
1.234818286018472433e+00
1.234749670785590947e+00
1.234681648655088448e+00
1.234614215567988893e+00
1.234547367473525004e+00
1.234481100329574810e+00
1.234415410103086197e+00
1.234350292770488577e+00
1.234285744318093014e+00
1.234221760742481244e+00
1.234158338050882930e+00
1.234095472261541593e+00
1.234033159404070545e+00
1.233971395519796843e+00
1.233910176662095681e+00
1.233849498896714358e+00
1.233789358302086248e+00
1.233729750969634109e+00
1.233670673004065188e+00
1.233612120523655431e+00
1.233554089660525488e+00
1.233496576560906721e+00
1.233439577385399222e+00
1.233383088309220277e+00
1.233327105522445066e+00
1.233271625230238477e+00
1.233216643653078481e+00
1.233162157026972183e+00
1.233108161603664099e+00
1.233054653650835553e+00
1.233001629452297854e+00
1.232949085308177262e+00
1.232897017535093287e+00
1.232845422466329666e+00
1.232794296451998228e+00
1.232743635859196329e+00
1.232693437072157616e+00
1.232643696492396135e+00
1.232594410538843999e+00
1.232545575647983505e+00
1.232497188273972144e+00
1.232449244888762507e+00
1.232401741982216192e+00
1.232354676062211940e+00
1.232308043654747776e+00
1.232261841304038708e+00
1.232216065572608210e+00
1.232170713041375043e+00
1.232125780309734520e+00
1.232081263995635556e+00
1.232037160735651726e+00
1.231993467185048763e+00
1.231950180017846730e+00
1.231907295926877977e+00
1.231864811623840206e+00
1.231822723839345990e+00
1.231781029322966958e+00
1.231739724843275097e+00
1.231698807187879163e+00
1.231658273163457551e+00
1.231618119595787153e+00
1.231578343329768455e+00
1.231538941229446849e+00
1.231499910178031287e+00
1.231461247077908050e+00
1.231422948850651844e+00
1.231385012437033799e+00
1.231347434797025686e+00
1.231310212909801693e+00
1.231273343773736206e+00
1.231236824406399366e+00
1.231200651844549299e+00
1.231164823144121456e+00
1.231129335380215961e+00
1.231094185647080730e+00
1.231059371058093710e+00
1.231024888745740897e+00
1.230990735861593244e+00
1.230956909576280456e+00
1.230923407079462351e+00
1.230890225579797992e+00
1.230857362304913272e+00
1.230824814501364717e+00
1.230792579434603073e+00
1.230760654388933339e+00
1.230729036667474130e+00
1.230697723592113269e+00
1.230666712503463378e+00
1.230636000760814586e+00
1.230605585742085895e+00
1.230575464843774336e+00
1.230545635480902789e+00
1.230516095086966022e+00
1.230486841113875851e+00
1.230457871031903183e+00
1.230429182329620286e+00
1.230400772513840613e+00
1.230372639109557742e+00
1.230344779659882537e+00
1.230317191725978976e+00
1.230289872886999536e+00
1.230262820740018137e+00
1.230236032899963083e+00
1.230209506999548230e+00
1.230183240689202595e+00
1.230157231637000192e+00
1.230131477528587869e+00
1.230105976067112250e+00
1.230080724973146022e+00
1.230055721984612882e+00
1.230030964856712483e+00
1.230006451361843611e+00
1.229982179289526689e+00
1.229958146446326062e+00
1.229934350655770947e+00
1.229910789758275946e+00
1.229887461611060884e+00
1.229864364088069761e+00
1.229841495079889491e+00
1.229818852493667514e+00
1.229796434253029425e+00
1.229774238297995703e+00
1.229752262584897560e+00
1.229730505086293224e+00
1.229708963790882903e+00
1.229687636703423959e+00
1.229666521844645199e+00
1.229645617251161172e+00
1.229624920975385116e+00
1.229604431085443483e+00
1.229584145665087780e+00
1.229564062813608416e+00
1.229544180645746332e+00
1.229524497291605289e+00
1.229505010896564388e+00
1.229485719621189466e+00
1.229466621641144286e+00
1.229447715147102382e+00
1.229428998344658241e+00
1.229410469454238042e+00
