-1.576359999999998429e+00
-1.576359999999998429e+00
-1.576355378296310228e+00
-1.576341734062327138e+00
-1.576314892109719645e+00
-1.576270911294637145e+00
-1.576206098739494132e+00
-1.576117031396683910e+00
-1.576000585507793206e+00
-1.575853972660339775e+00
-1.575674777526284931e+00
-1.575460986181688616e+00
-1.575210986159766513e+00
-1.574923516122400002e+00
-1.574597555890488554e+00
-1.574232181683402843e+00
-1.573826444475567632e+00
-1.573379322519038004e+00
-1.572889751163260463e+00
-1.572356691445257582e+00
-1.571779195833561849e+00
-1.571156450952221784e+00
-1.570487796636942601e+00
-1.569772728278860940e+00
-1.569010889051384305e+00
-1.568202056595475513e+00
-1.567346127956266821e+00
-1.566443106752969383e+00
-1.565493096468268286e+00
-1.564496302642461201e+00
-1.563453044851769391e+00
-1.562363777375997964e+00
-1.561229116085816493e+00
-1.560049868558765596e+00
-1.558827064660863515e+00
-1.557561985575736330e+00
-1.556256190306718468e+00
-1.554911539785583052e+00
-1.553530219565001591e+00
-1.552114762245113910e+00
-1.550668069972598984e+00
-1.549193435539441221e+00
-1.547694558191131664e+00
-1.546175547973623221e+00
-1.544640911234479441e+00
-1.543095510642790158e+00
-1.541544496368670414e+00
-1.539993210706419591e+00
-1.538447075230813921e+00
-1.536911475389412196e+00
-1.535391659901443884e+00
-1.533892670056892893e+00
-1.532419307371372774e+00
-1.530976139088437771e+00
-1.529567532420521125e+00
-1.528197702408654379e+00
-1.526870756064987678e+00
-1.525590717289748488e+00
-1.524361522468916874e+00
-1.523186984557836965e+00
-1.522070732017848149e+00
-1.521016135856467111e+00
-1.520026241103456188e+00
-1.519103717417210619e+00
-1.518250837965037237e+00
-1.517469488372130915e+00
-1.516761200740178506e+00
-1.516127203130602563e+00
-1.515568473093002133e+00
-1.515085784634956800e+00
-1.514679740945810149e+00
-1.514350789487337368e+00
-1.514099220803397206e+00
-1.513925156410161899e+00
-1.513828533299351742e+00
-1.513809092353284536e+00
-1.513866375622907157e+00
-1.513999733947415383e+00
-1.514208342955225328e+00
-1.514491222908199930e+00
-1.514847256464506575e+00
-1.515275198223448694e+00
-1.515773670739463119e+00
-1.516341143381642054e+00
-1.516975892692830730e+00
-1.517675945297935147e+00
-1.518439006352393594e+00
-1.519262377642211614e+00
-1.520142869894764992e+00
-1.521076714314376632e+00
-1.522059479660323511e+00
-1.523086003773063135e+00
-1.524150351868026387e+00
-1.525245816600074189e+00
-1.526364974470025393e+00
-1.527499807312381108e+00
-1.528641885734300265e+00
-1.529782595901163722e+00
-1.530913377400071163e+00
-1.532025934074763951e+00
-1.533112384810292328e+00
-1.534165335486762372e+00
-1.535177871372072955e+00
-1.536143485449220192e+00
-1.537055969198757088e+00
-1.537909297328976743e+00
-1.538697537191892062e+00
-1.539414807390852014e+00
-1.540055298557772234e+00
-1.540613353767762428e+00
-1.541083590110144952e+00
-1.541461031734214782e+00
-1.541741222490036867e+00
-1.541920293674511777e+00
-1.541994975843215432e+00
-1.541962557817194046e+00
-1.541820806736866389e+00
-1.541567868716396283e+00
-1.541202170743973809e+00
-1.540722341942380558e+00
-1.540127166820911775e+00
-1.539415575234282851e+00
-1.538586664592233699e+00
-1.537639741727275133e+00
-1.536574367447333556e+00
-1.535390387748993390e+00
-1.534087941256552234e+00
-1.532667440165673689e+00
-1.531129529064854999e+00
-1.529475030876444652e+00
-1.527704891546321164e+00
-1.525820135428943569e+00
-1.523821841880923511e+00
-1.521711150401491297e+00
-1.519489296857386540e+00
-1.517157677737944743e+00
-1.514717934670268384e+00
-1.512172049291543141e+00
-1.509522439556006068e+00
-1.506772051440079752e+00
-1.503924442523084215e+00
-1.500983854066460177e+00
-1.497955265346947007e+00
-1.494844419200328289e+00
-1.491657803634413693e+00
-1.488402574474330553e+00
-1.485086411211044011e+00
-1.481717312657949037e+00
-1.478303356457720152e+00
-1.474852459458482645e+00
-1.471372177975461604e+00
-1.467869576763674022e+00
-1.464351177909973822e+00
-1.460822982964119943e+00
-1.457290548651148931e+00
-1.453759089928701842e+00
-1.450233582994032266e+00
-1.446718843827969003e+00
-1.443219564567739255e+00
-1.439740300356401548e+00
-1.436285412092053182e+00
-1.432858982377731794e+00
-1.429464728619961100e+00
-1.426105935994797846e+00
-1.422785424933307619e+00
-1.419505556897792564e+00
-1.416268272824253271e+00
-1.413075153010818763e+00
-1.409927485463191354e+00
-1.406826330633658362e+00
-1.403772573040789950e+00
-1.400766953908423540e+00
-1.397810083434338768e+00
-1.394902435957827036e+00
-1.392044334934695815e+00
-1.389235935995567051e+00
-1.386477215056504120e+00
-1.383767965305445768e+00
-1.381107803430847047e+00
-1.378496182952585913e+00
-1.375932411401410205e+00
-1.373415668092497821e+00
-1.370945019774951312e+00
-1.368519431999970948e+00
-1.366137774348373801e+00
-1.363798817645397676e+00
-1.361501221106751425e+00
-1.359243507244959126e+00
-1.357024022571272415e+00
-1.354840882881434005e+00
-1.352691903451487265e+00
-1.350574517090697313e+00
-1.348485686975186892e+00
-1.346421826437191882e+00
-1.344378743437182999e+00
-1.342351630977667298e+00
-1.340335122817314817e+00
-1.338323423655414679e+00
-1.336310504955435574e+00
-1.334290337422206152e+00
-1.332257117844148464e+00
-1.330205448370605392e+00
-1.328130440072560647e+00
-1.326027733005565867e+00
-1.323893443719678764e+00
-1.321724063447460518e+00
-1.319516335630998460e+00
-1.317267141734764779e+00
-1.314973420668034354e+00
-1.312632139451187507e+00
-1.310240320618705656e+00
-1.307795116796501622e+00
-1.305293909380147888e+00
-1.302734401787893459e+00
-1.300114681178807130e+00
-1.297433233721289714e+00
-1.294688912094970057e+00
-1.291880864995616829e+00
-1.289008444950606735e+00
-1.286071113241975539e+00
-1.283068360359989946e+00
-1.279999657555741965e+00
-1.276864449203640284e+00
-1.273662186614515912e+00
-1.270392393285994626e+00
-1.267054743020899377e+00
-1.263649129673358074e+00
-1.260175711630428408e+00
-1.256634923076038968e+00
-1.253027453487432608e+00
-1.249354203587022205e+00
-1.245616229289708610e+00
-1.241814685832249188e+00
-1.237950783282528056e+00
-1.234025762425037254e+00
-1.230040896474971834e+00
-1.225997519254127033e+00
-1.221897075368980845e+00
-1.217741184389668607e+00
-1.213531710518326534e+00
-1.209270831620042230e+00
-1.204961104908926162e+00
-1.200605528628035712e+00
-1.196207598154096052e+00
-1.191771351011761571e+00
-1.187301389746452385e+00
-1.182802867266325331e+00
-1.178281419670249131e+00
-1.173743039473027716e+00
-1.169193897010275318e+00
-1.164640134411856431e+00
-1.160087666888287128e+00
-1.155542024621225128e+00
-1.151008256229531623e+00
-1.146490898018355464e+00
-1.141993999007979044e+00
-1.137521183633496413e+00
-1.133075731724289659e+00
-1.128660656903888393e+00
-1.124278768270809303e+00
-1.119932705611825119e+00
-1.115624945380253585e+00
-1.111357782388073367e+00
-1.107133298474124228e+00
-1.102953331894843014e+00
-1.098819458938177229e+00
-1.094732993739456095e+00
-1.090695006228889152e+00
-1.086706353757699972e+00
-1.082767719901661874e+00
-1.078879653711712017e+00
-1.075042603471190406e+00
-1.071256940374043065e+00
-1.067522969416846212e+00
-1.063840927204822595e+00
-1.060210968924180541e+00
-1.056633148598115968e+00
-1.053107397140848445e+00
-1.049633501580274686e+00
-1.046211086918411581e+00
-1.042839600557524005e+00
-1.039518298813326025e+00
-1.036246235878483857e+00
-1.033022257195676197e+00
-1.029845000614409312e+00
-1.026712908770561095e+00
-1.023624253874439782e+00
-1.020577171490592017e+00
-1.017569694410478176e+00
-1.014599773908207103e+00
-1.011665275638856665e+00
-1.008763941455437907e+00
-1.005893315031878954e+00
-1.003050636669330142e+00
-1.000232720249247587e+00
-9.974358329194102923e-01
-9.946556050603189147e-01
-9.918870017108236681e-01
-9.891243824144276831e-01
-9.863616606285003918e-01
-9.835925478149817325e-01
-9.808108401266207865e-01
-9.780106901889100701e-01
-9.751868109871740797e-01
-9.723345804410656879e-01
-9.694500427396995912e-01
-9.665298249693045074e-01
-9.635710002505025740e-01
-9.605709326841698203e-01
-9.575271379753371725e-01
-9.544371882476376800e-01
-9.512986796903919462e-01
-9.481092665926552643e-01
-9.448667471796962092e-01
-9.415691714553267033e-01
-9.382149356922385719e-01
-9.348028347510340952e-01
-9.313320581965833789e-01
-9.278021321847434999e-01
-9.242128210191844495e-01
-9.205640088074021898e-01
-9.168555841088056324e-01
-9.130873502113671103e-01
-9.092589804325879044e-01
-9.053700301428656561e-01
-9.014200045345960310e-01
-8.974084662389567590e-01
-8.933351556040478592e-01
-8.892000942834766830e-01
-8.850036505993995606e-01
-8.807465584733761288e-01
-8.764298943157754485e-01
-8.720550241781926948e-01
-8.676235362887508851e-01
-8.631371734763617631e-01
-8.585977776846934750e-01
-8.540072555467576043e-01
-8.493675698265261698e-01
-8.446807565661859085e-01
-8.399489630476655311e-01
-8.351744989006435471e-01
-8.303598929958215802e-01
-8.255079515682535174e-01
-8.206218162221957657e-01
-8.157050217788585078e-01
-8.107615520627128314e-01
-8.057958868641965644e-01
-8.008130271069612283e-01
-7.958184807070398659e-01
-7.908181925967636694e-01
-7.858184117575489624e-01
-7.808255048430351453e-01
-7.758457436909073079e-01
-7.708851037677302287e-01
-7.659491070369197629e-01
-7.610427282236850166e-01
-7.561703657832148373e-01
-7.513358654190197550e-01
-7.465425777035263888e-01
-7.417934310940076381e-01
-7.370910047686424216e-01
-7.324375901715082238e-01
-7.278352350655313829e-01
-7.232857689629313969e-01
-7.187908134868515875e-01
-7.143517844183173704e-01
-7.099698928747489868e-01
-7.056461512278987547e-01
-7.013813861687446805e-01
-6.971762583166224436e-01
-6.930312859154532656e-01
-6.889468695394529441e-01
-6.849233148954847472e-01
-6.809608512878571052e-01
-6.770596438810336792e-01
-6.732197985640837601e-01
-6.694413590309602480e-01
-6.657242965229335230e-01
-6.620684932347317142e-01
-6.584737204140446165e-01
-6.549396117656104410e-01
-6.514656323683977179e-01
-6.480510435389081891e-01
-6.446948653732141876e-01
-6.413958411224935929e-01
-6.381524105504136068e-01
-6.349627016586428807e-01
-6.318245496621718305e-01
-6.287355470813134062e-01
-6.256931193826646975e-01
-6.226946098838688215e-01
-6.197373507593633146e-01
-6.168186977204149768e-01
-6.139360139833953678e-01
-6.110866007788913201e-01
-6.082675830415168461e-01
-6.054757684762254177e-01
-6.027075062405237160e-01
-5.999585779763069171e-01
-5.972241564425826432e-01
-5.944988607983232587e-01
-5.917769188252633983e-01
-5.890524172646240952e-01
-5.863195926455282425e-01
-5.835731007086540911e-01
-5.808082103488186876e-01
-5.780208929657840722e-01
-5.752078072349230409e-01
-5.723662013497043954e-01
-5.694937659649863537e-01
-5.665884736434654290e-01
-5.636484381686894807e-01
-5.606718211244108296e-01
-5.576568027657967663e-01
-5.546016186515867474e-01
-5.515046452817037315e-01
-5.483645035274408164e-01
-5.451801446294968212e-01
-5.419508916603978932e-01
-5.386764248634852148e-01
-5.353567149180743501e-01
-5.319919191577414663e-01
-5.285822614816521048e-01
-5.251279188558835020e-01
-5.216289371395861352e-01
-5.180851958075216590e-01
-5.144964331098788035e-01
-5.108623297904659744e-01
-5.071826339419180929e-01
-5.034572984887580871e-01
-4.996866017899280754e-01
-4.958712310919312638e-01
-4.920123225549676849e-01
-4.881114634914091588e-01
-4.841706684232463531e-01
-4.801923406294785757e-01
-4.761792273493978822e-01
-4.721343724669261332e-01
-4.680610674924373105e-01
-4.639628012428768100e-01
-4.598432108550931652e-01
-4.557060403179081232e-01
-4.515551153712900612e-01
-4.473943436188477785e-01
-4.432277457391259889e-01
-4.390595187184581083e-01
-4.348941260835419431e-01
-4.307364034744491366e-01
-4.265916605442147680e-01
-4.224657530711411479e-01
-4.183650954413370981e-01
-4.142965881721062948e-01
-4.102674515276883982e-01
-4.062849822971381086e-01
-4.023562763918365204e-01
-3.984879720607178988e-01
-3.946860606868613508e-01
-3.909557893628379244e-01
-3.873016538185208857e-01
-3.837274618699892392e-01
-3.802364394927565949e-01
-3.768313515184421036e-01
-3.735146130747566406e-01
-3.702883740259663159e-01
-3.671545665036907158e-01
-3.641149152056342153e-01
-3.611709200925870000e-01
-3.583238282661456720e-01
-3.555746131564421764e-01
-3.529239743804470919e-01
-3.503723635381134072e-01
-3.479200334975869890e-01
-3.455671035404350167e-01
-3.433136301126459844e-01
-3.411596718595502620e-01
-3.391053375359384670e-01
-3.371508068011012660e-01
-3.352963180022263678e-01
-3.335421242229048011e-01
-3.318884273803285878e-01
-3.303353063220217933e-01
-3.288826554753697118e-01
-3.275301454621623032e-01
-3.262772092130891699e-01
-3.251230502841113701e-01
-3.240666664164535415e-01
-3.231068808528134717e-01
-3.222423753060721374e-01
-3.214717205123095445e-01
-3.207934022109635852e-01
-3.202058418789910377e-01
-3.197074125620176233e-01
-3.192964507358962423e-01
-3.189712653504361284e-01
-3.187301451243479966e-01
-3.185713648838536249e-01
-3.184931913971559836e-01
-3.184938888651653310e-01
-3.185717240448308618e-01
-3.187249709077091264e-01
-3.189519147406611466e-01
-3.192508556376222884e-01
-3.196201113804008065e-01
-3.200580197457686404e-01
-3.205629403004579547e-01
-3.211332557563192358e-01
-3.217673729585827647e-01
-3.224637235748050168e-01
-3.232207645437590315e-01
-3.240369783343211574e-01
-3.249108730555356206e-01
-3.258409824511094288e-01
-3.268258658048309173e-01
-3.278641077778171042e-01
-3.289543181939730276e-01
-3.300951317864412315e-01
-3.312852079149743445e-01
-3.325232302619349212e-01
-3.338079065128898848e-01
-3.351379680264169325e-01
-3.365121694966938803e-01
-3.379292886116307404e-01
-3.393881257086779901e-01
-3.408875034299577722e-01
-3.424262663779896743e-01
-3.440032807729918596e-01
-3.456174341125142768e-01
-3.472676348339877039e-01
-3.489528119806408202e-01
-3.506719148711399114e-01
-3.524239127732338717e-01
-3.542077945816413664e-01
-3.560225685003942098e-01
-3.578672617298511160e-01
-3.597409201586276306e-01
-3.616426080607527682e-01
-3.635714077984799619e-01
-3.655264195313651099e-01
-3.675067609325135543e-01
-3.695115669133350322e-01
-3.715399893588069435e-01
-3.735911968762394286e-01
-3.756643745620248942e-01
-3.777587237930833397e-01
-3.798734620530517803e-01
-3.820078228082476879e-01
-3.841610554558656521e-01
-3.863324253778992468e-01
-3.885212141505798300e-01
-3.907267199829881354e-01
-3.929482584929476774e-01
-3.951851639769295432e-01
-3.974367913967681853e-01
-3.997025193899443329e-01
-4.019817547035040017e-01
-4.042739385237890115e-01
-4.065785551486724714e-01
-4.088951431701323691e-01
-4.112233085481720174e-01
-4.135627373869549261e-01
-4.159132039106899770e-01
-4.182745670988505804e-01
-4.206467500684120675e-01
-4.230297018827882671e-01
-4.254233505208635524e-01
-4.278275616308644391e-01
-4.302421148037255949e-01
-4.326666998913480944e-01
-4.351009279469099655e-01
-4.375443489172052280e-01
-4.399964699728989848e-01
-4.424567712658536989e-01
-4.449247181299589293e-01
-4.473997699317515675e-01
-4.498813862170926159e-01
-4.523690308474139221e-01
-4.548621747117390091e-01
-4.573602974595798454e-01
-4.598628885735367433e-01
-4.623694480022507713e-01
-4.648794865032162549e-01
-4.673925257954172907e-01
-4.699080985880669803e-01
-4.724257485291586955e-01
-4.749450301025587295e-01
-4.774655084924816495e-01
-4.799867594276893690e-01
-4.825083690134870928e-01
-4.850299335567937464e-01
-4.875510593877316334e-01
-4.900713626799801936e-01
-4.925904692713518052e-01
-4.951080144855327103e-01
-4.976236429555930263e-01
-5.001370084496491453e-01
-5.026477736989146683e-01
-5.051556102282825922e-01
-5.076601981895156879e-01
-5.101612261970837059e-01
-5.126583911666574567e-01
-5.151513981562523270e-01
-5.176399602100025810e-01
-5.201237982045404662e-01
-5.226026406979495942e-01
-5.250762237812578448e-01
-5.275442909324356000e-01
-5.300065928728618925e-01
-5.324628874262220535e-01
-5.349129393797997789e-01
-5.373565203481260877e-01
-5.397934086389496455e-01
-5.422233891214911505e-01
-5.446462530969460314e-01
-5.470617981712009303e-01
-5.494698281297272224e-01
-5.518701528146191526e-01
-5.542625880037405084e-01
-5.566469552919485198e-01
-5.590230819743596813e-01
-5.613908009316271874e-01
-5.637499505171961189e-01
-5.661003744465060716e-01
-5.684419216881092529e-01
-5.707744463566746251e-01
-5.730978076078466765e-01
-5.754118695349297319e-01
-5.777165010673689372e-01
-5.800115758709983860e-01
-5.822969722500286327e-01
-5.845725730507457252e-01
-5.868382655668932246e-01
-5.890939414467121216e-01
-5.913394966016096710e-01
-5.935748311164331659e-01
-5.957998491613208936e-01
-5.980144589051060722e-01
-6.002185724302482317e-01
-6.024121056492673931e-01
-6.045949782226570646e-01
-6.067671134782512965e-01
-6.089284383320235916e-01
-6.110788832102931334e-01
-6.132183819733163510e-01
-6.153468718402408388e-01
-6.174642933154000923e-01
-6.195705901159267448e-01
-6.216657091006626557e-01
-6.237496002003456441e-01
-6.258222163490509971e-01
-6.278835134168680998e-01
-6.299334501437914291e-01
-6.319719880748063678e-01
-6.339990914961503021e-01
-6.360147273727296824e-01
-6.380188652866740640e-01
-6.400114773770081422e-01
-6.419925382804245739e-01
-6.439620250731379336e-01
-6.459199172138030409e-01
-6.478661964874801171e-01
-6.498008469506287854e-01
-6.517238548771147055e-01
-6.536352087052118565e-01
-6.555348989855839248e-01
-6.574229183302283674e-01
-6.592992613623677167e-01
-6.611639246672723624e-01
-6.630169067439986019e-01
-6.648582079580278581e-01
-6.666878304947911893e-01
-6.685057783140647691e-01
-6.703120571052216814e-01
-6.721066742433259300e-01
-6.738896387460540094e-01
-6.756609612314312674e-01
-6.774206538763682950e-01
-6.791687303759846861e-01
-6.809052059037065119e-01
-6.826300970721247419e-01
-6.843434218946019554e-01
-6.860451997476141317e-01
-6.877354513338160835e-01
-6.894141986458175442e-01
-6.910814649306579183e-01
-6.927372746549685933e-01
-6.943816534708104893e-01
-6.960146281821754100e-01
-6.976362267121405392e-01
-6.992464780706642014e-01
-7.008454123230126731e-01
-7.024330605588066101e-01
-7.040094548616773196e-01
-7.055746282795216651e-01
-7.071286147953460555e-01
-7.086714492986888603e-01
-7.102031675576117031e-01
-7.117238061912498637e-01
-7.132334026429120177e-01
-7.147319951537197680e-01
-7.162196227367783052e-01
-7.176963251518679865e-01
-7.191621428806488359e-01
-7.206171171023684208e-01
-7.220612896700648875e-01
-7.234947030872560525e-01
-7.249174004851066666e-01
-7.263294256000650817e-01
-7.277308227519613260e-01
-7.291216368225584832e-01
-7.305019132345497157e-01
-7.318716979309926041e-01
-7.332310373551740312e-01
-7.345799784308968405e-01
-7.359185685431818280e-01
-7.372468555193775197e-01
-7.385648876106706284e-01
-7.398727134739894185e-01
-7.411703821542942050e-01
-7.424579430672471059e-01
-7.437354459822552721e-01
-7.450029410058798263e-01
-7.462604785656049566e-01
-7.475081093939602850e-01
-7.487458845129907337e-01
-7.499738552190666763e-01
-7.511920730680294866e-01
-7.524005898606654918e-01
-7.535994576285030000e-01
-7.547887286199265189e-01
-7.559684552866019480e-01
-7.571386902702083033e-01
-7.582994863894687576e-01
-7.594508966274773343e-01
-7.605929741193142579e-01
-7.617257721399464110e-01
-7.628493440924059010e-01
-7.639637434962431861e-01
-7.650690239762488742e-01
-7.661652392514397558e-01
-7.672524431243036291e-01
-7.683306894702988110e-01
-7.694000322276032255e-01
-7.704605253871089632e-01
-7.715122229826567590e-01
-7.725551790815073927e-01
-7.735894477750442366e-01
-7.746150831697034000e-01
-7.756321393781272500e-01
-7.766406705105369790e-01
-7.776407306663198904e-01
-7.786323739258276255e-01
-7.796156543423817809e-01
-7.805906259344818077e-01
-7.815573426782128630e-01
-7.825158584998488376e-01
-7.834662272686472306e-01
-7.844085027898318740e-01
-7.853427387977603980e-01
-7.862689889492731066e-01
-7.871873068172186017e-01
-7.880977458841541550e-01
-7.890003595362167221e-01
-7.898952010571614890e-01
-7.907823236225648422e-01
-7.916617802941882109e-01
-7.925336240145000044e-01
-7.933979076013524256e-01
-7.942546837428104967e-01
-7.951040049921294095e-01
-7.959459237628786488e-01
-7.967804923242084447e-01
-7.976077627962573358e-01
-7.984277871456966214e-01
-7.992406171814099292e-01
-8.000463045503053428e-01
-8.008449007332563152e-01
-8.016364570411698143e-01
-8.024210246111791456e-01
-8.031986544029584563e-01
-8.039693971951564766e-01
-8.047333035819477232e-01
-8.054904239696979440e-01
-8.062408085737421404e-01
-8.069845074152728337e-01
-8.077215703183355799e-01
-8.084520469069303994e-01
-8.091759866022166792e-01
-8.098934386198194391e-01
-8.106044519672341853e-01
-8.113090754413296857e-01
-8.120073576259452253e-01
-8.126993468895813422e-01
-8.133850913831814911e-01
-8.140646390380030795e-01
-8.147380375635757677e-01
-8.154053344457453667e-01
-8.160665769448013362e-01
-8.167218120936858838e-01
-8.173710866962839994e-01
-8.180144473257910942e-01
-8.186519403231575787e-01
-8.192836117956086017e-01
-8.199095076152373984e-01
-8.205296734176699136e-01
-8.211441546007999248e-01
-8.217529963235931101e-01
-8.223562435049579511e-01
-8.229539408226821395e-01
-8.235461327124338204e-01
-8.241328633668247861e-01
-8.247141767345359531e-01
-8.252901165195019040e-01
-8.258607261801543808e-01
-8.264260489287231781e-01
-8.269861277305929903e-01
-8.275410053037146607e-01
-8.280907241180697209e-01
-8.286353263951875547e-01
-8.291748541077130774e-01
-8.297093489790242637e-01
-8.302388524828984151e-01
-8.307634058432252777e-01
-8.312830500337669015e-01
-8.317978257779625739e-01
-8.323077735487777185e-01
-8.328129335685956480e-01
-8.333133458091513956e-01
-8.338090499915066234e-01
-8.343000855860639442e-01
-8.347864918126205458e-01
-8.352683076404594509e-01
-8.357455717884779700e-01
-8.362183227253520146e-01
-8.366865986697354929e-01
-8.371504375904940121e-01
-8.376098772069716647e-01
-8.380649549892906780e-01
-8.385157081586821493e-01
-8.389621736878476455e-01
-8.394043883013511120e-01
-8.398423884760392033e-01
-8.402762104414908118e-01
-8.407058901804932427e-01
-8.411314634295457004e-01
-8.415529656793889757e-01
-8.419704321755598908e-01
-8.423838979189708365e-01
-8.427933976665127336e-01
-8.431989659316819763e-01
-8.436006369852290243e-01
-8.439984448558293106e-01
-8.443924233307753546e-01
-8.447826059566895252e-01
-8.451690260402565658e-01
-8.455517166489754377e-01
-8.459307106119303699e-01
-8.463060405205793391e-01
-8.466777387295609802e-01
-8.470458373575175948e-01
-8.474103682879355892e-01
-8.477713631700011243e-01
-8.481288534194713069e-01
-8.484828702195608141e-01
-8.488334445218420621e-01
-8.491806070471595858e-01
-8.495243882865582963e-01
-8.498648185022238399e-01
-8.502019277284358356e-01
-8.505357457725329917e-01
-8.508663022158899913e-01
-8.511936264149051468e-01
-8.515177475019987119e-01
-8.518386943866216310e-01
-8.521564957562741682e-01
-8.524711800775337522e-01
-8.527827755970918133e-01
-8.530913103427995026e-01
-8.533968121247216265e-01
-8.536993085361982425e-01
-8.539988269549141364e-01
-8.542953945439748509e-01
-8.545890382529905960e-01
-8.548797848191653781e-01
-8.551676607683935671e-01
-8.554526924163611268e-01
-8.557349058696530619e-01
-8.560143270268661952e-01
-8.562909815797259405e-01
-8.565648950142089602e-01
-8.568360926116690424e-01
-8.571045994499674192e-01
-8.573704404046069705e-01
-8.576336401498698692e-01
-8.578942231599582247e-01
-8.581522137101378345e-01
-8.584076358778844895e-01
-8.586605135440332770e-01
-8.589108703939293266e-01
-8.591587299185811100e-01
-8.594041154158150730e-01
-8.596470499914321550e-01
-8.598875565603656401e-01
-8.601256578478395642e-01
-8.603613763905287870e-01
-8.605947345377190638e-01
-8.608257544524680061e-01
-8.610544581127660413e-01
-8.612808673126980397e-01
-8.615050036636039410e-01
-8.617268885952400481e-01
-8.619465433569393209e-01
-8.621639890187711153e-01
-8.623792464727003670e-01
-8.625923364337456656e-01
-8.628032794411363282e-01
-8.630120958594682534e-01
-8.632188058798579977e-01
-8.634234295210958532e-01
-8.636259866307970379e-01
-8.638264968865508875e-01
-8.640249797970681600e-01
-8.642214547033264527e-01
-8.644159407797132877e-01
-8.646084570351665333e-01
-8.647990223143129374e-01
-8.649876552986036637e-01
-8.651743745074472747e-01
-8.653591982993400489e-01
-8.655421448729929690e-01
-8.657232322684560444e-01
-8.659024783682396365e-01
-8.660799008984321201e-01
-8.662555174298145477e-01
-8.664293453789720934e-01
-8.666014020094012782e-01
-8.667717044326146425e-01
-8.669402696092407545e-01
-8.671071143501212219e-01
-8.672722553174034843e-01
-8.674357090256298308e-01
-8.675974918428224214e-01
-8.677576199915645327e-01
-8.679161095500769196e-01
-8.680729764532910675e-01
-8.682282364939172270e-01
-8.683819053235088958e-01
-8.685339984535225266e-01
-8.686845312563726829e-01
-8.688335189664831981e-01
-8.689809766813334502e-01
-8.691269193625003053e-01
-8.692713618366950667e-01
-8.694143187967960928e-01
-8.695558048028764198e-01
-8.696958342832269429e-01
-8.698344215353746023e-01
-8.699715807270954615e-01
-8.701073258974235669e-01
-8.702416709576542564e-01
-8.703746296923426939e-01
-8.705062157602976303e-01
-8.706364426955698343e-01
-8.707653239084356400e-01
-8.708928726863754965e-01
-8.710191021950471901e-01
-8.711440254792540694e-01
-8.712676554639082749e-01
-8.713900049549881954e-01
-8.715110866404917056e-01
-8.716309130913830749e-01
-8.717494967625354363e-01
-8.718668499936679250e-01
-8.719829850102769342e-01
-8.720979139245629286e-01
-8.722116487363513748e-01
-8.723242013340084533e-01
-8.724355834953517741e-01
-8.725458068885552088e-01
-8.726548830730488371e-01
-8.727628235004134538e-01
-8.728696395152696352e-01
-8.729753423561613657e-01
-8.730799431564344459e-01
-8.731834529451095728e-01
-8.732858826477496450e-01
-8.733872430873222958e-01
-8.734875449850566520e-01
-8.735867989612948747e-01
-8.736850155363380388e-01
-8.737822051312871263e-01
-8.738783780688780256e-01
-8.739735445743118669e-01
-8.740677147760794741e-01
-8.741608987067803760e-01
-8.742531063039370443e-01
-8.743443474108032465e-01
-8.744346317771671817e-01
-8.745239690601492866e-01
-8.746123688249948236e-01
-8.746998405458611403e-01
