-1.361559999999998993e+00
-1.361559999999998993e+00
-1.361554274139614717e+00
-1.361537379007464077e+00
-1.361504158477663040e+00
-1.361449752901855659e+00
-1.361369615230441088e+00
-1.361259535866280013e+00
-1.361115676891212267e+00
-1.360934614096287465e+00
-1.360713380937710104e+00
-1.360449501186438148e+00
-1.360140987847931582e+00
-1.359786282096604904e+00
-1.359384121326437045e+00
-1.358933365999213549e+00
-1.358432854180099403e+00
-1.357881344331622442e+00
-1.357277549908621372e+00
-1.356620219884914214e+00
-1.355908215836606701e+00
-1.355140561789664355e+00
-1.354316466248387751e+00
-1.353435324805771112e+00
-1.352496711228074355e+00
-1.351500362397017874e+00
-1.350446161438167758e+00
-1.349334123491878312e+00
-1.348164388458870766e+00
-1.346937223845966924e+00
-1.345653038752929076e+00
-1.344312407880133842e+00
-1.342916102923950250e+00
-1.341465128131977158e+00
-1.339960756991895874e+00
-1.338404567772988329e+00
-1.336798476701641425e+00
-1.335144768696878703e+00
-1.333446126476581561e+00
-1.331705659025558486e+00
-1.329926929523916668e+00
-1.328113980818025119e+00
-1.326271353788416762e+00
-1.324404091365811054e+00
-1.322517719555541094e+00
-1.320618197730148990e+00
-1.318711834337033872e+00
-1.316805170874703279e+00
-1.314904845091130259e+00
-1.313017451279648418e+00
-1.311149418475902717e+00
-1.309306924618873325e+00
-1.307495856789000044e+00
-1.305721816912564393e+00
-1.303990162040567613e+00
-1.302306061130945825e+00
-1.300674547618872801e+00
-1.299100549238733748e+00
-1.297588883009573646e+00
-1.296144212695679920e+00
-1.294770976240337879e+00
-1.293473298866670840e+00
-1.292254911229709702e+00
-1.291119090103832523e+00
-1.290068632560053885e+00
-1.289105865938290574e+00
-1.288232687937646004e+00
-1.287450625757851519e+00
-1.286760901120167944e+00
-1.286164488953490448e+00
-1.285662160894901707e+00
-1.285254509667168366e+00
-1.284941955772637368e+00
-1.284724742471536896e+00
-1.284602927459165267e+00
-1.284576379391319412e+00
-1.284644784746880486e+00
-1.284807666552042482e+00
-1.285064412514547394e+00
-1.285414307084167707e+00
-1.285856560317694575e+00
-1.286390326290335340e+00
-1.287014705136626080e+00
-1.287728725484818204e+00
-1.288531307638337120e+00
-1.289421211497124409e+00
-1.290396975804810609e+00
-1.291456856062030756e+00
-1.292598767391605952e+00
-1.293820236672575064e+00
-1.295118366617682870e+00
-1.296489814027830478e+00
-1.297930785265584364e+00
-1.299437053229486105e+00
-1.301004000414731632e+00
-1.302626690695812606e+00
-1.304299967773857816e+00
-1.306018571778831294e+00
-1.307777259697157968e+00
-1.309570912813142973e+00
-1.311394616624697917e+00
-1.313243704960783242e+00
-1.315113767916823218e+00
-1.317000630226471625e+00
-1.318900311318924379e+00
-1.320808980257622611e+00
-1.322722918294196415e+00
-1.324638499181266305e+00
-1.326552192876695013e+00
-1.328460592384760330e+00
-1.330360457508682037e+00
-1.332248765084436348e+00
-1.334122754324413407e+00
-1.335979958384743593e+00
-1.337818217856655778e+00
-1.339635676595568814e+00
-1.341430763623495448e+00
-1.343202166261762365e+00
-1.344948799505623072e+00
-1.346669775619301568e+00
-1.348364376627087635e+00
-1.350032031194242643e+00
-1.351672296507204774e+00
-1.353284845209371534e+00
-1.354869457174457947e+00
-1.356426015798583018e+00
-1.357954508432561935e+00
-1.359455030432438205e+00
-1.360927791999690495e+00
-1.362373126515358912e+00
-1.363791498564959737e+00
-1.365183509568149711e+00
-1.366549899250106170e+00
-1.367891542470872412e+00
-1.369209443205944732e+00
-1.370504730221456580e+00
-1.371778661161713764e+00
-1.373032642266613923e+00
-1.374268269227119532e+00
-1.375487391022594874e+00
-1.376692193656442909e+00
-1.377885295139315236e+00
-1.379069837331023951e+00
-1.380249555138514106e+00
-1.381428800821755454e+00
-1.382612503483099831e+00
-1.383806053613997999e+00
-1.385015119618572932e+00
-1.386245422877012468e+00
-1.387502512182101633e+00
-1.388791580423547556e+00
-1.390117355082445494e+00
-1.391484074657804992e+00
-1.392895543270735947e+00
-1.394355240894529890e+00
-1.395866458553648215e+00
-1.397432425599064221e+00
-1.399056398946679991e+00
-1.400741692199902300e+00
-1.402491636258994090e+00
-1.404309480722999215e+00
-1.406198262224099604e+00
-1.408160675299273024e+00
-1.410198979414319709e+00
-1.412314963611002616e+00
-1.414509973647906094e+00
-1.416784991603617039e+00
-1.419140748065738533e+00
-1.421577842476277498e+00
-1.424096846865459121e+00
-1.426698371536780252e+00
-1.429383078664302476e+00
-1.432151641358886618e+00
-1.435004659644399494e+00
-1.437942556547441075e+00
-1.440965482268096842e+00
-1.444073250125285979e+00
-1.447265317006110275e+00
-1.450540808372960067e+00
-1.453898577804312531e+00
-1.457337285259863835e+00
-1.460855476256726515e+00
-1.464451644807792441e+00
-1.468124265812137619e+00
-1.471871787779885477e+00
-1.475692584210466896e+00
-1.479584870154081022e+00
-1.483546596682117968e+00
-1.487575337666448227e+00
-1.491668180170109936e+00
-1.495821624345601286e+00
-1.500031494650290620e+00
-1.504292864076541392e+00
-1.508599997419748151e+00
-1.512946326530625107e+00
-1.517324476305248249e+00
-1.521726360176395509e+00
-1.526143354405172570e+00
-1.530566541831601901e+00
-1.534986994127507831e+00
-1.539396047021728720e+00
-1.543785523121095737e+00
-1.548147871744013360e+00
-1.552476217176305351e+00
-1.556764326829242151e+00
-1.561006523542288082e+00
-1.565197571257504361e+00
-1.569332562614349724e+00
-1.573406832574087533e+00
-1.577415914526488994e+00
-1.581355544496242160e+00
-1.585221706376531481e+00
-1.589010700062950976e+00
-1.592719209177420936e+00
-1.596344347802833408e+00
-1.599883674457021288e+00
-1.603335172024556110e+00
-1.606697200571387318e+00
-1.609968434279987370e+00
-1.613147794683633007e+00
-1.616234391214628641e+00
-1.619227477676829841e+00
-1.622126429817598137e+00
-1.624930744787987935e+00
-1.627640058608241125e+00
-1.630254174208026319e+00
-1.632773091584041492e+00
-1.635197033401895483e+00
-1.637526462808006178e+00
-1.639762093490095163e+00
-1.641904893784135400e+00
-1.643956086565204977e+00
-1.645917145375787261e+00
-1.647789785824771203e+00
-1.649575950934024871e+00
-1.651277790720657279e+00
-1.652897639942957575e+00
-1.654438002423798348e+00
-1.655901553593942754e+00
-1.657291173006484319e+00
-1.658610015054284403e+00
-1.659861619804375632e+00
-1.661050057847163197e+00
-1.662180093834663586e+00
-1.663257343160682744e+00
-1.664288386361105543e+00
-1.665280800160277463e+00
-1.666243068815279837e+00
-1.667184359667763127e+00
-1.668114181173668609e+00
-1.669041978712124230e+00
-1.669976745989948830e+00
-1.670926726112937688e+00
-1.671899248775463143e+00
-1.672900712620637442e+00
-1.673936689723947158e+00
-1.675012109836367946e+00
-1.676131474848475023e+00
-1.677299055052615451e+00
-1.678519025875361281e+00
-1.679795517319452758e+00
-1.681132569219157435e+00
-1.682534010770099231e+00
-1.684003304693163283e+00
-1.685543405492318403e+00
-1.687156673572668630e+00
-1.688844867091498836e+00
-1.690609210860508416e+00
-1.692450524214857088e+00
-1.694369380035436468e+00
-1.696366263580701084e+00
-1.698441700437397506e+00
-1.700596327557861498e+00
-1.702830891469607311e+00
-1.705146173886008976e+00
-1.707542863928312338e+00
-1.710021410926000351e+00
-1.712581895398067822e+00
-1.715223946816683442e+00
-1.717946720218283652e+00
-1.720748927382283577e+00
-1.723628907414422429e+00
-1.726584717083565312e+00
-1.729614221322403500e+00
-1.732715166806267248e+00
-1.735885225528459586e+00
-1.739122000854322891e+00
-1.742422995515737538e+00
-1.745785547962406925e+00
-1.749206747918474747e+00
-1.752683342084930818e+00
-1.756211637256433811e+00
-1.759787403580388876e+00
-1.763405778691786940e+00
-1.767061176079691265e+00
-1.770747208177390730e+00
-1.774456643948158829e+00
-1.778181427640745715e+00
-1.781912784074910938e+00
-1.785641421842311560e+00
-1.789357820410576227e+00
-1.793052559619102926e+00
-1.796716634022593073e+00
-1.800341698667609069e+00
-1.803920214493948571e+00
-1.807445489195750765e+00
-1.810911631586714865e+00
-1.814313449161360614e+00
-1.817646320815173633e+00
-1.820906073247441803e+00
-1.824088883161846253e+00
-1.827191218839807840e+00
-1.830209824118971484e+00
-1.833141736574974034e+00
-1.835984322944906211e+00
-1.838735311942402806e+00
-1.841392808549600080e+00
-1.843955282172366372e+00
-1.846421529670472017e+00
-1.848790620303007781e+00
-1.851061832425550335e+00
-1.853234592239845435e+00
-1.855308424070881479e+00
-1.857282919858168624e+00
-1.859157732489427284e+00
-1.860932593126186196e+00
-1.862607347635024002e+00
-1.864182003533231491e+00
-1.865656778217653411e+00
-1.867032141814306989e+00
-1.868308852075315718e+00
-1.869487982033878559e+00
-1.870570942076101195e+00
-1.871559496540061041e+00
-1.872455771907256095e+00
-1.873262250877980817e+00
-1.873981746258124303e+00
-1.874617352360552713e+00
-1.875172379550726687e+00
-1.875650286963386204e+00
-1.876054634764784401e+00
-1.876389077073034706e+00
-1.876657409604270965e+00
-1.876863675086285710e+00
-1.877012317550465825e+00
-1.877108365052942984e+00
-1.877157609094191493e+00
-1.877166738856326234e+00
-1.877143383328173432e+00
-1.877096021297236073e+00
-1.877033743623587547e+00
-1.876965891634213124e+00
-1.876901635699974147e+00
-1.876849579453951922e+00
-1.876817466301085924e+00
-1.876812031468055197e+00
-1.876839002288295477e+00
-1.876903217761088261e+00
-1.877008821827437002e+00
-1.877159480736756647e+00
-1.877358578331137062e+00
-1.877609351481232647e+00
-1.877914941895695966e+00
-1.878278360926133095e+00
-1.878702387765891935e+00
-1.879189440622885954e+00
-1.879741466480285172e+00
-1.880359885418633636e+00
-1.881045605840684809e+00
-1.881799106614494344e+00
-1.882620567610792106e+00
-1.883510022526177163e+00
-1.884467505206791627e+00
-1.885493161150818331e+00
-1.886587299952432906e+00
-1.887750374184172797e+00
-1.888982886261337812e+00
-1.890285243533418535e+00
-1.891657595562479921e+00
-1.893099689454647683e+00
-1.894610768637398079e+00
-1.896189523831710133e+00
-1.897834090302687127e+00
-1.899542077683625374e+00
-1.901310617979773188e+00
-1.903136421114079324e+00
-1.905015832332360493e+00
-1.906944889352680139e+00
-1.908919377829365827e+00
-1.910934881395519147e+00
-1.912986818682888446e+00
-1.915070456720248560e+00
-1.917180890031502605e+00
-1.919312978126795688e+00
-1.921461240127185111e+00
-1.923619713130198638e+00
-1.925781790472556265e+00
-1.927940067240993205e+00
-1.930086231551661147e+00
-1.932211046405192922e+00
-1.934304460862223518e+00
-1.936355865163601031e+00
-1.938354465169454421e+00
-1.940289711938377515e+00
-1.942151702270708435e+00
-1.943931476368258027e+00
-1.945621172781614616e+00
-1.947214040542471380e+00
-1.948704338043870665e+00
-1.950087162360630622e+00
-1.951358254415319848e+00
-1.952513820147329771e+00
-1.953550398781304986e+00
-1.954464796573057050e+00
-1.955254087712998468e+00
-1.955915665832095529e+00
-1.956447315709972878e+00
-1.956847271308775449e+00
-1.957114234348505066e+00
-1.957247342539228496e+00
-1.957246091354724937e+00
-1.957110223451709263e+00
-1.956839605070630039e+00
-1.956434110684771799e+00
-1.955893536957341139e+00
-1.955217564026094923e+00
-1.954405774447822042e+00
-1.953457727297330138e+00
-1.952373070062435323e+00
-1.951151660408317889e+00
-1.949793668997833462e+00
-1.948299643521739011e+00
-1.946670527746193535e+00
-1.944907641329798764e+00
-1.943012632833433839e+00
-1.940987419825261684e+00
-1.938834128263721812e+00
-1.936555040356589430e+00
-1.934152556835702752e+00
-1.931629176291552508e+00
-1.928987491028923751e+00
-1.926230196377115789e+00
-1.923360109285526809e+00
-1.920380192665874342e+00
-1.917293583670762747e+00
-1.914103625619587579e+00
-1.910813903371151978e+00
-1.907428280015151190e+00
-1.903950929046096086e+00
-1.900386351809321361e+00
-1.896739367046291092e+00
-1.893015060506654246e+00
-1.889218689745155055e+00
-1.885355551360923920e+00
-1.881430830185311986e+00
-1.877449455909022680e+00
-1.873415989097234613e+00
-1.869334547872888663e+00
-1.865208774693813076e+00
-1.861041834696674613e+00
-1.856836434728157403e+00
-1.852594854218121867e+00
-1.848318983090656342e+00
-1.844010365681663766e+00
-1.839670251482305341e+00
-1.835299652734119213e+00
-1.830899406033346555e+00
-1.826470231966521807e+00
-1.822012785467216789e+00
-1.817527690987714495e+00
-1.813015559975837521e+00
-1.808476991945803469e+00
-1.803912563448556439e+00
-1.799322811220169127e+00
-1.794708216987799032e+00
-1.790069201947088740e+00
-1.785406138341798510e+00
-1.780719383109414578e+00
-1.776009333967260462e+00
-1.771276502740937842e+00
-1.766521596528887184e+00
-1.761745596470096542e+00
-1.756949826449745178e+00
-1.752136007984977706e+00
-1.747306300268508084e+00
-1.742463324600983965e+00
-1.737610170565209611e+00
-1.732750378767635935e+00
-1.727887893650450479e+00
-1.723026981336475805e+00
-1.718172112356646908e+00
-1.713327816554834460e+00
-1.708498525003596002e+00
-1.703688418263137327e+00
-1.698901299643045260e+00
-1.694140506457632478e+00
-1.689408863956697093e+00
-1.684708678745616028e+00
-1.680041763278940392e+00
-1.675409481029632497e+00
-1.670812802546674636e+00
-1.666252364661023444e+00
-1.661728527548246070e+00
-1.657241426555614794e+00
-1.652791017376587179e+00
-1.648377114279855338e+00
-1.643999421767163405e+00
-1.639657560370729072e+00
-1.635351087422798333e+00
-1.631079513624957400e+00
-1.626842316173954472e+00
-1.622638949102185313e+00
-1.618468851386906104e+00
-1.614331453284390649e+00
-1.610226181258912259e+00
-1.606152461803176390e+00
-1.602109724386248990e+00
-1.598097403715802889e+00
-1.594114941461999502e+00
-1.590161787558883821e+00
-1.586237401174310335e+00
-1.582341251419832728e+00
-1.578472817856607646e+00
-1.574631590841300222e+00
-1.570817071746525517e+00
-1.567028773082954851e+00
-1.563266218544408837e+00
-1.559528942992699507e+00
-1.555816492395394324e+00
-1.552128423726837125e+00
-1.548464304840503569e+00
-1.544823714318944274e+00
-1.541206241306073643e+00
-1.537611485325281135e+00
-1.534039056085694241e+00
-1.530488573277803521e+00
-1.526959666358464585e+00
-1.523451974323881464e+00
-1.519965145467372825e+00
-1.516498837116257770e+00
-1.513052715338711662e+00
-1.509626454606376234e+00
-1.506219737391053748e+00
-1.502832253662759854e+00
-1.499463700239961339e+00
-1.496113779918319953e+00
-1.492782200267795290e+00
-1.489468671933824373e+00
-1.486172906198366839e+00
-1.482894611439603549e+00
-1.479633487960179794e+00
-1.476389220415546877e+00
-1.473161466750105397e+00
-1.469949842137322049e+00
-1.466753895962612964e+00
-1.463573079534340682e+00
-1.460406702333173046e+00
-1.457253875976869173e+00
-1.454113448934179820e+00
-1.450983942717606334e+00
-1.447863511623581623e+00
-1.444749958077717888e+00
-1.441640832564187402e+00
-1.438533619709145617e+00
-1.435425967711231099e+00
-1.432315889435597622e+00
-1.429201877653603292e+00
-1.426082922049485724e+00
-1.422958454573743481e+00
-1.419828261717914764e+00
-1.416692393678884665e+00
-1.413551086150491853e+00
-1.410404699563181152e+00
-1.407253674760373219e+00
-1.404098501943638500e+00
-1.400939699487193213e+00
-1.397777799748198602e+00
-1.394613339690965015e+00
-1.391446854762101060e+00
-1.388278874934866236e+00
-1.385109922189696974e+00
-1.381940508940710410e+00
-1.378771137083107945e+00
-1.375602297447023670e+00
-1.372434469516793154e+00
-1.369268121323085730e+00
-1.366103709447210157e+00
-1.362941679097819936e+00
-1.359782464233958654e+00
-1.356626487717363716e+00
-1.353474161482837612e+00
-1.350325886719350610e+00
-1.347182054057070699e+00
-1.344043043757175093e+00
-1.340909225902388258e+00
-1.337780960586910206e+00
-1.334658598104865312e+00
-1.331542479136717416e+00
-1.328432934933298393e+00
-1.325330287497233472e+00
-1.322234849761635189e+00
-1.319146925765996237e+00
-1.316066810829250810e+00
-1.312994791719998000e+00
-1.309931146823901882e+00
-1.306876146308285414e+00
-1.303830052283952989e+00
-1.300793118964270745e+00
-1.297765592821545244e+00
-1.294747712740735190e+00
-1.291739710170538569e+00
-1.288741809271892524e+00
-1.285754227063926614e+00
-1.282777173567408946e+00
-1.279810851945724304e+00
-1.276855458643423313e+00
-1.273911183522380419e+00
-1.270978209995599073e+00
-1.268056715158701442e+00
-1.265146869919140604e+00
-1.262248839123168542e+00
-1.259362781680599008e+00
-1.256488850687399683e+00
-1.253627193546146268e+00
-1.250777952084376254e+00
-1.247941262670872575e+00
-1.245117256329913547e+00
-1.242306058853519080e+00
-1.239507790911727136e+00
-1.236722568160931290e+00
-1.233950501350311590e+00
-1.231191696426387150e+00
-1.228446254635723989e+00
-1.225714272625825663e+00
-1.222995842544236211e+00
-1.220291052135885845e+00
-1.217599984838705796e+00
-1.214922719877541635e+00
-1.212259332356392827e+00
-1.209609893349004484e+00
-1.206974469987839527e+00
-1.204353125551456349e+00
-1.201745919550318842e+00
-1.199152907811063873e+00
-1.196574142559251097e+00
-1.194009672500620844e+00
-1.191459542900882962e+00
-1.188923795664062366e+00
-1.186402469409423732e+00
-1.183895599546998190e+00
-1.181403218351737117e+00
-1.178925355036312128e+00
-1.176462035822587682e+00
-1.174013284011783620e+00
-1.171579120053353629e+00
-1.169159561612596709e+00
-1.166754623637026089e+00
-1.164364318421513111e+00
-1.161988655672228532e+00
-1.159627642569399875e+00
-1.157281283828905050e+00
-1.154949581762720889e+00
-1.152632536338246583e+00
-1.150330145236519774e+00
-1.148042403909343756e+00
-1.145769305635345070e+00
-1.143510841574977288e+00
-1.141267000824490729e+00
-1.139037770468883659e+00
-1.136823135633852955e+00
-1.134623079536761114e+00
-1.132437583536634262e+00
-1.130266627183210693e+00
-1.128110188265052383e+00
-1.125968242856737911e+00
-1.123840765365150540e+00
-1.121727728574877236e+00
-1.119629103692734162e+00
-1.117544860391432637e+00
-1.115474966852400440e+00
-1.113419389807772220e+00
-1.111378094581564779e+00
-1.109351045130047675e+00
-1.107338204081327326e+00
-1.105339532774153977e+00
-1.103354991295966592e+00
-1.101384538520189471e+00
-1.099428132142790782e+00
-1.097485728718118114e+00
-1.095557283694022388e+00
-1.093642751446282535e+00
-1.091742085312341848e+00
-1.089855237624369977e+00
-1.087982159741659904e+00
-1.086122802082373440e+00
-1.084277114154644339e+00
-1.082445044587051930e+00
-1.080626541158475007e+00
-1.078821550827337328e+00
-1.077030019760254920e+00
-1.075251893360095856e+00
-1.073487116293462273e+00
-1.071735632517605508e+00
-1.069997385306782789e+00
-1.068272317278066819e+00
-1.066560370416617110e+00
-1.064861486100421972e+00
-1.063175605124521805e+00
-1.061502667724720794e+00
-1.059842613600798122e+00
-1.058195381939226687e+00
-1.056560911435406425e+00
-1.054939140315424018e+00
-1.053330006357344306e+00
-1.051733446912044068e+00
-1.050149398923594157e+00
-1.048577798949199558e+00
-1.047018583178704887e+00
-1.045471687453672915e+00
-1.043937047286043196e+00
-1.042414597876379467e+00
-1.040904274131712715e+00
-1.039406010682986548e+00
-1.037919741902112669e+00
-1.036445401918643316e+00
-1.034982924636067780e+00
-1.033532243747739665e+00
-1.032093292752440883e+00
-1.030666004969590155e+00
-1.029250313554101792e+00
-1.027846151510901196e+00
-1.026453451709103293e+00
-1.025072146895860126e+00
-1.023702169709883814e+00
-1.022343452694650878e+00
-1.020995928311293266e+00
-1.019659528951181837e+00
-1.018334186948208986e+00
-1.017019834590775496e+00
-1.015716404133485407e+00
-1.014423827808557776e+00
-1.013142037836957110e+00
-1.011870966439249564e+00
-1.010610545846190478e+00
-1.009360708309046117e+00
-1.008121386109656958e+00
-1.006892511570245841e+00
-1.005674017062976988e+00
-1.004465835019268560e+00
-1.003267897938866504e+00
-1.002080138398680820e+00
-1.000902489061391343e+00
-9.997348826838264868e-01
-9.985772521251187195e-01
-9.974295303546421021e-01
-9.962916504597352230e-01
-9.951635456532141877e-01
-9.940451492806793299e-01
-9.929363948276201945e-01
-9.918372159263214582e-01
-9.907475463625754486e-01
-9.896673200822034833e-01
-9.885964711973902475e-01
-9.875349339928353176e-01
-9.864826429317248291e-01
-9.854395326615271733e-01
-9.844055380196156113e-01
-9.833805940387222444e-01
-9.823646359522256732e-01
-9.813575991992762315e-01
-9.803594194297619024e-01
-9.793700325091178049e-01
-9.783893745229829131e-01
-9.774173817817067844e-01
-9.764539908247090727e-01
-9.754991384246953778e-01
-9.745527615917316533e-01
-9.736147975771808349e-01
-9.726851838775038006e-01
-9.717638582379277690e-01
-9.708507586559846914e-01
-9.699458233849228561e-01
-9.690489909369931487e-01
-9.681602000866141866e-01
-9.672793898734169948e-01
-9.664064996051735523e-01
-9.655414688606104301e-01
-9.646842374921101859e-01
-9.638347456283029580e-01
-9.629929336765510328e-01
-9.621587423253278315e-01
-9.613321125464938666e-01
-9.605129855974725572e-01
-9.597013030233266795e-01
-9.588970066587392260e-01
-9.581000386298988980e-01
-9.573103413562942254e-01
-9.565278575524169824e-01
-9.557525302293770064e-01
-9.549843026964310866e-01
-9.542231185624272527e-01
-9.534689217371662417e-01
-9.527216564326824733e-01
-9.519812671644458657e-01
-9.512476987524863814e-01
-9.505208963224436314e-01
-9.498008053065418732e-01
-9.490873714444940656e-01
-9.483805407843343138e-01
-9.476802596831823688e-01
-9.469864748079407368e-01
-9.462991331359258407e-01
-9.456181819554353440e-01
-9.449435688662528587e-01
-9.442752417800914788e-01
-9.436131489209773626e-01
-9.429572388255755833e-01
-9.423074603434586916e-01
-9.416637626373198788e-01
-9.410260951831319609e-01
-9.403944077702537374e-01
-9.397686505014843927e-01
-9.391487737930681590e-01
-9.385347283746494629e-01
-9.379264652891805554e-01
-9.373239358927825116e-01
-9.367270918545607117e-01
-9.361358851563763572e-01
-9.355502680925741332e-01
-9.349701932696689033e-01
-9.343956136059906603e-01
-9.338264823312898422e-01
-9.332627529863040117e-01
-9.327043794222867890e-01
-9.321513158004994803e-01
-9.316035165916678462e-01
-9.310609365754033417e-01
-9.305235308395908289e-01
-9.299912547797432039e-01
-9.294640640983243829e-01
-9.289419148040407581e-01
-9.284247632111027881e-01
-9.279125659384571678e-01
-9.274052799089904653e-01
-9.269028623487048923e-01
-9.264052707858677627e-01
-9.259124630501345266e-01
-9.254243972716463817e-01
-9.249410318801039033e-01
-9.244623256038164705e-01
-9.239882374687291566e-01
-9.235187267974265257e-01
-9.230537532081160013e-01
-9.225932766135893637e-01
-9.221372572201645967e-01
-9.216856555266078610e-01
-9.212384323230371486e-01
-9.207955486898068420e-01
-9.203569659963755090e-01
-9.199226459001563772e-01
-9.194925503453510451e-01
-9.190666415617679830e-01
-9.186448820636254897e-01
-9.182272346483402181e-01
-9.178136623953010442e-01
-9.174041286646299476e-01
-9.169985970959296795e-01
-9.165970316070188861e-01
-9.161993963926551299e-01
-9.158056559232464755e-01
-9.154157749435521962e-01
-9.150297184713724885e-01
-9.146474517962287498e-01
-9.142689404780335316e-01
-9.138941503457520543e-01
-9.135230474960542857e-01
-9.131555982919591363e-01
-9.127917693614705508e-01
-9.124315275962060490e-01
-9.120748401500187175e-01
-9.117216744376117621e-01
-9.113719981331469544e-01
-9.110257791688477491e-01
-9.106829857335958511e-01
-9.103435862715232307e-01
-9.100075494805991427e-01
-9.096748443112124827e-01
-9.093454399647500352e-01
-9.090193058921709479e-01
-9.086964117925772078e-01
-9.083767276117815648e-01
-9.080602235408721246e-01
-9.077468700147742764e-01
-9.074366377108102899e-01
-9.071294975472570243e-01
-9.068254206819016394e-01
-9.065243785105960850e-01
-9.062263426658097032e-01
-9.059312850151818308e-01
-9.056391776600725141e-01
-9.053499929341136676e-01
-9.050637034017594562e-01
-9.047802818568367877e-01
-9.044997013210959169e-01
-9.042219350427616043e-01
-9.039469564950849412e-01
-9.036747393748956192e-01
-9.034052576011558644e-01
-9.031384853135151491e-01
-9.028743968708664580e-01
-9.026129668499043301e-01
-9.023541700436844559e-01
-9.020979814601856051e-01
-9.018443763208733310e-01
-9.015933300592664512e-01
-9.013448183195056362e-01
-9.010988169549249971e-01
-9.008553020266260036e-01
-9.006142498020551779e-01
-9.003756367535841187e-01
-9.001394395570931906e-01
-8.999056350905585422e-01
-8.996742004326429010e-01
-8.994451128612893642e-01
-8.992183498523198537e-01
-8.989938890780369007e-01
-8.987717084058298722e-01
-8.985517858967848603e-01
-8.983340998042994574e-01
-8.981186285727014162e-01
-8.979053508358720848e-01
-8.976942454158745033e-01
-8.974852913215857209e-01
-8.972784677473345516e-01
-8.970737540715437719e-01
-8.968711298553776468e-01
-8.966705748413941190e-01
-8.964720689522023278e-01
-8.962755922891254556e-01
-8.960811251308690162e-01
-8.958886479321939156e-01
-8.956981413225957311e-01
-8.955095861049890971e-01
-8.953229632543976413e-01
-8.951382539166500285e-01
-8.949554394070809993e-01
-8.947745012092389594e-01
-8.945954209735988982e-01
-8.944181805162816357e-01
-8.942427618177783977e-01
-8.940691470216820536e-01
-8.938973184334241262e-01
-8.937272585190176866e-01
-8.935589499038070205e-01
-8.933923753712226246e-01
-8.932275178615433076e-01
-8.930643604706638428e-01
-8.929028864488693928e-01
-8.927430791996160409e-01
-8.925849222783177606e-01
-8.924283993911398261e-01
-8.922734943937986607e-01
-8.921201912903681253e-01
-8.919684742320921345e-01
-8.918183275162039347e-01
-8.916697355847521544e-01
-8.915226830234327382e-01
-8.913771545604284308e-01
-8.912331350652538120e-01
-8.910906095476076594e-01
-8.909495631562315276e-01
-8.908099811777755450e-01
-8.906718490356698714e-01
-8.905351522890039284e-01
-8.903998766314115132e-01
-8.902660078899627960e-01
-8.901335320240632010e-01
-8.900024351243588372e-01
-8.898727034116483692e-01
-8.897443232358022147e-01
-8.896172810746878490e-01
-8.894915635331019921e-01
-8.893671573417096798e-01
-8.892440493559897741e-01
-8.891222265551873560e-01
-8.890016760412727814e-01
-8.888823850379073965e-01
-8.887643408894158048e-01
-8.886475310597652388e-01
-8.885319431315511496e-01
-8.884175648049895679e-01
-8.883043838969164607e-01
-8.881923883397931929e-01
-8.880815661807193173e-01
-8.879719055804510264e-01
-8.878633948124274866e-01
-8.877560222618025021e-01
-8.876497764244836164e-01
-8.875446459061776538e-01
-8.874406194214425891e-01
