2.200010000000000687e+00
2.200010000000000687e+00
2.200444703675521474e+00
2.201726431249983129e+00
2.204244866842677286e+00
2.208366492585458474e+00
2.214433526655448681e+00
2.222762237836702237e+00
2.233640592921435353e+00
2.247325351814438488e+00
2.264039033512068144e+00
2.283967700935019440e+00
2.307261166259304996e+00
2.334037485915522403e+00
2.364392510498560362e+00
2.398412356438329063e+00
2.436183879337893377e+00
2.477798840786798795e+00
2.523351536080136182e+00
2.572933162860416179e+00
2.626626442017558460e+00
2.684502166859640937e+00
2.746617701185348981e+00
2.813016812080596729e+00
2.883730268605395164e+00
2.958776828597997621e+00
3.038164325059169002e+00
3.121890565329322964e+00
3.209943766276902810e+00
3.302302323289539654e+00
3.398933839237651355e+00
3.499793472928880433e+00
3.604821760887790827e+00
3.713942105986296038e+00
3.827058119875262676e+00
3.944050968778536337e+00
4.064776816423220751e+00
4.189064395556542308e+00
4.316712689595860297e+00
4.447488695935022385e+00
4.581125298040223726e+00
4.717319402090583758e+00
4.855730672380058621e+00
4.995981373531528824e+00
5.137657921065445166e+00
5.280314676611163272e+00
5.423480247245628050e+00
5.566666069602876021e+00
5.709376479714096675e+00
5.851118973864779527e+00
5.991413157227737152e+00
6.129797076591129823e+00
6.265830208015198188e+00
6.399093143909586168e+00
6.529184764834677246e+00
6.655718197992904983e+00
6.778317054386107543e+00
6.896613280351162167e+00
7.010247497387223525e+00
7.118872031778712639e+00
7.222156107204662945e+00
7.319792087044933560e+00
7.411501387212122260e+00
7.497038811871574282e+00
7.576194524661096885e+00
7.648793478240674126e+00
7.714692687213944744e+00
7.773777107855584845e+00
7.825955035544524208e+00
7.871153866133211885e+00
7.909316839884752426e+00
7.940401057142029373e+00
7.964376696850002268e+00
7.981227067876217163e+00
7.990948957754068438e+00
7.993552753758367047e+00
7.989061976244163255e+00
7.977512113574639407e+00
7.958948898755227930e+00
7.933426359178093357e+00
7.901005075000690603e+00
7.861751093837122006e+00
7.815735873493663277e+00
7.763037470191489930e+00
7.703742982227153036e+00
7.637952046675822615e+00
7.565781030572544807e+00
7.487367501175458351e+00
7.402874598024540731e+00
7.312495008360321513e+00
7.216454293998374681e+00
7.115013283725020621e+00
7.008469138069758131e+00
6.897154581936624673e+00
6.781434795889007994e+00
6.661701665460932453e+00
6.538365544881304281e+00
6.411845302480777775e+00
6.282557960012789877e+00
6.150909470947802937e+00
6.017287975665111865e+00
5.882060295205240763e+00
5.745571697432585445e+00
5.608148319703420981e+00
5.470101197049285879e+00
5.331730655825044352e+00
5.193329869845943136e+00
5.055186620531326724e+00
4.917582740668342112e+00
4.780791301632568491e+00
4.645072196354149696e+00
4.510667186951411445e+00
4.377795573617376590e+00
4.246651381152206639e+00
4.117402482830500254e+00
3.990191585319752043e+00
3.865138635883666574e+00
3.742344038741158396e+00
3.621892057024766132e+00
3.503853878098872165e+00
3.388289989463214802e+00
3.275251720283026025e+00
3.164782018435282840e+00
3.056915710231464800e+00
2.951679581724301560e+00
2.849092602527881546e+00
2.749166503568429842e+00
2.651906769743701986e+00
2.557313969633193018e+00
2.465385247105352118e+00
2.376115748974406916e+00
2.289499753163822149e+00
2.205531291170975905e+00
2.124204130929868484e+00
2.045511100079776767e+00
1.969442863868651417e+00
1.895986383515736673e+00
1.825123325525357165e+00
1.756828654436425108e+00
1.691069546775052057e+00
1.627804663672475671e+00
1.566983758652527037e+00
1.508547592706123375e+00
1.452428168253273144e+00
1.398549344175663789e+00
1.346827916182339546e+00
1.297175209275963415e+00
1.249499127268976828e+00
1.203706471420198376e+00
1.159705237704141467e+00
1.117406584706809536e+00
1.076726243292972063e+00
1.037585277263059824e+00
9.999102428108673779e-01
9.636328908157497652e-01
9.286895979224161213e-01
8.950207105917633577e-01
8.625699571541036725e-01
8.312840375927251779e-01
8.011124451947301273e-01
7.720075149527243497e-01
7.439246427472254730e-01
7.168225913822956485e-01
6.906638019997057842e-01
6.654146558533644562e-01
6.410456645599234005e-01
6.175315889906154432e-01
5.948514888270761691e-01
5.729886885213431036e-01
5.519306217761028588e-01
5.316685013108227720e-01
5.121967689491903064e-01
4.935123204273629272e-01
4.756135613421312858e-01
4.584994100847664122e-01
4.421683907114412060e-01
4.266179387098248954e-01
4.118439857364710743e-01
3.978408220923600469e-01
3.846011822954238935e-01
3.721164698925929493e-01
3.603770298961069263e-01
3.493723833074975915e-01
3.390913525359486314e-01
3.295220272900678538e-01
3.206515467132892705e-01
3.124657010299461413e-01
3.049483770357400703e-01
2.980808797452807468e-01
2.918411581722745174e-01
2.862029565842116319e-01
2.811349180511932833e-01
2.765996956639864002e-01
2.725531794543827324e-01
2.689440106101594896e-01
2.657135997585379772e-01
2.627968524671117634e-01
2.601236996292847770e-01
2.576213375007801454e-01
2.552168636392183054e-01
2.528398497199470518e-01
2.504243952885521485e-01
2.479103559075340746e-01
2.452436603952032612e-01
2.423758346042713674e-01
2.392629805980409363e-01
2.358645155828578421e-01
2.321419741991091468e-01
2.280581363895443914e-01
2.235766621256310149e-01
2.186622913562466519e-01
2.132815180282563172e-01
2.074035141473956345e-01
2.010010167616941845e-01
1.940509241049251099e-01
1.865344558642110240e-01
1.784368637537947500e-01
1.697467841447988235e-01
1.604553845876977303e-01
1.505554760513595769e-01
1.400407554765703833e-01
1.289053148489932299e-01
1.171435009267945693e-01
1.047501329922974345e-01
9.172099781709924793e-02
7.805347106266757873e-02
6.374709283144615324e-02
4.880396057124762599e-02
3.322887454981478250e-02
1.702924547394331703e-02
2.148249656979753230e-04
-1.720265907265764241e-02
-3.520988116964364478e-02
-5.379224224299716806e-02
-7.293408582096240489e-02
-9.261877022563483330e-02
-1.128285772405000359e-01
-1.335444529558513227e-01
-1.547455865620519511e-01
-1.764088356790355638e-01
-1.985080052779264748e-01
-2.210129900841167616e-01
-2.438888087028131257e-01
-2.670945998001539867e-01
-2.905827162105890094e-01
-3.142981272173584473e-01
-3.381783893161651178e-01
-3.621544245267815376e-01
-3.861522148805539012e-01
-4.100952910028203280e-01
-4.339076403728016618e-01
-4.575165057793860734e-01
-4.808545685969343730e-01
-5.038611993630317532e-01
-5.264827131093667845e-01
-5.486717847841666718e-01
-5.703863087153620004e-01
-5.915880296906056435e-01
-6.122412597393401823e-01
-6.323119432154394870e-01
-6.517672441658086679e-01
-6.705757011861311900e-01
-6.887078428537710684e-01
-7.061370274711370465e-01
-7.228402178920511068e-01
-7.387984478047645576e-01
-7.539968521509403665e-01
-7.684242650659921514e-01
-7.820724880555103287e-01
-7.949353845367093108e-01
-8.070079735660214970e-01
-8.182856885914167044e-01
-8.287639395605302939e-01
-8.384380624975636964e-01
-8.473036572091298124e-01
-8.553572170864203184e-01
-8.625968804100823117e-01
-8.690231145126356971e-01
-8.746391896426911616e-01
-8.794513818786765524e-01
-8.834689241292371653e-01
-8.867037738897026733e-01
-8.891702812997239747e-01
-8.908848319400781701e-01
-8.918655200910099445e-01
-8.921318904514220494e-01
-8.917047747083364229e-01
-8.906062446371709740e-01
-8.888597036813972174e-01
-8.864901408720836651e-01
-8.835245706731862381e-01
-8.799926758648638492e-01
-8.759276533399074083e-01
-8.713672292938178243e-01
-8.663547560027902161e-01
-8.609402279813388459e-01
-8.551809751634270595e-01
-8.491417398195176824e-01
-8.428938734034371327e-01
-8.365135401649899105e-01
-8.300790728515367034e-01
-8.236679002523138449e-01
-8.173536238403498189e-01
-8.112037772060505247e-01
-8.052785853193110688e-01
-7.996307641694450075e-01
-7.943061773370863055e-01
-7.893450439206056712e-01
-7.847833601188408670e-01
-7.806542208487936563e-01
-7.769887865653583026e-01
-7.738167329370115866e-01
-7.711661502562209280e-01
-7.690630078599610675e-01
-7.675304200888062311e-01
-7.665879931183301466e-01
-7.662514790512942042e-01
-7.665328468455568922e-01
-7.674407550378247178e-01
-7.689813204377063949e-01
-7.711590299517131486e-01
-7.739776281453324414e-01
-7.774408188883649151e-01
-7.815526449532271824e-01
-7.863174635635147292e-01
-7.917395219373483117e-01
-7.978222368506442397e-01
-8.045673573020626357e-01
-8.119742033702902484e-01
-8.200391223577436772e-01
-8.287552161568988440e-01
-8.381123143885775839e-01
-8.480971237062703283e-01
-8.586934776108234857e-01
-8.698826297675971153e-01
-8.816435594901752548e-01
-8.939532760123036770e-01
-9.067871096162134492e-01
-9.201189619013773191e-01
-9.339214629766737774e-01
-9.481659647110042277e-01
-9.628222989606727289e-01
-9.778582516766826105e-01
-9.932387440500268783e-01
-1.008924766004666740e+00
-1.024872175165776556e+00
-1.041030555471451402e+00
-1.057342411487482758e+00
-1.073743022287301008e+00
-1.090161238783993181e+00
-1.106521338394362619e+00
-1.122745768778275366e+00
-1.138758321433064991e+00
-1.154487119593312627e+00
-1.169866867050465054e+00
-1.184840045253385155e+00
-1.199357038684008891e+00
-1.213375395609389340e+00
-1.226858547215552875e+00
-1.239774331161755283e+00
-1.252093633818289531e+00
-1.263789401352397146e+00
-1.274836173779454240e+00
-1.285210164846346315e+00
-1.294889762824595669e+00
-1.303856210505437208e+00
-1.312094187277369040e+00
-1.319592075827192401e+00
-1.326341815255533740e+00
-1.332338364693162136e+00
-1.337578887954035345e+00
-1.342061813767677636e+00
-1.345785940525038971e+00
-1.348749750473242859e+00
-1.350951073787451051e+00
-1.352387186482423731e+00
-1.353055333849940922e+00
-1.352953563883845689e+00
-1.352081676702750146e+00
-1.350442085289276450e+00
-1.348040442935771299e+00
-1.344885987547254524e+00
-1.340991635078919941e+00
-1.336373895254310273e+00
-1.331052680970798985e+00
-1.325051054701413600e+00
-1.318394922120902146e+00
-1.311112664309252107e+00
-1.303234707735497322e+00
-1.294793066199305231e+00
-1.285820935627129957e+00
-1.276352455504354610e+00
-1.266422749445085705e+00
-1.256068319650030629e+00
-1.245327808731411690e+00
-1.234243071295370253e+00
-1.222860421149312593e+00
-1.211231837500800435e+00
-1.199415834666826219e+00
-1.187477657968566191e+00
-1.175488517236240149e+00
-1.163523750172622773e+00
-1.151660098957753453e+00
-1.139972575666274190e+00
-1.128531539176211851e+00
-1.117400529325218939e+00
-1.106635152475621497e+00
-1.096283019156221394e+00
-1.086384515204551260e+00
-1.076974082965262758e+00
-1.068081675485404336e+00
-1.059734084267628162e+00
-1.051955907390790479e+00
-1.044770019333514544e+00
-1.038197529487585147e+00
-1.032257354575434327e+00
-1.026965635642760111e+00
-1.022335257069066916e+00
-1.018375663672728582e+00
-1.015093058682589700e+00
-1.012490953183118325e+00
-1.010570960615817082e+00
-1.009333691539984867e+00
-1.008779590982183949e+00
-1.008909563504529983e+00
-1.009725253294004643e+00
-1.011228900378779549e+00
-1.013422783191419763e+00
-1.016308360663494614e+00
-1.019885300302109776e+00
-1.024150585023143600e+00
-1.029097830413844727e+00
-1.034716853060032582e+00
-1.040993456409917695e+00
-1.047909370479621627e+00
-1.055442295474388725e+00
-1.063566039085344528e+00
-1.072250777759444551e+00
-1.081463488347669699e+00
-1.091168570117812431e+00
-1.101328608776536377e+00
-1.111905151010180504e+00
-1.122859303672733455e+00
-1.134151978105929048e+00
-1.145743665608586648e+00
-1.157593726231649800e+00
-1.169659271122480915e+00
-1.181893808170268789e+00
-1.194245904499176669e+00
-1.206658192621376413e+00
-1.219067079398996611e+00
-1.231403455315329465e+00
-1.243594505367232816e+00
-1.255566418322796807e+00
-1.267247494313230805e+00
-1.278571011437113603e+00
-1.289477304598739771e+00
-1.299914775074314521e+00
-1.309839847780112088e+00
-1.319216109287792760e+00
-1.328012958165696311e+00
-1.336204107726512103e+00
-1.343766240981974391e+00
-1.350678049752905840e+00
-1.356919792748272346e+00
-1.362473377547542830e+00
-1.367322829225092073e+00
-1.371454902330025094e+00
-1.374859570398913711e+00
-1.377530195555473957e+00
-1.379463300154130101e+00
-1.380657977695246119e+00
-1.381115058106990867e+00
-1.380836181538656282e+00
-1.379822949538314303e+00
-1.378076322141948085e+00
-1.375596407687919909e+00
-1.372382733390857146e+00
-1.368434983493667101e+00
-1.363754072455963140e+00
-1.358343333869615144e+00
-1.352209595656370222e+00
-1.345363979914791841e+00
-1.337822368602612277e+00
-1.329605560933705410e+00
-1.320739185876353305e+00
-1.311253426300955871e+00
-1.301182581616734169e+00
-1.290564467323581654e+00
-1.279439640356978991e+00
-1.267850455454014202e+00
-1.255839994887657518e+00
-1.243450955811286507e+00
-1.230724605795616045e+00
-1.217699913762345654e+00
-1.204412930476891130e+00
-1.190896443656832115e+00
-1.177179885946862070e+00
-1.163289442801566986e+00
-1.149248295532034891e+00
-1.135076938593185369e+00
-1.120793522710746615e+00
-1.106414190433052669e+00
-1.091953384201498567e+00
-1.077424117377168589e+00
-1.062838205659436763e+00
-1.048206460540115126e+00
-1.033538848616807337e+00
-1.018844621440412324e+00
-1.004132420631861589e+00
-9.894103626432061427e-01
-9.746861069936451072e-01
-9.599669112203250698e-01
-9.452596752208027864e-01
-9.305709771633220440e-01
-9.159071027138785404e-01
-9.012740689744321854e-01
-8.866776442376750333e-01
-8.721233644313372002e-01
-8.576165469397504237e-01
-8.431623023436624065e-01
-8.287655445036024027e-01
-8.144309993211507059e-01
-8.001632124411109936e-01
-7.859665561016747626e-01
-7.718452352958882212e-01
-7.578032933734817345e-01
-7.438446171853420052e-01
-7.299729418520152224e-01
-7.161918552213882849e-01
-7.025048020681801120e-01
-6.889150880783930786e-01
-6.754258836549540401e-01
-6.620402275761272382e-01
-6.487610305358261220e-01
-6.355910785948094555e-01
-6.225330365743272365e-01
-6.095894514298272338e-01
-5.967627556531125421e-01
-5.840552707688244638e-01
-5.714692110183605678e-01
-5.590066873659422786e-01
-5.466697120244762287e-01
-5.344602037935364258e-01
-5.223799946438016928e-01
-5.104308381947191275e-01
-4.986144210490741635e-01
-4.869323784190997539e-01
-4.753863161745995880e-01
-4.639778424625147779e-01
-4.527086135185258708e-01
-4.415804003675448119e-01
-4.305951859313072450e-01
-4.197553056466362120e-01
-4.090636486827429752e-01
-3.985239399252189507e-01
-3.881411218060147883e-01
-3.779218431498163611e-01
-3.678750286054608409e-01
-3.580124351775197944e-01
-3.483490035814494346e-01
-3.389027251142731068e-01
-3.296937715562144877e-01
-3.207428744271508259e-01
-3.120693265640317460e-01
-3.036892305771306533e-01
-2.956144953202330949e-01
-2.878526882247898766e-01
-2.804075119157491414e-01
-2.732795690190568116e-01
-2.664671540578697484e-01
-2.599669353196520927e-01
-2.537744846930468090e-01
-2.478846642864586947e-01
-2.422918974297741113e-01
-2.369903536782182463e-01
-2.319740728546524355e-01
-2.272370471407669512e-01
-2.227732748349225689e-01
-2.185767952017032278e-01
-2.146417108000143459e-01
-2.109622015607961198e-01
-2.075325334468147154e-01
-2.043470635631614296e-01
-2.014002429472943057e-01
-1.986866178452074139e-01
-1.962008300026279739e-01
-1.939376163179087342e-01
-1.918918080838247775e-01
-1.900583299672110593e-01
-1.884321988240918178e-01
-1.870085224143376024e-01
-1.857824980578429985e-01
-1.847494112597515836e-01
-1.839046343227539460e-01
-1.832436249582395649e-01
-1.827619249039739158e-01
-1.824551585532658005e-01
-1.823190315988066079e-01
-1.823493296931855134e-01
-1.825419171273088004e-01
-1.828927355274375666e-01
-1.833978025712197368e-01
-1.840532107228687042e-01
-1.848551259874935127e-01
-1.857997866844891266e-01
-1.868835022398316337e-01
-1.881026519970830646e-01
-1.894536840468840910e-01
-1.909331140746969857e-01
-1.925375242265515430e-01
-1.942635619925418000e-01
-1.961079391078189571e-01
-1.980674304708257283e-01
-2.001388730785185477e-01
-2.023191649783255552e-01
-2.046052642365910890e-01
-2.069941879232603255e-01
-2.094830111125600691e-01
-2.120688658994357434e-01
-2.147489404315072459e-01
-2.175204779563099378e-01
-2.203807758835900910e-01
-2.233271848624277800e-01
-2.263571078729630093e-01
-2.294679993325046130e-01
-2.326573642158040467e-01
-2.359227571892801856e-01
-2.392617817589834939e-01
-2.426720894320917032e-01
-2.461513788917317480e-01
-2.496973951849260909e-01
-2.533079289234640985e-01
-2.569808154975025682e-01
-2.607139343017016997e-01
-2.645052079737065243e-01
-2.683526016447859708e-01
-2.722541222024443819e-01
-2.762078175648237099e-01
-2.802117759667167030e-01
-2.842641252570142774e-01
-2.883630322074130503e-01
-2.925067018322106693e-01
-2.966933767190207960e-01
-3.009213363702403221e-01
-3.051888965551049493e-01
-3.094944086721713172e-01
-3.138362591220664188e-01
-3.182128686903468728e-01
-3.226226919403142324e-01
-3.270642166156327302e-01
-3.315359630526003576e-01
-3.360364836019247847e-01
-3.405643620598584609e-01
-3.451182131085495097e-01
-3.496966817654665327e-01
-3.542984428417585985e-01
-3.589222004094124729e-01
-3.635666872770722535e-01
-3.682306644743880142e-01
-3.729129207447619554e-01
-3.776122720463633287e-01
-3.823275610612840714e-01
-3.870576567127099743e-01
-3.918014536899838141e-01
-3.965578719814382147e-01
-4.013258564148787788e-01
-4.061043762055989159e-01
-4.108924245118100171e-01
-4.156890179973721788e-01
-4.204931964017127322e-01
-4.253040221168207236e-01
-4.301205797712083223e-01
-4.349419758207305753e-01
-4.397673381461575381e-01
-4.445958156573934228e-01
-4.494265779042401210e-01
-4.542588146936027416e-01
-4.590917357130375187e-01
-4.639245701605430039e-01
-4.687565663804975080e-01
-4.735869915056468149e-01
-4.784151311050482414e-01
-4.832402888378773964e-01
-4.880617861130070456e-01
-4.928789617542669310e-01
-4.976911716712965617e-01
-5.024977885359029894e-01
-5.072982014638375281e-01
-5.120918157019066497e-01
-5.168780523203334587e-01
-5.216563479102869216e-01
-5.264261542864985266e-01
-5.311869381948861601e-01
-5.359381810251061529e-01
-5.406793785279563336e-01
-5.454100405375540417e-01
-5.501296906982131585e-01
-5.548378661959469937e-01
-5.595341174945233087e-01
-5.642180080759999772e-01
-5.688891141856708966e-01
-5.735470245813516499e-01
-5.781913402869373053e-01
-5.828216743501635211e-01
-5.874376516045056729e-01
-5.920389084351495024e-01
-5.966250925489692269e-01
-6.011958627484493833e-01
-6.057508887094874561e-01
-6.102898507630165614e-01
-6.148124396803857916e-01
-6.193183564624402671e-01
-6.238073121322407211e-01
-6.282790275313651085e-01
-6.327332331197349502e-01
-6.371696687789097924e-01
-6.415880836187956016e-01
-6.459882357877108072e-01
-6.503698922857574782e-01
-6.547328287814444536e-01
-6.590768294315100251e-01
-6.634016867038928789e-01
-6.677072012038015592e-01
-6.719931815028311606e-01
-6.762594439710797323e-01
-6.805058126122153217e-01
-6.847321189014462517e-01
-6.889382016263481123e-01
-6.931239067305012824e-01
-6.972890871598930174e-01
-7.014336027120404715e-01
-7.055573198877899133e-01
-7.096601117457491670e-01
-7.137418577593100943e-01
-7.178024436762201477e-01
-7.218417613806602517e-01
-7.258597087577899343e-01
-7.298561895607177386e-01
-7.338311132798592817e-01
-7.377843950146427687e-01
-7.417159553475243250e-01
-7.456257202202751788e-01
-7.495136208125039445e-01
-7.533795934223770363e-01
-7.572235793495015743e-01
-7.610455247799354783e-01
-7.648453806732891103e-01
-7.686231026518852705e-01
-7.723786508919430194e-01
-7.761119900167522401e-01
-7.798230889918060793e-01
-7.835119210218592922e-01
-7.871784634498806277e-01
-7.908226976578678347e-01
-7.944446089694944257e-01
-7.980441865545588875e-01
-8.016214233352048080e-01
-8.051763158938841647e-01
-8.087088643830342427e-01
-8.122190724364393155e-01
-8.157069470822497781e-01
-8.191724986576308654e-01
-8.226157407250138665e-01
-8.260366899899230786e-01
-8.294353662203518551e-01
-8.328117921676629898e-01
-8.361659934889864587e-01
-8.394979986710906505e-01
-8.428078389557015493e-01
-8.460955482662463334e-01
-8.493611631359966330e-01
-8.526047226375886856e-01
-8.558262683138967430e-01
-8.590258441102371911e-01
-8.622034963078802905e-01
-8.653592734588486657e-01
-8.684932263219794502e-01
-8.716054078002294370e-01
-8.746958728792024740e-01
-8.777646785668771212e-01
-8.808118838345153634e-01
-8.838375495587320607e-01
-8.868417384647045987e-01
-8.898245150705047513e-01
-8.927859456325314413e-01
-8.957260980920280780e-01
-8.986450420226637092e-01
-9.015428485791615598e-01
-9.044195904469551905e-01
-9.072753417928561825e-01
-9.101101782167151377e-01
-9.129241767040588984e-01
-9.157174155796873327e-01
-9.184899744622133655e-01
-9.212419342195289351e-01
-9.239733769251822215e-01
-9.266843858156491587e-01
-9.293750452484844660e-01
-9.320454406613363219e-01
-9.346956585318102473e-01
-9.373257863381665445e-01
-9.399359125208378574e-01
-9.425261264447513110e-01
-9.450965183624420174e-01
-9.476471793779436270e-01
-9.501782014114423802e-01
-9.526896771646811146e-01
-9.551817000871003494e-01
-9.576543643427032348e-01
-9.601077647776309343e-01
-9.625419968884373345e-01
-9.649571567910488756e-01
-9.673533411903991741e-01
-9.697306473507247837e-01
-9.720891730665112140e-01
-9.744290166340778825e-01
-9.767502768237893429e-01
-9.790530528528830212e-01
-9.813374443589012452e-01
-9.836035513737174663e-01
-9.858514742981457912e-01
-9.880813138771228354e-01
-9.902931711754521249e-01
-9.924871475541008348e-01
-9.946633446470385387e-01
-9.968218643386080879e-01
-9.989628087414197388e-01
-1.001086280174757759e+00
-1.003192381143490852e+00
-1.005281214317477856e+00
-1.007352882511458159e+00
-1.009407488665418295e+00
-1.011445135825427721e+00
-1.013465927124932442e+00
-1.015469965766500060e+00
-1.017457355004006914e+00
-1.019428198125259533e+00
-1.021382598435041755e+00
-1.023320659238580177e+00
-1.025242483825420603e+00
-1.027148175453706180e+00
-1.029037837334851435e+00
-1.030911572618603333e+00
-1.032769484378483371e+00
-1.034611675597602698e+00
-1.036438249154843394e+00
-1.038249307811399014e+00
-1.040044954197667737e+00
-1.041825290800490800e+00
-1.043590419950730874e+00
-1.045340443811182407e+00
-1.047075464364808139e+00
-1.048795583403296927e+00
-1.050500902515933976e+00
-1.052191523078779056e+00
-1.053867546244148024e+00
-1.055529072930388113e+00
-1.057176203811945880e+00
-1.058809039309717592e+00
-1.060427679581680271e+00
-1.062032224513795198e+00
-1.063622773711180747e+00
-1.065199426489546797e+00
-1.066762281866888040e+00
-1.068311438555429316e+00
-1.069846994953818964e+00
-1.071369049139564433e+00
-1.072877698861705920e+00
-1.074373041533723372e+00
-1.075855174226671096e+00
-1.077324193662537510e+00
-1.078780196207822728e+00
-1.080223277867332188e+00
-1.081653534278179896e+00
-1.083071060703998167e+00
-1.084475952029349877e+00
-1.085868302754337433e+00
-1.087248206989406496e+00
-1.088615758450339088e+00
-1.089971050453432788e+00
-1.091314175910861106e+00
-1.092645227326212831e+00
-1.093964296790206348e+00
-1.095271475976572928e+00
-1.096566856138109003e+00
-1.097850528102890966e+00
-1.099122582270651405e+00
-1.100383108609310323e+00
-1.101632196651661566e+00
-1.102869935492208020e+00
-1.104096413784144914e+00
-1.105311719736485676e+00
-1.106515941111329226e+00
-1.107709165221264724e+00
-1.108891478926910423e+00
-1.110062968634584424e+00
-1.111223720294103989e+00
-1.112373819396710983e+00
-1.113513350973119875e+00
-1.114642399591686317e+00
-1.115761049356693180e+00
-1.116869383906751612e+00
-1.117967486413314226e+00
-1.119055439579298650e+00
-1.120133325637817423e+00
-1.121201226351013380e+00
-1.122259223008996942e+00
-1.123307396428883775e+00
-1.124345826953930150e+00
-1.125374594452763555e+00
-1.126393778318705685e+00
-1.127403457469188020e+00
-1.128403710345254440e+00
-1.129394614911151784e+00
-1.130376248654004323e+00
-1.131348688583570183e+00
-1.132312011232079696e+00
-1.133266292654151242e+00
-1.134211608426783480e+00
-1.135148033649423294e+00
-1.136075642944105235e+00
-1.136994510455663132e+00
-1.137904709852010310e+00
-1.138806314324487312e+00
-1.139699396588275127e+00
-1.140584028882873024e+00
-1.141460282972637907e+00
-1.142328230147385382e+00
-1.143187941223048787e+00
-1.144039486542396844e+00
-1.144882935975806149e+00
-1.145718358922089841e+00
-1.146545824309377126e+00
-1.147365400596046081e+00
-1.148177155771706204e+00
-1.148981157358229144e+00
-1.149777472410827173e+00
-1.150566167519177618e+00
-1.151347308808592151e+00
-1.152120961941229371e+00
-1.152887192117349136e+00
-1.153646064076608857e+00
-1.154397642099397991e+00
-1.155141990008212494e+00
-1.155879171169065689e+00
-1.156609248492935338e+00
-1.157332284437246228e+00
-1.158048341007386073e+00
-1.158757479758255382e+00
-1.159459761795847754e+00
-1.160155247778861920e+00
-1.160843997920342874e+00
-1.161526071989352538e+00
-1.162201529312667958e+00
-1.162870428776505261e+00
-1.163532828828271803e+00
-1.164188787478340759e+00
-1.164838362301851449e+00
-1.165481610440532556e+00
-1.166118588604547535e+00
-1.166749353074361117e+00
-1.167373959702627362e+00
-1.167992463916097012e+00
-1.168604920717543738e+00
-1.169211384687709909e+00
-1.169811909987267695e+00
-1.170406550358799480e+00
-1.170995359128792712e+00
-1.171578389209650295e+00
-1.172155693101716745e+00
-1.172727322895316560e+00
-1.173293330272807689e+00
-1.173853766510646546e+00
-1.174408682481465682e+00
-1.174958128656162559e+00
-1.175502155105998758e+00
-1.176040811504710515e+00
-1.176574147130627912e+00
-1.177102210868803400e+00
-1.177625051213148755e+00
-1.178142716268580692e+00
-1.178655253753172483e+00
-1.179162711000314223e+00
-1.179665134960877770e+00
-1.180162572205389004e+00
-1.180655068926204754e+00
-1.181142670939694828e+00
-1.181625423688428267e+00
-1.182103372243364481e+00
-1.182576561306047047e+00
-1.183045035210800844e+00
-1.183508837926932511e+00
-1.183968013060932245e+00
-1.184422603858678924e+00
-1.184872653207645010e+00
-1.185318203639104118e+00
-1.185759297330338580e+00
-1.186195976106847461e+00
-1.186628281444555011e+00
