2.200040000000000440e+00
2.200040000000000440e+00
2.200474559347274983e+00
2.201755861336801789e+00
2.204273460636164028e+00
2.208393717580609650e+00
2.214458736544670181e+00
2.222784681044414068e+00
2.233659421894950370e+00
2.247339633249449076e+00
2.264047759553936334e+00
2.283969801090125262e+00
2.307255519232449537e+00
2.334022929984941097e+00
2.364367850793337222e+00
2.398376368174108375e+00
2.436135307658816807e+00
2.477736399254495847e+00
2.523273905924533267e+00
2.572838994045536953e+00
2.626514356040270837e+00
2.684370760658490784e+00
2.746465551531311888e+00
2.812842480021236824e+00
2.883532303718319589e+00
2.958553772931314718e+00
3.037914716728697506e+00
3.121612941833082466e+00
3.209636667674903965e+00
3.301964295460992460e+00
3.398563437451623592e+00
3.499389265946535765e+00
3.604382335766816325e+00
3.713466073697897496e+00
3.826544121785495634e+00
3.943497683998149927e+00
4.064182969999342809e+00
4.188428767467566871e+00
4.316034124514228409e+00
4.446766113728953584e+00
4.580357704974345801e+00
4.716505902633623570e+00
4.854870481419180095e+00
4.995073828628790125e+00
5.136702494197800561e+00
5.279310984662616946e+00
5.422428060437047392e+00
5.565565317117139088e+00
5.708227252034495436e+00
5.849921521765653054e+00
5.990167887844982886e+00
6.128504547423943016e+00
6.264491119947360076e+00
6.397708334324241797e+00
6.527755201641526561e+00
6.654244974963948067e+00
6.776801387711614666e+00
6.895056505893736087e+00
7.008651067827712744e+00
7.117237512781573017e+00
7.220485171900184795e+00
7.318086508485676767e+00
7.409763028907132565e+00
7.495269616905939181e+00
7.574396504163765975e+00
7.646968700021789189e+00
7.712843265269714976e+00
7.771905193193473949e+00
7.824062808488601029e+00
7.869243529997150155e+00
7.907390615700117920e+00
7.938461179034454140e+00
7.962425407674524003e+00
7.979266614837412064e+00
7.988981587903869475e+00
7.991580709429459084e+00
7.987087490591047612e+00
7.975537406431546295e+00
7.956976172979706163e+00
7.931457797549917643e+00
7.899042837614450363e+00
7.859797315790907568e+00
7.813792662560978819e+00
7.761106904090739889e+00
7.701827105087718728e+00
7.636052864343850111e+00
7.563900504489335930e+00
7.485507540672113436e+00
7.401037050985848076e+00
7.310681650312370827e+00
7.214666815782242892e+00
7.113253278059691986e+00
7.006738085501776681e+00
6.895453836914706258e+00
6.779765573938749235e+00
6.660065032576130584e+00
6.536762410190178230e+00
6.410276414924486410e+00
6.281023909219931589e+00
6.149410691835327292e+00
6.015824755730122320e+00
5.880632783150065990e+00
5.744179911752068435e+00
5.606792156126632953e+00
5.468780434177952010e+00
5.330444958844056558e+00
5.192078792700351997e+00
5.053969607377859496e+00
4.916399127630845634e+00
4.779640319854980390e+00
4.643952977045170627e+00
4.509578768630360557e+00
4.376736911248629625e+00
4.245621356453168183e+00
4.116399914853912989e+00
3.989215240455864286e+00
3.864187236643437995e+00
3.741416270985054027e+00
3.620986575617882952e+00
3.502969311246437734e+00
3.387424942169499520e+00
3.274404777450510728e+00
3.163951748065717329e+00
3.056100667023090800e+00
2.950878311132203446e+00
2.848303645139303342e+00
2.748388399503890245e+00
2.651138062755717506e+00
2.556553210628551120e+00
2.464630996934165097e+00
2.375366580476603762e+00
2.288754252614560336e+00
2.204788059399145794e+00
2.123461784477948644e+00
2.044768272809952325e+00
1.968698209390165044e+00
1.895238578722056477e+00
1.824371075416762578e+00
1.756070698299516231e+00
1.690304665715695709e+00
1.627031689444841778e+00
1.566201583661490648e+00
1.507755180943451068e+00
1.451624566735876698e+00
1.397733694201710453e+00
1.345999463475580749e+00
1.296333311961563206e+00
1.248643260727716919e+00
1.202836229447872496e+00
1.158820329987663822e+00
1.116506831244368225e+00
1.075811566840169764e+00
1.036655695063220417e+00
9.989658587607711526e-01
9.626738889045649561e-01
9.277162373615095436e-01
8.940333226117500587e-01
8.615689430497635026e-01
8.302698673086228442e-01
8.000856556271763731e-01
7.709687072394725282e-01
7.428744781111868978e-01
7.157617855020290687e-01
6.895931182645653745e-01
6.643348981089354233e-01
6.399576700111289096e-01
6.164362218292783746e-01
5.937496349504485238e-01
5.718812514719393558e-01
5.508185198075151723e-01
5.305526653005803173e-01
5.110781407644250374e-01
4.923918513252228957e-01
4.744922100639029638e-01
4.573781404612235479e-01
4.410481687870661527e-01
4.254997295539439950e-01
4.107287501962330611e-01
3.967295137462812926e-01
3.834947448061604147e-01
3.710158348636226622e-01
3.592831152344146961e-01
3.482860919988817194e-01
3.380135716606741392e-01
3.284536270522467327e-01
3.195933792347677715e-01
3.114185986706607956e-01
3.039131500394375851e-01
2.970583130553829387e-01
2.908320073015105423e-01
2.852079424501516858e-01
2.801547207230221104e-01
2.756349470326541762e-01
2.716044549688969578e-01
2.680118204311263130e-01
2.647983799439763142e-01
2.618989570532986311e-01
2.592433945887098745e-01
2.567587974433059861e-01
2.543721717398402249e-01
2.520130007964255237e-01
2.496153013957402578e-01
2.471188534410573845e-01
2.444695175929461062e-01
2.416187584772133135e-01
2.385226226251170312e-01
2.351404758748641410e-01
2.314338042055509304e-01
2.273653405404191530e-01
2.228986990198349727e-01
2.179985751792631321e-01
2.126314207722762029e-01
2.067663689373113456e-01
2.003761222447049406e-01
1.934375495559668701e-01
1.859318464847717622e-01
1.778442456248240378e-01
1.691633684042816999e-01
1.598803705850550538e-01
1.499880534357146966e-01
1.394801053713367600e-01
1.283506104260602743e-01
1.165939077920782330e-01
1.042048098018338587e-01
9.117909744615326773e-02
7.751414247129415069e-02
6.320948356585925909e-02
4.826721967846392403e-02
3.269215560659283204e-02
1.649170944332516500e-02
-3.243573309832104012e-04
-1.774430497775162860e-02
-3.575479470961250017e-02
-5.434121305879301839e-02
-7.348788834659683578e-02
-9.317816290633100518e-02
-1.133943015673258836e-01
-1.341172321118685451e-01
-1.553261235155461162e-01
-1.769978106039417076e-01
-1.991060722141642647e-01
-2.216207727691431040e-01
-2.445068955261510135e-01
-2.677235378831548940e-01
-2.912230047226249119e-01
-3.149502102197673237e-01
-3.388426486561419981e-01
-3.628311735193472387e-01
-3.868416936161756525e-01
-4.107976640074546548e-01
-4.346229970048006708e-01
-4.582448632624046558e-01
-4.815958771241698466e-01
-5.046153484164661585e-01
-5.272495380798547515e-01
-5.494510731196365905e-01
-5.711778050820629504e-01
-5.923914399271552611e-01
-6.130562536626523729e-01
-6.331381565680808121e-01
-6.526042801456236608e-01
-6.714231320393211355e-01
-6.895652119244820577e-01
-7.070038519044343772e-01
-7.237159919472289094e-01
-7.396826465342104528e-01
-7.548889350944566479e-01
-7.693236796127574939e-01
-7.829786722088939444e-01
-7.958477689420885293e-01
-8.079259827976953412e-01
-8.192087418222721018e-01
-8.296914508418435918e-01
-8.393694409371149634e-01
-8.482383073331823953e-01
-8.562945395964577378e-01
-8.635362734157564502e-01
-8.699639751803710519e-01
-8.755809160918979206e-01
-8.803933751122292595e-01
-8.844105898007247335e-01
-8.876445237665901988e-01
-8.901095343554620287e-01
-8.918220150826944304e-01
-8.928000686016653864e-01
-8.930632482574798470e-01
-8.926323946444957302e-01
-8.915295888484049414e-01
-8.897782442923254376e-01
-8.874033609994160798e-01
-8.844319658095243231e-01
-8.808937556298708227e-01
-8.768219435831567932e-01
-8.722542745328433211e-01
-8.672341221718422588e-01
-8.618115054333057579e-01
-8.560437818005348642e-01
-8.499957241357561921e-01
-8.437387171323063040e-01
-8.373489601853006947e-01
-8.309048220525158124e-01
-8.244837672050234767e-01
-8.181594313251165929e-01
-8.119993798339462110e-01
-8.060638665979451556e-01
-8.004056333783194921e-01
-7.950705665153524615e-01
-7.900989051685179954e-01
-7.855266633074912130e-01
-7.813869517410658716e-01
-7.777109452833822489e-01
-7.745283326716018157e-01
-7.718672161040984747e-01
-7.697535756939021256e-01
-7.682105354062631619e-01
-7.672577098605920520e-01
-7.669108584218571334e-01
-7.671819561735923054e-01
-7.680796667307937531e-01
-7.696101110533765111e-01
-7.717777794025061366e-01
-7.745864190329898591e-01
-7.780397359569846127e-01
-7.821417746440897378e-01
-7.868968936549676219e-01
-7.923093412561328375e-01
-7.983825350460426185e-01
-8.051182246796589892e-01
-8.125157307867236778e-01
-8.205714011808188380e-01
-8.292783382965218664e-01
-8.386263724030643685e-01
-8.486022109852409123e-01
-8.591896886294924096e-01
-8.703700603974500183e-01
-8.821223073387819413e-01
-8.944234407537327014e-01
-9.072487932687784973e-01
-9.205722690168777200e-01
-9.343665007266498401e-01
-9.486028428860853179e-01
-9.632511299291172113e-01
-9.782791503680338119e-01
-9.936518280343645815e-01
-1.009330155727194755e+00
-1.025269994372714155e+00
-1.041420931828440199e+00
-1.057725477348161247e+00
-1.074118915522614293e+00
-1.090530103543648099e+00
-1.106883325657189721e+00
-1.123101036572177858e+00
-1.139107034668105367e+00
-1.154829449534880981e+00
-1.170202990534109588e+00
-1.185170143784968211e+00
-1.199681297571325800e+00
-1.213694003242452579e+00
-1.227171694566361548e+00
-1.240082211522103295e+00
-1.252396442743269445e+00
-1.264087336733626943e+00
-1.275129435943609169e+00
-1.285498956570835682e+00
-1.295174289188762096e+00
-1.304136678547328509e+00
-1.312370805486101855e+00
-1.319865053548557654e+00
-1.326611362110285519e+00
-1.332604690102030309e+00
-1.337842200838123219e+00
-1.342322322456403594e+00
-1.346043852862480072e+00
-1.349005274071990446e+00
-1.351204416342480785e+00
-1.352638556034975847e+00
-1.353304938893059139e+00
-1.353201613231443501e+00
-1.352328379095481869e+00
-1.350687648765048987e+00
-1.348285074031440045e+00
-1.345129890411380202e+00
-1.341235010566482311e+00
-1.336616940053694691e+00
-1.331295586792291763e+00
-1.325294007541823360e+00
-1.318638101612420011e+00
-1.311356243159486512e+00
-1.303478851264231686e+00
-1.295037931970249190e+00
-1.286066673157060913e+00
-1.276599206009880971e+00
-1.266670645565184383e+00
-1.256317485067652395e+00
-1.245578357614812726e+00
-1.234495107492172394e+00
-1.223114037095770490e+00
-1.211487112857561055e+00
-1.199672834760180606e+00
-1.187736432194309799e+00
-1.175749097650501174e+00
-1.163786150519362073e+00
-1.151924314340076361e+00
-1.140238582957840308e+00
-1.128799298123693395e+00
-1.117669984165314823e+00
-1.106906233821429497e+00
-1.096555645907577148e+00
-1.086658596287790379e+00
-1.077249518782821269e+00
-1.068358359033239502e+00
-1.060011901946619650e+00
-1.052234739590694135e+00
-1.045049740898824409e+00
-1.038478010177496413e+00
-1.032538459602718506e+00
-1.027247226326184704e+00
-1.022617191578181206e+00
-1.018657797801442166e+00
-1.015375246570105805e+00
-1.012773047907115975e+00
-1.010852814605701866e+00
-1.009615156789219981e+00
-1.009060519072672246e+00
-1.009189805489240310e+00
-1.010004659512056424e+00
-1.011507320292778456e+00
-1.013700065331998523e+00
-1.016584352737721852e+00
-1.020159849477549452e+00
-1.024423538353185004e+00
-1.029369035338063121e+00
-1.034986157903357684e+00
-1.041260710814048362e+00
-1.048174425721829950e+00
-1.055705004655222767e+00
-1.063826257193100977e+00
-1.072508361642896091e+00
-1.081718296646385635e+00
-1.091420463207251723e+00
-1.101577448779072599e+00
-1.112150801903360575e+00
-1.123101631498402808e+00
-1.134390851258244348e+00
-1.145978955163656554e+00
-1.157825306279144595e+00
-1.169887019066997880e+00
-1.182117604982193315e+00
-1.194465634906683560e+00
-1.206873745244567697e+00
-1.219278346833110538e+00
-1.231610334172446697e+00
-1.243796896285162212e+00
-1.255764225946355284e+00
-1.267440627247922835e+00
-1.278759382169705416e+00
-1.289660829374850382e+00
-1.300093373720884404e+00
-1.310013443460945171e+00
-1.319384628183726926e+00
-1.328176329078045725e+00
-1.336362261613985192e+00
-1.343919110457020505e+00
-1.350825568580608316e+00
-1.357061895403505414e+00
-1.362609998886496143e+00
-1.367453904310570900e+00
-1.371580366418631014e+00
-1.374979359062560302e+00
-1.377644244882275437e+00
-1.379571546962431672e+00
-1.380760359699818363e+00
-1.381211513993590101e+00
-1.380926650927084998e+00
-1.379907372841305602e+00
-1.378154640355195859e+00
-1.375668562171618259e+00
-1.372448665718803307e+00
-1.368494635445065777e+00
-1.363807386204332506e+00
-1.358390252387862374e+00
-1.352250063319723639e+00
-1.345397943256646300e+00
-1.337849777168185206e+00
-1.329626368179594564e+00
-1.320753350072736865e+00
-1.311260911399898088e+00
-1.301183358051297700e+00
-1.290558512698976257e+00
-1.279426939990892409e+00
-1.267831002723997624e+00
-1.255813791353225017e+00
-1.243418011097964682e+00
-1.230684937253780697e+00
-1.217653545938456761e+00
-1.204359894451914492e+00
-1.190836776312597767e+00
-1.177113629216397506e+00
-1.163216642947635826e+00
-1.149169002483608981e+00
-1.134991205355934119e+00
-1.120701404856806249e+00
-1.106315745667889816e+00
-1.091848672001283438e+00
-1.077313198687987583e+00
-1.062721142649166062e+00
-1.048083316394200049e+00
-1.033409687370099084e+00
-1.018709507838303496e+00
-1.003991420015056812e+00
-9.892635408514732775e-01
-9.745335302847710768e-01
-9.598086462012448417e-01
-9.450957887884825492e-01
-9.304015364534770072e-01
-9.157321750560035722e-01
-9.010937218519442515e-01
-8.864919452522179721e-01
-8.719323812704981025e-01
-8.574203473475950910e-01
-8.429609540936202627e-01
-8.285591153733276037e-01
-8.142195570690630158e-01
-7.999468247843805058e-01
-7.857452906954598415e-01
-7.716191597136755620e-01
-7.575724750884047509e-01
-7.436091235523781817e-01
-7.297328400909814938e-01
-7.159472124006674987e-01
-7.022556850891247260e-01
-6.886615636603607982e-01
-6.751680183209393116e-01
-6.617780876389587341e-01
-6.484946820849073479e-01
-6.353205874833869338e-01
-6.222584684072753891e-01
-6.093108715519504059e-01
-5.964802291379732724e-01
-5.837688624081226463e-01
-5.711789853119090266e-01
-5.587127085123140269e-01
-5.463720439124427619e-01
-5.341589099944822339e-01
-5.220751384053966548e-01
-5.101224824362750043e-01
-4.983026283592273398e-01
-4.866172110567820730e-01
-4.750678360747360718e-01
-4.636561112485903524e-01
-4.523836925251961683e-01
-4.412523506779625904e-01
-4.302640684359634315e-01
-4.194211811334432327e-01
-4.087265779719072012e-01
-3.981839840669562092e-01
-3.877983423634279170e-01
-3.775763025908553394e-01
-3.675267908219794766e-01
-3.576615661285481029e-01
-3.479955720148273923e-01
-3.385468032583654474e-01
-3.293354356169955199e-01
-3.203822047228920278e-01
-3.117064072131824903e-01
-3.033241487945726456e-01
-2.952473404890924025e-01
-2.874835509350958662e-01
-2.800364831094703244e-01
-2.729067393059267377e-01
-2.660926132080598805e-01
-2.595907719087021115e-01
-2.533967858650755800e-01
-2.475055156036485848e-01
-2.419113827822904073e-01
-2.366085552353449639e-01
-2.315910710435216957e-01
-2.268529206433078371e-01
-2.223881005966988345e-01
-2.181906484484159858e-01
-2.142546650588727786e-01
-2.105743286849145746e-01
-2.071439036414268187e-01
-2.039577454128598810e-01
-2.010103034437796810e-01
-1.982961224152093027e-01
-1.958098425357800154e-01
-1.935461991944368298e-01
-1.915000222019581089e-01
-1.896662347702591511e-01
-1.880398523271524236e-01
-1.866159812306147914e-01
-1.853898174245637298e-01
-1.843566450636756338e-01
-1.835118351252757740e-01
-1.828508440200835028e-01
-1.823692122094854595e-01
-1.820625628343033320e-01
-1.819266003582380165e-01
-1.819571092279952118e-01
-1.821499525513203266e-01
-1.825010707936573218e-01
-1.830064804938077161e-01
-1.836622729987416325e-01
-1.844646132175662423e-01
-1.854097383945595423e-01
-1.864939569011150045e-01
-1.877136470464009499e-01
-1.890652559065134630e-01
-1.905452981718847028e-01
-1.921503550126995308e-01
-1.938770729620681033e-01
-1.957221628166997407e-01
-1.976823985548233076e-01
-1.997546162711001938e-01
-2.019357131282782658e-01
-2.042226463253369595e-01
-2.066124320818771565e-01
-2.091021446385120941e-01
-2.116889152730188906e-01
-2.143699313320135691e-01
-2.171424352779155464e-01
-2.200037237509710475e-01
-2.229511466461082947e-01
-2.259821062044001794e-01
-2.290940561189138136e-01
-2.322845006547292201e-01
-2.355509937829129707e-01
-2.388911383282353307e-01
-2.423025851304227152e-01
-2.457830322187403993e-01
-2.493302239997033376e-01
-2.529419504577158917e-01
-2.566160463684443171e-01
-2.603503905247284700e-01
-2.641429049748424962e-01
-2.679915542729164879e-01
-2.718943447413345593e-01
-2.758493237449266000e-01
-2.798545789767746261e-01
-2.839082377554565384e-01
-2.880084663335532591e-01
-2.921534692172471082e-01
-2.963414884968428864e-01
-3.005708031880442443e-01
-3.048397285838215787e-01
-3.091466156167096413e-01
-3.134898502313749891e-01
-3.178678527672968990e-01
-3.222790773514065399e-01
-3.267220113005318560e-01
-3.311951745334986152e-01
-3.356971189927385746e-01
-3.402264280752602676e-01
-3.447817160728375852e-01
-3.493616276212754834e-01
-3.539648371586129882e-01
-3.585900483921263815e-01
-3.632359937739969014e-01
-3.679014339855104510e-01
-3.725851574296568658e-01
-3.772859797320003983e-01
-3.820027432496934661e-01
-3.867343165885081535e-01
-3.914795941277618430e-01
-3.962374955530150733e-01
-4.010069653964217218e-01
-4.057869725846132147e-01
-4.105765099939999718e-01
-4.153745940133759529e-01
-4.201802641137125649e-01
-4.249925824250311290e-01
-4.298106333202438289e-01
-4.346335230058553933e-01
-4.394603791194186537e-01
-4.442903503336396165e-01
-4.491226059670282433e-01
-4.539563356009936324e-01
-4.587907487032830134e-01
-4.636250742576660255e-01
-4.684585603997669656e-01
-4.732904740589492509e-01
-4.781201006061575609e-01
-4.829467435076248982e-01
-4.877697239843529209e-01
-4.925883806772752282e-01
-4.974020693180152275e-01
-5.022101624051502622e-01
-5.070120488858966823e-01
-5.118071338431302575e-01
-5.165948381876589446e-01
-5.213745983556650199e-01
-5.261458660112358077e-01
-5.309081077539030691e-01
-5.356608048311122250e-01
-5.404034528555439199e-01
-5.451355615272119870e-01
-5.498566543602616541e-01
-5.545662684143949361e-01
-5.592639540308496082e-01
-5.639492745728601486e-01
-5.686218061705300419e-01
-5.732811374700452767e-01
-5.779268693871608686e-01
-5.825586148648923546e-01
-5.871759986353465299e-01
-5.917786569856242629e-01
-5.963662375277325456e-01
-6.009383989724412789e-01
-6.054948109070219520e-01
-6.100351535768069322e-01
-6.145591176705087477e-01
-6.190664041092389658e-01
-6.235567238391682698e-01
-6.280297976277693373e-01
-6.324853558635855633e-01
-6.369231383594692320e-01
-6.413428941592338450e-01
-6.457443813476656524e-01
-6.501273668638414271e-01
-6.544916263176985272e-01
-6.588369438098058417e-01
-6.631631117542841070e-01
-6.674699307048248542e-01
-6.717572091837584747e-01
-6.760247635141218847e-01
-6.802724176546786072e-01
-6.845000030378424194e-01
-6.887073584104582702e-01
-6.928943296773952820e-01
-6.970607697479044296e-01
-7.012065383846985966e-01
-7.053315020557088255e-01
-7.094355337884751256e-01
-7.135185130271280984e-01
-7.175803254919197460e-01
-7.216208630412623837e-01
-7.256400235362341355e-01
-7.296377107075120438e-01
-7.336138340246919354e-01
-7.375683085679574091e-01
-7.415010549020591979e-01
-7.454119989525667123e-01
-7.493010718843553519e-01
-7.531682099822931686e-01
-7.570133545340896886e-01
-7.608364517152733653e-01
-7.646374524762609148e-01
-7.684163124314854487e-01
-7.721729917505490981e-01
-7.759074550513670454e-01
-7.796196712952698782e-01
-7.833096136840327350e-01
-7.869772595587983810e-01
-7.906225903008639033e-01
-7.942455912343000524e-01
-7.978462515303725855e-01
-8.014245641137358600e-01
-8.049805255703698093e-01
-8.085141360572307700e-01
-8.120253992135881838e-01
-8.155143220740187493e-01
-8.189809149830307167e-01
-8.224251915112910094e-01
-8.258471683734289748e-01
-8.292468653473895612e-01
-8.326243051953104990e-01
-8.359795135858986148e-01
-8.393125190182787465e-01
-8.426233527472920537e-01
-8.459120487102183006e-01
-8.491786434548991291e-01
-8.524231760692377868e-01
-8.556456881120528823e-01
-8.588462235452630766e-01
-8.620248286673802829e-01
-8.651815520482890598e-01
-8.683164444652907710e-01
-8.714295588403913051e-01
-8.745209501788100415e-01
-8.775906755086910760e-01
-8.806387938219951694e-01
-8.836653660165522117e-01
-8.866704548392552176e-01
-8.896541248303758698e-01
-8.926164422689824018e-01
-8.955574751194411709e-01
-8.984772929789831553e-01
-9.013759670263179480e-01
-9.042535699712754838e-01
-9.071101760054598451e-01
-9.099458607538964960e-01
-9.127607012276561793e-01
-9.155547757774383788e-01
-9.183281640480983610e-01
-9.210809469341010303e-01
-9.238132065358850564e-01
-9.265250261171230628e-01
-9.292164900628601121e-01
-9.318876838385172778e-01
-9.345386939497438705e-01
-9.371696079031041071e-01
-9.397805141675832363e-01
-9.423715021368996858e-01
-9.449426620926074660e-01
-9.474940851679771736e-01
-9.500258633126396068e-01
-9.525380892579803360e-01
-9.550308564832710179e-01
-9.575042591825247973e-01
-9.599583922320631402e-01
-9.623933511587811074e-01
-9.648092321090987467e-01
-9.672061318185868339e-01
-9.695841475822545297e-01
-9.719433772254872927e-01
-9.742839190756235057e-01
-9.766058719341582650e-01
-9.789093350495632340e-01
-9.811944080907114563e-01
-9.834611911208960278e-01
-9.857097845724325236e-01
-9.879402892218340781e-01
-9.901528061655490154e-01
-9.923474367962505926e-01
-9.945242827796695329e-01
-9.966834460319587974e-01
-9.988250286975810521e-01
-1.000949133127709390e+00
-1.003055861859132314e+00
-1.005145317593653109e+00
-1.007217603177974485e+00
-1.009272821584060731e+00
-1.011311075889967048e+00
-1.013332469261128743e+00
-1.015337104932100498e+00
-1.017325086188739292e+00
-1.019296516350820303e+00
-1.021251498755079590e+00
-1.023190136738675760e+00
-1.025112533623060651e+00
-1.027018792698253913e+00
-1.028909017207512155e+00
-1.030783310332386904e+00
-1.032641775178161803e+00
-1.034484514759663965e+00
-1.036311631987441695e+00
-1.038123229654301261e+00
-1.039919410422196266e+00
-1.041700276809462755e+00
-1.043465931178393813e+00
-1.045216475723147020e+00
-1.046952012457978087e+00
-1.048672643205794230e+00
-1.050378469587022634e+00
-1.052069593008785331e+00
-1.053746114654377397e+00
-1.055408135473040243e+00
-1.057055756170026006e+00
-1.058689077196946382e+00
-1.060308198742399899e+00
-1.061913220722873863e+00
-1.063504242773914088e+00
-1.065081364241557971e+00
-1.066644684174024693e+00
-1.068194301313658778e+00
-1.069730314089121004e+00
-1.071252820607822454e+00
-1.072761918648595714e+00
-1.074257705654600326e+00
-1.075740278726455834e+00
-1.077209734615598880e+00
-1.078666169717859891e+00
-1.080109680067254496e+00
-1.081540361329985656e+00
-1.082958308798651625e+00
-1.084363617386656653e+00
-1.085756381622818623e+00
-1.087136695646171880e+00
-1.088504653200958350e+00
-1.089860347631805393e+00
-1.091203871879085963e+00
-1.092535318474455730e+00
-1.093854779536566735e+00
-1.095162346766949790e+00
-1.096458111446065198e+00
-1.097742164429517775e+00
-1.099014596144430422e+00
-1.100275496585975787e+00
-1.101524955314061582e+00
-1.102763061450164894e+00
-1.103989903674314599e+00
-1.105205570222216771e+00
-1.106410148882521094e+00
-1.107603726994225157e+00
-1.108786391444212649e+00
-1.109958228664923441e+00
-1.111119324632152905e+00
-1.112269764862975796e+00
-1.113409634413795146e+00
-1.114539017878509286e+00
-1.115657999386798105e+00
-1.116766662602524107e+00
-1.117865090722244270e+00
-1.118953366473834032e+00
-1.120031572115216756e+00
-1.121099789433198879e+00
-1.122158099742406989e+00
-1.123206583884325704e+00
-1.124245322226431920e+00
-1.125274394661426314e+00
-1.126293880606555886e+00
-1.127303859003029318e+00
-1.128304408315519813e+00
-1.129295606531755203e+00
-1.130277531162192872e+00
-1.131250259239776401e+00
-1.132213867319773248e+00
-1.133168431479690819e+00
-1.134114027319269802e+00
-1.135050729960550564e+00
-1.135978614048014368e+00
-1.136897753748794315e+00
-1.137808222752955345e+00
-1.138710094273842843e+00
-1.139603441048496313e+00
-1.140488335338126324e+00
-1.141364848928655418e+00
-1.142233053131318288e+00
-1.143093018783321924e+00
-1.143944816248562812e+00
-1.144788515418400987e+00
-1.145624185712487142e+00
-1.146451896079644595e+00
-1.147271714998801206e+00
-1.148083710479971931e+00
-1.148887950065291097e+00
-1.149684500830090439e+00
-1.150473429384024193e+00
-1.151254801872238831e+00
-1.152028683976586088e+00
-1.152795140916877958e+00
-1.153554237452182551e+00
-1.154306037882160130e+00
-1.155050606048437567e+00
-1.155788005336019664e+00
-1.156518298674736656e+00
-1.157241548540727472e+00
-1.157957816957956521e+00
-1.158667165499762897e+00
-1.159369655290442669e+00
-1.160065347006860037e+00
-1.160754300880090684e+00
-1.161436576697091327e+00
-1.162112233802399253e+00
-1.162781331099857152e+00
-1.163443927054365057e+00
-1.164100079693656253e+00
-1.164749846610097839e+00
-1.165393284962514597e+00
-1.166030451478034635e+00
-1.166661402453957219e+00
-1.167286193759640822e+00
-1.167904880838411374e+00
-1.168517518709489611e+00
-1.169124161969935960e+00
-1.169724864796614305e+00
-1.170319680948171293e+00
-1.170908663767032731e+00
-1.171491866181414432e+00
-1.172069340707348806e+00
-1.172641139450724568e+00
-1.173207314109339761e+00
-1.173767915974968545e+00
-1.174322995935438652e+00
-1.174872604476721261e+00
-1.175416791685030882e+00
-1.175955607248936330e+00
-1.176489100461480808e+00
-1.177017320222311092e+00
-1.177540315039814933e+00
-1.178058133033267563e+00
-1.178570821934984192e+00
-1.179078429092480063e+00
-1.179581001470637158e+00
-1.180078585653876466e+00
-1.180571227848336013e+00
-1.181058973884052898e+00
-1.181541869217151319e+00
-1.182019958932033488e+00
-1.182493287743574095e+00
-1.182961899999318778e+00
-1.183425839681684799e+00
-1.183885150410163734e+00
-1.184339875443527035e+00
-1.184790057682031605e+00
-1.185235739669628474e+00
-1.185676963596170808e+00
-1.186113771299622366e+00
-1.186546204268267068e+00
