-0.725798 -1.36156 1.15606 -1.3356 -1.57636 0.0590804 
-0.725798 -1.36156 1.15606 -1.3356 -1.57636 0.0590804 
-0.725801 -1.36155 1.15606 -1.33561 -1.57636 0.0590845 
-0.725811 -1.36154 1.15607 -1.33565 -1.57634 0.0590966 
-0.725831 -1.3615 1.15609 -1.33572 -1.57631 0.0591204 
-0.725863 -1.36145 1.15612 -1.33585 -1.57627 0.0591594 
-0.72591 -1.36137 1.15616 -1.33603 -1.57621 0.0592169 
-0.725974 -1.36126 1.15621 -1.33627 -1.57612 0.0592959 
-0.726058 -1.36112 1.15629 -1.3366 -1.576 0.0593992 
-0.726164 -1.36093 1.15638 -1.33701 -1.57585 0.0595293 
-0.726293 -1.36071 1.15649 -1.3375 -1.57567 0.0596883 
-0.726447 -1.36045 1.15663 -1.3381 -1.57546 0.059878 
-0.726627 -1.36014 1.15679 -1.33879 -1.57521 0.0600999 
-0.726834 -1.35979 1.15697 -1.33959 -1.57492 0.0603551 
-0.727069 -1.35938 1.15718 -1.3405 -1.5746 0.0606444 
-0.727332 -1.35893 1.15741 -1.34152 -1.57423 0.0609687 
-0.727624 -1.35843 1.15767 -1.34265 -1.57383 0.0613289 
-0.727946 -1.35788 1.15796 -1.3439 -1.57338 0.0617258 
-0.728298 -1.35728 1.15827 -1.34526 -1.57289 0.0621605 
-0.728681 -1.35662 1.15861 -1.34675 -1.57236 0.0626337 
-0.729096 -1.35591 1.15898 -1.34836 -1.57178 0.0631465 
-0.729543 -1.35514 1.15937 -1.35009 -1.57116 0.0636994 
-0.730024 -1.35432 1.1598 -1.35196 -1.57049 0.0642932 
-0.730537 -1.35344 1.16026 -1.35395 -1.56977 0.0649283 
-0.731083 -1.3525 1.16075 -1.35608 -1.56901 0.0656049 
-0.731663 -1.3515 1.16127 -1.35834 -1.5682 0.0663233 
-0.732277 -1.35045 1.16182 -1.36073 -1.56735 0.0670836 
-0.732924 -1.34933 1.1624 -1.36325 -1.56644 0.0678857 
-0.733605 -1.34816 1.16301 -1.3659 -1.56549 0.0687297 
-0.734319 -1.34694 1.16365 -1.36869 -1.5645 0.0696153 
-0.735065 -1.34565 1.16432 -1.37161 -1.56345 0.0705422 
-0.735845 -1.34431 1.16502 -1.37465 -1.56236 0.07151 
-0.736657 -1.34292 1.16575 -1.37782 -1.56123 0.0725182 
-0.7375 -1.34147 1.16651 -1.38112 -1.56005 0.0735661 
-0.738374 -1.33996 1.1673 -1.38454 -1.55883 0.0746528 
-0.739278 -1.3384 1.16811 -1.38808 -1.55756 0.0757771 
-0.740211 -1.3368 1.16896 -1.39174 -1.55626 0.0769376 
-0.741172 -1.33514 1.16982 -1.3955 -1.55491 0.0781327 
-0.742158 -1.33345 1.17071 -1.39937 -1.55353 0.0793605 
-0.743169 -1.33171 1.17163 -1.40333 -1.55211 0.0806186 
-0.744202 -1.32993 1.17256 -1.40739 -1.55067 0.0819045 
-0.745254 -1.32811 1.17352 -1.41152 -1.54919 0.0832154 
-0.746324 -1.32627 1.17449 -1.41571 -1.54769 0.0845478 
-0.747408 -1.3244 1.17547 -1.41997 -1.54618 0.0858981 
-0.748503 -1.32252 1.17646 -1.42427 -1.54464 0.0872624 
-0.749605 -1.32062 1.17746 -1.4286 -1.5431 0.0886363 
-0.750711 -1.31871 1.17847 -1.43294 -1.54154 0.0900151 
-0.751818 -1.31681 1.17947 -1.43729 -1.53999 0.0913943 
-0.752921 -1.3149 1.18047 -1.44162 -1.53845 0.0927688 
-0.754017 -1.31302 1.18146 -1.44593 -1.53691 0.094134 
-0.755101 -1.31115 1.18245 -1.45018 -1.53539 0.0954852 
-0.756171 -1.30931 1.18342 -1.45438 -1.53389 0.0968178 
-0.757222 -1.3075 1.18437 -1.45851 -1.53242 0.0981277 
-0.758252 -1.30572 1.1853 -1.46255 -1.53098 0.0994107 
-0.759258 -1.30399 1.18621 -1.4665 -1.52957 0.100663 
-0.760236 -1.30231 1.1871 -1.47034 -1.5282 0.101881 
-0.761184 -1.30067 1.18796 -1.47405 -1.52687 0.10306 
-0.762099 -1.2991 1.18878 -1.47764 -1.52559 0.104198 
-0.762977 -1.29759 1.18958 -1.48108 -1.52436 0.105291 
-0.763817 -1.29614 1.19033 -1.48436 -1.52319 0.106335 
-0.764616 -1.29477 1.19105 -1.48748 -1.52207 0.107327 
-0.765372 -1.29347 1.19173 -1.49043 -1.52102 0.108264 
-0.766081 -1.29225 1.19237 -1.4932 -1.52003 0.109144 
-0.766743 -1.29112 1.19296 -1.49578 -1.5191 0.109963 
-0.767356 -1.29007 1.19351 -1.49816 -1.51825 0.110721 
-0.767918 -1.28911 1.19401 -1.50034 -1.51747 0.111415 
-0.768428 -1.28823 1.19446 -1.50231 -1.51676 0.112044 
-0.768886 -1.28745 1.19486 -1.50408 -1.51613 0.112607 
-0.769291 -1.28676 1.19522 -1.50563 -1.51557 0.113103 
-0.769642 -1.28616 1.19552 -1.50697 -1.51509 0.113531 
-0.769938 -1.28566 1.19578 -1.50809 -1.51468 0.113891 
-0.77018 -1.28525 1.19598 -1.50899 -1.51435 0.114182 
-0.770367 -1.28494 1.19614 -1.50968 -1.5141 0.114404 
-0.7705 -1.28472 1.19624 -1.51015 -1.51393 0.114557 
-0.770578 -1.2846 1.19629 -1.5104 -1.51383 0.114641 
-0.770601 -1.28458 1.19629 -1.51043 -1.51381 0.114656 
-0.770569 -1.28464 1.19624 -1.51025 -1.51387 0.114601 
-0.770484 -1.28481 1.19614 -1.50985 -1.514 0.114479 
-0.770346 -1.28506 1.196 -1.50924 -1.51421 0.114288 
-0.770155 -1.28541 1.1958 -1.50841 -1.51449 0.11403 
-0.769912 -1.28586 1.19556 -1.50738 -1.51485 0.113705 
-0.769617 -1.28639 1.19527 -1.50615 -1.51528 0.113314 
-0.769273 -1.28701 1.19493 -1.50471 -1.51577 0.112858 
-0.768879 -1.28773 1.19456 -1.50307 -1.51634 0.112338 
-0.768437 -1.28853 1.19413 -1.50124 -1.51698 0.111753 
-0.767948 -1.28942 1.19367 -1.49922 -1.51768 0.111107 
-0.767414 -1.2904 1.19317 -1.49702 -1.51844 0.110398 
-0.766837 -1.29146 1.19262 -1.49464 -1.51926 0.10963 
-0.766219 -1.2926 1.19205 -1.49209 -1.52014 0.108803 
-0.765562 -1.29382 1.19144 -1.48937 -1.52108 0.10792 
-0.764868 -1.29512 1.1908 -1.48651 -1.52206 0.106984 
-0.764143 -1.29649 1.19014 -1.48351 -1.52309 0.105996 
-0.763388 -1.29793 1.18945 -1.48038 -1.52415 0.10496 
-0.76261 -1.29944 1.18875 -1.47715 -1.52525 0.10388 
-0.761812 -1.301 1.18804 -1.47382 -1.52636 0.102759 
-0.761001 -1.30263 1.18732 -1.47042 -1.5275 0.101602 
-0.760181 -1.3043 1.18661 -1.46697 -1.52864 0.100412 
-0.759358 -1.30602 1.1859 -1.46349 -1.52978 0.0991944 
-0.758539 -1.30778 1.18522 -1.45999 -1.53091 0.0979532 
-0.757728 -1.30957 1.18455 -1.4565 -1.53203 0.0966928 
-0.75693 -1.31139 1.18391 -1.45303 -1.53311 0.0954172 
-0.756152 -1.31324 1.1833 -1.44961 -1.53417 0.0941302 
-0.755396 -1.31511 1.18273 -1.44624 -1.53518 0.0928354 
-0.754668 -1.317 1.1822 -1.44295 -1.53614 0.0915364 
-0.753972 -1.3189 1.18172 -1.43975 -1.53706 0.0902365 
-0.753311 -1.32081 1.18129 -1.43665 -1.53791 0.0889388 
-0.75269 -1.32272 1.18092 -1.43367 -1.5387 0.0876463 
-0.752111 -1.32464 1.18061 -1.43082 -1.53941 0.0863622 
-0.75158 -1.32655 1.18037 -1.42812 -1.54006 0.0850893 
-0.7511 -1.32846 1.18019 -1.42557 -1.54061 0.0838305 
-0.750675 -1.33036 1.18009 -1.42319 -1.54108 0.0825884 
-0.750307 -1.33225 1.18007 -1.42099 -1.54146 0.0813655 
-0.750001 -1.33412 1.18013 -1.41899 -1.54174 0.0801642 
-0.749757 -1.33598 1.18027 -1.41719 -1.54192 0.0789865 
-0.749579 -1.33782 1.1805 -1.41559 -1.54199 0.077834 
-0.749469 -1.33964 1.18081 -1.41421 -1.54196 0.0767085 
-0.749427 -1.34143 1.18122 -1.41305 -1.54182 0.0756112 
-0.749455 -1.3432 1.18171 -1.41212 -1.54157 0.074543 
-0.749554 -1.34495 1.1823 -1.41141 -1.5412 0.0735051 
-0.749725 -1.34667 1.18299 -1.41094 -1.54072 0.0724979 
-0.749968 -1.34836 1.18376 -1.4107 -1.54013 0.0715222 
-0.750285 -1.35003 1.18464 -1.4107 -1.53942 0.0705785 
-0.750676 -1.35167 1.1856 -1.41094 -1.53859 0.069667 
-0.751142 -1.35328 1.18667 -1.41143 -1.53764 0.0687881 
-0.751682 -1.35487 1.18783 -1.41215 -1.53657 0.0679419 
-0.752298 -1.35643 1.18909 -1.41311 -1.53539 0.0671284 
-0.752988 -1.35795 1.19044 -1.41432 -1.53409 0.0663478 
-0.753753 -1.35946 1.1919 -1.41577 -1.53267 0.0655999 
-0.754592 -1.36093 1.19344 -1.41745 -1.53113 0.0648846 
-0.755505 -1.36237 1.19508 -1.41938 -1.52948 0.0642014 
-0.75649 -1.36379 1.19682 -1.42154 -1.5277 0.0635501 
-0.757548 -1.36518 1.19865 -1.42393 -1.52582 0.06293 
-0.758677 -1.36655 1.20057 -1.42655 -1.52382 0.0623407 
-0.759877 -1.36789 1.20259 -1.4294 -1.52171 0.0617814 
-0.761147 -1.36921 1.2047 -1.43248 -1.51949 0.0612512 
-0.762486 -1.3705 1.20689 -1.43577 -1.51716 0.0607492 
-0.763893 -1.37178 1.20917 -1.43928 -1.51472 0.0602743 
-0.765367 -1.37303 1.21154 -1.443 -1.51217 0.0598255 
-0.766905 -1.37427 1.214 -1.44692 -1.50952 0.0594014 
-0.768507 -1.37549 1.21654 -1.45104 -1.50677 0.0590003 
-0.77017 -1.37669 1.21915 -1.45534 -1.50392 0.0586206 
-0.77189 -1.37789 1.22185 -1.45982 -1.50098 0.05826 
-0.773665 -1.37907 1.22461 -1.46447 -1.49796 0.0579159 
-0.77549 -1.38025 1.22745 -1.46927 -1.49484 0.0575852 
-0.777362 -1.38143 1.23034 -1.47419 -1.49166 0.0572643 
-0.779275 -1.38261 1.23329 -1.47924 -1.4884 0.0569492 
-0.781225 -1.38381 1.2363 -1.48438 -1.48509 0.0566353 
-0.783205 -1.38502 1.23935 -1.48959 -1.48172 0.056318 
-0.785211 -1.38625 1.24243 -1.49485 -1.4783 0.0559926 
-0.787238 -1.3875 1.24555 -1.50014 -1.47485 0.0556545 
-0.78928 -1.38879 1.24869 -1.50545 -1.47137 0.0552994 
-0.791333 -1.39012 1.25185 -1.51074 -1.46787 0.0549233 
-0.793392 -1.39148 1.25503 -1.51602 -1.46435 0.0545228 
-0.795453 -1.3929 1.25822 -1.52126 -1.46082 0.0540948 
-0.797513 -1.39436 1.26141 -1.52644 -1.45729 0.0536362 
-0.799567 -1.39587 1.2646 -1.53156 -1.45376 0.0531444 
-0.801613 -1.39743 1.26779 -1.5366 -1.45023 0.0526166 
-0.803648 -1.39906 1.27098 -1.54155 -1.44672 0.0520503 
-0.805668 -1.40074 1.27415 -1.5464 -1.44322 0.0514426 
-0.80767 -1.40249 1.27732 -1.55113 -1.43974 0.0507908 
-0.809652 -1.40431 1.28046 -1.55574 -1.43629 0.0500922 
-0.81161 -1.4062 1.28358 -1.56021 -1.43286 0.0493444 
-0.813542 -1.40816 1.28668 -1.56453 -1.42946 0.048545 
-0.815447 -1.4102 1.28976 -1.56869 -1.42611 0.0476924 
-0.817321 -1.41231 1.2928 -1.5727 -1.42279 0.0467849 
-0.819164 -1.41451 1.29582 -1.57653 -1.41951 0.0458214 
-0.820975 -1.41678 1.2988 -1.58019 -1.41627 0.044801 
-0.822751 -1.41914 1.30175 -1.58367 -1.41308 0.0437233 
-0.824493 -1.42158 1.30466 -1.58698 -1.40993 0.0425875 
-0.826199 -1.4241 1.30754 -1.5901 -1.40683 0.0413933 
-0.827869 -1.4267 1.31039 -1.59303 -1.40377 0.0401401 
-0.829503 -1.42938 1.3132 -1.59578 -1.40077 0.0388274 
-0.831099 -1.43215 1.31597 -1.59834 -1.39781 0.0374547 
-0.832659 -1.435 1.31871 -1.60071 -1.3949 0.0360214 
-0.834181 -1.43794 1.3214 -1.60289 -1.39204 0.0345272 
-0.835666 -1.44097 1.32406 -1.60488 -1.38924 0.032972 
-0.837113 -1.44407 1.32669 -1.60667 -1.38648 0.0313559 
-0.838523 -1.44727 1.32927 -1.60827 -1.38377 0.0296792 
-0.839896 -1.45054 1.33182 -1.60968 -1.38111 0.0279427 
-0.841232 -1.4539 1.33433 -1.61091 -1.3785 0.0261471 
-0.842532 -1.45734 1.3368 -1.61195 -1.37593 0.0242935 
-0.843796 -1.46086 1.33924 -1.6128 -1.37342 0.0223828 
-0.845026 -1.46445 1.34164 -1.61348 -1.37095 0.0204162 
-0.846221 -1.46812 1.34401 -1.61399 -1.36852 0.0183948 
-0.847383 -1.47187 1.34635 -1.61432 -1.36614 0.0163197 
-0.848512 -1.47569 1.34865 -1.61448 -1.3638 0.014192 
-0.84961 -1.47958 1.35092 -1.61448 -1.3615 0.0120129 
-0.850678 -1.48355 1.35316 -1.61432 -1.35924 0.00978397 
-0.851716 -1.48758 1.35536 -1.61401 -1.35702 0.0075069 
-0.852727 -1.49167 1.35754 -1.61354 -1.35484 0.00518379 
-0.853712 -1.49582 1.3597 -1.61294 -1.35269 0.00281716 
-0.854672 -1.50003 1.36182 -1.6122 -1.35057 0.000410041 
-0.85561 -1.50429 1.36392 -1.61134 -1.34849 -0.00203401 
-0.856528 -1.5086 1.36601 -1.61036 -1.34642 -0.00451085 
-0.857429 -1.51295 1.36807 -1.6093 -1.34438 -0.00701574 
-0.858317 -1.51732 1.37012 -1.60815 -1.34235 -0.00954337 
-0.859196 -1.52173 1.37215 -1.60694 -1.34034 -0.0120879 
-0.86007 -1.52614 1.37418 -1.60568 -1.33832 -0.0146433 
-0.860943 -1.53057 1.37621 -1.6044 -1.33631 -0.017203 
-0.861819 -1.53499 1.37823 -1.60311 -1.33429 -0.0197606 
-0.862703 -1.5394 1.38026 -1.60183 -1.33226 -0.02231 
-0.863599 -1.54379 1.3823 -1.60058 -1.33021 -0.0248453 
-0.864511 -1.54815 1.38434 -1.59938 -1.32813 -0.027361 
-0.86544 -1.55248 1.3864 -1.59823 -1.32603 -0.0298523 
-0.866391 -1.55676 1.38848 -1.59716 -1.32389 -0.0323145 
-0.867366 -1.56101 1.39057 -1.59617 -1.32172 -0.0347436 
-0.868366 -1.5652 1.39269 -1.59528 -1.31952 -0.0371358 
-0.869394 -1.56933 1.39483 -1.59449 -1.31727 -0.0394875 
-0.870453 -1.57341 1.39699 -1.59382 -1.31497 -0.0417954 
-0.871545 -1.57742 1.39919 -1.59328 -1.31263 -0.0440564 
-0.872671 -1.58136 1.40141 -1.59287 -1.31024 -0.0462673 
-0.873834 -1.58522 1.40366 -1.5926 -1.3078 -0.0484253 
-0.875035 -1.58901 1.40594 -1.59248 -1.30529 -0.0505278 
-0.876278 -1.59272 1.40826 -1.59252 -1.30273 -0.0525723 
-0.877562 -1.59634 1.41061 -1.59273 -1.30011 -0.0545569 
-0.878889 -1.59988 1.413 -1.59311 -1.29743 -0.0564797 
-0.880259 -1.60334 1.41542 -1.59366 -1.29469 -0.0583393 
-0.881674 -1.6067 1.41789 -1.59438 -1.29188 -0.0601344 
-0.883134 -1.60997 1.42039 -1.59529 -1.28901 -0.0618642 
-0.884639 -1.61315 1.42293 -1.59638 -1.28607 -0.0635278 
-0.886189 -1.61623 1.42551 -1.59765 -1.28307 -0.0651245 
-0.887785 -1.61923 1.42813 -1.59911 -1.28 -0.0666539 
-0.889427 -1.62213 1.43078 -1.60075 -1.27686 -0.0681155 
-0.891116 -1.62493 1.43348 -1.60258 -1.27366 -0.069509 
-0.892852 -1.62764 1.43622 -1.6046 -1.27039 -0.070834 
-0.894635 -1.63025 1.439 -1.60682 -1.26705 -0.0720906 
-0.896465 -1.63277 1.44182 -1.60922 -1.26365 -0.0732786 
-0.898343 -1.6352 1.44467 -1.6118 -1.26018 -0.0743983 
-0.900268 -1.63753 1.44757 -1.61458 -1.25663 -0.07545 
-0.90224 -1.63976 1.45051 -1.61754 -1.25303 -0.0764341 
-0.904257 -1.6419 1.45349 -1.62069 -1.24935 -0.0773514 
-0.906319 -1.64396 1.4565 -1.62402 -1.24562 -0.0782027 
-0.908425 -1.64592 1.45956 -1.62753 -1.24181 -0.0789889 
-0.910574 -1.64779 1.46265 -1.63121 -1.23795 -0.0797114 
-0.912765 -1.64958 1.46577 -1.63506 -1.23403 -0.0803715 
-0.914997 -1.65128 1.46894 -1.63908 -1.23004 -0.0809707 
-0.91727 -1.6529 1.47213 -1.64326 -1.226 -0.0815107 
-0.919583 -1.65444 1.47536 -1.6476 -1.2219 -0.0819933 
-0.921933 -1.6559 1.47862 -1.65208 -1.21774 -0.0824204 
-0.92432 -1.65729 1.48192 -1.65671 -1.21353 -0.0827941 
-0.926743 -1.65861 1.48524 -1.66148 -1.20927 -0.0831165 
-0.929198 -1.65986 1.48859 -1.66638 -1.20496 -0.0833903 
-0.931685 -1.66105 1.49197 -1.67139 -1.20061 -0.0836182 
-0.9342 -1.66218 1.49537 -1.67652 -1.19621 -0.0838036 
-0.93674 -1.66326 1.49879 -1.68175 -1.19177 -0.0839504 
-0.939302 -1.66429 1.50223 -1.68706 -1.1873 -0.0840634 
-0.941882 -1.66528 1.50569 -1.69245 -1.1828 -0.0841478 
-0.944477 -1.66624 1.50915 -1.69788 -1.17828 -0.0842097 
-0.94708 -1.66718 1.51263 -1.70334 -1.17374 -0.0842556 
-0.949689 -1.66811 1.51611 -1.70882 -1.16919 -0.0842922 
-0.952298 -1.66904 1.51959 -1.71429 -1.16464 -0.0843262 
-0.954904 -1.66998 1.52306 -1.71973 -1.16009 -0.0843641 
-0.957501 -1.67093 1.52653 -1.72512 -1.15554 -0.0844117 
-0.960087 -1.6719 1.52999 -1.73045 -1.15101 -0.0844741 
-0.962658 -1.6729 1.53343 -1.73571 -1.14649 -0.0845558 
-0.96521 -1.67394 1.53685 -1.74088 -1.14199 -0.0846609 
-0.967742 -1.67501 1.54026 -1.74596 -1.13752 -0.0847927 
-0.97025 -1.67613 1.54365 -1.75093 -1.13308 -0.0849544 
-0.972733 -1.6773 1.54701 -1.75578 -1.12866 -0.0851491 
-0.975188 -1.67852 1.55035 -1.76051 -1.12428 -0.0853797 
-0.977614 -1.6798 1.55366 -1.7651 -1.11993 -0.0856492 
-0.980008 -1.68113 1.55695 -1.76955 -1.11562 -0.0859603 
-0.98237 -1.68253 1.5602 -1.77386 -1.11136 -0.0863159 
-0.984697 -1.684 1.56343 -1.778 -1.10713 -0.0867185 
-0.986987 -1.68554 1.56662 -1.78198 -1.10295 -0.08717 
-0.989241 -1.68716 1.56978 -1.7858 -1.09882 -0.0876722 
-0.991457 -1.68884 1.57291 -1.78944 -1.09473 -0.0882264 
-0.993634 -1.69061 1.576 -1.79291 -1.0907 -0.0888333 
-0.995772 -1.69245 1.57906 -1.7962 -1.08671 -0.0894936 
-0.997869 -1.69437 1.58208 -1.79931 -1.08277 -0.0902076 
-0.999926 -1.69637 1.58507 -1.80224 -1.07888 -0.0909756 
-1.00194 -1.69844 1.58802 -1.80499 -1.07504 -0.0917981 
-1.00392 -1.7006 1.59093 -1.80756 -1.07126 -0.0926755 
-1.00585 -1.70283 1.59381 -1.80995 -1.06752 -0.0936083 
-1.00774 -1.70515 1.59665 -1.81216 -1.06384 -0.094597 
-1.00959 -1.70754 1.59945 -1.81417 -1.06021 -0.0956422 
-1.0114 -1.71002 1.60222 -1.816 -1.05663 -0.0967443 
-1.01317 -1.71258 1.60495 -1.81765 -1.05311 -0.0979032 
-1.0149 -1.71522 1.60765 -1.8191 -1.04963 -0.0991186 
-1.01658 -1.71795 1.6103 -1.82038 -1.04621 -0.10039 
-1.01823 -1.72075 1.61293 -1.82147 -1.04284 -0.101717 
-1.01983 -1.72363 1.61551 -1.82238 -1.03952 -0.103097 
-1.0214 -1.72658 1.61806 -1.82312 -1.03625 -0.104529 
-1.02292 -1.72961 1.62058 -1.82368 -1.03302 -0.106013 
-1.02441 -1.73272 1.62307 -1.82409 -1.02985 -0.107545 
-1.02586 -1.73589 1.62552 -1.82433 -1.02671 -0.109125 
-1.02728 -1.73912 1.62794 -1.82442 -1.02362 -0.110751 
-1.02866 -1.74242 1.63034 -1.82436 -1.02058 -0.11242 
-1.03001 -1.74579 1.6327 -1.82415 -1.01757 -0.114131 
-1.03133 -1.74921 1.63504 -1.82381 -1.0146 -0.115882 
-1.03262 -1.75268 1.63735 -1.82334 -1.01167 -0.117669 
-1.03388 -1.75621 1.63964 -1.82275 -1.00876 -0.119492 
-1.03511 -1.75979 1.64191 -1.82204 -1.00589 -0.121346 
-1.03632 -1.76341 1.64415 -1.82123 -1.00305 -0.123228 
-1.03751 -1.76706 1.64638 -1.82033 -1.00023 -0.125133 
-1.03868 -1.77075 1.64859 -1.81935 -0.997436 -0.127057 
-1.03983 -1.77446 1.65079 -1.8183 -0.994656 -0.128995 
-1.04097 -1.77818 1.65298 -1.81722 -0.991887 -0.130941 
-1.0421 -1.78191 1.65517 -1.81611 -0.989124 -0.132888 
-1.04322 -1.78564 1.65735 -1.81499 -0.986362 -0.134829 
-1.04435 -1.78936 1.65954 -1.81388 -0.983593 -0.136758 
-1.04548 -1.79305 1.66173 -1.81281 -0.980811 -0.138667 
-1.04661 -1.79672 1.66394 -1.8118 -0.978011 -0.14055 
-1.04777 -1.80034 1.66616 -1.81085 -0.975187 -0.1424 
-1.04893 -1.80392 1.6684 -1.81 -0.972335 -0.144212 
-1.05012 -1.80745 1.67066 -1.80925 -0.96945 -0.145981 
-1.05132 -1.81091 1.67294 -1.80861 -0.96653 -0.147703 
-1.05255 -1.81431 1.67524 -1.8081 -0.963571 -0.149374 
-1.0538 -1.81765 1.67758 -1.80772 -0.960571 -0.150991 
-1.05508 -1.82091 1.67994 -1.80749 -0.957527 -0.152549 
-1.05638 -1.82409 1.68233 -1.80741 -0.954437 -0.154048 
-1.05772 -1.82719 1.68476 -1.80749 -0.951299 -0.155483 
-1.05909 -1.83021 1.68721 -1.80774 -0.948109 -0.156853 
-1.06049 -1.83314 1.68971 -1.80816 -0.944867 -0.158155 
-1.06193 -1.83598 1.69223 -1.80876 -0.941569 -0.159387 
-1.0634 -1.83874 1.6948 -1.80955 -0.938215 -0.160549 
-1.06491 -1.84139 1.6974 -1.81052 -0.934803 -0.161637 
-1.06645 -1.84396 1.70004 -1.81169 -0.931332 -0.162652 
-1.06803 -1.84642 1.70272 -1.81305 -0.927802 -0.163592 
-1.06965 -1.84879 1.70544 -1.81461 -0.924213 -0.164457 
-1.07131 -1.85106 1.7082 -1.81636 -0.920564 -0.165245 
-1.073 -1.85323 1.711 -1.81831 -0.916856 -0.165958 
-1.07474 -1.85531 1.71383 -1.82047 -0.913087 -0.166594 
-1.07651 -1.85728 1.71671 -1.82282 -0.909259 -0.167152 
-1.07832 -1.85916 1.71963 -1.82538 -0.90537 -0.167634 
-1.08016 -1.86093 1.72258 -1.82814 -0.90142 -0.168038 
-1.08205 -1.86261 1.72558 -1.8311 -0.897408 -0.168364 
-1.08398 -1.86418 1.72862 -1.83426 -0.893335 -0.168613 
-1.08594 -1.86566 1.7317 -1.83763 -0.8892 -0.168784 
-1.08795 -1.86703 1.73482 -1.84119 -0.885004 -0.168878 
-1.08999 -1.86831 1.73798 -1.84496 -0.880747 -0.168896 
-1.09207 -1.86949 1.74117 -1.84893 -0.87643 -0.168837 
-1.09419 -1.87057 1.74441 -1.85308 -0.872055 -0.168703 
-1.09634 -1.87156 1.74769 -1.85743 -0.867624 -0.168495 
-1.09852 -1.87246 1.751 -1.86197 -0.863137 -0.168215 
-1.10074 -1.87326 1.75434 -1.86669 -0.858598 -0.167865 
-1.10299 -1.87398 1.75772 -1.87158 -0.854007 -0.167445 
-1.10527 -1.87462 1.76114 -1.87664 -0.849368 -0.166958 
-1.10758 -1.87517 1.76458 -1.88187 -0.844681 -0.166407 
-1.10992 -1.87565 1.76806 -1.88724 -0.839949 -0.165792 
-1.11228 -1.87605 1.77156 -1.89277 -0.835174 -0.165118 
-1.11466 -1.87639 1.7751 -1.89844 -0.83036 -0.164386 
-1.11706 -1.87666 1.77865 -1.90424 -0.825508 -0.163598 
-1.11949 -1.87686 1.78223 -1.91017 -0.820622 -0.162758 
-1.12192 -1.87701 1.78584 -1.91621 -0.815705 -0.161868 
-1.12438 -1.87711 1.78946 -1.92235 -0.810762 -0.160932 
-1.12684 -1.87716 1.7931 -1.92859 -0.805796 -0.159953 
-1.1293 -1.87717 1.79675 -1.93491 -0.800813 -0.158936 
-1.13177 -1.87714 1.80042 -1.94129 -0.795818 -0.157886 
-1.13424 -1.8771 1.80409 -1.94772 -0.790818 -0.156809 
-1.1367 -1.87703 1.80776 -1.95417 -0.785818 -0.15571 
-1.13915 -1.87697 1.81143 -1.96063 -0.780826 -0.154596 
-1.14158 -1.8769 1.8151 -1.96708 -0.775846 -0.153472 
-1.14399 -1.87685 1.81876 -1.9735 -0.770885 -0.152344 
-1.14637 -1.87682 1.82241 -1.97988 -0.765949 -0.151218 
-1.14873 -1.87681 1.82604 -1.9862 -0.761043 -0.150097 
-1.15105 -1.87684 1.82965 -1.99245 -0.75617 -0.148985 
-1.15334 -1.8769 1.83325 -1.99861 -0.751336 -0.147887 
-1.15559 -1.87701 1.83682 -2.00469 -0.746543 -0.146804 
-1.1578 -1.87716 1.84037 -2.01068 -0.741793 -0.145739 
-1.15997 -1.87736 1.84389 -2.01656 -0.737091 -0.144694 
-1.1621 -1.87761 1.84739 -2.02232 -0.732438 -0.143671 
-1.16418 -1.87791 1.85086 -2.02798 -0.727835 -0.142673 
-1.16622 -1.87828 1.8543 -2.03351 -0.723286 -0.141701 
-1.1682 -1.8787 1.85771 -2.03891 -0.718791 -0.140757 
-1.17014 -1.87919 1.86109 -2.04418 -0.714352 -0.139843 
-1.17203 -1.87974 1.86443 -2.04931 -0.70997 -0.13896 
-1.17387 -1.88036 1.86775 -2.0543 -0.705646 -0.138108 
-1.17566 -1.88105 1.87103 -2.05915 -0.701381 -0.137289 
-1.1774 -1.8818 1.87428 -2.06385 -0.697176 -0.136502 
-1.17909 -1.88262 1.87749 -2.06842 -0.693031 -0.135749 
-1.18072 -1.88351 1.88068 -2.07284 -0.688947 -0.135028 
-1.1823 -1.88447 1.88382 -2.07711 -0.684923 -0.13434 
-1.18383 -1.88549 1.88694 -2.08124 -0.680961 -0.133686 
-1.18531 -1.88659 1.89002 -2.08523 -0.67706 -0.133065 
-1.18673 -1.88775 1.89307 -2.08907 -0.67322 -0.132477 
-1.1881 -1.88898 1.89608 -2.09276 -0.669441 -0.131923 
-1.18942 -1.89029 1.89906 -2.09631 -0.665724 -0.131403 
-1.19069 -1.89166 1.902 -2.09971 -0.662068 -0.130917 
-1.1919 -1.8931 1.90491 -2.10296 -0.658474 -0.130464 
-1.19307 -1.89461 1.90779 -2.10607 -0.65494 -0.130044 
-1.19418 -1.89619 1.91063 -2.10904 -0.651466 -0.129656 
-1.19524 -1.89783 1.91344 -2.11186 -0.648051 -0.129299 
-1.19624 -1.89954 1.91622 -2.11456 -0.644695 -0.12897 
-1.1972 -1.90131 1.91896 -2.11712 -0.641396 -0.128668 
-1.19812 -1.90314 1.92168 -2.11957 -0.638152 -0.128389 
-1.19898 -1.90502 1.92437 -2.1219 -0.634963 -0.128131 
-1.1998 -1.90694 1.92703 -2.12413 -0.631825 -0.127891 
-1.20058 -1.90892 1.92966 -2.12627 -0.628736 -0.127664 
-1.20131 -1.91093 1.93227 -2.12832 -0.625693 -0.127447 
-1.202 -1.91299 1.93486 -2.1303 -0.622695 -0.127236 
-1.20266 -1.91507 1.93742 -2.13221 -0.619737 -0.127027 
-1.20328 -1.91718 1.93997 -2.13407 -0.616819 -0.126815 
-1.20387 -1.91931 1.9425 -2.13589 -0.613936 -0.126596 
-1.20442 -1.92146 1.94502 -2.13768 -0.611087 -0.126366 
-1.20495 -1.92362 1.94752 -2.13946 -0.608268 -0.12612 
-1.20545 -1.92578 1.95001 -2.14122 -0.605476 -0.125853 
-1.20592 -1.92794 1.95249 -2.14301 -0.602708 -0.125559 
-1.20638 -1.93009 1.95496 -2.14482 -0.599959 -0.12523 
-1.20681 -1.93221 1.95743 -2.14668 -0.597224 -0.12486 
-1.20723 -1.9343 1.9599 -2.14862 -0.594499 -0.124439 
-1.20764 -1.93636 1.96238 -2.15065 -0.591777 -0.123959 
-1.20805 -1.93835 1.96487 -2.1528 -0.589052 -0.12341 
-1.20845 -1.94029 1.96736 -2.1551 -0.58632 -0.122784 
-1.20886 -1.94215 1.96988 -2.15756 -0.583573 -0.122071 
-1.20928 -1.94393 1.97241 -2.1602 -0.580808 -0.121264 
-1.2097 -1.94562 1.97496 -2.16305 -0.578021 -0.120358 
-1.21014 -1.94721 1.97754 -2.16612 -0.575208 -0.119346 
-1.21059 -1.9487 1.98014 -2.16941 -0.572366 -0.118223 
-1.21105 -1.95009 1.98277 -2.17294 -0.569494 -0.116987 
-1.21153 -1.95136 1.98543 -2.17672 -0.566588 -0.115633 
-1.21204 -1.95251 1.98812 -2.18075 -0.563648 -0.114159 
-1.21256 -1.95355 1.99084 -2.18505 -0.560672 -0.112561 
-1.2131 -1.95446 1.99359 -2.18962 -0.557657 -0.110837 
-1.21367 -1.95525 1.99637 -2.19446 -0.554602 -0.108984 
-1.21426 -1.95592 1.99919 -2.19959 -0.551505 -0.107 
-1.21487 -1.95645 2.00205 -2.20501 -0.548365 -0.104882 
-1.21551 -1.95685 2.00494 -2.21072 -0.54518 -0.102629 
-1.21617 -1.95711 2.00787 -2.21673 -0.541951 -0.100239 
-1.21687 -1.95725 2.01083 -2.22303 -0.538676 -0.0977134 
-1.21758 -1.95725 2.01383 -2.22963 -0.535357 -0.0950505 
-1.21833 -1.95711 2.01687 -2.23653 -0.531992 -0.0922506 
-1.2191 -1.95684 2.01994 -2.24373 -0.528582 -0.0893139 
-1.2199 -1.95643 2.02305 -2.25122 -0.525128 -0.0862404 
-1.22072 -1.95589 2.0262 -2.25902 -0.521629 -0.08303 
-1.22157 -1.95522 2.02938 -2.26711 -0.518085 -0.0796822 
-1.22244 -1.95441 2.0326 -2.2755 -0.514496 -0.0761964 
-1.22335 -1.95346 2.03585 -2.2842 -0.510862 -0.0725719 
-1.22428 -1.95237 2.03914 -2.29319 -0.507183 -0.068808 
-1.22523 -1.95115 2.04247 -2.30249 -0.503457 -0.0649044 
-1.22621 -1.94979 2.04584 -2.31209 -0.499687 -0.0608609 
-1.22722 -1.9483 2.04924 -2.32199 -0.495871 -0.0566779 
-1.22826 -1.94667 2.05267 -2.33219 -0.492012 -0.0523561 
-1.22932 -1.94491 2.05614 -2.34269 -0.488111 -0.0478966 
-1.2304 -1.94301 2.05963 -2.35347 -0.484171 -0.0433006 
-1.2315 -1.94099 2.06316 -2.36454 -0.480192 -0.0385695 
-1.23263 -1.93883 2.06671 -2.37589 -0.476179 -0.0337045 
-1.23377 -1.93656 2.07029 -2.38752 -0.472134 -0.0287068 
-1.23493 -1.93415 2.07389 -2.39941 -0.468061 -0.0235773 
-1.23611 -1.93163 2.0775 -2.41155 -0.463963 -0.0183167 
-1.23729 -1.92899 2.08113 -2.42396 -0.459843 -0.0129259 
-1.23849 -1.92623 2.08477 -2.4366 -0.455706 -0.00740551 
-1.23969 -1.92336 2.08841 -2.44949 -0.451555 -0.0017567 
-1.2409 -1.92038 2.09205 -2.46261 -0.447394 0.00401926 
-1.24212 -1.91729 2.09569 -2.47595 -0.443228 0.00992068 
-1.24333 -1.9141 2.09932 -2.4895 -0.43906 0.0159456 
-1.24454 -1.91081 2.10294 -2.50326 -0.434894 0.0220917 
-1.24575 -1.90743 2.10655 -2.51721 -0.430736 0.0283566 
-1.24695 -1.90395 2.11014 -2.53134 -0.426592 0.0347379 
-1.24813 -1.90039 2.1137 -2.54564 -0.422466 0.0412331 
-1.24931 -1.89674 2.11723 -2.5601 -0.418365 0.0478401 
-1.25046 -1.89302 2.12072 -2.57471 -0.414297 0.0545567 
-1.25158 -1.88922 2.12416 -2.58944 -0.410267 0.0613808 
-1.25268 -1.88536 2.12755 -2.60429 -0.406285 0.0683105 
-1.25375 -1.88143 2.13088 -2.61924 -0.402356 0.0753439 
-1.25478 -1.87745 2.13414 -2.63427 -0.398488 0.0824788 
-1.25577 -1.87342 2.13733 -2.64939 -0.394686 0.0897132 
-1.25672 -1.86933 2.14044 -2.66457 -0.390956 0.0970447 
-1.25762 -1.86521 2.14347 -2.6798 -0.387302 0.104471 
-1.25848 -1.86104 2.14641 -2.69508 -0.383727 0.11199 
-1.25928 -1.85684 2.14927 -2.71041 -0.380236 0.1196 
-1.26003 -1.85259 2.15203 -2.72576 -0.376831 0.1273 
-1.26073 -1.84832 2.1547 -2.74114 -0.373515 0.135088 
-1.26137 -1.84401 2.15727 -2.75655 -0.370288 0.142963 
-1.26196 -1.83967 2.15975 -2.77198 -0.367155 0.150926 
-1.2625 -1.8353 2.16212 -2.78743 -0.364115 0.158977 
-1.26297 -1.8309 2.16439 -2.80289 -0.361171 0.167115 
-1.26339 -1.82647 2.16657 -2.81837 -0.358324 0.175341 
-1.26375 -1.82201 2.16863 -2.83386 -0.355575 0.183656 
-1.26404 -1.81753 2.17059 -2.84936 -0.352924 0.192058 
-1.26428 -1.81302 2.17245 -2.86487 -0.350372 0.200546 
-1.26446 -1.80848 2.1742 -2.88039 -0.34792 0.209121 
-1.26458 -1.80391 2.17585 -2.89592 -0.345567 0.21778 
-1.26464 -1.79932 2.1774 -2.91145 -0.343314 0.226523 
-1.26464 -1.79471 2.17884 -2.92698 -0.34116 0.235349 
-1.26458 -1.79007 2.18017 -2.94252 -0.339105 0.244257 
-1.26447 -1.78541 2.1814 -2.95806 -0.337151 0.253247 
-1.26429 -1.78072 2.18253 -2.9736 -0.335296 0.262319 
-1.26405 -1.77601 2.18355 -2.98914 -0.333542 0.271472 
-1.26375 -1.77128 2.18447 -3.00468 -0.331888 0.280707 
-1.26339 -1.76652 2.18528 -3.02022 -0.330335 0.290022 
-1.26297 -1.76175 2.18599 -3.03575 -0.328883 0.299417 
-1.26249 -1.75695 2.1866 -3.05128 -0.32753 0.308889 
-1.26195 -1.75214 2.1871 -3.0668 -0.326277 0.318435 
-1.26136 -1.74731 2.18751 -3.08231 -0.325123 0.32805 
-1.2607 -1.74246 2.18782 -3.09779 -0.324067 0.33773 
-1.25999 -1.73761 2.18803 -3.11325 -0.323107 0.347469 
-1.25923 -1.73275 2.18816 -3.12868 -0.322242 0.357259 
-1.25841 -1.72789 2.1882 -3.14407 -0.321472 0.367093 
-1.25753 -1.72303 2.18816 -3.1594 -0.320793 0.376963 
-1.25661 -1.71817 2.18804 -3.17468 -0.320206 0.38686 
-1.25564 -1.71333 2.18785 -3.18989 -0.319707 0.396775 
-1.25461 -1.7085 2.18759 -3.20502 -0.319296 0.4067 
-1.25354 -1.70369 2.18726 -3.22007 -0.318971 0.416627 
-1.25243 -1.6989 2.18688 -3.23502 -0.31873 0.426548 
-1.25126 -1.69414 2.18643 -3.24987 -0.318571 0.436455 
-1.25006 -1.68941 2.18594 -3.26462 -0.318493 0.446342 
-1.24881 -1.68471 2.1854 -3.27925 -0.318494 0.456204 
-1.24753 -1.68004 2.18481 -3.29376 -0.318572 0.466034 
-1.2462 -1.67541 2.18418 -3.30816 -0.318725 0.475828 
-1.24483 -1.67081 2.18351 -3.32244 -0.318952 0.485582 
-1.24343 -1.66625 2.1828 -3.33659 -0.319251 0.495292 
-1.24199 -1.66173 2.18206 -3.35061 -0.31962 0.504956 
-1.24051 -1.65724 2.18128 -3.36451 -0.320058 0.51457 
-1.239 -1.65279 2.18048 -3.37829 -0.320563 0.524132 
-1.23746 -1.64838 2.17965 -3.39194 -0.321133 0.533639 
-1.23588 -1.644 2.17879 -3.40546 -0.321767 0.543089 
-1.23428 -1.63966 2.1779 -3.41886 -0.322464 0.552481 
-1.23264 -1.63535 2.17699 -3.43213 -0.323221 0.561813 
-1.23097 -1.63108 2.17606 -3.44528 -0.324037 0.571082 
-1.22927 -1.62684 2.17512 -3.4583 -0.324911 0.580288 
-1.22754 -1.62264 2.17415 -3.4712 -0.325841 0.589429 
-1.22579 -1.61847 2.17317 -3.48398 -0.326826 0.598503 
-1.224 -1.61433 2.17217 -3.49663 -0.327864 0.60751 
-1.2222 -1.61023 2.17116 -3.50917 -0.328954 0.616449 
-1.22036 -1.60615 2.17014 -3.52158 -0.330095 0.625317 
-1.2185 -1.60211 2.1691 -3.53388 -0.331285 0.634115 
-1.21662 -1.5981 2.16806 -3.54605 -0.332523 0.642841 
-1.21472 -1.59411 2.16701 -3.55811 -0.333808 0.651494 
-1.21279 -1.59016 2.16595 -3.57006 -0.335138 0.660074 
-1.21084 -1.58624 2.16488 -3.58188 -0.336512 0.66858 
-1.20887 -1.58234 2.16381 -3.5936 -0.337929 0.67701 
-1.20688 -1.57847 2.16274 -3.60519 -0.339388 0.685365 
-1.20486 -1.57463 2.16166 -3.61668 -0.340888 0.693643 
-1.20283 -1.57082 2.16059 -3.62805 -0.342426 0.701844 
-1.20079 -1.56703 2.15951 -3.63932 -0.344003 0.709967 
-1.19872 -1.56327 2.15843 -3.65047 -0.345617 0.718012 
-1.19663 -1.55953 2.15735 -3.66151 -0.347268 0.725979 
-1.19453 -1.55582 2.15628 -3.67245 -0.348953 0.733866 
-1.19241 -1.55213 2.15521 -3.68328 -0.350672 0.741674 
-1.19028 -1.54846 2.15414 -3.694 -0.352424 0.749401 
-1.18813 -1.54482 2.15308 -3.70462 -0.354208 0.757049 
-1.18597 -1.54121 2.15202 -3.71513 -0.356023 0.764615 
-1.18379 -1.53761 2.15097 -3.72554 -0.357867 0.772101 
-1.1816 -1.53404 2.14992 -3.73584 -0.359741 0.779505 
-1.1794 -1.53049 2.14888 -3.74604 -0.361643 0.786828 
-1.17718 -1.52696 2.14785 -3.75615 -0.363571 0.79407 
-1.17496 -1.52345 2.14683 -3.76615 -0.365526 0.801229 
-1.17272 -1.51997 2.14582 -3.77605 -0.367507 0.808307 
-1.17047 -1.5165 2.14482 -3.78586 -0.369512 0.815303 
-1.16821 -1.51305 2.14383 -3.79556 -0.37154 0.822216 
-1.16594 -1.50963 2.14285 -3.80517 -0.373591 0.829047 
-1.16366 -1.50622 2.14188 -3.81469 -0.375664 0.835796 
-1.16137 -1.50283 2.14092 -3.8241 -0.377759 0.842463 
-1.15907 -1.49946 2.13998 -3.83343 -0.379873 0.849047 
-1.15677 -1.49611 2.13905 -3.84266 -0.382008 0.855549 
-1.15445 -1.49278 2.13813 -3.8518 -0.384161 0.861969 
-1.15213 -1.48947 2.13723 -3.86084 -0.386332 0.868306 
-1.14981 -1.48617 2.13634 -3.8698 -0.388521 0.874562 
-1.14747 -1.48289 2.13547 -3.87867 -0.390727 0.880735 
-1.14513 -1.47963 2.13461 -3.88744 -0.392948 0.886826 
-1.14279 -1.47639 2.13376 -3.89613 -0.395185 0.892835 
-1.14043 -1.47316 2.13294 -3.90473 -0.397437 0.898762 
-1.13808 -1.46995 2.13213 -3.91324 -0.399703 0.904606 
-1.13572 -1.46675 2.13134 -3.92167 -0.401982 0.910368 
-1.13335 -1.46357 2.13056 -3.93001 -0.404274 0.916045 
-1.13098 -1.46041 2.12981 -3.93826 -0.406579 0.921638 
-1.12861 -1.45725 2.12908 -3.94643 -0.408895 0.927144 
-1.12623 -1.45411 2.12837 -3.95452 -0.411223 0.932562 
-1.12384 -1.45098 2.12768 -3.96253 -0.413563 0.937887 
-1.12145 -1.44786 2.12703 -3.97045 -0.415913 0.943116 
-1.11906 -1.44475 2.1264 -3.97829 -0.418275 0.948243 
-1.11666 -1.44164 2.12582 -3.98604 -0.420647 0.953261 
-1.11425 -1.43853 2.12527 -3.99372 -0.42303 0.958166 
-1.11184 -1.43543 2.12477 -4.00131 -0.425423 0.96295 
-1.10942 -1.43232 2.12432 -4.00882 -0.427828 0.967608 
-1.10699 -1.4292 2.12392 -4.01626 -0.430242 0.972139 
-1.10455 -1.42608 2.12357 -4.02361 -0.432667 0.976538 
-1.10211 -1.42296 2.12328 -4.03088 -0.435101 0.980807 
-1.09965 -1.41983 2.12304 -4.03807 -0.437544 0.984944 
-1.09719 -1.41669 2.12286 -4.04519 -0.439996 0.988951 
-1.09473 -1.41355 2.12272 -4.05223 -0.442457 0.99283 
-1.09225 -1.4104 2.12264 -4.05919 -0.444925 0.996581 
-1.08978 -1.40725 2.12261 -4.06608 -0.4474 1.00021 
-1.08729 -1.4041 2.12264 -4.07289 -0.449881 1.00371 
-1.0848 -1.40094 2.12271 -4.07963 -0.452369 1.0071 
-1.08231 -1.39778 2.12282 -4.08629 -0.454862 1.01036 
-1.07981 -1.39461 2.12299 -4.09288 -0.45736 1.01351 
-1.07731 -1.39145 2.1232 -4.0994 -0.459863 1.01655 
-1.07481 -1.38828 2.12346 -4.10585 -0.462369 1.01948 
-1.0723 -1.38511 2.12376 -4.11223 -0.464879 1.02229 
-1.06979 -1.38194 2.1241 -4.11854 -0.467393 1.025 
-1.06729 -1.37877 2.12448 -4.12478 -0.469908 1.02761 
-1.06477 -1.3756 2.1249 -4.13095 -0.472426 1.03011 
-1.06226 -1.37243 2.12537 -4.13706 -0.474945 1.03252 
-1.05975 -1.36927 2.12587 -4.14309 -0.477466 1.03482 
-1.05724 -1.3661 2.1264 -4.14907 -0.479987 1.03703 
-1.05473 -1.36294 2.12698 -4.15498 -0.482508 1.03915 
-1.05222 -1.35978 2.12759 -4.16082 -0.48503 1.04118 
-1.04971 -1.35663 2.12823 -4.1666 -0.487551 1.04311 
-1.0472 -1.35347 2.1289 -4.17231 -0.490071 1.04496 
-1.0447 -1.35033 2.12961 -4.17797 -0.49259 1.04672 
-1.04219 -1.34718 2.13035 -4.18356 -0.495108 1.0484 
-1.03969 -1.34404 2.13112 -4.18909 -0.497624 1.04999 
-1.03719 -1.34091 2.13192 -4.19456 -0.500137 1.05151 
-1.0347 -1.33778 2.13275 -4.19997 -0.502648 1.05294 
-1.03221 -1.33466 2.1336 -4.20532 -0.505156 1.0543 
-1.02972 -1.33154 2.13449 -4.21062 -0.50766 1.05559 
-1.02724 -1.32843 2.13539 -4.21585 -0.510161 1.0568 
-1.02476 -1.32533 2.13633 -4.22103 -0.512658 1.05793 
-1.02228 -1.32223 2.13729 -4.22615 -0.515151 1.059 
-1.01982 -1.31915 2.13827 -4.23122 -0.51764 1.06 
-1.01735 -1.31607 2.13928 -4.23623 -0.520124 1.06093 
-1.01489 -1.31299 2.14031 -4.24119 -0.522603 1.0618 
-1.01244 -1.30993 2.14136 -4.24609 -0.525076 1.0626 
-1.00999 -1.30688 2.14243 -4.25093 -0.527544 1.06334 
-1.00755 -1.30383 2.14352 -4.25573 -0.530007 1.06401 
-1.00512 -1.30079 2.14463 -4.26047 -0.532463 1.06463 
-1.00269 -1.29777 2.14576 -4.26516 -0.534913 1.06519 
-1.00027 -1.29475 2.14691 -4.2698 -0.537357 1.06569 
-0.997859 -1.29174 2.14808 -4.27439 -0.539793 1.06614 
-0.995453 -1.28874 2.14926 -4.27893 -0.542223 1.06653 
-0.993055 -1.28575 2.15046 -4.28342 -0.544646 1.06687 
-0.990664 -1.28278 2.15167 -4.28785 -0.547062 1.06716 
-0.988281 -1.27981 2.1529 -4.29225 -0.54947 1.06739 
-0.985906 -1.27686 2.15415 -4.29659 -0.55187 1.06758 
-0.983539 -1.27391 2.15541 -4.30088 -0.554263 1.06772 
-0.981181 -1.27098 2.15668 -4.30513 -0.556647 1.06781 
-0.978831 -1.26806 2.15797 -4.30933 -0.559023 1.06785 
-0.97649 -1.26515 2.15927 -4.31349 -0.561391 1.06785 
-0.974158 -1.26225 2.16058 -4.3176 -0.56375 1.06781 
-0.971834 -1.25936 2.1619 -4.32166 -0.5661 1.06773 
-0.96952 -1.25649 2.16324 -4.32568 -0.568442 1.0676 
-0.967215 -1.25363 2.16458 -4.32966 -0.570774 1.06743 
-0.96492 -1.25078 2.16593 -4.33359 -0.573098 1.06722 
-0.962634 -1.24794 2.1673 -4.33748 -0.575412 1.06698 
-0.960357 -1.24512 2.16867 -4.34132 -0.577717 1.0667 
-0.958091 -1.24231 2.17005 -4.34513 -0.580012 1.06638 
-0.955834 -1.23951 2.17144 -4.34889 -0.582297 1.06602 
-0.953587 -1.23672 2.17284 -4.35261 -0.584573 1.06563 
-0.95135 -1.23395 2.17425 -4.35629 -0.586838 1.06521 
-0.949123 -1.23119 2.17566 -4.35993 -0.589094 1.06475 
-0.946907 -1.22845 2.17708 -4.36353 -0.591339 1.06427 
-0.944701 -1.22571 2.1785 -4.36709 -0.593575 1.06375 
-0.942506 -1.223 2.17993 -4.37061 -0.5958 1.0632 
-0.94032 -1.22029 2.18137 -4.37409 -0.598014 1.06262 
-0.938146 -1.2176 2.18281 -4.37754 -0.600219 1.06202 
-0.935982 -1.21492 2.18426 -4.38094 -0.602412 1.06138 
-0.933829 -1.21226 2.18571 -4.38431 -0.604595 1.06072 
-0.931687 -1.20961 2.18717 -4.38765 -0.606767 1.06003 
-0.929556 -1.20697 2.18863 -4.39094 -0.608928 1.05932 
-0.927436 -1.20435 2.19009 -4.3942 -0.611079 1.05858 
-0.925326 -1.20175 2.19156 -4.39742 -0.613218 1.05782 
-0.923228 -1.19915 2.19302 -4.40061 -0.615347 1.05704 
-0.921141 -1.19657 2.1945 -4.40376 -0.617464 1.05623 
-0.919065 -1.19401 2.19597 -4.40688 -0.619571 1.05541 
-0.917 -1.19146 2.19744 -4.40996 -0.621666 1.05456 
-0.914947 -1.18892 2.19892 -4.41301 -0.62375 1.05369 
-0.912905 -1.1864 2.2004 -4.41603 -0.625822 1.0528 
-0.910874 -1.1839 2.20188 -4.41901 -0.627884 1.05189 
-0.908854 -1.1814 2.20336 -4.42196 -0.629933 1.05096 
-0.906846 -1.17893 2.20484 -4.42488 -0.631972 1.05002 
-0.90485 -1.17646 2.20632 -4.42776 -0.633999 1.04905 
-0.902865 -1.17401 2.20781 -4.43062 -0.636015 1.04807 
-0.900891 -1.17158 2.20929 -4.43344 -0.638019 1.04708 
-0.898929 -1.16916 2.21077 -4.43623 -0.640011 1.04607 
-0.896978 -1.16675 2.21225 -4.43899 -0.641993 1.04504 
-0.895039 -1.16436 2.21373 -4.44172 -0.643962 1.044 
-0.893112 -1.16199 2.21521 -4.44442 -0.64592 1.04295 
-0.891196 -1.15963 2.21669 -4.44709 -0.647866 1.04188 
-0.889291 -1.15728 2.21817 -4.44973 -0.649801 1.0408 
-0.887399 -1.15495 2.21964 -4.45234 -0.651724 1.0397 
-0.885518 -1.15263 2.22112 -4.45492 -0.653635 1.0386 
-0.883648 -1.15033 2.22259 -4.45748 -0.655535 1.03748 
-0.88179 -1.14804 2.22406 -4.46 -0.657423 1.03635 
-0.879944 -1.14577 2.22552 -4.4625 -0.659299 1.03521 
-0.87811 -1.14351 2.22699 -4.46497 -0.661164 1.03406 
-0.876287 -1.14127 2.22845 -4.46741 -0.663017 1.0329 
-0.874475 -1.13904 2.22991 -4.46983 -0.664858 1.03173 
-0.872675 -1.13682 2.23137 -4.47222 -0.666688 1.03056 
-0.870887 -1.13462 2.23282 -4.47458 -0.668506 1.02937 
-0.869111 -1.13244 2.23427 -4.47692 -0.670312 1.02817 
-0.867346 -1.13027 2.23572 -4.47923 -0.672107 1.02697 
-0.865592 -1.12811 2.23716 -4.48151 -0.67389 1.02576 
-0.863851 -1.12597 2.2386 -4.48377 -0.675661 1.02455 
-0.86212 -1.12384 2.24004 -4.48601 -0.677421 1.02332 
-0.860402 -1.12173 2.24147 -4.48822 -0.679169 1.02209 
-0.858694 -1.11963 2.2429 -4.49041 -0.680905 1.02086 
-0.856998 -1.11754 2.24432 -4.49257 -0.68263 1.01962 
-0.855314 -1.11547 2.24574 -4.49471 -0.684343 1.01837 
-0.853641 -1.11342 2.24715 -4.49682 -0.686045 1.01712 
-0.85198 -1.11138 2.24856 -4.49891 -0.687735 1.01587 
-0.85033 -1.10935 2.24997 -4.50098 -0.689414 1.01461 
-0.848691 -1.10734 2.25137 -4.50302 -0.691081 1.01334 
-0.847064 -1.10534 2.25277 -4.50505 -0.692737 1.01207 
-0.845448 -1.10335 2.25416 -4.50705 -0.694382 1.0108 
-0.843843 -1.10138 2.25554 -4.50902 -0.696015 1.00953 
-0.84225 -1.09943 2.25692 -4.51098 -0.697636 1.00825 
-0.840668 -1.09749 2.2583 -4.51291 -0.699246 1.00697 
-0.839097 -1.09556 2.25967 -4.51483 -0.700845 1.00569 
-0.837537 -1.09364 2.26104 -4.51672 -0.702433 1.00441 
-0.835988 -1.09174 2.2624 -4.51859 -0.704009 1.00312 
-0.83445 -1.08986 2.26375 -4.52044 -0.705575 1.00183 
-0.832924 -1.08798 2.2651 -4.52227 -0.707129 1.00054 
-0.831408 -1.08612 2.26644 -4.52408 -0.708671 0.999254 
-0.829904 -1.08428 2.26778 -4.52587 -0.710203 0.997964 
-0.82841 -1.08245 2.26911 -4.52764 -0.711724 0.996673 
-0.826927 -1.08063 2.27043 -4.52939 -0.713233 0.995381 
-0.825456 -1.07882 2.27175 -4.53112 -0.714732 0.994089 
-0.823995 -1.07703 2.27307 -4.53283 -0.71622 0.992797 
-0.822545 -1.07525 2.27437 -4.53452 -0.717696 0.991506 
-0.821105 -1.07349 2.27568 -4.53619 -0.719162 0.990215 
-0.819676 -1.07174 2.27697 -4.53785 -0.720617 0.988924 
-0.818258 -1.07 2.27826 -4.53948 -0.722061 0.987634 
-0.816851 -1.06827 2.27954 -4.5411 -0.723495 0.986345 
-0.815454 -1.06656 2.28082 -4.5427 -0.724917 0.985058 
-0.814068 -1.06486 2.28209 -4.54428 -0.726329 0.983771 
-0.812692 -1.06318 2.28335 -4.54585 -0.727731 0.982486 
-0.811327 -1.0615 2.28461 -4.5474 -0.729122 0.981203 
-0.809972 -1.05984 2.28586 -4.54893 -0.730502 0.979922 
-0.808627 -1.0582 2.2871 -4.55044 -0.731872 0.978642 
-0.807293 -1.05656 2.28834 -4.55194 -0.733231 0.977365 
-0.805969 -1.05494 2.28957 -4.55342 -0.73458 0.97609 
-0.804655 -1.05333 2.2908 -4.55488 -0.735919 0.974817 
-0.803351 -1.05173 2.29202 -4.55633 -0.737247 0.973547 
-0.802057 -1.05015 2.29323 -4.55776 -0.738565 0.972279 
-0.800774 -1.04858 2.29443 -4.55917 -0.739873 0.971015 
-0.7995 -1.04702 2.29563 -4.56057 -0.74117 0.969753 
-0.798237 -1.04547 2.29682 -4.56196 -0.742458 0.968494 
-0.796983 -1.04394 2.29801 -4.56333 -0.743735 0.967239 
-0.795739 -1.04241 2.29918 -4.56468 -0.745003 0.965987 
-0.794505 -1.0409 2.30036 -4.56602 -0.74626 0.964738 
-0.793281 -1.03941 2.30152 -4.56734 -0.747508 0.963493 
-0.792067 -1.03792 2.30268 -4.56865 -0.748746 0.962251 
-0.790862 -1.03645 2.30383 -4.56994 -0.749974 0.961013 
-0.789666 -1.03498 2.30497 -4.57122 -0.751192 0.959779 
-0.788481 -1.03353 2.30611 -4.57249 -0.752401 0.958549 
-0.787304 -1.03209 2.30724 -4.57374 -0.753599 0.957323 
-0.786138 -1.03067 2.30836 -4.57498 -0.754789 0.956101 
-0.78498 -1.02925 2.30948 -4.5762 -0.755968 0.954883 
-0.783832 -1.02785 2.31059 -4.57741 -0.757139 0.95367 
-0.782694 -1.02645 2.31169 -4.57861 -0.758299 0.952461 
-0.781564 -1.02507 2.31279 -4.57979 -0.759451 0.951256 
-0.780444 -1.0237 2.31388 -4.58096 -0.760593 0.950056 
-0.779333 -1.02234 2.31496 -4.58212 -0.761726 0.948861 
-0.778231 -1.021 2.31604 -4.58326 -0.762849 0.94767 
-0.777138 -1.01966 2.3171 -4.58439 -0.763964 0.946484 
-0.776054 -1.01833 2.31817 -4.58551 -0.765069 0.945303 
-0.774978 -1.01702 2.31922 -4.58662 -0.766165 0.944127 
-0.773912 -1.01572 2.32027 -4.58771 -0.767252 0.942955 
-0.772855 -1.01442 2.32131 -4.5888 -0.768331 0.941789 
-0.771806 -1.01314 2.32235 -4.58987 -0.7694 0.940628 
-0.770766 -1.01187 2.32337 -4.59092 -0.770461 0.939472 
-0.769734 -1.01061 2.32439 -4.59197 -0.771512 0.938321 
-0.768712 -1.00936 2.32541 -4.593 -0.772555 0.937175 
-0.767697 -1.00812 2.32642 -4.59403 -0.773589 0.936034 
-0.766692 -1.00689 2.32742 -4.59504 -0.774615 0.934899 
-0.765694 -1.00567 2.32841 -4.59604 -0.775632 0.933769 
-0.764706 -1.00447 2.3294 -4.59703 -0.776641 0.932645 
-0.763725 -1.00327 2.33038 -4.59801 -0.777641 0.931526 
-0.762753 -1.00208 2.33135 -4.59897 -0.778632 0.930413 
-0.761788 -1.0009 2.33232 -4.59993 -0.779616 0.929305 
-0.760833 -0.999735 2.33328 -4.60088 -0.780591 0.928203 
-0.759885 -0.998577 2.33423 -4.60181 -0.781557 0.927106 
-0.758945 -0.99743 2.33518 -4.60273 -0.782516 0.926015 
-0.758013 -0.996292 2.33612 -4.60365 -0.783466 0.92493 
-0.757089 -0.995164 2.33705 -4.60455 -0.784409 0.92385 
-0.756173 -0.994045 2.33798 -4.60545 -0.785343 0.922776 
-0.755265 -0.992936 2.3389 -4.60633 -0.786269 0.921708 
-0.754365 -0.991837 2.33981 -4.60721 -0.787187 0.920645 
-0.753473 -0.990748 2.34072 -4.60807 -0.788098 0.919588 
-0.752588 -0.989667 2.34162 -4.60892 -0.789 0.918538 
-0.751711 -0.988596 2.34252 -4.60977 -0.789895 0.917493 
-0.750841 -0.987535 2.34341 -4.61061 -0.790782 0.916453 
-0.749979 -0.986483 2.34429 -4.61143 -0.791662 0.91542 
-0.749124 -0.98544 2.34516 -4.61225 -0.792534 0.914393 
-0.748277 -0.984406 2.34603 -4.61306 -0.793398 0.913371 
-0.747437 -0.983381 2.34689 -4.61386 -0.794255 0.912356 
-0.746605 -0.982365 2.34775 -4.61465 -0.795104 0.911346 
-0.74578 -0.981358 2.3486 -4.61543 -0.795946 0.910342 
-0.744962 -0.980359 2.34944 -4.6162 -0.79678 0.909344 
-0.744151 -0.97937 2.35028 -4.61696 -0.797608 0.908352 
-0.743347 -0.978389 2.35111 -4.61772 -0.798428 0.907367 
-0.74255 -0.977417 2.35193 -4.61847 -0.799241 0.906387 
-0.741761 -0.976454 2.35275 -4.6192 -0.800046 0.905413 
-0.740978 -0.975499 2.35356 -4.61993 -0.800845 0.904445 
-0.740202 -0.974553 2.35437 -4.62066 -0.801636 0.903483 
-0.739433 -0.973615 2.35517 -4.62137 -0.802421 0.902527 
-0.738671 -0.972685 2.35596 -4.62208 -0.803199 0.901577 
-0.737916 -0.971764 2.35675 -4.62277 -0.803969 0.900633 
-0.737167 -0.970851 2.35753 -4.62346 -0.804733 0.899695 
-0.736425 -0.969946 2.35831 -4.62415 -0.80549 0.898762 
-0.73569 -0.969049 2.35908 -4.62482 -0.806241 0.897836 
-0.734961 -0.96816 2.35984 -4.62549 -0.806985 0.896916 
-0.734239 -0.967279 2.3606 -4.62615 -0.807722 0.896002 
-0.733523 -0.966406 2.36135 -4.6268 -0.808452 0.895094 
-0.732814 -0.965541 2.3621 -4.62745 -0.809176 0.894191 
-0.732111 -0.964684 2.36284 -4.62809 -0.809893 0.893295 
-0.731414 -0.963835 2.36357 -4.62872 -0.810604 0.892405 
-0.730723 -0.962993 2.3643 -4.62934 -0.811309 0.89152 
-0.730039 -0.962159 2.36502 -4.62996 -0.812007 0.890642 
-0.729361 -0.961332 2.36574 -4.63057 -0.812699 0.889769 
-0.728689 -0.960513 2.36645 -4.63117 -0.813385 0.888903 
-0.728023 -0.959701 2.36716 -4.63177 -0.814065 0.888042 
-0.727364 -0.958897 2.36786 -4.63236 -0.814738 0.887187 
-0.72671 -0.9581 2.36855 -4.63294 -0.815405 0.886338 
-0.726062 -0.95731 2.36924 -4.63351 -0.816067 0.885495 
-0.72542 -0.956528 2.36992 -4.63408 -0.816722 0.884657 
-0.724784 -0.955753 2.3706 -4.63465 -0.817371 0.883826 
-0.724153 -0.954984 2.37127 -4.63521 -0.818014 0.883 
-0.723529 -0.954223 2.37194 -4.63576 -0.818652 0.88218 
-0.72291 -0.953469 2.3726 -4.6363 -0.819284 0.881366 
-0.722297 -0.952722 2.37326 -4.63684 -0.81991 0.880557 
-0.721689 -0.951981 2.37391 -4.63737 -0.82053 0.879755 
-0.721087 -0.951248 2.37455 -4.6379 -0.821144 0.878958 
-0.72049 -0.950521 2.37519 -4.63842 -0.821753 0.878167 
-0.719899 -0.949801 2.37583 -4.63893 -0.822356 0.877381 
-0.719314 -0.949087 2.37646 -4.63944 -0.822954 0.876601 
-0.718734 -0.948381 2.37708 -4.63995 -0.823546 0.875827 
-0.718159 -0.94768 2.3777 -4.64044 -0.824133 0.875059 
-0.717589 -0.946986 2.37832 -4.64094 -0.824714 0.874296 
-0.717025 -0.946299 2.37892 -4.64142 -0.82529 0.873538 
-0.716466 -0.945618 2.37953 -4.6419 -0.825861 0.872787 
-0.715912 -0.944944 2.38013 -4.64238 -0.826426 0.872041 
-0.715364 -0.944275 2.38072 -4.64285 -0.826986 0.8713 
-0.71482 -0.943613 2.38131 -4.64332 -0.827541 0.870565 
-0.714282 -0.942957 2.38189 -4.64378 -0.828091 0.869835 
-0.713748 -0.942307 2.38247 -4.64423 -0.828635 0.869111 
-0.71322 -0.941664 2.38305 -4.64468 -0.829175 0.868392 
-0.712696 -0.941026 2.38362 -4.64512 -0.829709 0.867679 
-0.712177 -0.940394 2.38418 -4.64556 -0.830239 0.866971 
-0.711663 -0.939769 2.38474 -4.646 -0.830763 0.866268 
-0.711154 -0.939149 2.3853 -4.64643 -0.831283 0.865571 
-0.71065 -0.938535 2.38585 -4.64685 -0.831798 0.864879 
-0.710151 -0.937926 2.38639 -4.64727 -0.832308 0.864193 
-0.709656 -0.937324 2.38693 -4.64769 -0.832813 0.863512 
-0.709166 -0.936727 2.38747 -4.6481 -0.833313 0.862836 
-0.70868 -0.936136 2.388 -4.64851 -0.833809 0.862165 
-0.708199 -0.93555 2.38853 -4.64891 -0.8343 0.861499 
-0.707723 -0.93497 2.38905 -4.6493 -0.834786 0.860839 
-0.707251 -0.934396 2.38957 -4.6497 -0.835268 0.860184 
-0.706783 -0.933826 2.39008 -4.65009 -0.835746 0.859533 
-0.70632 -0.933263 2.39059 -4.65047 -0.836218 0.858888 
-0.705861 -0.932704 2.3911 -4.65085 -0.836687 0.858248 
-0.705407 -0.932151 2.3916 -4.65122 -0.83715 0.857614 
-0.704957 -0.931604 2.39209 -4.65159 -0.83761 0.856984 
-0.704511 -0.931061 2.39258 -4.65196 -0.838065 0.856359 
-0.70407 -0.930524 2.39307 -4.65232 -0.838516 0.855739 
-0.703632 -0.929991 2.39356 -4.65268 -0.838962 0.855124 
-0.703199 -0.929464 2.39403 -4.65304 -0.839404 0.854514 
-0.70277 -0.928942 2.39451 -4.65339 -0.839842 0.853909 
-0.702345 -0.928425 2.39498 -4.65373 -0.840276 0.853309 
-0.701924 -0.927913 2.39545 -4.65408 -0.840706 0.852713 
-0.701508 -0.927405 2.39591 -4.65442 -0.841131 0.852122 
-0.701095 -0.926903 2.39637 -4.65475 -0.841553 0.851537 
-0.700686 -0.926405 2.39682 -4.65508 -0.84197 0.850956 
-0.700281 -0.925912 2.39727 -4.65541 -0.842384 0.850379 
-0.69988 -0.925424 2.39772 -4.65573 -0.842793 0.849807 
-0.699483 -0.924941 2.39816 -4.65605 -0.843199 0.84924 
-0.699089 -0.924462 2.3986 -4.65637 -0.843601 0.848678 
-0.698699 -0.923988 2.39903 -4.65668 -0.843998 0.84812 
-0.698314 -0.923519 2.39946 -4.65699 -0.844392 0.847567 
-0.697931 -0.923054 2.39989 -4.6573 -0.844783 0.847019 
-0.697553 -0.922593 2.40031 -4.6576 -0.845169 0.846475 
-0.697178 -0.922137 2.40073 -4.6579 -0.845552 0.845935 
-0.696807 -0.921686 2.40115 -4.6582 -0.845931 0.8454 
-0.696439 -0.921238 2.40156 -4.65849 -0.846306 0.844869 
-0.696075 -0.920796 2.40197 -4.65878 -0.846678 0.844343 
-0.695715 -0.920357 2.40237 -4.65906 -0.847046 0.843822 
-0.695358 -0.919923 2.40277 -4.65935 -0.84741 0.843304 
-0.695004 -0.919493 2.40317 -4.65963 -0.847771 0.842791 
-0.694654 -0.919067 2.40356 -4.6599 -0.848129 0.842282 
-0.694307 -0.918645 2.40395 -4.66017 -0.848483 0.841778 
-0.693964 -0.918227 2.40434 -4.66044 -0.848833 0.841278 
-0.693624 -0.917814 2.40472 -4.66071 -0.849181 0.840782 
-0.693287 -0.917404 2.4051 -4.66098 -0.849524 0.84029 
-0.692954 -0.916999 2.40548 -4.66124 -0.849865 0.839802 
-0.692624 -0.916597 2.40585 -4.66149 -0.850202 0.839319 
-0.692297 -0.916199 2.40622 -4.66175 -0.850536 0.83884 
-0.691973 -0.915806 2.40658 -4.662 -0.850866 0.838364 
-0.691652 -0.915416 2.40695 -4.66225 -0.851194 0.837893 
-0.691335 -0.91503 2.40731 -4.6625 -0.851518 0.837426 
-0.691021 -0.914647 2.40766 -4.66274 -0.851839 0.836963 
-0.690709 -0.914269 2.40801 -4.66298 -0.852156 0.836504 
-0.690401 -0.913894 2.40836 -4.66322 -0.852471 0.836049 
-0.690096 -0.913523 2.40871 -4.66346 -0.852783 0.835597 
-0.689794 -0.913156 2.40905 -4.66369 -0.853091 0.83515 
-0.689495 -0.912792 2.40939 -4.66392 -0.853397 0.834707 
-0.689198 -0.912432 2.40973 -4.66415 -0.853699 0.834267 
-0.688905 -0.912075 2.41006 -4.66437 -0.853999 0.833831 
-0.688614 -0.911722 2.41039 -4.6646 -0.854295 0.833399 
-0.688327 -0.911372 2.41072 -4.66482 -0.854589 0.832971 
-0.688042 -0.911026 2.41104 -4.66503 -0.85488 0.832547 
-0.68776 -0.910683 2.41137 -4.66525 -0.855168 0.832126 
-0.687481 -0.910344 2.41168 -4.66546 -0.855453 0.831709 
-0.687205 -0.910008 2.412 -4.66567 -0.855735 0.831295 
-0.686931 -0.909675 2.41231 -4.66588 -0.856014 0.830886 
-0.68666 -0.909345 2.41262 -4.66609 -0.856291 0.830479 
-0.686392 -0.909019 2.41293 -4.66629 -0.856565 0.830077 
-0.686126 -0.908696 2.41323 -4.66649 -0.856836 0.829678 
-0.685863 -0.908377 2.41353 -4.66669 -0.857105 0.829282 
-0.685603 -0.90806 2.41383 -4.66689 -0.85737 0.82889 
-0.685345 -0.907747 2.41413 -4.66708 -0.857634 0.828502 
-0.68509 -0.907437 2.41442 -4.66727 -0.857894 0.828117 
-0.684837 -0.907129 2.41471 -4.66746 -0.858152 0.827735 
-0.684587 -0.906825 2.415 -4.66765 -0.858408 0.827357 
-0.684339 -0.906524 2.41528 -4.66783 -0.858661 0.826982 
-0.684094 -0.906226 2.41556 -4.66802 -0.858911 0.82661 
-0.683851 -0.905931 2.41584 -4.6682 -0.859159 0.826242 
-0.683611 -0.905639 2.41612 -4.66838 -0.859404 0.825877 
-0.683373 -0.90535 2.41639 -4.66856 -0.859647 0.825516 
-0.683138 -0.905064 2.41666 -4.66873 -0.859888 0.825157 
-0.682904 -0.90478 2.41693 -4.6689 -0.860126 0.824802 
-0.682673 -0.9045 2.4172 -4.66908 -0.860361 0.82445 
-0.682445 -0.904222 2.41746 -4.66925 -0.860595 0.824102 
-0.682219 -0.903947 2.41772 -4.66941 -0.860826 0.823756 
-0.681995 -0.903675 2.41798 -4.66958 -0.861054 0.823414 
-0.681773 -0.903405 2.41824 -4.66974 -0.861281 0.823074 
-0.681553 -0.903138 2.41849 -4.6699 -0.861505 0.822738 
-0.681336 -0.902874 2.41874 -4.67006 -0.861727 0.822405 
-0.681121 -0.902613 2.41899 -4.67022 -0.861947 0.822075 
-0.680908 -0.902354 2.41924 -4.67038 -0.862164 0.821747 
-0.680697 -0.902098 2.41948 -4.67053 -0.862379 0.821423 
-0.680488 -0.901844 2.41972 -4.67069 -0.862592 0.821102 
-0.680282 -0.901593 2.41996 -4.67084 -0.862803 0.820784 
-0.680077 -0.901345 2.4202 -4.67099 -0.863012 0.820468 
-0.679875 -0.901099 2.42043 -4.67114 -0.863219 0.820156 
-0.679674 -0.900855 2.42067 -4.67128 -0.863423 0.819846 
-0.679476 -0.900614 2.4209 -4.67143 -0.863626 0.819539 
-0.67928 -0.900376 2.42113 -4.67157 -0.863826 0.819236 
-0.679085 -0.900139 2.42135 -4.67171 -0.864025 0.818934 
-0.678893 -0.899906 2.42158 -4.67185 -0.864221 0.818636 
-0.678702 -0.899674 2.4218 -4.67199 -0.864416 0.81834 
-0.678514 -0.899445 2.42202 -4.67212 -0.864608 0.818048 
-0.678327 -0.899218 2.42223 -4.67226 -0.864799 0.817757 
-0.678142 -0.898994 2.42245 -4.67239 -0.864988 0.81747 
-0.67796 -0.898772 2.42266 -4.67252 -0.865174 0.817185 
-0.677778 -0.898552 2.42287 -4.67265 -0.865359 0.816903 
-0.677599 -0.898334 2.42308 -4.67278 -0.865542 0.816623 
-0.677422 -0.898119 2.42329 -4.67291 -0.865723 0.816346 
-0.677246 -0.897905 2.4235 -4.67304 -0.865902 0.816072 
-0.677073 -0.897694 2.4237 -4.67316 -0.86608 0.8158 
-0.676901 -0.897485 2.4239 -4.67328 -0.866256 0.815531 
-0.67673 -0.897278 2.4241 -4.67341 -0.866429 0.815264 
-0.676562 -0.897074 2.4243 -4.67353 -0.866601 0.815 
-0.676395 -0.896871 2.42449 -4.67364 -0.866772 0.814738 
-0.67623 -0.896671 2.42468 -4.67376 -0.86694 0.814479 
-0.676066 -0.896472 2.42488 -4.67388 -0.867107 0.814222 
-0.675905 -0.896276 2.42507 -4.67399 -0.867272 0.813968 
-0.675745 -0.896081 2.42525 -4.67411 -0.867436 0.813716 
-0.675586 -0.895889 2.42544 -4.67422 -0.867597 0.813466 
-0.675429 -0.895698 2.42562 -4.67433 -0.867758 0.813219 
-0.675274 -0.89551 2.42581 -4.67444 -0.867916 0.812974 
-0.67512 -0.895323 2.42599 -4.67455 -0.868073 0.812731 
-0.674968 -0.895138 2.42617 -4.67466 -0.868228 0.812491 
-0.674818 -0.894955 2.42634 -4.67476 -0.868382 0.812252 
-0.674669 -0.894775 2.42652 -4.67487 -0.868534 0.812017 
-0.674521 -0.894595 2.42669 -4.67497 -0.868685 0.811783 
-0.674375 -0.894418 2.42686 -4.67507 -0.868834 0.811552 
-0.674231 -0.894243 2.42703 -4.67518 -0.868981 0.811322 
-0.674088 -0.894069 2.4272 -4.67528 -0.869127 0.811095 
-0.673947 -0.893897 2.42737 -4.67537 -0.869271 0.810871 
-0.673807 -0.893727 2.42753 -4.67547 -0.869414 0.810648 
-0.673668 -0.893559 2.4277 -4.67557 -0.869556 0.810427 
-0.673531 -0.893392 2.42786 -4.67566 -0.869696 0.810209 
-0.673395 -0.893228 2.42802 -4.67576 -0.869834 0.809992 
-0.673261 -0.893064 2.42818 -4.67585 -0.869972 0.809778 
-0.673128 -0.892903 2.42834 -4.67595 -0.870107 0.809566 
-0.672996 -0.892743 2.42849 -4.67604 -0.870242 0.809356 
-0.672866 -0.892585 2.42865 -4.67613 -0.870375 0.809147 
-0.672737 -0.892428 2.4288 -4.67622 -0.870506 0.808941 
-0.672609 -0.892273 2.42895 -4.67631 -0.870636 0.808737 
-0.672483 -0.89212 2.4291 -4.67639 -0.870765 0.808535 
-0.672358 -0.891968 2.42925 -4.67648 -0.870893 0.808334 
-0.672235 -0.891818 2.42939 -4.67656 -0.871019 0.808136 
-0.672112 -0.89167 2.42954 -4.67665 -0.871144 0.807939 
-0.671991 -0.891523 2.42968 -4.67673 -0.871268 0.807745 
-0.671871 -0.891377 2.42982 -4.67681 -0.87139 0.807552 
-0.671753 -0.891233 2.42996 -4.6769 -0.871511 0.807361 
-0.671635 -0.891091 2.4301 -4.67698 -0.871631 0.807172 
-0.671519 -0.89095 2.43024 -4.67706 -0.871749 0.806985 
-0.671404 -0.89081 2.43038 -4.67714 -0.871867 0.8068 
-0.67129 -0.890672 2.43051 -4.67721 -0.871983 0.806616 
-0.671178 -0.890535 2.43065 -4.67729 -0.872098 0.806434 
-0.671066 -0.8904 2.43078 -4.67737 -0.872212 0.806254 
-0.670956 -0.890266 2.43091 -4.67744 -0.872324 0.806076 
-0.670847 -0.890134 2.43104 -4.67752 -0.872436 0.8059 
-0.670739 -0.890002 2.43117 -4.67759 -0.872546 0.805725 
-0.670632 -0.889873 2.4313 -4.67766 -0.872655 0.805552 
-0.670526 -0.889744 2.43142 -4.67773 -0.872763 0.80538 
-0.670422 -0.889617 2.43155 -4.67781 -0.87287 0.805211 
-0.670318 -0.889492 2.43167 -4.67788 -0.872975 0.805043 
-0.670216 -0.889367 2.43179 -4.67795 -0.87308 0.804876 
-0.670114 -0.889244 2.43192 -4.67801 -0.873183 0.804711 
-0.670014 -0.889122 2.43204 -4.67808 -0.873286 0.804548 
-0.669915 -0.889002 2.43215 -4.67815 -0.873387 0.804387 
-0.669816 -0.888882 2.43227 -4.67822 -0.873488 0.804227 
-0.669719 -0.888764 2.43239 -4.67828 -0.873587 0.804068 
-0.669623 -0.888648 2.4325 -4.67835 -0.873685 0.803911 
-0.669528 -0.888532 2.43262 -4.67841 -0.873782 0.803756 
-0.669433 -0.888418 2.43273 -4.67847 -0.873878 0.803602 
-0.66934 -0.888304 2.43284 -4.67854 -0.873974 0.80345 
-0.669248 -0.888192 2.43295 -4.6786 -0.874068 0.803299 
-0.669157 -0.888082 2.43306 -4.67866 -0.874161 0.80315 
-0.669066 -0.887972 2.43317 -4.67872 -0.874253 0.803002 
-0.668977 -0.887863 2.43328 -4.67878 -0.874344 0.802856 
-0.668888 -0.887756 2.43338 -4.67884 -0.874435 0.802711 
-0.668801 -0.88765 2.43349 -4.6789 -0.874524 0.802567 
-0.668714 -0.887545 2.43359 -4.67896 -0.874612 0.802425 
-0.668629 -0.887441 2.43369 -4.67901 -0.8747 0.802284 
-0.668629 -0.887441 2.43369 -4.67901 -0.8747 0.802284 
