5.908039999999963737e-02
5.908039999999963737e-02
5.908449525790961804e-02
5.909658801010468643e-02
5.912038292403647144e-02
5.915937927099779170e-02
5.921685785973716115e-02
5.929586135113835282e-02
5.939916744932621090e-02
5.952925613156067469e-02
5.968827533896360615e-02
5.987801512664229359e-02
6.009990726307795628e-02
6.035507023079799555e-02
6.064440801155242255e-02
6.096874029132662298e-02
6.132891188398159610e-02
6.172583530657847067e-02
6.216046362756014187e-02
6.263372830667635061e-02
6.314647958340942335e-02
6.369944766344058651e-02
6.429322534513946807e-02
6.492826585506128456e-02
6.560488996119508143e-02
6.632329822098063932e-02
6.708358488825137689e-02
6.788574980290432159e-02
6.872970467038640174e-02
6.961527116249481562e-02
7.054217004544224845e-02
7.151000237860717645e-02
7.251822510452479720e-02
7.356612382804524064e-02
7.465278535566056972e-02
7.577707185075439889e-02
7.693759746461009685e-02
7.813270725061663424e-02
7.936045737234070918e-02
8.061859545205010691e-02
8.190454066054027316e-02
8.321536482384052358e-02
8.454777804624007131e-02
8.589812443763079897e-02
8.726239464329403617e-02
8.863626120188095037e-02
9.001513980232313250e-02
9.139427442391380441e-02
9.276883821358482274e-02
9.413403671854989052e-02
9.548519786674126986e-02
9.681783512894294452e-02
9.812767626045570957e-02
9.941065807744835225e-02
1.006628954561397810e-01
1.018806381494247321e-01
1.030602310093106933e-01
1.041980915577686989e-01
1.052907139715476142e-01
1.063347014296276982e-01
1.073268210563372155e-01
1.082640694901158135e-01
1.091437343329247217e-01
1.099634382170159158e-01
1.107211572368528435e-01
1.114152121264705975e-01
1.120442366931211353e-01
1.126071321710915146e-01
1.131030177866346881e-01
1.135311870667554540e-01
1.138910767555473963e-01
1.141822512713418503e-01
1.144044013101172402e-01
1.145573515494603817e-01
1.146410704555250321e-01
1.146556754693281721e-01
1.146014290901444244e-01
1.144787246806641817e-01
1.142880641221629689e-01
1.140300319591067146e-01
1.137052720216783774e-01
1.133144726152084392e-01
1.128583652386689479e-01
1.123377395550718694e-01
1.117534743428058308e-01
1.111065811230718542e-01
1.103982549958950066e-01
1.096299265848803134e-01
1.088033098635227264e-01
1.079204422680510311e-01
1.069837148604925875e-01
1.059958906628712116e-01
1.049601086005171741e-01
1.038798694543496270e-01
1.027589999716374963e-01
1.016015929240808857e-01
1.004119248390834274e-01
9.919435853996050323e-02
9.795324250825739043e-02
9.669282116024291440e-02
9.541716822264276199e-02
9.413015013589183522e-02
9.283541979410600553e-02
9.153643505121185353e-02
9.023649252710630453e-02
8.893876560220230487e-02
8.764633586956803446e-02
8.636220949549591741e-02
8.508931375487807647e-02
8.383047399852776305e-02
8.258837637687223288e-02
8.136552521211307121e-02
8.016420470279567168e-02
7.898645251838605497e-02
7.783404892130113550e-02
7.670852101707710535e-02
7.561115887104304101e-02
7.454303897912867294e-02
7.350505066956167233e-02
7.249792188435627560e-02
7.152224194351768094e-02
7.057848001123223636e-02
6.966699889527902534e-02
6.878806443776164237e-02
6.794185107347386343e-02
6.712844418719714212e-02
6.634783981276499987e-02
6.559994214174985627e-02
6.488455937461069800e-02
6.420139868795542160e-02
6.355006142121227830e-02
6.293003979107124335e-02
6.234071622216358355e-02
6.178136546911719429e-02
6.125115806522394429e-02
6.074916165123300793e-02
6.027433518135177914e-02
5.982551067678201773e-02
5.940135849952005165e-02
5.900033488766187606e-02
5.862061425616723470e-02
5.826001309772271125e-02
5.791591687131173588e-02
5.758522539044137051e-02
5.726433448331914866e-02
5.694916988720637174e-02
5.663528149979206450e-02
5.631799241460182237e-02
5.599258135924221197e-02
5.565446566076791973e-02
5.529935021174473692e-02
5.492331701430652746e-02
5.452284552722102412e-02
5.409477003040745469e-02
5.363619210432929441e-02
5.314437279967860334e-02
5.261663082187204715e-02
5.205027079200867657e-02
5.144255921394962072e-02
5.079075488454591614e-02
5.009218642488601908e-02
4.934435625687431937e-02
4.854504284340461356e-02
4.769237457944794367e-02
4.678485832686776758e-02
4.582135870631614399e-02
4.480103601519588863e-02
4.372325836953598610e-02
4.258750719087533304e-02
4.139329535350307065e-02
4.014011464569196275e-02
3.882742341337074715e-02
3.745467626648872617e-02
3.602138701157760886e-02
3.452720691695809058e-02
3.297199676044246242e-02
3.135587441116350488e-02
2.967922814669030074e-02
2.794269567747349400e-02
2.614711663569783615e-02
2.429347078487949577e-02
2.238281580422992953e-02
2.041623802675324520e-02
1.839482729911801062e-02
1.631968300667841973e-02
1.419195235024251801e-02
1.201289536573221101e-02
9.783966206400842441e-03
7.506898897488427022e-03
5.183788351523234937e-03
2.817161954645338359e-03
4.100406301029853838e-04
-2.034011138591542388e-03
-4.510849665286779595e-03
-7.015739006684567833e-03
-9.543372921674312878e-03
-1.208794450833538918e-02
-1.464326984252332237e-02
-1.720295920607187515e-02
-1.976061463735095253e-02
-2.231002248733645818e-02
-2.484530974499850331e-02
-2.736104306737158903e-02
-2.985226458678800349e-02
-3.231447237083964058e-02
-3.474356215287729283e-02
-3.713575030502147545e-02
-3.948749747114246866e-02
-4.179544917341941612e-02
-4.405640449168503336e-02
-4.626731665710742680e-02
-4.842532098268209628e-02
-5.052777825743321599e-02
-5.257231832141888439e-02
-5.455687033319690099e-02
-5.647967201296683060e-02
-5.833925699407617460e-02
-6.013442473336563787e-02
-6.186420016113183123e-02
-6.352779075128786590e-02
-6.512454782974660961e-02
-6.665393734421738714e-02
-6.811552319955446744e-02
-6.950896369969986055e-02
-7.083401899674768298e-02
-7.209056548468090186e-02
-7.327861252557447969e-02
-7.439831788164286142e-02
-7.545000007598630376e-02
-7.643414758878040727e-02
-7.735142555609016146e-02
-7.820268031426973188e-02
-7.898894110938591007e-02
-7.971141730335527809e-02
-8.037148932826485015e-02
-8.097069316116047022e-02
-8.151070125289772150e-02
-8.199330666694849834e-02
-8.242041992312661158e-02
-8.279408816375294355e-02
-8.311654339191747176e-02
-8.339028145416843563e-02
-8.361816718299570905e-02
-8.380355417750469382e-02
-8.395040024928901445e-02
-8.406335249959596967e-02
-8.414777204509615860e-02
-8.420967196620372797e-02
-8.425555681103247263e-02
-8.429217690520035555e-02
-8.432623752578842502e-02
-8.436411927740825045e-02
-8.441166328045171530e-02
-8.447405478465346007e-02
-8.455581175295180663e-02
-8.466086172218086070e-02
-8.479267624171313300e-02
-8.495442695361786478e-02
-8.514912813362454647e-02
-8.537973561872694295e-02
-8.564918189834533346e-02
-8.596034236250676974e-02
-8.631594623261411303e-02
-8.671846172273899034e-02
-8.716999164464353522e-02
-8.767221004192536638e-02
-8.822635587312101235e-02
-8.883328324124174780e-02
-8.949355490913127320e-02
-9.020755869452572184e-02
-9.097562372974453415e-02
-9.179811402867796288e-02
-9.267548020860935654e-02
-9.360825764351224376e-02
-9.459701119765616395e-02
-9.564224065795011442e-02
-9.674427184909355215e-02
-9.790316109724517268e-02
-9.911863408761971417e-02
-1.003900679948194763e-01
-1.017165137432996247e-01
-1.030967472631387355e-01
-1.045293353321521262e-01
-1.060127016764130514e-01
-1.075451808713667190e-01
-1.091250505282443800e-01
-1.107505362867633875e-01
-1.124197891577793512e-01
-1.141308397432717753e-01
-1.158815370291800817e-01
-1.176694795117000786e-01
-1.194919438073256679e-01
-1.213458126997204872e-01
-1.232275032553203364e-01
-1.251328976912364221e-01
-1.270572850265701825e-01
-1.289953284481221152e-01
-1.309410784240750969e-01
-1.328880505605347928e-01
-1.348293767031670809e-01
-1.367580187700791761e-01
-1.386670142314496146e-01
-1.405497101675339533e-01
-1.423999459352064123e-01
-1.442121606436970738e-01
-1.459814223312938530e-01
-1.477033923782083147e-01
-1.493742474598401537e-01
-1.509905831237830232e-01
-1.525493205834247135e-01
-1.540476335640208472e-01
-1.554829055818695849e-01
-1.568527199458057686e-01
-1.581548760615248683e-01
-1.593874187839433854e-01
-1.605486652857936458e-01
-1.616372169689569149e-01
-1.626519504400875393e-01
-1.635919883525433494e-01
-1.644566556971744919e-01
-1.652454294006170665e-01
-1.659578895494023820e-01
-1.665936799810053548e-01
-1.671524845671951143e-01
-1.676340229580744745e-01
-1.680380657257778687e-01
-1.683644645032732201e-01
-1.686131895031020844e-01
-1.687843662409725387e-01
-1.688783055363613228e-01
-1.688955245107099379e-01
-1.688367594160288809e-01
-1.687029724465594627e-01
-1.684953540855724519e-01
-1.682153207531262018e-01
-1.678645057241136274e-01
-1.674447407666932452e-01
-1.669580276877107305e-01
-1.664065029814288665e-01
-1.657924036426609848e-01
-1.651180455313522033e-01
-1.643858255554982994e-01
-1.635982552149697344e-01
-1.627580270959990139e-01
-1.618681092335392258e-01
-1.609318554553053338e-01
-1.599531128521927692e-01
-1.589363010483653416e-01
-1.578864345634216626e-01
-1.568090636023843631e-01
-1.557101235677086637e-01
-1.545957079029453840e-01
-1.534718037594766105e-01
-1.523440432505377973e-01
-1.512175176474914173e-01
-1.500966812440633902e-01
-1.489853465767201901e-01
-1.478867532172709609e-01
-1.468036822942576647e-01
-1.457385866787519746e-01
-1.446937092073446729e-01
-1.436711666482585192e-01
-1.426729855145212333e-01
-1.417010876842892397e-01
-1.407572373786373787e-01
-1.398429719035308716e-01
-1.389595419182929892e-01
-1.381078814941334998e-01
-1.372886171363891239e-01
-1.365021135363518878e-01
-1.357485457489975289e-01
-1.350279834033170923e-01
-1.343404712458447781e-01
-1.336860907133294585e-01
-1.330649894626828589e-01
-1.324773708639591374e-01
-1.319234437389317505e-01
-1.314033422473870616e-01
-1.309170328715432430e-01
-1.304642264361027260e-01
-1.300443077918884971e-01
-1.296562875058174524e-01
-1.292987730171102634e-01
-1.289699539392009653e-01
-1.286675976605822502e-01
-1.283890554418656849e-01
-1.281312832690401915e-01
-1.278908830745562886e-01
-1.276641665370485124e-01
-1.274472355286196401e-01
-1.272360634254171285e-01
-1.270265549235790326e-01
-1.268145625121773201e-01
-1.265958453705727238e-01
-1.263659680304742572e-01
-1.261201483747628749e-01
-1.258530761779583784e-01
-1.255587346464722420e-01
-1.252302674840038432e-01
-1.248599388030858931e-01
-1.244392256894652354e-01
-1.239590578637604773e-01
-1.234101786993853367e-01
-1.227835617807440521e-01
-1.220707971453775242e-01
-1.212643720573554490e-01
-1.203578058086633151e-01
-1.193456385302928136e-01
-1.182233045617689798e-01
-1.169869362124944800e-01
-1.156331468827519193e-01
-1.141588386236950248e-01
-1.125610706568658109e-01
-1.108370112642224486e-01
-1.089839749204034730e-01
-1.069995228275432975e-01
-1.048815863664893794e-01
-1.026285678975882715e-01
-1.002393839025633726e-01
-9.771343551192046561e-02
-9.505051167937000889e-02
-9.225064456224534026e-02
-8.931394431141313761e-02
-8.624044361279804838e-02
-8.302998234882068285e-02
-7.968215845043019607e-02
-7.619635966214474698e-02
-7.257187184184088480e-02
-6.880803727739302766e-02
-6.490442071992472139e-02
-6.086093946761728102e-02
-5.667792725554336719e-02
-5.235612247447922474e-02
-4.789659019593221767e-02
-4.330059965167653430e-02
-3.856948438915636101e-02
-3.370451366660918990e-02
-2.870680199737964816e-02
-2.357727798854219320e-02
-1.831672178564954998e-02
-1.292586298736265842e-02
-7.405512981658872625e-03
-1.756695294686901575e-03
4.019260010992713010e-03
9.920678380218050235e-03
1.594556246250930509e-02
2.209166263180274703e-02
2.835657757897127457e-02
3.473786346133805186e-02
4.123313042288214575e-02
4.784010793094366221e-02
5.455666621514992931e-02
6.138079120664910460e-02
6.831052358502570643e-02
7.534388440856788771e-02
8.247881481207326726e-02
8.971315290644714391e-02
9.704465980251604507e-02
1.044710938239785530e-01
1.119903214280765780e-01
1.196004459889090238e-01
1.272999304598848025e-01
1.350876867399905812e-01
1.429631053141204033e-01
1.509260069834004181e-01
1.589765161390370440e-01
1.671148783909058022e-01
1.753412648008429164e-01
1.836556104666132172e-01
1.920575239605344098e-01
2.005462825812220351e-01
2.091209065579913706e-01
2.177802897584349973e-01
2.265233557892283034e-01
2.353492042959736130e-01
2.442572113748496532e-01
2.532470519533902564e-01
2.623186242281408398e-01
2.714718778957235235e-01
2.807065737006630424e-01
2.900220207444920706e-01
2.994168404563792296e-01
3.088887917077385858e-01
3.184346694320498994e-01
3.280502707267307083e-01
3.377304140816061451e-01
3.474689985734735753e-01
3.572590960679948857e-01
3.670930755949085578e-01
3.769627614391904413e-01
3.868596236463725524e-01
3.967749925734468941e-01
4.067002809978075839e-01
4.166271921580919635e-01
4.265478927609019366e-01
4.364551364624307261e-01
4.463423329672354112e-01
4.562035670746502070e-01
4.660335781324823068e-01
4.758277126718851724e-01
4.855818622440511989e-01
4.952923960144143822e-01
5.049560947192925919e-01
5.145700899287796171e-01
5.241318105206497213e-01
5.336389368890671614e-01
5.430893625802208913e-01
5.524811626147527743e-01
5.618125675865960345e-01
5.710819426137782040e-01
5.802877702858173503e-01
5.894286368581220792e-01
5.985032210590032209e-01
6.075102849848806885e-01
6.164486666571982187e-01
6.253172738981620515e-01
6.341150792518566170e-01
6.428411157338898008e-01
6.514944732382635939e-01
6.600742954664730044e-01
6.685797772725973198e-01
6.770101623408285585e-01
6.853647411297121295e-01
6.936428490313633066e-01
7.018438647048831358e-01
7.099672085517729769e-01
7.180123413078521866e-01
7.259787627314153724e-01
7.338660103714330640e-01
7.416736584027372459e-01
7.494013165175213986e-01
7.570486288642397366e-01
7.646152730261964736e-01
7.721009590327984062e-01
7.795054283965913156e-01
7.868284531687225192e-01
7.940698350042226794e-01
8.012294042261980387e-01
8.083070188742519369e-01
8.153025637165467465e-01
8.222159491958725974e-01
8.290471102663978797e-01
8.357960050571555666e-01
8.424626132673740386e-01
8.490469341524053970e-01
8.555489838897060162e-01
8.619687920109860846e-01
8.683063964331027007e-01
8.745618363934400952e-01
8.807351422633722393e-01
8.868263207338727971e-01
8.928353331905743984e-01
8.987620641759698215e-01
9.046062756678111549e-01
9.103675416039399559e-01
9.160451560801010640e-01
9.216380090020245275e-01
9.271444268546660261e-01
9.325619872037356206e-01
9.378873374002414387e-01
9.431160801592175513e-01
9.482428170510843746e-01
9.532614322012218366e-01
9.581656206555039246e-01
9.629495398463199241e-01
9.676083805890610678e-01
9.721386942677168186e-01
9.765384410565773887e-01
9.808068346605396393e-01
9.849440931200867944e-01
9.889511807855664305e-01
9.928295861533613653e-01
9.965811492539465855e-01
1.000207935719682251e+00
1.003712148535886417e+00
1.007096067821116270e+00
1.010362010476275829e+00
1.013512303506250989e+00
1.016549266575480726e+00
1.019475200725450170e+00
1.022292381172380082e+00
1.025003052793002745e+00
1.027609427375219653e+00
1.030113682024588861e+00
1.032517958326127028e+00
1.034824361998539777e+00
1.037034962868503163e+00
1.039151795052017713e+00
1.041176857268788947e+00
1.043112113241106309e+00
1.044959492145402624e+00
1.046720889095636986e+00
1.048398165644825797e+00
1.049993150295762678e+00
1.051507639015065276e+00
1.052943395746720689e+00
1.054302152922641511e+00
1.055585611968626436e+00
1.056795443804701140e+00
1.057933289339195948e+00
1.059000759956173709e+00
1.059999437995985394e+00
1.060930877228842384e+00
1.061796603321366828e+00
1.062598114296129603e+00
1.063336880984216304e+00
1.064014347470882971e+00
1.064631931534375520e+00
1.065191025077995013e+00
1.065692994555496709e+00
1.066139181389914370e+00
1.066530902385900648e+00
1.066869450135677688e+00
1.067156093418689000e+00
1.067392077595046951e+00
1.067578624992865155e+00
1.067716935289568347e+00
1.067808185887267225e+00
1.067853532282288631e+00
1.067854108428946569e+00
1.067811027097642196e+00
1.067725380227374288e+00
1.067598239272748106e+00
1.067430655545561491e+00
1.067223660551051445e+00
1.066978266318880708e+00
1.066695465728943804e+00
1.066376232832068727e+00
1.066021523165693541e+00
1.065632274064591378e+00
1.065209404966718676e+00
1.064753817714261031e+00
1.064266396849947949e+00
1.063748009908707326e+00
1.063199507704732261e+00
1.062621724614025487e+00
1.062015478852493811e+00
1.061381572749656721e+00
1.060720793018036012e+00
1.060033911018292585e+00
1.059321683020174376e+00
1.058584850459336923e+00
1.057824140190101847e+00
1.057040264734213197e+00
1.056233922525650959e+00
1.055405798151564989e+00
1.054556562589383573e+00
1.053686873440158767e+00
1.052797375158203153e+00
1.051888699277074624e+00
1.050961464631965381e+00
1.050016277578548651e+00
1.049053732208338197e+00
1.048074410560612568e+00
1.047078882830956958e+00
1.046067707576473493e+00
1.045041431917711483e+00
1.044000591737366923e+00
1.042945711875800985e+00
1.041877306323425456e+00
1.040795878410003317e+00
1.039701920990910855e+00
1.038595916630409510e+00
1.037478337781970517e+00
1.036349646965698978e+00
1.035210296942902453e+00
1.034060730887845336e+00
1.032901382556734360e+00
1.031732676453976927e+00
1.030555027995752937e+00
1.029368843670943612e+00
1.028174521199454849e+00
1.026972449687978628e+00
1.025763009783228208e+00
1.024546573822688877e+00
1.023323505982920434e+00
1.022094162425450037e+00
1.020858891440292515e+00
1.019618033587134320e+00
1.018371921834216876e+00
1.017120881694955514e+00
1.015865231362328647e+00
1.014605281841070905e+00
1.013341337077705573e+00
1.012073694088447828e+00
1.010802643085013663e+00
1.009528467598364898e+00
1.008251444600424263e+00
1.006971844623790524e+00
1.005689931879484744e+00
1.004405964372759197e+00
1.003120194016997369e+00
1.001832866745737016e+00
1.000544222622842483e+00
9.992544959508575797e-01
9.979639153775661242e-01
9.966727040007880012e-01
9.953810794714382792e-01
9.940892540948772504e-01
9.927974349305765944e-01
9.915058238901289789e-01
9.902146178336269644e-01
9.889240086644358607e-01
9.876341834223864025e-01
9.863453243754113364e-01
9.850576091096514553e-01
9.837712106180529492e-01
9.824862973874821659e-01
9.812030334843787616e-01
9.799215786389718907e-01
9.786420883280810834e-01
9.773647138565241255e-01
9.760896024371541468e-01
9.748168972695469003e-01
9.735467376173605469e-01
9.722792588843874872e-01
9.710145926893198887e-01
9.697528669392485590e-01
9.684942059019157057e-01
9.672387302767406769e-01
9.659865572646387788e-01
9.647378006366512659e-01
9.634925708014062673e-01
9.622509748714288547e-01
9.610131167283180176e-01
9.597790970868091964e-01
9.585490135577396931e-01
9.573229607099345007e-01
9.561010301310296500e-01
9.548833104872498367e-01
9.536698875821570942e-01
9.524608444143873864e-01
9.512562612343902213e-01
9.500562156001879366e-01
9.488607824321702022e-01
9.476700340669390599e-01
9.464840403102195987e-01
9.453028684888512556e-01
9.441265835018746166e-01
9.429552478707281526e-01
9.417889217885689890e-01
9.406276631687319201e-01
9.394715276923405467e-01
9.383205688550839696e-01
9.371748380131725842e-01
9.360343844284866321e-01
9.348992553129293892e-01
9.337694958719988669e-01
9.326451493475905741e-01
9.315262570600429948e-01
9.304128584494386622e-01
9.293049911161727072e-01
9.282026908608010940e-01
9.271059917231790903e-01
9.260149260209032951e-01
9.249295243870664374e-01
9.238498158073380484e-01
9.227758276563805540e-01
9.217075857336127775e-01
9.206451142983298475e-01
9.195884361041921640e-01
9.185375724330918645e-01
9.174925431284077781e-01
9.164533666276589718e-01
9.154200599945664374e-01
9.143926389505325769e-01
9.133711179055483687e-01
9.123555099885373165e-01
9.113458270771455094e-01
9.103420798269866721e-01
9.093442777003519772e-01
9.083524289943925023e-01
9.073665408687832112e-01
9.063866193728775666e-01
9.054126694723608759e-01
9.044446950754101433e-01
9.034826990583697537e-01
9.025266832909497605e-01
9.015766486609553265e-01
9.006325950985555329e-01
8.996945216000982182e-01
8.987624262514791740e-01
8.978363062510725801e-01
8.969161579322308953e-01
8.960019767853598660e-01
8.950937574795776452e-01
8.941914938839630178e-01
8.932951790884016141e-01
8.924048054240348860e-01
8.915203644833200602e-01
8.906418471397068437e-01
8.897692435669374289e-01
8.889025432579762409e-01
8.880417350435756418e-01
8.871868071104836995e-01
8.863377470193002372e-01
8.854945417219866055e-01
8.846571775790359471e-01
8.838256403763087299e-01
8.829999153415398760e-01
8.821799871605229271e-01
8.813658399929765741e-01
8.805574574880988825e-01
8.797548227998153170e-01
8.789579186017246748e-01
8.781667271017487009e-01
8.773812300564909350e-01
8.766014087853083447e-01
8.758272441841024047e-01
8.750587167388329535e-01
8.742958065387607114e-01
8.735384932894226795e-01
8.727867563253446370e-01
8.720405746224958454e-01
8.712999268104906214e-01
8.705647911845402209e-01
8.698351457171601409e-01
8.691109680696373907e-01
8.683922356032603984e-01
8.676789253903176569e-01
8.669710142248676643e-01
8.662684786332845999e-01
8.655712948845843968e-01
8.648794390005333232e-01
8.641928867655450652e-01
8.635116137363683109e-01
8.628355952515689431e-01
8.621648064408115042e-01
8.614992222339417083e-01
8.608388173698749979e-01
8.601835664052936981e-01
8.595334437231568758e-01
8.588884235410254586e-01
8.582484799192064973e-01
8.576135867687194603e-01
8.569837178590881122e-01
8.563588468259603070e-01
8.557389471785601387e-01
8.551239923069736681e-01
8.545139554892731137e-01
8.539088098984807251e-01
8.533085286093763377e-01
8.527130846051511615e-01
8.521224507839102458e-01
8.515365999650269524e-01
8.509555048953512113e-01
8.503791382552756684e-01
8.498074726646603905e-01
8.492404806886209023e-01
8.486781348431798877e-01
8.481204076007867743e-01
8.475672713957065341e-01
8.470186986292809195e-01
8.464746616750634667e-01
8.459351328838318196e-01
8.454000845884785953e-01
8.448694891087838998e-01
8.443433187560706044e-01
8.438215458377460454e-01
8.433041426617305936e-01
8.427910815407768652e-01
8.422823347966801322e-01
8.417778747643832604e-01
8.412776737959769546e-01
8.407817042645985284e-01
8.402899385682298661e-01
8.398023491333973523e-01
8.393189084187755444e-01
8.388395889186960330e-01
8.383643631665633755e-01
8.378932037381803255e-01
8.374260832549836886e-01
8.369629743871922489e-01
8.365038498568694303e-01
8.360486824409012474e-01
8.355974449738917675e-01
8.351501103509776369e-01
8.347066515305631151e-01
8.342670415369773940e-01
8.338312534630553108e-01
8.333992604726433440e-01
8.329710358030321116e-01
8.325465527673170385e-01
8.321257847566884136e-01
8.317087052426523908e-01
8.312952877791839335e-01
8.308855060048137009e-01
8.304793336446497642e-01
8.300767445123352628e-01
8.296777125119438878e-01
8.292822116398138599e-01
8.288902159863220653e-01
8.285016997375993508e-01
8.281166371771878643e-01
8.277350026876425515e-01
8.273567707520770309e-01
8.269819159556550670e-01
8.266104129870296413e-01
8.262422366397295104e-01
8.258773618134949146e-01
8.255157635155639939e-01
8.251574168619099092e-01
8.248022970784302244e-01
8.244503795020897696e-01
8.241016395820177642e-01
8.237560528805596416e-01
8.234135950742854648e-01
8.230742419549555988e-01
8.227379694304436386e-01
8.224047535256188146e-01
8.220745703831879858e-01
8.217473962644984420e-01
8.214232075503017372e-01
8.211019807414803307e-01
8.207836924597373685e-01
8.204683194482498276e-01
8.201558385722871325e-01
8.198462268197951319e-01
8.195394613019458818e-01
8.192355192536552311e-01
8.189343780340675449e-01
8.186360151270094532e-01
8.183404081414122899e-01
8.180475348117050016e-01
8.177573729981773010e-01
8.174699006873142881e-01
8.171850959921027613e-01
8.169029371523104377e-01
8.166234025347384184e-01
8.163464706334471188e-01
8.160721200699568856e-01
8.158003295934240784e-01
8.155310780807920601e-01
8.152643445369189834e-01
8.150001080946823739e-01
8.147383480150608426e-01
8.144790436871937045e-01
8.142221746284196149e-01
8.139677204842933333e-01
8.137156610285828373e-01
8.134659761632458963e-01
8.132186459183874394e-01
8.129736504521978269e-01
8.127309700508726920e-01
8.124905851285146863e-01
8.122524762270177945e-01
8.120166240159342186e-01
8.117830092923251639e-01
8.115516129805947498e-01
8.113224161323085992e-01
8.110953999259967739e-01
8.108705456669418332e-01
8.106478347869524592e-01
8.104272488441228717e-01
8.102087695225781427e-01
8.099923786322065222e-01
8.097780581083788842e-01
8.095657900116547401e-01
8.093555565274768160e-01
8.091473399658534182e-01
8.089411227610289190e-01
8.087368874711434730e-01
8.085346167778812987e-01
8.083342934861089679e-01
8.081359005235028148e-01
8.079394209401669080e-01
8.077448379082409202e-01
8.075521347214991152e-01
8.073612947949398988e-01
8.071723016643668203e-01
8.069851389859609148e-01
8.067997905358451627e-01
8.066162402096406225e-01
8.064344720220151252e-01
8.062544701062246411e-01
8.060762187136472079e-01
8.058997022133103094e-01
8.057249050914114807e-01
8.055518119508322528e-01
8.053804075106462124e-01
8.052106766056211784e-01
8.050426041857153825e-01
8.048761753155682097e-01
8.047113751739859433e-01
8.045481890534221803e-01
8.043866023594532511e-01
8.042266006102493092e-01
8.040681694360409804e-01
8.039112945785811259e-01
8.037559618906034986e-01
8.036021573352765124e-01
8.034498669856542374e-01
8.032990770241231759e-01
8.031497737418458183e-01
8.030019435382012016e-01
8.028555729202225821e-01
8.027106485020316651e-01
8.025671570042708369e-01
8.024250852535321776e-01
8.022844201817846965e-01
