-7.257979999999983889e-01
-7.257979999999983889e-01
-7.258013627127289924e-01
-7.258112768021895977e-01
-7.258307550453187984e-01
-7.258626300892223604e-01
-7.259095464027018885e-01
-7.259739474466673226e-01
-7.260580577305771888e-01
-7.261638606387901262e-01
-7.262930752757117414e-01
-7.264471396028803207e-01
-7.266272121510527482e-01
-7.268342066353724595e-01
-7.270688653280864555e-01
-7.273318548155340846e-01
-7.276238464075399648e-01
-7.279455481790668703e-01
-7.282976868824730943e-01
-7.286809648888615820e-01
-7.290960190704817157e-01
-7.295433944523764813e-01
-7.300235327688486819e-01
-7.305367711994115165e-01
-7.310833469163547926e-01
-7.316634045540838516e-01
-7.322770044096705844e-01
-7.329241292091079885e-01
-7.336046873516084421e-01
-7.343185111036081292e-01
-7.350653491765811731e-01
-7.358448541228714834e-01
-7.366565656924171090e-01
-7.374998915948077771e-01
-7.383740870692520053e-01
-7.392782343954025226e-01
-7.402112230717126096e-01
-7.411717309308065715e-01
-7.421582060927669477e-01
-7.431688495834344321e-01
-7.442015988627541656e-01
-7.452541134785974908e-01
-7.463237654132421905e-01
-7.474076380105538764e-01
-7.485025380829939401e-01
-7.496050252957801030e-01
-7.507114608024304525e-01
-7.518180734318417047e-01
-7.529210372777617177e-01
-7.540165507367324604e-01
-7.551009054411905730e-01
-7.561705350698808559e-01
-7.572220384334428234e-01
-7.582521771779640041e-01
-7.592578541409197301e-01
-7.602360823628040443e-01
-7.611839562172588725e-01
-7.620986349230602919e-01
-7.629773451568730991e-01
-7.638174043255945289e-01
-7.646162604687660735e-01
-7.653715402618959107e-01
-7.660810945517644299e-01
-7.667430318640360287e-01
-7.673557338548915308e-01
-7.679178513611668588e-01
-7.684282840196000608e-01
-7.688861493343115416e-01
-7.692907482121815743e-01
-7.696415335032128491e-01
-7.699380863544913467e-01
-7.701801026781466275e-01
-7.703673893031182107e-01
-7.704998670757310375e-01
-7.705775768927901614e-01
-7.706006846909100316e-01
-7.705694826126141539e-01
-7.704843853839428158e-01
-7.703459227423889999e-01
-7.701547301059868955e-01
-7.699115404115028927e-01
-7.696171802083952018e-01
-7.692725727806846159e-01
-7.688787503852325678e-01
-7.684368767593169336e-01
-7.679482800292910527e-01
-7.674144952345324233e-01
-7.668373149650741238e-01
-7.662188459847665278e-01
-7.655615688486142600e-01
-7.648683960525650694e-01
-7.641427220434332535e-01
-7.633884558505449336e-01
-7.626100252348793074e-01
-7.618123416775411938e-01
-7.610007197698451797e-01
-7.601807530155575421e-01
-7.593581589873255044e-01
-7.585386164021452604e-01
-7.577276207953709264e-01
-7.569303819240922326e-01
-7.561517760616384143e-01
-7.553963536974220849e-01
-7.546683917710653722e-01
-7.539719718107470436e-01
-7.533110618208567200e-01
-7.526895802681006220e-01
-7.521114249044605904e-01
-7.515804573349883499e-01
-7.511004452629831407e-01
-7.506749756960747755e-01
-7.503073603659633495e-01
-7.500005561566441825e-01
-7.497571180241994204e-01
-7.495791922356005443e-01
-7.494685475610489700e-01
-7.494266342951477755e-01
-7.494546567929410985e-01
-7.495536443263529636e-01
-7.497245068495026477e-01
-7.499680662973092771e-01
-7.502850599968851064e-01
-7.506761197615259285e-01
-7.511417364818937514e-01
-7.516822233980741119e-01
-7.522976904834027811e-01
-7.529880380108170401e-01
-7.537529713469349746e-01
-7.545920334551743380e-01
-7.555046477405050753e-01
-7.564901619501785968e-01
-7.575478835700643065e-01
-7.586770983236913457e-01
-7.598770660248210795e-01
-7.611469920672052636e-01
-7.624859775385632865e-01
-7.638929548887621879e-01
-7.653666177966415018e-01
-7.669053528839167022e-01
-7.685071781851835482e-01
-7.701696906521158237e-01
-7.718900240723458595e-01
-7.736648201812482695e-01
-7.754902187168279948e-01
-7.773618749331949740e-01
-7.792750133318161465e-01
-7.812245221980069765e-01
-7.832050848173894853e-01
-7.852113325898464335e-01
-7.872379972803136283e-01
-7.892800383998742619e-01
-7.913327279695175909e-01
-7.933916857559311087e-01
-7.954528690624449450e-01
-7.975125290982344461e-01
-7.995671499150198702e-01
-8.016133865194854380e-01
-8.036480168828791237e-01
-8.056679185049342440e-01
-8.076700740382056765e-01
-8.096516029730621566e-01
-8.116098094424180065e-01
-8.135422323248638898e-01
-8.154466845174870304e-01
-8.173212728921170900e-01
-8.191643966900469254e-01
-8.209747274460151845e-01
-8.227511766179641528e-01
-8.244928579387077461e-01
-8.261990508124242849e-01
-8.278691695711242193e-01
-8.295027414994836645e-01
-8.310993944434436065e-01
-8.326588528080203222e-01
-8.341809392638767084e-01
-8.356655789504969789e-01
-8.371128034773245297e-01
-8.385227532032820674e-01
-8.398956774920001145e-01
-8.412319333930732279e-01
-8.425319833341375908e-01
-8.437963920980730004e-01
-8.450258229662318543e-01
-8.462210328373951373e-01
-8.473828666853775449e-01
-8.485122529239043088e-01
-8.496102027369745180e-01
-8.506778175298566058e-01
-8.517163087180450454e-01
-8.527270328442886349e-01
-8.537115426647675642e-01
-8.546716516705312738e-01
-8.556095056725347980e-01
-8.565276507288094310e-01
-8.574290824694558166e-01
-8.583172594126529109e-01
-8.591960646872184304e-01
-8.600697088381944466e-01
-8.609425806833546080e-01
-8.618190690716183155e-01
-8.627033888306212539e-01
-8.635994438737886192e-01
-8.645107495867138114e-01
-8.654404205930120719e-01
-8.663912152602236683e-01
-8.673656185899353277e-01
-8.683659407655476281e-01
-8.693944082901088333e-01
-8.704532274314067397e-01
-8.715446058110316585e-01
-8.726707277863834378e-01
-8.738336915307993724e-01
-8.750354267561358812e-01
-8.762776173054531714e-01
-8.775616500439067380e-01
-8.788886022874664583e-01
-8.802592688258870091e-01
-8.816742204418209772e-01
-8.831338803743582488e-01
-8.846386030256508937e-01
-8.861887394255907324e-01
-8.877846762949533899e-01
-8.894268404749250401e-01
-8.911156682175783716e-01
-8.928515479578467140e-01
-8.946347525379103605e-01
-8.964653791590377896e-01
-8.983433116010586250e-01
-9.002682115472975255e-01
-9.022395377181141596e-01
-9.042565856030930771e-01
-9.063185376033717766e-01
-9.084245127024982436e-01
-9.105736055470828871e-01
-9.127649067670201566e-01
-9.149974996962889628e-01
-9.172704333130122789e-01
-9.195826761944096983e-01
-9.219330597505703828e-01
-9.243202194636519486e-01
-9.267425403906428549e-01
-9.291981095268501134e-01
-9.316846750245456610e-01
-9.341996121712108359e-01
-9.367398985491374175e-01
-9.393021047631151532e-01
-9.418824104318550550e-01
-9.444766552331663734e-01
-9.470804297331810728e-01
-9.496892008331743185e-01
-9.522984554876310348e-01
-9.549038393210461662e-01
-9.575012677030614316e-01
-9.600869951267352320e-01
-9.626576400315938198e-01
-9.652101717649615997e-01
-9.677418717521844016e-01
-9.702502823346093042e-01
-9.727331555333225133e-01
-9.751884113988475988e-01
-9.776141120827128717e-01
-9.800084534450774765e-01
-9.823697714049884899e-01
-9.846965565546919041e-01
-9.869874691447370063e-01
-9.892413478642475555e-01
-9.914572090104141200e-01
-9.936342360614546232e-01
-9.957717620753132604e-01
-9.978692483584852280e-01
-9.999262628067051573e-01
-1.001942460725814943e+00
-1.003917570149154281e+00
-1.005851382801845162e+00
-1.007743750953906892e+00
-1.009594589559579481e+00
-1.011403882519787301e+00
-1.013171691818094855e+00
-1.014898168630650188e+00
-1.016583565993424365e+00
-1.018228252820286617e+00
-1.019832728717622095e+00
-1.021397638104086347e+00
-1.022923780893943535e+00
-1.024412116046332422e+00
-1.025863754482899681e+00
-1.027279939997196134e+00
-1.028662020835629631e+00
-1.030011419374961656e+00
-1.031329610593393564e+00
-1.032618120058971245e+00
-1.033878548764090022e+00
-1.035112626635210420e+00
-1.036322290496530574e+00
-1.037509776401824180e+00
-1.038677710610315996e+00
-1.039829178488474559e+00
-1.040967748128705628e+00
-1.042097428739552578e+00
-1.043222555604033541e+00
-1.044347612586964402e+00
-1.045477023175243714e+00
-1.046614952344609550e+00
-1.047765158209290393e+00
-1.048930916543708181e+00
-1.050115021058205977e+00
-1.051319845799631336e+00
-1.052547446704514833e+00
-1.053799676294370880e+00
-1.055078286508048357e+00
-1.056384998577174938e+00
-1.057721526131491618e+00
-1.059089548908703549e+00
-1.060490647927875063e+00
-1.061926224309661437e+00
-1.063397428073630246e+00
-1.064905118379120053e+00
-1.066449865664373275e+00
-1.068031994218576974e+00
-1.069651654840987121e+00
-1.071308912387469503e+00
-1.073003831185169066e+00
-1.074736541501922771e+00
-1.076507272672769133e+00
-1.078316344194977017e+00
-1.080164115488542409e+00
-1.082050906061812201e+00
-1.083976906173760746e+00
-1.085942099686077800e+00
-1.087946215019980345e+00
-1.089988710282600470e+00
-1.092068789332961254e+00
-1.094185439746868882e+00
-1.096337481621240562e+00
-1.098523616686008175e+00
-1.100742468950806519e+00
-1.102992610489510028e+00
-1.105272568921797038e+00
-1.107580816589905925e+00
-1.109915744655226133e+00
-1.112275627211169127e+00
-1.114658580288577561e+00
-1.117062518747456545e+00
-1.119485111964985347e+00
-1.121923738541649840e+00
-1.124375441852301538e+00
-1.126836892034628557e+00
-1.129304364725942644e+00
-1.131773750254476019e+00
-1.134240606119167216e+00
-1.136700258259622620e+00
-1.139147943621753978e+00
-1.141578972803944492e+00
-1.143988884038804610e+00
-1.146373562537867929e+00
-1.148729310486761301e+00
-1.151052866691758991e+00
-1.153341385370463712e+00
-1.155592388579587793e+00
-1.157803707150332206e+00
-1.159973422755692152e+00
-1.162099820355445789e+00
-1.164181356310797000e+00
-1.166216643081342985e+00
-1.168204447126742762e+00
-1.170143693558234554e+00
-1.172033470325377635e+00
-1.173873026421937249e+00
-1.175661761697338603e+00
-1.177399208880287151e+00
-1.179085010402107114e+00
-1.180718893441711881e+00
-1.182300646695260360e+00
-1.183830102081405711e+00
-1.185307124015194669e+00
-1.186731607875191052e+00
-1.188103487776991818e+00
-1.189422752061195077e+00
-1.190689463682475857e+00
-1.191903782544937673e+00
-1.193065987759845958e+00
-1.194176499128000835e+00
-1.195235897976872685e+00
-1.196244947226924094e+00
-1.197204609179041368e+00
-1.198116057504508669e+00
-1.198980678276306833e+00
-1.199800054947929295e+00
-1.200575935104408298e+00
-1.201310182533096738e+00
-1.202004724742723241e+00
-1.202661510315260918e+00
-1.203282490043908970e+00
-1.203869630838482419e+00
-1.204424964102753570e+00
-1.204950663030588620e+00
-1.205449136966245227e+00
-1.205923125442487143e+00
-1.206375769888463179e+00
-1.206810639061972834e+00
-1.207231688330898889e+00
-1.207643145672653961e+00
-1.208049337177317772e+00
-1.208454484594488676e+00
-1.208862517286318994e+00
-1.209276935618550430e+00
-1.209700745725993176e+00
-1.210136465660905047e+00
-1.210586187920708268e+00
-1.211051675880126632e+00
-1.211534470163978527e+00
-1.212035982948820978e+00
-1.212557562391838095e+00
-1.213100516259856709e+00
-1.213666093792556744e+00
-1.214255436310490932e+00
-1.214869516092133006e+00
-1.215509085490706243e+00
-1.216174653151194107e+00
-1.216866494513593855e+00
-1.217584694090344977e+00
-1.218329210251991590e+00
-1.219099949806155436e+00
-1.219896838428062624e+00
-1.220719873193336635e+00
-1.221569145445550397e+00
-1.222444827104219867e+00
-1.223347121592897269e+00
-1.224276189887090416e+00
-1.225232068813618458e+00
-1.226214599311522990e+00
-1.227223376811084066e+00
-1.228257727496897100e+00
-1.229316707084802562e+00
-1.230399115180256464e+00
-1.231503518265672836e+00
-1.232628276483437979e+00
-1.233771571994403127e+00
-1.234931438489202504e+00
-1.236105791646796792e+00
-1.237292458938734852e+00
-1.238489204986692904e+00
-1.239693747045659267e+00
-1.240903755191470781e+00
-1.242116833611434101e+00
-1.243330482433931294e+00
-1.244542043152534028e+00
-1.245748634719576087e+00
-1.246947091820300946e+00
-1.248133921111962863e+00
-1.249305293447576348e+00
-1.250457087365802522e+00
-1.251584989230392297e+00
-1.252684639692151158e+00
-1.253751800700386054e+00
-1.254782509964681436e+00
-1.255773194500665824e+00
-1.256720728642398477e+00
-1.257622437385938596e+00
-1.258476057068877552e+00
-1.259279670310710086e+00
-1.260031632271594315e+00
-1.260730502868299352e+00
-1.261374995909134933e+00
-1.261963951319008181e+00
-1.262496330660787924e+00
-1.262971229899727987e+00
-1.263387898824433586e+00
-1.263745755660495185e+00
-1.264044388414735209e+00
-1.264283539615770557e+00
-1.264463076024674448e+00
-1.264582948201443235e+00
-1.264643146507760108e+00
-1.264643660830683913e+00
-1.264584451386113528e+00
-1.264465437065786402e+00
-1.264286505177955933e+00
-1.264047541841776479e+00
-1.263748476845971913e+00
-1.263389332820520350e+00
-1.262970268150898745e+00
-1.262491606288831392e+00
-1.261953849043033538e+00
-1.261357675641058496e+00
-1.260703931484243201e+00
-1.259993610632780259e+00
-1.259227835007597829e+00
-1.258407831992081727e+00
-1.257534911164436053e+00
-1.256610440529552619e+00
-1.255635822783446320e+00
-1.254612472561724257e+00
-1.253541795950468885e+00
-1.252425173518307844e+00
-1.251263947718321390e+00
-1.250059414869564067e+00
-1.248812821305492093e+00
-1.247525362857113462e+00
-1.246198186682013986e+00
-1.244832394509348017e+00
-1.243429046552407380e+00
-1.241989165558202712e+00
-1.240513740661870035e+00
-1.239003730868030617e+00
-1.237460068088074738e+00
-1.235883659728965300e+00
-1.234275390866073963e+00
-1.232636126049581726e+00
-1.230966710798776509e+00
-1.229267972836576073e+00
-1.227540723111251175e+00
-1.225785756645762836e+00
-1.224003853248511131e+00
-1.222195778113216891e+00
-1.220362282330379688e+00
-1.218504103328297505e+00
-1.216621965257979054e+00
-1.214716579333303681e+00
-1.212788644135403215e+00
-1.210838845888348558e+00
-1.208867858711715870e+00
-1.206876344854427296e+00
-1.204864954913324793e+00
-1.202834328039204648e+00
-1.200785092132457210e+00
-1.198717864030004021e+00
-1.196633249684860845e+00
-1.194531844339362436e+00
-1.192414232692855069e+00
-1.190280989064459005e+00
-1.188132677551335004e+00
-1.185969852182726658e+00
-1.183793057069883581e+00
-1.181602826551788388e+00
-1.179399685336377512e+00
-1.177184148636646555e+00
-1.174956722300605438e+00
-1.172717902933442025e+00
-1.170468178009370641e+00
-1.168208025969329933e+00
-1.165937916298752652e+00
-1.163658309576734773e+00
-1.161369657483604989e+00
-1.159072402747442387e+00
-1.156766979000448892e+00
-1.154453810501725242e+00
-1.152133311661673432e+00
-1.149805886271750399e+00
-1.147471926297184641e+00
-1.145131810023692243e+00
-1.142785899255281956e+00
-1.140434535132578198e+00
-1.138078031978865035e+00
-1.135716668400754692e+00
-1.133350674731055996e+00
-1.130980215950659673e+00
-1.128605369765067756e+00
-1.126226101031515547e+00
-1.123842236766487090e+00
-1.121453450433281596e+00
-1.119059268147066799e+00
-1.116659108221229602e+00
-1.114252354673898271e+00
-1.111838447819760489e+00
-1.109416963688931279e+00
-1.106987659598887674e+00
-1.104550480999765494e+00
-1.102105540071038892e+00
-1.099653081276106947e+00
-1.097193445688512403e+00
-1.094727040293783427e+00
-1.092254314167304008e+00
-1.089775741129562325e+00
-1.087291807629987561e+00
-1.084803004519300673e+00
-1.082309821577641440e+00
-1.079812743938381336e+00
-1.077312249791518406e+00
-1.074808808940255433e+00
-1.072302881921821216e+00
-1.069794919499327035e+00
-1.067285362396540149e+00
-1.064774641191059690e+00
-1.062263176310333179e+00
-1.059751378094053509e+00
-1.057239646899039043e+00
-1.054728373230945593e+00
-1.052217937892563127e+00
-1.049708712141990130e+00
-1.047201057856299800e+00
-1.044695327697831466e+00
-1.042191865281239194e+00
-1.039691005340080299e+00
-1.037193073892160200e+00
-1.034698388403129776e+00
-1.032207257948015044e+00
-1.029719983370485981e+00
-1.027236857439746798e+00
-1.024758165004984178e+00
-1.022284183147347703e+00
-1.019815181329453591e+00
-1.017351421542423973e+00
-1.014893158450479671e+00
-1.012440639533111142e+00
-1.009994105224858663e+00
-1.007553789052731963e+00
-1.005119917771303717e+00
-1.002692711495509981e+00
-1.000272383831193324e+00
-9.978591420034219617e-01
-9.954531869826203083e-01
-9.930547136085435822e-01
-9.906639107121321119e-01
-9.882809612352776441e-01
-9.859060423485347391e-01
-9.835393255668096746e-01
-9.811809768630599393e-01
-9.788311567800344060e-01
-9.764900205400862676e-01
-9.741577181530898244e-01
-9.718343945224900970e-01
-9.695201895495163535e-01
-9.672152382355877487e-01
-9.649196707829410524e-01
-9.626336126935081117e-01
-9.603571848660714672e-01
-9.580905036917254369e-01
-9.558336811476703110e-01
-9.535868248893658583e-01
-9.513500383410706807e-01
-9.491234207847939475e-01
-9.469070674476839367e-01
-9.447010695878796938e-01
-9.425055145788495681e-01
-9.403204859922421610e-01
-9.381460636792724461e-01
-9.359823238506675969e-01
-9.338293391551958367e-01
-9.316871787568006269e-01
-9.295559084103631742e-01
-9.274355905361156838e-01
-9.253262842927267862e-01
-9.232280456490810083e-01
-9.211409274547737169e-01
-9.190649795093418506e-01
-9.170002486302513134e-01
-9.149467787196617907e-01
-9.129046108299877504e-01
-9.108737832282767233e-01
-9.088543314594230704e-01
-9.068462884082367781e-01
-9.048496843603859308e-01
-9.028645470622315150e-01
-9.008909017795720953e-01
-8.989287713553173464e-01
-8.969781762661066526e-01
-8.950391346778915347e-01
-8.931116625004981158e-01
-8.911957734411863896e-01
-8.892914790572233885e-01
-8.873987888074861274e-01
-8.855177101031105336e-01
-8.836482483572020152e-01
-8.817904070336231026e-01
-8.799441876948742580e-01
-8.781095900490815120e-01
-8.762866119961071343e-01
-8.744752496727973279e-01
-8.726754974973807144e-01
-8.708873482130331523e-01
-8.691107929306217672e-01
-8.673458211706417398e-01
-8.655924209043603934e-01
-8.638505785941809068e-01
-8.621202792332393061e-01
-8.604015063842467281e-01
-8.586942422175911638e-01
-8.569984675487094528e-01
-8.553141618747428510e-01
-8.536413034104881614e-01
-8.519798691236558641e-01
-8.503298347694471238e-01
-8.486911749244616665e-01
-8.470638630199471830e-01
-8.454478713744016938e-01
-8.438431712255398676e-01
-8.422497327616343954e-01
-8.406675251522423009e-01
-8.390965165783274005e-01
-8.375366742617886828e-01
-8.359879644944053778e-01
-8.344503526662080395e-01
-8.329238032932856362e-01
-8.314082800450384170e-01
-8.299037457708865473e-01
-8.284101625264426172e-01
-8.269274915991584596e-01
-8.254556935334548262e-01
-8.239947281553429148e-01
-8.225445545965460736e-01
-8.211051313181314537e-01
-8.196764161336588250e-01
-8.182583662318558826e-01
-8.168509381988273699e-01
-8.154540880398074565e-01
-8.140677712004615874e-01
-8.126919425877472403e-01
-8.113265565903402532e-01
-8.099715670986351590e-01
-8.086269275243259669e-01
-8.072925908195754952e-01
-8.059685094957806939e-01
-8.046546356419400636e-01
-8.033509209426313857e-01
-8.020573166956054267e-01
-8.007737738290034990e-01
-7.995002429182048731e-01
-7.982366742023109252e-01
-7.969830176002720146e-01
-7.957392227266640861e-01
-7.945052389071206589e-01
-7.932810151934270859e-01
-7.920665003782818570e-01
-7.908616430097322736e-01
-7.896663914052897137e-01
-7.884806936657299259e-01
-7.873044976885849033e-01
-7.861377511813305574e-01
-7.849804016742774060e-01
-7.838323965331679410e-01
-7.826936829714873367e-01
-7.815642080624917165e-01
-7.804439187509598641e-01
-7.793327618646728183e-01
-7.782306841256266816e-01
-7.771376321609834159e-01
-7.760535525137645108e-01
-7.749783916532918537e-01
-7.739120959853811321e-01
-7.728546118622917627e-01
-7.718058855924380124e-01
-7.707658634498655292e-01
-7.697344916834985007e-01
-7.687117165261599938e-01
-7.676974842033718049e-01
-7.666917409419361507e-01
-7.656944329783040848e-01
-7.647055065667347495e-01
-7.637249079872492352e-01
-7.627525835533821574e-01
-7.617884796197363917e-01
-7.608325425893429639e-01
-7.598847189208309816e-01
-7.589449551354104928e-01
-7.580131978236722690e-01
-7.570893936522078427e-01
-7.561734893700532423e-01
-7.552654318149596424e-01
-7.543651679194943727e-01
-7.534726447169757257e-01
-7.525878093472445629e-01
-7.517106090622759362e-01
-7.508409912316333923e-01
-7.499789033477699540e-01
-7.491242930311782233e-01
-7.482771080353918247e-01
-7.474372962518427421e-01
-7.466048057145759920e-01
-7.457795846048246302e-01
-7.449615812554489791e-01
-7.441507441552407398e-01
-7.433470219530968759e-01
-7.425503634620641558e-01
-7.417607176632579069e-01
-7.409780337096568692e-01
-7.402022609297773670e-01
-7.394333488312282432e-01
-7.386712471041498862e-01
-7.379159056245394588e-01
-7.371672744574638836e-01
-7.364253038601640267e-01
-7.356899442850515225e-01
-7.349611463826007940e-01
-7.342388610041381547e-01
-7.335230392045303249e-01
-7.328136322447742490e-01
-7.321105915944904341e-01
-7.314138689343220312e-01
-7.307234161582408793e-01
-7.300391853757633998e-01
-7.293611289140773390e-01
-7.286891993200820261e-01
-7.280233493623433638e-01
-7.273635320329658871e-01
-7.267097005493832196e-01
-7.260618083560688163e-01
-7.254198091261688797e-01
-7.247836567630591142e-01
-7.241533054018262083e-01
-7.235287094106771510e-01
-7.229098233922767180e-01
-7.222966021850149021e-01
-7.216890008642065091e-01
-7.210869747432233634e-01
-7.204904793745620095e-01
-7.198994705508465763e-01
-7.193139043057700244e-01
-7.187337369149738864e-01
-7.181589248968683892e-01
-7.175894250133946217e-01
-7.170251942707294157e-01
-7.164661899199344930e-01
-7.159123694575514341e-01
-7.153636906261435779e-01
-7.148201114147857416e-01
-7.142815900595036460e-01
-7.137480850436632718e-01
-7.132195550983126964e-01
-7.126959592024759704e-01
-7.121772565834015856e-01
-7.116634067167653122e-01
-7.111543693268300714e-01
-7.106501043865621758e-01
-7.101505721177061581e-01
-7.096557329908191880e-01
-7.091655477252651885e-01
-7.086799772891705373e-01
-7.081989828993422442e-01
-7.077225260211486013e-01
-7.072505683683648625e-01
-7.067830719029831732e-01
-7.063199988349888603e-01
-7.058613116221036377e-01
-7.054069729694961710e-01
-7.049569458294611124e-01
-7.045111934010681587e-01
-7.040696791297802459e-01
-7.036323667070439880e-01
-7.031992200698504725e-01
-7.027702034002698550e-01
-7.023452811249585315e-01
-7.019244179146404417e-01
-7.015075786835632821e-01
-7.010947285889299607e-01
-7.006858330303065152e-01
-7.002808576490068271e-01
-6.998797683274543546e-01
-6.994825311885227714e-01
-6.990891125948550666e-01
-6.986994791481621059e-01
-6.983135976885013196e-01
-6.979314352935359622e-01
-6.975529592777757193e-01
-6.971781371917995518e-01
-6.968069368214602211e-01
-6.964393261870724938e-01
-6.960752735425843607e-01
-6.957147473747328226e-01
-6.953577164021841339e-01
-6.950041495746588360e-01
-6.946540160720428014e-01
-6.943072853034844005e-01
-6.939639269064780125e-01
-6.936239107459349906e-01
-6.932872069132417492e-01
-6.929537857253063038e-01
-6.926236177235930436e-01
-6.922966736731464010e-01
-6.919729245616037527e-01
-6.916523415981984391e-01
-6.913348962127523478e-01
-6.910205600546597271e-01
-6.907093049918614502e-01
-6.904011031098108431e-01
-6.900959267104310735e-01
-6.897937483110646584e-01
-6.894945406434157542e-01
-6.891982766524846760e-01
-6.889049294954958658e-01
-6.886144725408194223e-01
-6.883268793668863017e-01
-6.880421237610975238e-01
-6.877601797187282706e-01
-6.874810214418259902e-01
-6.872046233381045033e-01
-6.869309600198326704e-01
-6.866600063027191725e-01
-6.863917372047928511e-01
-6.861261279452797179e-01
-6.858631539434760782e-01
-6.856027908176182128e-01
-6.853450143837498398e-01
-6.850898006545859120e-01
-6.848371258383744165e-01
-6.845869663377558423e-01
-6.843392987486205392e-01
-6.840940998589642996e-01
-6.838513466477422753e-01
-6.836110162837216730e-01
-6.833730861243333399e-01
-6.831375337145222382e-01
-6.829043367855970326e-01
-6.826734732540795658e-01
-6.824449212205540016e-01
-6.822186589685149682e-01
-6.819946649632169233e-01
-6.817729178505228527e-01
-6.815533964557536351e-01
-6.813360797825380732e-01
-6.811209470116633691e-01
-6.809079774999268198e-01
-6.806971507789880693e-01
-6.804884465542230254e-01
-6.802818447035789973e-01
-6.800773252764310550e-01
-6.798748684924402763e-01
-6.796744547404136583e-01
-6.794760645771660279e-01
-6.792796787263837288e-01
-6.790852780774908615e-01
-6.788928436845174108e-01
-6.787023567649698164e-01
-6.785137986987045400e-01
-6.783271510268035209e-01
-6.781423954504529616e-01
-6.779595138298247781e-01
-6.777784881829608254e-01
-6.775993006846603439e-01
-6.774219336653705126e-01
-6.772463696100805564e-01
-6.770725911572184064e-01
-6.769005810975516901e-01
-6.767303223730914974e-01
-6.765617980760003647e-01
-6.763949914475034797e-01
-6.762298858768037713e-01
-6.760664649000009963e-01
-6.759047121990144902e-01
-6.757446116005100256e-01
-6.755861470748307784e-01
-6.754293027349321799e-01
-6.752740628353212093e-01
-6.751204117709996844e-01
-6.749683340764123241e-01
-6.748178144243982546e-01
-6.746688376251480657e-01
-6.745213886251643087e-01
-6.743754525062272132e-01
-6.742310144843647324e-01
-6.740880599088269198e-01
-6.739465742610656340e-01
-6.738065431537182404e-01
-6.736679523295964200e-01
-6.735307876606798638e-01
-6.733950351471145179e-01
-6.732606809162156036e-01
-6.731277112214761882e-01
-6.729961124415798635e-01
-6.728658710794188647e-01
-6.727369737611170741e-01
-6.726094072350580211e-01
-6.724831583709180993e-01
-6.723582141587043370e-01
-6.722345617077979396e-01
-6.721121882460024954e-01
-6.719910811185976218e-01
-6.718712277873974958e-01
-6.717526158298144923e-01
-6.716352329379285946e-01
-6.715190669175613580e-01
-6.714041056873555346e-01
-6.712903372778595834e-01
-6.711777498306178424e-01
-6.710663315972656973e-01
-6.709560709386301891e-01
-6.708469563238353972e-01
-6.707389763294140383e-01
-6.706321196384237293e-01
-6.705263750395683564e-01
-6.704217314263255512e-01
-6.703181777960788290e-01
-6.702157032492550570e-01
-6.701142969884678058e-01
-6.700139483176653643e-01
-6.699146466412845280e-01
-6.698163814634094937e-01
-6.697191423869361948e-01
-6.696229191127417435e-01
-6.695277014388597570e-01
-6.694334792596601247e-01
-6.693402425650347709e-01
-6.692479814395888571e-01
-6.691566860618363144e-01
-6.690663467034018153e-01
-6.689769537282274081e-01
-6.688884975917845921e-01
-6.688009688402913877e-01
-6.687143581099354028e-01
-6.686286561261011174e-01
