1.500059999999997506e-01
1.500059999999997506e-01
1.500066867234456924e-01
1.500087084991714725e-01
1.500126752325887103e-01
1.500191579385213581e-01
1.500286875874134729e-01
1.500417530944771483e-01
1.500587983986956531e-01
1.500802187993288961e-01
1.501063571436783428e-01
1.501375011804476634e-01
1.501738842827564091e-01
1.502156920917750160e-01
1.502630760886510264e-01
1.503161711142690926e-01
1.503751100678986097e-01
1.504400299187608203e-01
1.505110687808090819e-01
1.505883585771860822e-01
1.506720180735227343e-01
1.507621485060336164e-01
1.508588317605005502e-01
1.509621302084327155e-01
1.510720874000601732e-01
1.511887291174870140e-01
1.513120644618726474e-01
1.514420866883071370e-01
1.515787735196988673e-01
1.517220867337248924e-01
1.518719709230494097e-01
1.520283514402707981e-01
1.521911316216088828e-01
1.523601894283735658e-01
1.525353736630939150e-01
1.527164999201894857e-01
1.529033464233365835e-01
1.530956498827431289e-01
1.532931014825282545e-01
1.534953431044733529e-01
1.537019639429021145e-01
1.539124977895369173e-01
1.541264214564029844e-01
1.543431550024381427e-01
1.545620645379745806e-01
1.547824682880147018e-01
1.550036462172596774e-01
1.552248528616805012e-01
1.554453322099485502e-01
1.556643327917104636e-01
1.558811208448953878e-01
1.560949897219361393e-01
1.563052645081956238e-01
1.565113019167909125e-01
1.567124865655645516e-01
1.569082254661078313e-01
1.570979428201499661e-01
1.572810770014614334e-01
1.574570809618699718e-01
1.576254263714255144e-01
1.577856107982417710e-01
1.579371664230506123e-01
1.580796684099690652e-01
1.582127412218715945e-01
1.583360617812815396e-01
1.584493591917656707e-01
1.585524114817819519e-01
1.586450403316713720e-01
1.587271049382842358e-01
1.587984960961888181e-01
1.588591313050625731e-01
1.589089513332217762e-01
1.589479182633915799e-01
1.589760147079274100e-01
1.589932436841424157e-01
1.589996286228066991e-01
1.589952131210723985e-01
1.589800602738181967e-01
1.589542516425722918e-01
1.589178860914592095e-01
1.588710788153772091e-01
1.588139609148238041e-01
1.587466798520121847e-01
1.586694010692283052e-01
1.585823109733270897e-01
1.584856213989069285e-01
1.583795755643815362e-01
1.582644554284392269e-01
1.581405902203161795e-01
1.580083657200496150e-01
1.578682335689163274e-01
1.577207194930078382e-01
1.575664288928403378e-01
1.574060479545115465e-01
1.572403385195126346e-01
1.570701256462902762e-01
1.568962781644287763e-01
1.567196842833397941e-01
1.565412258645114685e-01
1.563617556285844534e-01
1.561820810021543049e-01
1.560029567140610862e-01
1.558250862261934266e-01
1.556491302601705484e-01
1.554757194371070295e-01
1.553054674809254965e-01
1.551389815148103701e-01
1.549768666840840581e-01
1.548197236515144459e-01
1.546681392844126979e-01
1.545226726795335126e-01
1.543838399540204964e-01
1.542521014773346744e-01
1.541278543610255791e-01
1.540114314642276605e-01
1.539031065257390474e-01
1.538031037769649334e-01
1.537116097075488796e-01
1.536287845069983504e-01
1.535547709905141223e-01
1.534896994735413522e-01
1.534336880358831978e-01
1.533868387677967404e-01
1.533492316222026530e-01
1.533209180549196804e-01
1.533019165109142934e-01
1.532922110935252547e-01
1.532917537575141098e-01
1.533004694488374342e-01
1.533182629823498511e-01
1.533450261379658008e-01
1.533806434156528842e-01
1.534249950819344122e-01
1.534779565663335621e-01
1.535393939097812466e-01
1.536091557149585896e-01
1.536870626757813052e-01
1.537728960392817368e-01
1.538663862039393593e-01
1.539672022399191376e-01
1.540749427251798254e-01
1.541891281868762453e-01
1.543091957077994958e-01
1.544344967793286616e-01
1.545642999524624306e-01
1.546977998599112780e-01
1.548341334287684223e-01
1.549724025564284680e-01
1.551117006399649612e-01
1.552511389436914413e-01
1.553898685724849071e-01
1.555270949240840361e-01
1.556620834069241954e-01
1.557941571544859682e-01
1.559226888791743482e-01
1.560470897259707557e-01
1.561667981139554240e-01
1.562812712301801243e-01
1.563899811098516668e-01
1.564924161065233965e-01
1.565880871604914404e-01
1.566765369755752091e-01
1.567573494878256035e-01
1.568301571440034459e-01
1.568946443899284504e-01
1.569505469597343161e-01
1.569976475873814115e-01
1.570357693786933184e-01
1.570647682824332925e-01
1.570845260049253955e-01
1.570949444385107974e-01
1.570959422734588273e-01
1.570874539642292955e-01
1.570694306950694008e-01
1.570418425750062241e-01
1.570046811330178815e-01
1.569579613278232755e-01
1.569017226374131158e-01
1.568360291739288592e-01
1.567609690321499494e-01
1.566766531735855061e-01
1.565832141115866272e-01
1.564808045793155133e-01
1.563695963172669900e-01
1.562497791680592663e-01
1.561215608201675653e-01
1.559851677428624739e-01
1.558408479996688800e-01
1.556888766186804995e-01
1.555295639873552627e-01
1.553632673314552237e-01
1.551904047486085680e-01
1.550114704973760971e-01
1.548270493172120010e-01
1.546378266234732235e-01
1.544445908570165060e-01
1.542482246329136830e-01
1.540496831040453762e-01
1.538499610474751700e-01
1.536500536292070840e-01
1.534509180730710132e-01
1.532534433946526053e-01
1.530584330067444043e-01
1.528666015255550070e-01
1.526785839118293409e-01
1.524949529847739182e-01
1.523162404191771291e-01
1.521429562852826545e-01
1.519756028073773746e-01
1.518146793295018782e-01
1.516606775524227124e-01
1.515140686820178051e-01
1.513752864419924127e-01
1.512447110085367308e-01
1.511226583393403544e-01
1.510093774522106858e-01
1.509050558803232411e-01
1.508098316339616662e-01
1.507238088817754174e-01
1.506470741421473414e-01
1.505797098430335934e-01
1.505218025986661545e-01
1.504734445506942520e-01
1.504347276643727138e-01
1.504057326806605976e-01
1.503865158778379674e-01
1.503770972492898539e-01
1.503774529655119152e-01
1.503875134707900740e-01
1.504071669689490964e-01
1.504362669033266764e-01
1.504746414736673477e-01
1.505221031238101748e-01
1.505784561034240465e-01
1.506435005832215956e-01
1.507170324080795709e-01
1.507988383943907607e-01
1.508886879456207974e-01
1.509863223624007544e-01
1.510914433082287123e-01
1.512037014813077673e-01
1.513226859517018408e-01
1.514479142572113246e-01
1.515788234769899767e-01
1.517147631332971536e-01
1.518549916698638258e-01
1.519986789645081382e-01
1.521449172775456438e-01
1.522927417718708820e-01
1.524411593472763671e-01
1.525891818559691471e-01
1.527358580967249080e-01
1.528802992189112753e-01
1.530216941542644482e-01
1.531593143999868400e-01
1.532925097745592158e-01
1.534206980856334945e-01
1.535433520318992551e-01
1.536599864280037142e-01
1.537701482477443760e-01
1.538734110994712523e-01
1.539693745860397922e-01
1.540576677037467646e-01
1.541379543656862250e-01
1.542099387112624009e-01
1.542733682431229325e-01
1.543280337726396778e-01
1.543737661907623182e-01
1.544104308409300075e-01
1.544379206408973138e-01
1.544561491653774210e-01
1.544650447892623457e-01
1.544645467648942117e-01
1.544546037576260411e-01
1.544351748850368022e-01
1.544062327787256994e-01
1.543677677938150583e-01
1.543197924020279499e-01
1.542623450435593735e-01
1.541954931247271898e-01
1.541193352049188281e-01
1.540340025599310769e-01
1.539396602146811677e-01
1.538365072953148671e-01
1.537247763173623105e-01
1.536047309883150358e-01
1.534766624070534324e-01
1.533408841945357870e-01
1.531977278760279781e-01
1.530475403837975035e-01
1.528906855519653052e-01
1.527275508866142995e-01
1.525585599133346681e-01
1.523841892658229502e-01
1.522049884850787405e-01
1.520215992589253606e-01
1.518347696744636599e-01
1.516453584334324922e-01
1.514543246415012423e-01
1.512627013461015080e-01
1.510715552372666748e-01
1.508819393672599374e-01
1.506948482656352839e-01
1.505111840948525903e-01
1.503317389733240250e-01
1.501571941104569152e-01
1.499881327452662616e-01
1.498250618349551422e-01
1.496684368105617446e-01
1.495186839882140795e-01
1.493762161166215796e-01
1.492414381226515596e-01
1.491147424862579174e-01
1.489964964974486439e-01
1.488870260016427471e-01
1.487866010941620853e-01
1.486954282095668267e-01
1.486136507679843843e-01
1.485413580775600539e-01
1.484786003675009625e-01
1.484254068422995454e-01
1.483818032951835786e-01
1.483478258812277462e-01
1.483235281537655381e-01
1.483089796227265444e-01
1.483042559753668110e-01
1.483094233062261513e-01
1.483245203681519964e-01
1.483495431724581870e-01
1.483844351111681670e-01
1.484290838108206501e-01
1.484833240810402299e-01
1.485469451778068939e-01
1.486197002220551455e-01
1.487013157459625978e-01
1.487914997086755564e-01
1.488899467904147844e-01
1.489963403158074129e-01
1.491103507548705853e-01
1.492316312924986399e-01
1.493598112635646513e-01
1.494944882099660255e-01
1.496352190136808202e-01
1.497815102554748978e-01
1.499328079256619373e-01
1.500884870347095890e-01
1.502478425125035599e-01
1.504100838017342068e-01
1.505743362614449798e-01
1.507396522619966761e-01
1.509050331921835963e-01
1.510694606922222127e-01
1.512319323702601692e-01
1.513914955891987046e-01
1.515472735344093325e-01
1.516984802844843216e-01
1.518444246646041551e-01
1.519845050067963332e-01
1.521181980721844906e-01
1.522450455007516579e-01
1.523646406818245647e-01
1.524766181995232672e-01
1.525806471057833402e-01
1.526764282312441379e-01
1.527636946894123382e-01
1.528422139539352409e-01
1.529117896857674352e-01
1.529722619066249401e-01
1.530235048994385283e-01
1.530654229904089558e-01
1.530979448847484270e-01
1.531210174577618266e-01
1.531345999406625580e-01
1.531386593782063654e-01
1.531331680879509105e-01
1.531181035741396856e-01
1.530934509227445672e-01
1.530592072178535989e-01
1.530153871681871058e-01
1.529620290883668410e-01
1.528992006445107632e-01
1.528270041609159080e-01
1.527455815469685452e-01
1.526551188808828730e-01
1.525558503678892397e-01
1.524480609037648648e-01
1.523320860677072341e-01
1.522083083668354375e-01
1.520771492313533202e-01
1.519390576043780083e-01
1.517944975230641202e-01
1.516439380941976833e-01
1.514878491673169736e-01
1.513267048334000220e-01
1.511609951526976525e-01
1.509912447878740127e-01
1.508180357079622336e-01
1.506420297914974615e-01
1.504639860331242196e-01
1.502847665810829736e-01
1.501053268095604298e-01
1.499266877056398828e-01
1.497498936627164323e-01
1.495759635471325122e-01
1.494058452800303138e-01
1.492403828887266248e-01
1.490803008490753645e-01
1.489262057202180023e-01
1.487786014378701116e-01
1.486379128158151486e-01
1.485045114318466752e-01
1.483787385334220388e-01
1.482609206114602340e-01
1.481513749655528900e-01
1.480504050272578309e-01
1.479582880326403282e-01
1.478752598580647393e-01
1.478015024394172816e-01
1.477371379370454041e-01
1.476822314221280519e-01
1.476368014630581593e-01
1.476008363141100566e-01
1.475743125425647284e-01
1.475572126102348836e-01
1.475495379598660839e-01
1.475513146490452787e-01
1.475625898077369269e-01
1.475834192487104624e-01
1.476138489335401260e-01
1.476538946871355784e-01
1.477035247019467257e-01
1.477626479547913263e-01
1.478311095058718605e-01
1.479086917918452648e-01
1.479951200429456548e-01
1.480900698380421820e-01
1.481931752232808486e-01
1.483040363942106643e-01
1.484222264291762960e-01
1.485472968441363117e-01
1.486787818000815109e-01
1.488162006999250164e-01
1.489590587810364353e-01
1.491068452619260243e-01
1.492590287083017386e-01
1.494150495660712674e-01
1.495743102767581045e-01
1.497361640643278258e-01
1.498999043456290259e-01
1.500647576082826395e-01
1.502298831157502512e-01
1.503943823497535803e-01
1.505573192537938698e-01
1.507177493535965251e-01
1.508747528701316343e-01
1.510274655243130371e-01
1.511751016250522106e-01
1.513169666538994040e-01
1.514524595062295420e-01
1.515810666418608843e-01
1.517023512652932726e-01
1.518159405750529600e-01
1.519215135516341908e-01
1.520187910046544855e-01
1.521075287769237949e-01
1.521875141333469961e-01
1.522585645517489095e-01
1.523205275983204043e-01
1.523732805028324699e-01
1.524167284356152119e-01
1.524508011003823105e-01
1.524754478178092509e-01
1.524906316353959457e-01
1.524963231703118649e-01
1.524924949543554065e-01
1.524791170486039515e-01
1.524561545913643013e-01
1.524235676504021031e-01
1.523813132382866031e-01
1.523293487433207416e-01
1.522676355941190163e-01
1.521961419499871793e-01
1.521148436110023872e-01
1.520237229609253671e-01
1.519227663240995951e-01
1.518119604776860254e-01
1.516912892005493896e-01
1.515607307154804850e-01
1.514202567353928330e-01
1.512698335636343816e-01
1.511094253248612962e-01
1.509389989600055659e-01
1.507585302148703454e-01
1.505680096243338928e-01
1.503674475330471771e-01
1.501568774799972028e-01
1.499363576877159876e-01
1.497059707853168331e-01
1.494658221517028707e-01
1.492160373631477577e-01
1.489567592011475650e-01
1.486881445787884837e-01
1.484103616272203219e-01
1.481235870795124254e-01
1.478280040102869786e-01
1.475237999371616926e-01
1.472111652595378684e-01
1.468902919954558073e-01
1.465613727725319226e-01
1.462246000301473392e-01
1.458801653941896037e-01
1.455282591909496381e-01
1.451690700722089444e-01
1.448027847285813796e-01
1.444295876725703032e-01
1.440496610765086560e-01
1.436631846536008950e-01
1.432703355727573680e-01
1.428712883998891348e-01
1.424662150599025068e-01
1.420552848148723402e-01
1.416386642548482233e-01
1.412165172985133110e-01
1.407890052015138560e-01
1.403562865707464746e-01
1.399185173832564189e-01
1.394758510086860082e-01
1.390284382344356695e-01
1.385764272928737828e-01
1.381199638900657833e-01
1.376591912355955016e-01
1.371942500731292147e-01
1.367252787114263402e-01
1.362524130555354818e-01
1.357757866379276923e-01
1.352955306493099918e-01
1.348117739688255989e-01
1.343246431932752505e-01
1.338342626648709732e-01
1.333407544968393255e-01
1.328442385958917282e-01
1.323448326801236752e-01
1.318426522902183540e-01
1.313378107907988424e-01
1.308304193572266128e-01
1.303205869408332329e-01
1.298084202021247968e-01
1.292940233963763563e-01
1.287774981884660108e-01
1.282589433627177034e-01
1.277384543775231251e-01
1.272161226919349131e-01
1.266920347607433939e-01
1.261662705555601505e-01
1.256389014261003467e-01
1.251099870823705051e-01
1.245795714903030205e-01
1.240476776028777844e-01
1.235143012141628888e-01
1.229794049528587924e-01
1.224429145062097685e-01
1.219047201115432272e-01
1.213646860610147066e-01
1.208226683682886021e-01
1.202785365414636987e-01
1.197321926706949730e-01
1.191835823810839384e-01
1.186326964780648752e-01
1.180795658035656559e-01
1.175242529576593087e-01
1.169668437249995474e-01
1.164074396970961878e-01
1.158461525471687348e-01
1.152830998617658809e-01
1.147184022290175937e-01
1.141521812614470222e-01
1.135845582811021715e-01
1.130156534602933804e-01
1.124455852698638403e-01
1.118744701325121160e-01
1.113024222117240392e-01
1.107295532898782270e-01
1.101559727047330683e-01
1.095817873239838952e-01
1.090071015445360364e-01
1.084320173077310268e-01
1.078566341247827187e-01
1.072810491086615692e-01
1.067053570099641413e-01
1.061296502551561105e-01
1.055540189861344097e-01
1.049785511004197591e-01
1.044033322915302042e-01
1.038284460892437977e-01
1.032539738995613687e-01
1.026799950442484483e-01
1.021065867998798005e-01
1.015338244363395009e-01
1.009617812547486115e-01
1.003905286248053252e-01
9.982013602153076703e-02
9.925067106141904905e-02
9.868219953799396704e-02
9.811478545677675134e-02
9.754849106967104777e-02
9.698337690877217865e-02
9.641950181960828870e-02
9.585692299382135573e-02
9.529569600129629559e-02
9.473587482174639085e-02
9.417751187576332839e-02
9.362065805534013074e-02
9.306536275387514157e-02
9.251167389566518351e-02
9.195963796489592390e-02
9.140930003413737237e-02
9.086070379235225425e-02
9.031389157242508681e-02
8.976890437821943847e-02
8.922578191117087887e-02
8.868456259642301664e-02
8.814528360851389688e-02
8.760798089661984978e-02
8.707268920936388212e-02
8.653944211919553653e-02
8.600827204634910184e-02
8.547921028238675278e-02
8.495228701333344679e-02
8.442753134240997548e-02
8.390497131237063810e-02
8.338463392745180947e-02
8.286654517493777239e-02
8.235073004634979599e-02
8.183721255826463536e-02
8.132601577276829530e-02
8.081716181755096984e-02
8.031067190564900038e-02
7.980656635483938943e-02
7.930486460669258775e-02
7.880558524528898101e-02
7.830874601560459947e-02
7.781436384157132402e-02
7.732245484381684852e-02
7.683303435708961626e-02
7.634611694737378218e-02
7.586171642869934950e-02
7.537984587965219918e-02
7.490051765958916086e-02
7.442374342456266334e-02
7.394953414295989125e-02
7.347790011086094419e-02
7.300885096712067535e-02
7.254239570817867799e-02
7.207854270260186103e-02
7.161729970536399870e-02
7.115867387186650128e-02
7.070267177170472261e-02
7.024929940218391233e-02
6.979856220158894842e-02
6.935046506221190232e-02
6.890501234314135026e-02
6.846220788281746905e-02
6.802205501135662191e-02
6.758455656264934774e-02
6.714971488623550089e-02
6.671753185896009408e-02
6.628800889641359162e-02
6.586114696416017766e-02
6.543694658875752468e-02
6.501540786857146204e-02
6.459653048438905587e-02
6.418031370983333372e-02
6.376675642158299850e-02
6.335585710940044857e-02
6.294761388597117091e-02
6.254202449655774099e-02
6.213908632847149616e-02
6.173879642036497056e-02
6.134115147134799190e-02
6.094614784993051398e-02
6.055378160279503014e-02
6.016404846340140528e-02
5.977694386042702729e-02
5.939246292604494215e-02
5.901060050404280388e-02
5.863135115778525530e-02
5.825470917802241105e-02
5.788066859054703805e-02
5.750922316370302156e-02
5.714036641574757325e-02
5.677409162206973475e-02
5.641039182226759152e-02
5.604925982708655607e-02
5.569068822522117018e-02
5.533466938998268803e-02
5.498119548583474403e-02
5.463025847479940217e-02
5.428185012273573085e-02
5.393596200549315156e-02
5.359258551494169853e-02
5.325171186488127095e-02
5.291333209683198036e-02
5.257743708570766089e-02
5.224401754537454784e-02
5.191306403409705339e-02
5.158456695987268664e-02
5.125851658565797747e-02
5.093490303448729162e-02
5.061371629448641746e-02
5.029494622378277019e-02
4.997858255531396898e-02
4.966461490153658426e-02
4.935303275903681064e-02
4.904382551304477256e-02
4.873698244185411393e-02
4.843249272114861365e-02
4.813034542823737411e-02
4.783052954620022751e-02
4.753303396794498342e-02
4.723784750017798184e-02
4.694495886728957540e-02
4.665435671515598404e-02
4.636602961485905561e-02
4.607996606632530634e-02
4.579615450188580239e-02
4.551458328975816620e-02
4.523524073745218560e-02
4.495811509510034415e-02
4.468319455871464646e-02
4.441046727337102235e-02
4.413992133632265585e-02
4.387154480004348128e-02
4.360532567520312291e-02
4.334125193357452749e-02
4.307931151087545513e-02
4.281949230954510549e-02
4.256178220145698243e-02
4.230616903056921146e-02
4.205264061551339944e-02
4.180118475212321605e-02
4.155178921590373803e-02
4.130444176444270782e-02
4.105913013976469211e-02
4.081584207062926434e-02
4.057456527477419639e-02
4.033528746110470048e-02
4.009799633182970641e-02
3.986267958454615262e-02
3.962932491427226256e-02
3.939792001543074990e-02
3.916845258378290340e-02
3.894091031831443950e-02
3.871528092307406632e-02
3.849155210896559182e-02
3.826971159549449192e-02
3.804974711246980612e-02
3.783164640166214454e-02
3.761539721841870160e-02
3.740098733323606039e-02
3.718840453329157886e-02
3.697763662393418332e-02
3.676867143013532596e-02
3.656149679790084844e-02
3.635610059564451518e-02
3.615247071552400021e-02
3.595059507473995913e-02
3.575046161679897722e-02
3.555205831274106665e-02
3.535537316233239302e-02
3.516039419522391796e-02
3.496710947207661707e-02
3.477550708565394638e-02
3.458557516188216774e-02
3.439730186087919944e-02
3.421067537795258184e-02
3.402568394456717549e-02
3.384231582928323712e-02
3.366055933866539396e-02
3.348040281816311997e-02
3.330183465296333162e-02
3.312484326881558888e-02
3.294941713283049828e-02
3.277554475425185215e-02
3.260321468520301080e-02
3.243241552140810335e-02
3.226313590288850536e-02
3.209536451463511353e-02
3.192909008725693110e-02
3.176430139760644950e-02
3.160098726938227048e-02
3.143913657370948217e-02
3.127873822969821915e-02
3.111978120498088210e-02
3.096225451622846084e-02
3.080614722964637731e-02
3.065144846145030633e-02
3.049814737832238012e-02
3.034623319784819986e-02
3.019569518893506707e-02
3.004652267221181658e-02
2.989870502041066733e-02
2.975223165873146225e-02
2.960709206518869277e-02
2.946327577094165831e-02
2.932077236060816328e-02
2.917957147256206030e-02
2.903966279921504912e-02
2.890103608728304685e-02
2.876368113803746268e-02
2.862758780754174476e-02
2.849274600687350112e-02
2.835914570233252080e-02
2.822677691563503510e-02
2.809562972409449660e-02
2.796569426078920895e-02
2.783696071471709541e-02
2.770941933093790804e-02
2.758306041070315504e-02
2.745787431157404451e-02
2.733385144752771903e-02
2.721098228905205474e-02
2.708925736322927852e-02
2.696866725380871188e-02
2.684920260126884284e-02
2.673085410286902414e-02
2.661361251269102682e-02
2.649746864167070240e-02
2.638241335761998957e-02
2.626843758523950134e-02
2.615553230612194247e-02
2.604368855874653749e-02
2.593289743846476092e-02
2.582315009747752216e-02
2.571443774480406882e-02
2.560675164624278549e-02
2.550008312432412369e-02
2.539442355825584016e-02
2.528976438386076192e-02
2.518609709350725853e-02
2.508341323603263326e-02
2.498170441665959265e-02
2.488096229690600972e-02
2.478117859448813326e-02
2.468234508321744472e-02
2.458445359289132201e-02
2.448749600917768388e-02
2.439146427349378823e-02
2.429635038287933368e-02
2.420214638986405500e-02
2.410884440232992018e-02
2.401643658336814757e-02
2.392491515113114031e-02
2.383427237867950452e-02
2.374450059382432476e-02
2.365559217896479396e-02
2.356753957092135726e-02
2.348033526076453298e-02
2.339397179363949045e-02
2.330844176858657898e-02
2.322373783835787395e-02
2.313985270922992721e-02
2.305677914081280186e-02
2.297450994585552991e-02
2.289303799004811096e-02
2.281235619182018365e-02
2.273245752213643237e-02
2.265333500428892699e-02
2.257498171368640602e-02
2.249739077764070089e-02
2.242055537515034655e-02
2.234446873668150327e-02
2.226912414394629711e-02
2.219451492967865550e-02
2.212063447740776276e-02
2.204747622122920844e-02
2.197503364557393604e-02
2.190330028497506840e-02
2.183226972383270695e-02
2.176193559617680198e-02
2.169229158542815283e-02
2.162333142415764561e-02
2.155504889384380132e-02
2.148743782462871413e-02
2.142049209507245269e-02
2.135420563190600779e-02
2.128857240978286602e-02
2.122358645102926517e-02
2.115924182539321782e-02
2.109553264979236592e-02
2.103245308806074576e-02
2.096999735069451226e-02
2.090815969459668827e-02
2.084693442282103959e-02
2.078631588431507915e-02
2.072629847366231140e-02
2.066687663082374463e-02
2.060804484087875449e-02
2.054979763376533000e-02
2.049212958401977827e-02
2.043503531051593658e-02
2.037850947620392997e-02
2.032254678784854718e-02
2.026714199576728700e-02
2.021228989356808892e-02
2.015798531788684511e-02
2.010422314812470093e-02
2.005099830618521997e-02
1.999830575621142775e-02
1.994614050432280683e-02
1.989449759835227455e-02
1.984337212758316774e-02
1.979275922248631067e-02
1.974265405445716978e-02
1.969305183555316099e-02
1.964394781823112016e-02
1.959533729508501285e-02
1.954721559858386623e-02
1.949957810081001316e-02
1.945242021319763814e-02
1.940573738627167366e-02
1.935952510938709556e-02
1.931377891046861736e-02
1.926849435575084257e-02
1.922366704951888536e-02
1.917929263384949429e-02
1.913536678835269997e-02
1.909188522991404902e-02
1.904884371243738619e-02
1.900623802658826800e-02
1.896406399953801808e-02
1.892231749470841759e-02
1.888099441151710328e-02
1.884009068512365256e-02
1.879960228617641102e-02
1.875952522056005545e-02
1.871985552914394099e-02
1.868058928753122544e-02
1.864172260580881230e-02
1.860325162829811613e-02
1.856517253330667791e-02
1.852748153288064081e-02
1.849017487255812109e-02
1.845324883112345674e-02
1.841669972036238598e-02
1.838052388481814861e-02
1.834471770154853451e-02
1.830927757988388971e-02
1.827419996118609738e-02
1.823948131860854416e-02
1.820511815685708912e-02
1.817110701195203890e-02
1.813744445099114630e-02
1.810412707191365669e-02
1.807115150326538480e-02
1.803851440396485664e-02
1.800621246307052697e-02
1.797424239954905148e-02
1.794260096204467608e-02
1.791128492864969141e-02
1.788029110667601479e-02
1.784961633242787213e-02
1.781925747097560381e-02
1.778921141593060168e-02
1.775947508922137361e-02
1.773004544087075640e-02
1.770091944877427714e-02
1.767209411847966288e-02
1.764356648296750915e-02
1.761533360243312807e-02
1.758739256406954832e-02
1.755974048185170167e-02
1.753237449632179257e-02
1.750529177437583350e-02
1.747848950905139115e-02
1.745196491931650523e-02
1.742571524985981821e-02
1.739973777088188803e-02
1.737402977788771175e-02
1.734858859148044608e-02
1.732341155715634226e-02
1.729849604510087097e-02
1.727383944998608228e-02
1.724943919076915577e-02
1.722529271049216479e-02
1.720139747608307249e-02
1.717775097815791435e-02
1.715435073082422629e-02
1.713119427148565577e-02
1.710827916064782198e-02
1.708560298172536601e-02
1.706316334085022923e-02
1.704095786668114593e-02
1.701898421021435029e-02
1.699724004459550117e-02
1.697572306493280725e-02
1.695443098811139082e-02
1.693336155260882769e-02
1.691251251831193958e-02
1.689188166633475569e-02
1.687146679883770595e-02
