-3.199869999999995773e-01
-3.199869999999995773e-01
-3.199869202640334698e-01
-3.199866876527298620e-01
-3.199862353662205061e-01
-3.199855026983087214e-01
-3.199844348022216067e-01
-3.199829824660995192e-01
-3.199811018931905116e-01
-3.199787544769661096e-01
-3.199759065546830539e-01
-3.199725291154177365e-01
-3.199685974356427098e-01
-3.199640906283182651e-01
-3.199589911298340028e-01
-3.199532841975298303e-01
-3.199469574991273269e-01
-3.199400008151823127e-01
-3.199324058008194416e-01
-3.199241657411323603e-01
-3.199152752845178527e-01
-3.199057301916796159e-01
-3.198955271591971128e-01
-3.198846637677555393e-01
-3.198731385789928550e-01
-3.198609513683220440e-01
-3.198481034404604406e-01
-3.198345979437219322e-01
-3.198204400957650462e-01
-3.198056372649122903e-01
-3.197901989067736817e-01
-3.197741364128762753e-01
-3.197574629651442346e-01
-3.197401934972844417e-01
-3.197223448422295000e-01
-3.197039361008026659e-01
-3.196849892111241487e-01
-3.196655296445486960e-01
-3.196455871173303764e-01
-3.196251961992933599e-01
-3.196043967228545113e-01
-3.195832339370030528e-01
-3.195617583941181561e-01
-3.195400255887855812e-01
-3.195180953827597148e-01
-3.194960312541051395e-01
-3.194738994106463559e-01
-3.194517678150276541e-01
-3.194297051812162724e-01
-3.194077800138310774e-01
-3.193860597633128018e-01
-3.193646101559953210e-01
-3.193434947300959337e-01
-3.193227745745363388e-01
-3.193025082373372459e-01
-3.192827517511490631e-01
-3.192635587171992473e-01
-3.192449803932677077e-01
-3.192270657422123792e-01
-3.192098614112683919e-01
-3.191934116262147292e-01
-3.191777579971163958e-01
-3.191629392433670831e-01
-3.191489908558143851e-01
-3.191359447242337333e-01
-3.191238287707212629e-01
-3.191126666438126036e-01
-3.191024775417002912e-01
-3.190932762397222233e-01
-3.190850733887001245e-01
-3.190778761190927737e-01
-3.190716889304004433e-01
-3.190665147766714727e-01
-3.190623561994066493e-01
-3.190592163332320874e-01
-3.190570996313420449e-01
-3.190560122218292216e-01
-3.190559618916873341e-01
-3.190569577774512444e-01
-3.190590099018824621e-01
-3.190621287265287820e-01
-3.190663248885099446e-01
-3.190716092568345319e-01
-3.190779933816155212e-01
-3.190854903280824773e-01
-3.190941158054802496e-01
-3.191038894434693463e-01
-3.191148360535500106e-01
-3.191269867400711724e-01
-3.191403797750280713e-01
-3.191550611956807115e-01
-3.191710851041310582e-01
-3.191885136405216428e-01
-3.192074165809047903e-01
-3.192278705019526708e-01
-3.192499574815412244e-01
-3.192737633764673455e-01
-3.192993758207480770e-01
-3.193268821809514546e-01
-3.193563677441921822e-01
-3.193879143761468864e-01
-3.194215997827653530e-01
-3.194574973788843475e-01
-3.194956766506892865e-01
-3.195362038213435119e-01
-3.195791425956568954e-01
-3.196245547666808906e-01
-3.196725005110326312e-01
-3.197230382779365776e-01
-3.197762242802312804e-01
-3.198321117009237935e-01
-3.198907498030486019e-01
-3.199521831465561572e-01
-3.200164510704462950e-01
-3.200835875147002296e-01
-3.201536211697439960e-01
-3.202265758782569804e-01
-3.203024711846637618e-01
-3.203813229269301122e-01
-3.204631437833782015e-01
-3.205479437156129041e-01
-3.206357302816036370e-01
-3.207265088255383811e-01
-3.208202825771424016e-01
-3.209170527065543510e-01
-3.210168183787840968e-01
-3.211195768372111514e-01
-3.212253235257559458e-01
-3.213340522415495393e-01
-3.214457552980465316e-01
-3.215604236726918308e-01
-3.216780471116542639e-01
-3.217986141651146825e-01
-3.219221121295768318e-01
-3.220485268787277033e-01
-3.221778425711513960e-01
-3.223100412303540607e-01
-3.224451021986555199e-01
-3.225830014719517913e-01
-3.227237109306696494e-01
-3.228671974992224358e-01
-3.230134222970481028e-01
-3.231623398890906551e-01
-3.233138977933308622e-01
-3.234680364365768446e-01
-3.236246897368983966e-01
-3.237837864056968828e-01
-3.239452519050214918e-01
-3.241090108105112444e-01
-3.242749891940665541e-01
-3.244431166195418381e-01
-3.246133274507261302e-01
-3.247855613533546792e-01
-3.249597630572393925e-01
-3.251358815770886146e-01
-3.253138691561704432e-01
-3.254936802065953039e-01
-3.256752704881702432e-01
-3.258585967003706507e-01
-3.260436165606876435e-01
-3.262302893194506392e-01
-3.264185765475597911e-01
-3.266084429701294201e-01
-3.267998571304363553e-01
-3.269927917443513077e-01
-3.271872237068693678e-01
-3.273831337981893963e-01
-3.275805061848476862e-01
-3.277793278218290030e-01
-3.279795878465737724e-01
-3.281812770282927505e-01
-3.283843873043538752e-01
-3.285889114043525905e-01
-3.287948425358220295e-01
-3.290021740882253520e-01
-3.292108993078813883e-01
-3.294210109060815017e-01
-3.296325005819794596e-01
-3.298453584656499959e-01
-3.300595725116345913e-01
-3.302751278979732530e-01
-3.304920065075925839e-01
-3.307101865801992391e-01
-3.309296426097602106e-01
-3.311503455116453498e-01
-3.313722629938187780e-01
-3.315953599612485592e-01
-3.318195987050737705e-01
-3.320449386181567597e-01
-3.322713352483175897e-01
-3.324987386296267555e-01
-3.327270909890820971e-01
-3.329563240901297627e-01
-3.331863566371548457e-01
-3.334170923088182192e-01
-3.336484190629402935e-01
-3.338802102785783377e-01
-3.341123279995351081e-01
-3.343446280334535503e-01
-3.345769660981989246e-01
-3.348092038394039349e-01
-3.350412135553632598e-01
-3.352728808488850132e-01
-3.355041049905996831e-01
-3.357347972974586980e-01
-3.359648781722963662e-01
-3.361942736043891378e-01
-3.364229119433462256e-01
-3.366507216609839204e-01
-3.368776306002797538e-01
-3.371035668641244043e-01
-3.373284610634575964e-01
-3.375522492540395381e-01
-3.377748757042812189e-01
-3.379962947356567327e-01
-3.382164712023086328e-01
-3.384353795719076685e-01
-3.386530018930974939e-01
-3.388693251266567952e-01
-3.390843383920092990e-01
-3.392980306715834837e-01
-3.395103894327451410e-01
-3.397214004541722621e-01
-3.399310488740929781e-01
-3.401393211604237798e-01
-3.403462074476111821e-01
-3.405517036051972646e-01
-3.407558125330297782e-01
-3.409585444456114112e-01
-3.411599161906747613e-01
-3.413599498526914133e-01
-3.415586709959709810e-01
-3.417561069266412122e-01
-3.419522853264284068e-01
-3.421472335424680100e-01
-3.423409786989508596e-01
-3.425335486303487387e-01
-3.427249734584801311e-01
-3.429152875122644661e-01
-3.431045312733743691e-01
-3.432927531210711036e-01
-3.434800107844516726e-01
-3.436663725115596812e-01
-3.438519179819682914e-01
-3.440367389191048564e-01
-3.442209392383995814e-01
-3.444046344632825662e-01
-3.445879501310968873e-01
-3.447710190534436503e-01
-3.449539775815513853e-01
-3.451369613528978975e-01
-3.453201012009416981e-01
-3.455035198833429910e-01
-3.456873300423444206e-01
-3.458716334804634029e-01
-3.460565215542663609e-01
-3.462420763299239868e-01
-3.464283721013879380e-01
-3.466154769050995843e-01
-3.468034537403822393e-01
-3.469923613096652648e-01
-3.471822542244453191e-01
-3.473731827655174853e-01
-3.475651924012100880e-01
-3.477583233121016582e-01
-3.479526101296550045e-01
-3.481480819962670670e-01
-3.483447629451785210e-01
-3.485426725198825793e-01
-3.487418265158527264e-01
-3.489422377231077843e-01
-3.491439165619618090e-01
-3.493468715283108983e-01
-3.495511093985643192e-01
-3.497566351881251090e-01
-3.499634519041452396e-01
-3.501715601676925749e-01
-3.503809577879223314e-01
-3.505916393499383665e-01
-3.508035958433559087e-01
-3.510168143311013789e-01
-3.512312776523483504e-01
-3.514469641718537818e-01
-3.516638476206155883e-01
-3.518818971008985108e-01
-3.521010773283024808e-01
-3.523213491346580684e-01
-3.525426701576589994e-01
-3.527649955272951221e-01
-3.529882782789870999e-01
-3.532124692231314866e-01
-3.534375160861107923e-01
-3.536633618783285304e-01
-3.538899426048288666e-01
-3.541171845975975008e-01
-3.543450019145471530e-01
-3.545732944028111566e-01
-3.548019471045982254e-01
-3.550308315936108183e-01
-3.552598094868174017e-01
-3.554887378104200080e-01
-3.557174753066350004e-01
-3.559458884320159111e-01
-3.561738558957131540e-01
-3.564012710548398744e-01
-3.566280420806636209e-01
-3.568540902942767823e-01
-3.570793473397624873e-01
-3.573037519425181774e-01
-3.575272469601247782e-01
-3.577497773125756786e-01
-3.579712891715688405e-01
-3.581917304833698856e-01
-3.584110525393112145e-01
-3.586292120086894131e-01
-3.588461727408756574e-01
-3.590619067729295399e-01
-3.592763942688082524e-01
-3.594896224276064589e-01
-3.597015836270933686e-01
-3.599122731895081917e-01
-3.601216871963275890e-01
-3.603298207666331132e-01
-3.605366671493215325e-01
-3.607422178390367606e-01
-3.609464637008210075e-01
-3.611493968265562793e-01
-3.613510126493754138e-01
-3.615513118053274577e-01
-3.617503013684317814e-01
-3.619479953165374297e-01
-3.621444143007445104e-01
-3.623395849205714447e-01
-3.625335387433517575e-01
-3.627263112809702705e-01
-3.629179410863478950e-01
-3.631084690789279090e-01
-3.632979381613980485e-01
-3.634863931511972401e-01
-3.636738810229953600e-01
-3.638604514466124984e-01
-3.640461576086557738e-01
-3.642310573155465581e-01
-3.644152143719585069e-01
-3.645987001918238324e-01
-3.647815955157992507e-01
-3.649639919818876144e-01
-3.651459931537860415e-01
-3.653277145191591857e-01
-3.655092820184487334e-01
-3.656908289237399412e-01
-3.658724913289309044e-01
-3.660544029725833481e-01
-3.662366903643132221e-01
-3.664194690894434503e-01
-3.666028417867833178e-01
-3.667868978315903528e-01
-3.669717143971083506e-01
-3.671573583870798019e-01
-3.673438886995246677e-01
-3.675313583373348014e-01
-3.677198159853696802e-01
-3.679093068225312568e-01
-3.680998725338022748e-01
-3.682915507041858438e-01
-3.684843739458292244e-01
-3.686783691598505830e-01
-3.688735572470810409e-01
-3.690699534091257950e-01
-3.692675680044462116e-01
-3.694664077991385298e-01
-3.696664773876878751e-01
-3.698677805365679916e-01
-3.700703212074877291e-01
-3.702741040515864501e-01
-3.704791342488230055e-01
-3.706854167042863968e-01
-3.708929547738586963e-01
-3.711017488096461370e-01
-3.713117948319396011e-01
-3.715230835444683355e-01
-3.717355997677480040e-01
-3.719493222429884893e-01
-3.721642236998657371e-01
-3.723802710876628619e-01
-3.725974259157743829e-01
-3.728156447023306952e-01
-3.730348795569476961e-01
-3.732550789038640016e-01
-3.734761882845651915e-01
-3.736981510923427230e-01
-3.739209090313584949e-01
-3.741444020959919237e-01
-3.743685679355576723e-01
-3.745933405799083959e-01
-3.748186486267398587e-01
-3.750444131228368727e-01
-3.752705455103833576e-01
-3.754969461408160236e-01
-3.757235039274964272e-01
-3.759500976251439197e-01
-3.761765989189008730e-01
-3.764028770156816472e-01
-3.766288039387999387e-01
-3.768542594794986322e-01
-3.770791348885099703e-01
-3.773033348137191378e-01
-3.775267774824798694e-01
-3.777493934931513975e-01
-3.779711237521284906e-01
-3.781919171092726351e-01
-3.784117281752952811e-01
-3.786305156908538749e-01
-3.788482416638674910e-01
-3.790648712963309297e-01
-3.792803735124329334e-01
-3.794947217426279940e-01
-3.797078945801089511e-01
-3.799198760190348745e-01
-3.801306551526083544e-01
-3.803402253741201555e-01
-3.805485832348625141e-01
-3.807557271645355401e-01
-3.809616562728850298e-01
-3.811663694424688997e-01
-3.813698648895770815e-01
-3.815721402988092037e-01
-3.817731935219670913e-01
-3.819730237006871976e-01
-3.821716325795909142e-01
-3.823690257694110084e-01
-3.825652137970994571e-01
-3.827602128929731284e-01
-3.829540455518883890e-01
-3.831467409298916493e-01
-3.833383350995903660e-01
-3.835288711132178174e-01
-3.837183987538614893e-01
-3.839069738404327081e-01
-3.840946570277078975e-01
-3.842815122069834777e-01
-3.844676048046657413e-01
-3.846530003983259505e-01
-3.848377640525731391e-01
-3.850219606276242823e-01
-3.852056561001288570e-01
-3.853889197270273237e-01
-3.855718267046089887e-01
-3.857544608191812996e-01
-3.859369164563941634e-01
-3.861192992854153849e-01
-3.863017250584097617e-01
-3.864843163398307135e-01
-3.866671975544084816e-01
-3.868504892998376743e-01
-3.870343031302123649e-01
-3.872187378408181724e-01
-3.874038777850866144e-01
-3.875897931910109451e-01
-3.877765420320592460e-01
-3.879641728109250454e-01
-3.881527275822694301e-01
-3.883422446001379424e-01
-3.885327600967110606e-01
-3.887243088964185134e-01
-3.889169238555679198e-01
-3.891106344444751342e-01
-3.893054650396013949e-01
-3.895014335511453596e-01
-3.896985508545388055e-01
-3.898968212135050515e-01
-3.900962436075417483e-01
-3.902968136875772931e-01
-3.904985259847844059e-01
-3.907013759560561961e-01
-3.909053614453854020e-01
-3.911104831912318724e-01
-3.913167441564951998e-01
-3.915241477136259807e-01
-3.917326950206896918e-01
-3.919423821451291645e-01
-3.921531975173127571e-01
-3.923651201207843942e-01
-3.925781185583465671e-01
-3.927921509073516448e-01
-3.930071651685231870e-01
-3.932231001155278016e-01
-3.934398864174429300e-01
-3.936574479784820113e-01
-3.938757034810078661e-01
-3.940945681139281231e-01
-3.943139554262735658e-01
-3.945337791901377678e-01
-3.947539551200422436e-01
-3.949744022998346038e-01
-3.951950442148657316e-01
-3.954158093574750010e-01
-3.956366314412567697e-01
-3.958574493047001819e-01
-3.960782066017757286e-01
-3.962988513712669691e-01
-3.965193355581008716e-01
-3.967396145377176109e-01
-3.969596466744279573e-01
-3.971793929292400382e-01
-3.973988165220911917e-01
-3.976178826469993211e-01
-3.978365582352401675e-01
-3.980548117602391578e-01
-3.982726130776441664e-01
-3.984899332944716877e-01
-3.987067446619387834e-01
-3.989230204874010810e-01
-3.991387350615990259e-01
-3.993538635981163099e-01
-3.995683821825558590e-01
-3.997822677294419202e-01
-3.999954979452655657e-01
-4.002080512964231729e-01
-4.004199069810605582e-01
-4.006310449040453303e-01
-4.008414456544560078e-01
-4.010510904851051217e-01
-4.012599612937179372e-01
-4.014680406054661477e-01
-4.016753115566212839e-01
-4.018817578791392120e-01
-4.020873638860280042e-01
-4.022921144573797791e-01
-4.024959950269713649e-01
-4.026989915693570121e-01
-4.029010905873897652e-01
-4.031022791001183658e-01
-4.033025446310146145e-01
-4.035018751964895012e-01
-4.037002592946580815e-01
-4.038976858943115200e-01
-4.040941444240477298e-01
-4.042896247615012095e-01
-4.044841172225921988e-01
-4.046776125506852950e-01
-4.048701019054997130e-01
-4.050615768515417603e-01
-4.052520293457215761e-01
-4.054414517236537563e-01
-4.056298366838976821e-01
-4.058171772690305490e-01
-4.060034668419056358e-01
-4.061886990546512144e-01
-4.063728678067961009e-01
-4.065559671872221448e-01
-4.067379913922621326e-01
-4.069189346090269499e-01
-4.070987908489342999e-01
-4.072775537118418776e-01
-4.074552160576571103e-01
-4.076317695635434668e-01
-4.078072041584995255e-01
-4.079815073656182234e-01
-4.081546636592249810e-01
-4.083266540573788350e-01
-4.084974562700197653e-01
-4.086670456922877337e-01
-4.088353972586937779e-01
-4.090024877304584416e-01
-4.091682976998297638e-01
-4.093328127367231173e-01
-4.094960235540097138e-01
-4.096579254570101303e-01
-4.098185174625887939e-01
-4.099778013872578120e-01
-4.101357810615230970e-01
-4.102924617186346490e-01
-4.104478495476348021e-01
-4.106019513790526432e-01
-4.107547744692794933e-01
-4.109063263549141976e-01
-4.110566147552783267e-01
-4.112056475074843398e-01
-4.113534325232479083e-01
-4.114999777601195952e-01
-4.116452912022370292e-01
-4.117893808473487294e-01
-4.119322546979657940e-01
-4.120739207552314154e-01
-4.122143870145820177e-01
-4.123536614625932795e-01
-4.124917520746116950e-01
-4.126286668129110491e-01
-4.127644136252016649e-01
-4.128990004433795713e-01
-4.130324351824415374e-01
-4.131647257395167916e-01
-4.132958799929830063e-01
-4.134259058016452326e-01
-4.135548110039630743e-01
-4.136826034173171074e-01
-4.138092908373074974e-01
-4.139348810370806486e-01
-4.140593817666809451e-01
-4.141828007524250288e-01
-4.143051456962975054e-01
-4.144264242753665228e-01
-4.145466441412187786e-01
-4.146658129194128461e-01
-4.147839382089503757e-01
-4.149010275817646143e-01
-4.150170885822259681e-01
-4.151321287266641624e-01
-4.152461555029063334e-01
-4.153591763698308847e-01
-4.154711987569371656e-01
-4.155822300639298583e-01
-4.156922776603182990e-01
-4.158013488850303974e-01
-4.159094510460406013e-01
-4.160165914200119608e-01
-4.161227772519514589e-01
-4.162280157548789994e-01
-4.163323141095092716e-01
-4.164356794639464954e-01
-4.165381189333914880e-01
-4.166396395998612223e-01
-4.167402485119200972e-01
-4.168399526844232539e-01
-4.169387590982709391e-01
-4.170366747001746921e-01
-4.171337064024339125e-01
-4.172298610827236964e-01
-4.173251455838927759e-01
-4.174195667137720611e-01
-4.175131312449932297e-01
-4.176058459148170310e-01
-4.176977174249711933e-01
-4.177887524414979903e-01
-4.178789575946109114e-01
-4.179683394785602690e-01
-4.180569046515076881e-01
-4.181446596354091993e-01
-4.182316109159067707e-01
-4.183177649422281097e-01
-4.184031281270943481e-01
-4.184877068466357763e-01
-4.185715074403151270e-01
-4.186545362108584634e-01
-4.187367994241932845e-01
-4.188183033093938468e-01
-4.188990540586335354e-01
-4.189790578271439525e-01
-4.190583207331807225e-01
-4.191368488579957918e-01
-4.192146482458160572e-01
-4.192917249038282668e-01
-4.193680848021698604e-01
-4.194437338739258614e-01
-4.195186780151312633e-01
-4.195929230847793012e-01
-4.196664749048351073e-01
-4.197393392602546403e-01
-4.198115218990088326e-01
-4.198830285321128453e-01
-4.199538648336603175e-01
-4.200240364408622251e-01
-4.200935489540906786e-01
-4.201624079369272180e-01
-4.202306189162154371e-01
-4.202981873821179382e-01
-4.203651187881778384e-01
-4.204314185513838842e-01
-4.204970920522398958e-01
-4.205621446348379866e-01
-4.206265816069355568e-01
-4.206904082400360068e-01
-4.207536297694728922e-01
-4.208162513944977978e-01
-4.208782782783713206e-01
-4.209397155484573272e-01
-4.210005682963206541e-01
-4.210608415778276936e-01
-4.211205404132499219e-01
-4.211796697873705364e-01
-4.212382346495935903e-01
-4.212962399140562919e-01
-4.213536904597435240e-01
-4.214105911306052499e-01
-4.214669467356761956e-01
-4.215227620491979743e-01
-4.215780418107436534e-01
-4.216327907253443752e-01
-4.216870134636183098e-01
-4.217407146619017722e-01
-4.217938989223820601e-01
-4.218465708132325687e-01
-4.218987348687495698e-01
-4.219503955894910452e-01
-4.220015574424170746e-01
-4.220522248610319438e-01
-4.221024022455280300e-01
-4.221520939629310742e-01
-4.222013043472469529e-01
-4.222500376996102256e-01
-4.222982982884335157e-01
-4.223460903495587226e-01
-4.223934180864092891e-01
-4.224402856701436337e-01
-4.224866972398098608e-01
-4.225326569025015799e-01
-4.225781687335147252e-01
-4.226232367765054843e-01
-4.226678650436489493e-01
-4.227120575157991000e-01
-4.227558181426492867e-01
-4.227991508428936007e-01
-4.228420595043891894e-01
-4.228845479843192923e-01
-4.229266201093566102e-01
-4.229682796758278407e-01
-4.230095304498784348e-01
-4.230503761676380758e-01
-4.230908205353867690e-01
-4.231308672297211526e-01
-4.231705198977215865e-01
-4.232097821571193519e-01
-4.232486575964645170e-01
-4.232871497752939138e-01
-4.233252622242995034e-01
-4.233629984454971851e-01
-4.234003619123954398e-01
-4.234373560701646388e-01
-4.234739843358063527e-01
-4.235102500983226603e-01
-4.235461567188857912e-01
-4.235817075310077673e-01
-4.236169058407101562e-01
-4.236517549266937688e-01
-4.236862580405085232e-01
-4.237204184067230872e-01
-4.237542392230946309e-01
-4.237877236607385245e-01
-4.238208748642978141e-01
-4.238536959521126413e-01
-4.238861900163896079e-01
-4.239183601233709187e-01
-4.239502093135031902e-01
-4.239817406016063717e-01
-4.240129569770422213e-01
-4.240438614038825049e-01
-4.240744568210770837e-01
-4.241047461426216136e-01
-4.241347322577250223e-01
-4.241644180309764867e-01
-4.241938063025122996e-01
-4.242228998881822921e-01
-4.242517015797158120e-01
-4.242802141448873687e-01
-4.243084403276819461e-01
-4.243363828484597033e-01
-4.243640444041204551e-01
-4.243914276682675957e-01
-4.244185352913715792e-01
-4.244453699009327896e-01
-4.244719341016442438e-01
-4.244982304755534619e-01
-4.245242615822239496e-01
-4.245500299588962356e-01
-4.245755381206482437e-01
-4.246007885605551646e-01
-4.246257837498487175e-01
-4.246505261380759122e-01
-4.246750181532571999e-01
-4.246992622020440700e-01
-4.247232606698759794e-01
-4.247470159211366725e-01
-4.247705302993098897e-01
-4.247938061271345211e-01
-4.248168457067590387e-01
-4.248396513198952618e-01
-4.248622252279716238e-01
-4.248845696722854948e-01
-4.249066868741552816e-01
-4.249285790350713077e-01
-4.249502483368464145e-01
-4.249716969417657864e-01
-4.249929269927360531e-01
-4.250139406134335607e-01
-4.250347399084521971e-01
-4.250553269634502751e-01
-4.250757038452969150e-01
-4.250958726022174838e-01
-4.251158352639385352e-01
-4.251355938418317493e-01
-4.251551503290574852e-01
-4.251745067007072221e-01
-4.251936649139456126e-01
-4.252126269081514809e-01
-4.252313946050583215e-01
-4.252499699088939100e-01
-4.252683547065191916e-01
-4.252865508675663930e-01
-4.253045602445764684e-01
-4.253223846731356561e-01
-4.253400259720113707e-01
-4.253574859432872057e-01
-4.253747663724974371e-01
-4.253918690287603610e-01
-4.254087956649111879e-01
-4.254255480176340476e-01
-4.254421278075932178e-01
-4.254585367395635753e-01
-4.254747765025603812e-01
-4.254908487699679553e-01
-4.255067551996680741e-01
-4.255224974341672017e-01
-4.255380771007230556e-01
-4.255534958114705057e-01
-4.255687551635464194e-01
-4.255838567392141725e-01
-4.255988021059868842e-01
-4.256135928167502080e-01
-4.256282304098842340e-01
-4.256427164093846693e-01
-4.256570523249831317e-01
-4.256712396522668307e-01
-4.256852798727972509e-01
-4.256991744542282796e-01
-4.257129248504234464e-01
-4.257265325015723856e-01
-4.257399988343066877e-01
-4.257533252618146968e-01
-4.257665131839557526e-01
-4.257795639873735993e-01
-4.257924790456090736e-01
-4.258052597192120148e-01
-4.258179073558522876e-01
-4.258304232904302489e-01
-4.258428088451862714e-01
-4.258550653298096567e-01
-4.258671940415467705e-01
-4.258791962653082352e-01
-4.258910732737756777e-01
-4.259028263275074777e-01
-4.259144566750439620e-01
-4.259259655530115984e-01
-4.259373541862268020e-01
-4.259486237877986858e-01
-4.259597755592312018e-01
-4.259708106905245595e-01
-4.259817303602759231e-01
-4.259925357357792763e-01
-4.260032279731247318e-01
-4.260138082172970075e-01
-4.260242776022730715e-01
-4.260346372511192858e-01
-4.260448882760877742e-01
-4.260550317787120123e-01
-4.260650688499016958e-01
-4.260750005700369991e-01
-4.260848280090619444e-01
-4.260945522265774388e-01
-4.261041742719332004e-01
-4.261136951843191301e-01
-4.261231159928561829e-01
-4.261324377166862409e-01
-4.261416613650615415e-01
-4.261507879374332730e-01
-4.261598184235396158e-01
-4.261687538034930056e-01
-4.261775950478667863e-01
-4.261863431177810302e-01
-4.261949989649880810e-01
-4.262035635319569304e-01
-4.262120377519573733e-01
-4.262204225491432741e-01
-4.262287188386351122e-01
-4.262369275266021384e-01
-4.262450495103436432e-01
-4.262530856783697808e-01
-4.262610369104815056e-01
-4.262689040778501748e-01
-4.262766880430962635e-01
-4.262843896603675797e-01
-4.262920097754167581e-01
-4.262995492256783647e-01
-4.263070088403451141e-01
-4.263143894404434753e-01
-4.263216918389089449e-01
-4.263289168406604879e-01
-4.263360652426743114e-01
-4.263431378340572508e-01
-4.263501353961194340e-01
-4.263570587024463898e-01
-4.263639085189705469e-01
-4.263706856040420656e-01
-4.263773907084992820e-01
-4.263840245757383740e-01
-4.263905879417826394e-01
-4.263970815353509969e-01
-4.264035060779260977e-01
-4.264098622838217723e-01
-4.264161508602498651e-01
-4.264223725073867932e-01
-4.264285279184390487e-01
-4.264346177797087023e-01
-4.264406427706580183e-01
-4.264466035639735697e-01
-4.264525008256299099e-01
-4.264583352149525775e-01
-4.264641073846807129e-01
-4.264698179810290646e-01
-4.264754676437494951e-01
-4.264810570061919326e-01
-4.264865866953647111e-01
-4.264920573319947450e-01
-4.264974695305867036e-01
-4.265028238994820753e-01
-4.265081210409175649e-01
-4.265133615510829368e-01
-4.265185460201784684e-01
-4.265236750324718495e-01
-4.265287491663546371e-01
-4.265337689943981547e-01
-4.265387350834089486e-01
-4.265436479944836878e-01
-4.265485082830638985e-01
-4.265533164989896431e-01
-4.265580731865533659e-01
-4.265627788845528512e-01
-4.265674341263437364e-01
-4.265720394398918591e-01
-4.265765953478248829e-01
-4.265811023674834779e-01
-4.265855610109721696e-01
-4.265899717852096873e-01
-4.265943351919789239e-01
-4.265986517279762857e-01
-4.266029218848607085e-01
-4.266071461493024519e-01
-4.266113250030310056e-01
-4.266154589228829952e-01
-4.266195483808494227e-01
-4.266235938441225173e-01
-4.266275957751423098e-01
-4.266315546316425400e-01
-4.266354708666964535e-01
-4.266393449287619322e-01
-4.266431772617263474e-01
-4.266469683049509687e-01
-4.266507184933150398e-01
-4.266544282572592994e-01
-4.266580980228293907e-01
-4.266617282117186050e-01
-4.266653192413102369e-01
-4.266688715247198282e-01
-4.266723854708368568e-01
-4.266758614843658703e-01
-4.266792999658676200e-01
-4.266827013117995282e-01
-4.266860659145559342e-01
-4.266893941625078956e-01
-4.266926864400426567e-01
-4.266959431276027837e-01
-4.266991646017248563e-01
-4.267023512350779924e-01
-4.267055033965016508e-01
-4.267086214510436015e-01
-4.267117057599971175e-01
-4.267147566809380010e-01
-4.267177745677612766e-01
-4.267207597707174394e-01
-4.267237126364485933e-01
-4.267266335080239226e-01
-4.267295227249751632e-01
-4.267323806233315198e-01
-4.267352075356544150e-01
-4.267380037910718515e-01
-4.267407697153123292e-01
-4.267435056307386509e-01
-4.267462118563813411e-01
-4.267488887079716742e-01
-4.267515364979745929e-01
-4.267541555356209604e-01
-4.267567461269400342e-01
-4.267593085747910520e-01
-4.267618431788949840e-01
-4.267643502358657304e-01
-4.267668300392412073e-01
-4.267692828795139337e-01
-4.267717090441615069e-01
-4.267741088176767450e-01
-4.267764824815973856e-01
-4.267788303145357842e-01
-4.267811525922081684e-01
-4.267834495874635592e-01
-4.267857215703126372e-01
-4.267879688079561085e-01
-4.267901915648128486e-01
-4.267923901025478806e-01
-4.267945646801000747e-01
-4.267967155537094048e-01
-4.267988429769442593e-01
