2.000049999999995443e-01
2.000049999999995443e-01
2.000044983266317244e-01
2.000030190465340307e-01
2.000001122707365242e-01
1.999953548227133282e-01
1.999883514826520658e-01
1.999787369561042139e-01
1.999661786180135792e-01
1.999503798990001635e-01
1.999310838226471265e-01
1.999080755927616082e-01
1.998811823698176671e-01
1.998502680642535723e-01
1.998152222560117541e-01
1.997759457170686648e-01
1.997323382531548674e-01
1.996842938720288785e-01
1.996317035508700655e-01
1.995744617924710140e-01
1.995124728889261234e-01
1.994456549428521297e-01
1.993739416196829151e-01
1.992972823429275675e-01
1.992156415926794044e-01
1.991289977470987460e-01
1.990373418045487675e-01
1.989406763232772768e-01
1.988390149039911403e-01
1.987323824526132376e-01
1.986208163089279166e-01
1.985043681694522721e-01
1.983831066217483785e-01
1.982571200610407369e-01
1.981265197686402635e-01
1.979914429770133766e-01
1.978520558134853891e-01
1.977085560891848059e-01
1.975611759592935390e-01
1.974101844926357263e-01
1.972558901231958317e-01
1.970986428051995087e-01
1.969388354845252598e-01
1.967769042962194403e-01
1.966133267887863190e-01
1.964486175514683908e-01
1.962833209417944869e-01
1.961180011659348632e-01
1.959532306364408505e-01
1.957895781065582819e-01
1.956275983221795189e-01
1.954678247015568804e-01
1.953107658875220531e-01
1.951569061207883427e-01
1.950067085246946219e-01
1.948606197931366524e-01
1.947190745532589029e-01
1.945824978555986129e-01
1.944513047796818939e-01
1.943258969226021593e-01
1.942066563825123882e-01
1.940939385289249808e-01
1.939880651598967221e-01
1.938893194934737663e-01
1.937979439068431842e-01
1.937141406287970768e-01
1.936380749390154143e-01
1.935698799889247756e-01
1.935096621882855805e-01
1.934575061775927474e-01
1.934134786718821053e-01
1.933776308456885418e-01
1.933499993462279021e-01
1.933306063724898050e-01
1.933194594493363172e-01
1.933165515111533450e-01
1.933218617131308159e-01
1.933353570918272257e-01
1.933569948974804553e-01
1.933867251909622276e-01
1.934244931734315776e-01
1.934702407064778917e-01
1.935239065847645379e-01
1.935854253322237262e-01
1.936547245730019240e-01
1.937317213113316228e-01
1.938163176528855391e-01
1.939083965500560114e-01
1.940078180555177834e-01
1.941144163907844444e-01
1.942279979754919506e-01
1.943483404888989574e-01
1.944751930581510302e-01
1.946082777385418350e-01
1.947472924834570129e-01
1.948919157128961299e-01
1.950418123456783004e-01
1.951966408134677422e-01
1.953560602576964456e-01
1.955197369752137981e-01
1.956873493053939705e-01
1.958585904988119908e-01
1.960331695430394539e-01
1.962108103043820051e-01
1.963912495931826596e-01
1.965742348595548583e-01
1.967595221961482288e-01
1.969468751865360856e-01
1.971360649081667638e-01
1.973268711065347403e-01
1.975190842642498557e-01
1.977125080819381875e-01
1.979069618367499672e-01
1.981022821943352885e-01
1.982983242562462167e-01
1.984949618310334896e-01
1.986920870510688331e-01
1.988896094968191641e-01
1.990874549599017662e-01
1.992855639222354536e-01
1.994838897967890490e-01
1.996823969932542131e-01
1.998810589368386070e-01
2.000798562468940334e-01
2.002787753262736670e-01
2.004778075874645293e-01
2.006769494463847558e-01
2.008762030775790852e-01
2.010755777814567935e-01
2.012750916909502030e-01
2.014747734571875337e-01
2.016746635206154992e-01
2.018748146275711197e-01
2.020752914266737699e-01
2.022761692769738939e-01
2.024775327563368699e-01
2.026794746455011786e-01
2.028820962465024691e-01
2.030855097133608955e-01
2.032898426724652485e-01
2.034952448942401737e-01
2.037018962394986643e-01
2.039100145991887825e-01
2.041198621336910990e-01
2.043317479216576471e-01
2.045460253505277659e-01
2.047630834047203530e-01
2.049833324091039632e-01
2.052071863871083590e-01
2.054350453512120145e-01
2.056672810066532409e-01
2.059042284287718183e-01
2.061461846942898024e-01
2.063934138286639131e-01
2.066461562201447055e-01
2.069046399771326816e-01
2.071690915066370653e-01
2.074397428085283934e-01
2.077168336448295960e-01
2.080006078957041538e-01
2.082913049171652153e-01
2.085891481503803768e-01
2.088943340398358162e-01
2.092070241446687406e-01
2.095273422826042231e-01
2.098553771147320668e-01
2.101911892871318743e-01
2.105348213794033252e-01
2.108863084932735832e-01
2.112456872621955306e-01
2.116130013423802581e-01
2.119883021070183282e-01
2.123716443271108367e-01
2.127630779075752321e-01
2.131626378424101576e-01
2.135703349985937916e-01
2.139861499406795764e-01
2.144100309832933926e-01
2.148418964710085699e-01
2.152816403372868059e-01
2.157291394457348799e-01
2.161842610219090743e-01
2.166468685413909800e-01
2.171168247081677605e-01
2.175939906573713389e-01
2.180782212381418561e-01
2.185693570315430379e-01
2.190672143615247647e-01
2.195715747175901733e-01
2.200821746992180639e-01
2.205986970506301770e-01
2.211207629292393229e-01
2.216479254969558887e-01
2.221796652863513299e-01
2.227153884054921817e-01
2.232544291708276896e-01
2.237960587794874945e-01
2.243395008247484612e-01
2.248839528450190806e-01
2.254286112177690815e-01
2.259726954398142973e-01
2.265154678461277216e-01
2.270562461050225911e-01
2.275944077399385812e-01
2.281293876709738488e-01
2.286606708719532699e-01
2.291877826602115864e-01
2.297102790640234149e-01
2.302277393196514865e-01
2.307397618931729122e-01
2.312459645109384843e-01
2.317459876272697228e-01
2.322394998444761993e-01
2.327262033736241797e-01
2.332058378490827200e-01
2.336781815315281674e-01
2.341430497895411467e-01
2.346002914123080374e-01
2.350497836430957832e-01
2.354914268803931787e-01
2.359251398813000389e-01
2.363508561018021203e-01
2.367685215504260754e-01
2.371780942267371350e-01
2.375795449065853382e-01
2.379728588080564089e-01
2.383580376089739217e-01
2.387351014004054639e-01
2.391040903709186483e-01
2.394650662020298693e-01
2.398181132271564320e-01
2.401633393460299026e-01
2.405008765428140738e-01
2.408308807247749872e-01
2.411535305967151821e-01
2.414690255103053018e-01
2.417775826822949614e-01
2.420794347227218646e-01
2.423748288062574641e-01
2.426640288397823308e-01
2.429473215769199779e-01
2.432250269221978567e-01
2.434975118075665412e-01
2.437652060894152928e-01
2.440286179280715673e-01
2.442883451881771861e-01
2.445450788895528194e-01
2.447995952183558144e-01
2.450527345620308883e-01
2.453053693200760998e-01
2.455583657767989036e-01
2.458125474665495136e-01
2.460686671004210513e-01
2.463273914858332414e-01
2.465893002998908734e-01
2.468548965086617974e-01
2.471246243680203236e-01
2.473988902364857023e-01
2.476780815149071668e-01
2.479625796939209648e-01
2.482527648005483922e-01
2.485490105785290726e-01
2.488516722364506606e-01
2.491610707637324507e-01
2.494774787176128328e-01
2.498011116239301499e-01
2.501321271621517184e-01
2.504706320640927020e-01
2.508166949198730733e-01
2.511703621044448220e-01
2.515316736698868794e-01
2.519006760987684834e-01
2.522774292747471669e-01
2.526620060534678358e-01
2.530544844694808670e-01
2.534549345647437724e-01
2.538634033428369685e-01
2.542799017282766361e-01
2.547043964831930962e-01
2.551368083252243957e-01
2.555770157915707719e-01
2.560248632435130345e-01
2.564801708992323070e-01
2.569427447386783414e-01
2.574123843467251427e-01
2.578888871863095344e-01
2.583720484587642141e-01
2.588616565999002361e-01
2.593574853771570266e-01
2.598592841475907411e-01
2.603667678475304892e-01
2.608796077657489776e-01
2.613974234589077628e-01
2.619197757210575683e-01
2.624461605649071605e-01
2.629760047023294578e-01
2.635086637923299002e-01
2.640434253536931286e-01
2.645795182299759407e-01
2.651161294854439410e-01
2.656524276914595251e-01
2.661875894544397658e-01
2.667208247932251752e-01
2.672513972767954216e-01
2.677786364830240795e-01
2.683019424524969443e-01
2.688207834958120657e-01
2.693346895641843264e-01
2.698432435028798593e-01
2.703460721747627526e-01
2.708428389162809147e-01
2.713332381840169449e-01
2.718169926051902663e-01
2.722938520302102261e-01
2.727635937428142254e-01
2.732260228564059590e-01
2.736809721343366752e-01
2.741283008780418529e-01
2.745678929259954271e-01
2.749996540580800786e-01
2.754235091794319246e-01
2.758393996193084785e-01
2.762472807946869668e-01
2.766471204038664644e-01
2.770388972525889559e-01
2.774226007763270219e-01
2.777982313037672402e-01
2.781658011041809320e-01
2.785253362683219325e-01
2.788768794725065003e-01
2.792204936405638382e-01
2.795562664131497344e-01
2.798843151282910946e-01
2.802047917074939609e-01
2.805178864849500742e-01
2.808238297636692637e-01
2.811228899683611004e-01
2.814153679080554915e-01
2.817015878580065857e-01
2.819818875418754756e-01
2.822566100046264848e-01
2.825261003214635247e-01
2.827907090909216326e-01
2.830508031488374043e-01
2.833067823952227782e-01
2.835591002613990219e-01
2.838082841410277113e-01
2.840549511035166397e-01
2.842998137700138983e-01
2.845436720544137765e-01
2.847873891290582660e-01
2.850318541927721605e-01
2.852779388950190120e-01
2.855264565307643054e-01
2.857781321698727450e-01
2.860335883244174426e-01
2.862933464343286882e-01
2.865578410588676128e-01
2.868274418421132288e-01
2.871024778071464278e-01
2.873832588167992141e-01
2.876700898942370355e-01
2.879632756514265424e-01
2.882631144499719356e-01
2.885698847522101818e-01
2.888838284364006470e-01
2.892051365947532759e-01
2.895339421810279590e-01
2.898703214992648380e-01
2.902143040481693914e-01
2.905658884438143130e-01
2.909250611835733635e-01
2.912918146471908387e-01
2.916661607586936711e-01
2.920481372393236574e-01
2.924378046389872199e-01
2.928352344264106843e-01
2.932404908635882212e-01
2.936536111858166209e-01
2.940745888585955536e-01
2.945033633018533381e-01
2.949398172507901039e-01
2.953837808956733535e-01
2.958350407211402522e-01
2.962933505723167049e-01
2.967584426161207767e-01
2.972300362633485404e-01
2.977078436641885650e-01
2.981915711022682935e-01
2.986809164643302594e-01
2.991755637615349239e-01
2.996751761207513409e-01
3.001793885623856850e-01
3.006878013467789157e-01
3.011999740579492935e-01
3.017154202629380721e-01
3.022336027156370397e-01
3.027539296214359354e-01
3.032757532170382020e-01
3.037983724786906259e-01
3.043210417094777687e-01
3.048429857598088932e-01
3.053634208349579326e-01
3.058815779601777307e-01
3.063967251854242679e-01
3.069081850644626019e-01
3.074153455341218089e-01
3.079176641754782784e-01
3.084146671736118228e-01
3.089059448164104271e-01
3.093911452382970828e-01
3.098699676434396588e-01
3.103421557145474297e-01
3.108074914963468438e-01
3.112657898074907559e-01
3.117168931763331652e-01
3.121606673513737662e-01
3.125969975128594647e-01
3.130257853322112038e-01
3.134469469686604337e-01
3.138604119839837336e-01
3.142661230353138158e-01
3.146640360970338612e-01
3.150541208778936397e-01
3.154363610592995082e-01
3.158107540274687763e-01
3.161773099533995435e-01
3.165360503946624271e-01
3.168870069667263367e-01
3.172302209006118145e-01
3.175657443311811212e-01
3.178936439244825496e-01
3.182140070405873877e-01
3.185269501396150726e-01
3.188326286056318848e-01
3.191312465730188341e-01
3.194230647416460012e-01
3.197084037830140169e-01
3.199876411702601842e-01
3.202612004845281080e-01
3.205295344169142857e-01
3.207931050721840038e-01
3.210523666400169618e-01
3.213077552361633393e-01
3.215596888823835653e-01
3.218085780893239489e-01
3.220548452185959531e-01
3.222989490752839470e-01
3.225414099117824285e-01
3.227828291157058271e-01
3.230238976350930935e-01
3.232653884038872993e-01
3.235081312643193763e-01
3.237529737226438886e-01
3.240007355183911475e-01
3.242521671264624317e-01
3.245079208179504349e-01
3.247685387178480543e-01
3.250344575799729019e-01
3.253060265213482127e-01
3.255835322371775642e-01
3.258672258287735324e-01
3.261573457485556493e-01
3.264541323201762268e-01
3.267578310435859112e-01
3.270686845936379150e-01
3.273869165940517800e-01
3.277127127239434778e-01
3.280462053144631018e-01
3.283874660684629743e-01
3.287365087718964740e-01
3.290933011471913194e-01
3.294577831267083701e-01
3.298298878561111147e-01
3.302095613486381032e-01
3.305967766945971942e-01
3.309915392449265248e-01
3.313938806149065441e-01
3.318038418222659103e-01
3.322214487878547562e-01
3.326466855439406678e-01
3.330794707298580515e-01
3.335196412591306947e-01
3.339669444482058491e-01
3.344210376930165096e-01
3.348814936824870969e-01
3.353478091103621606e-01
3.358194154276657462e-01
3.362956908700857617e-01
3.367759734626953327e-01
3.372595748161790752e-01
3.377457943306423904e-01
3.382339330926946719e-01
3.387233065145009991e-01
3.392132547835758904e-01
3.397031504892378262e-01
3.401924032467399939e-01
3.406804615800866909e-01
3.411668126199423612e-01
3.416509802837884302e-01
3.421325225658317648e-01
3.426110284395753047e-01
3.430861147265932831e-01
3.435574231494756825e-01
3.440246176819947155e-01
3.444873822374461270e-01
3.449454186916746101e-01
3.453984452131698135e-01
3.458461948620088489e-01
3.462884144170200185e-01
3.467248633926572343e-01
3.471553132113261997e-01
3.475795465018661212e-01
3.479973564997858593e-01
3.484085465292920958e-01
3.488129295509824757e-01
3.492103277622889412e-01
3.496005722403919824e-01
3.499835026194544896e-01
3.503589667957304199e-01
3.507268206554555179e-01
3.510869278214979738e-01
3.514391594155892307e-01
3.517833938336158983e-01
3.521195165319715437e-01
3.524474198233706890e-01
3.527670026808396031e-01
3.530781705488402200e-01
3.533808351606628206e-01
3.536749143613538982e-01
3.539603319355310029e-01
3.542370174394766091e-01
3.545049060368981597e-01
3.547639383376791633e-01
3.550140602388144329e-01
3.552552227664918516e-01
3.554873819179146799e-01
3.557104985008887055e-01
3.559245379683328436e-01
3.561294702435658377e-01
3.563252695302610573e-01
3.565119140980219647e-01
3.566893860301275643e-01
3.568576709134088643e-01
3.570167574403601551e-01
3.571666368788690149e-01
3.573073023430035633e-01
3.574387477657006706e-01
3.575609664260475107e-01
3.576739488133495737e-01
3.577776795083969508e-01
3.578721326187032092e-01
3.579572651093099189e-01
3.580330071227176281e-01
3.580992481058417054e-01
3.581558173488689767e-01
3.582024576161764728e-01
3.582387913732980600e-01
3.582642814384094931e-01
3.582781925254013844e-01
3.582795669797859128e-01
3.582672340293185931e-01
3.582398700156524396e-01
3.581961105531612510e-01
3.581346888140790607e-01
3.580545567345603808e-01
3.579549544743181322e-01
3.578354206690001482e-01
3.576957594955884057e-01
3.575359878007223213e-01
3.573562803544375055e-01
3.571569227148237435e-01
3.569382746091590564e-01
3.567007432219483909e-01
3.564447644804812909e-01
3.561707902889484911e-01
3.558792799791771766e-01
3.555706946628965914e-01
3.552454935434994354e-01
3.549041315353049231e-01
3.545470577485053676e-01
3.541747145443431277e-01
3.537875369645824275e-01
3.533859524060169455e-01
3.529703804550133883e-01
3.525412328263012873e-01
3.520989133694280571e-01
3.516438181189061041e-01
3.511763353723412195e-01
3.506968457862463806e-01
3.502057224827934134e-01
3.497033311630793895e-01
3.491900302240100173e-01
3.486661708769026036e-01
3.481320972665685187e-01
3.475881465900668710e-01
3.470346492146051398e-01
3.464719287942501502e-01
3.459003023852353365e-01
3.453200805597320677e-01
3.447315675180065986e-01
3.441350611989187347e-01
3.435308533887427296e-01
3.429192298283055274e-01
3.423004703184481801e-01
3.416748488238218751e-01
3.410426335750357252e-01
3.404040871691748071e-01
3.397594666687096532e-01
3.391090236988186790e-01
3.384530045431461964e-01
3.377916502380189367e-01
3.371251966651430121e-01
3.364538746428050175e-01
3.357779100155992014e-01
3.350975237427030740e-01
3.344129319847237158e-01
3.337243461891366558e-01
3.330319731743385803e-01
3.323360152123353561e-01
3.316366701100862402e-01
3.309341312895248688e-01
3.302285878662775120e-01
3.295202247270984097e-01
3.288092226060423395e-01
3.280957581593934025e-01
3.273800040393696209e-01
3.266621289666220562e-01
3.259422978015470429e-01
3.252206716144298571e-01
3.244974077544381386e-01
3.237726599174826081e-01
3.230465782129626762e-01
3.223193092294140971e-01
3.215909960990762095e-01
3.208617785613946949e-01
3.201317930254770627e-01
3.194011726315167943e-01
3.186700473112022980e-01
3.179385438471264425e-01
3.172067859312119875e-01
3.164748942221686789e-01
3.157429864019965504e-01
3.150111772315509207e-01
3.142795786051830742e-01
3.135482996044715587e-01
3.128174465510579760e-01
3.120871230586014233e-01
3.113574300838652387e-01
3.106284659769498191e-01
3.099003265306846666e-01
3.091731050291930405e-01
3.084468922956418724e-01
3.077217767391901004e-01
3.069978444011477459e-01
3.062751790003581109e-01
3.055538619778155884e-01
3.048339725405308509e-01
3.041155877046551881e-01
3.033987823378759274e-01
3.026836292010942620e-01
3.019701989893968652e-01
3.012585603723322847e-01
3.005487800335033821e-01
2.998409227094863128e-01
2.991350512280868124e-01
2.984312265459445057e-01
2.977295077854951177e-01
2.970299522713011342e-01
2.963326155657606820e-01
2.956375515042047875e-01
2.949448122293923391e-01
2.942544482254126348e-01
2.935665083510048956e-01
2.928810398723037389e-01
2.921980884950202695e-01
2.915176983960671708e-01
2.908399122546372895e-01
2.901647712827439829e-01
2.894923152552317802e-01
2.888225825392665147e-01
2.881556101233123113e-01
2.874914336456042552e-01
2.868300874221246244e-01
2.861716044740909570e-01
2.855160165549630591e-01
2.848633541769774458e-01
2.842136466372165438e-01
2.835669220432198712e-01
2.829232073381450774e-01
2.822825283254855044e-01
2.816449096933521523e-01
2.810103750383262100e-01
2.803789468888899794e-01
2.797506467284422427e-01
2.791254950179054006e-01
2.785035112179304884e-01
2.778847138107069514e-01
2.772691203213835109e-01
2.766567473391063348e-01
2.760476105376807876e-01
2.754417246958628662e-01
2.748391037172864815e-01
2.742397606500321383e-01
2.736437077058435641e-01
2.730509562789972811e-01
2.724615169648311186e-01
2.718753995779374377e-01
2.712926131700261756e-01
2.707131660474633716e-01
2.701370657884905602e-01
2.695643192601297478e-01
2.689949326347801373e-01
2.684289114065104842e-01
2.678662604070529696e-01
2.673069838215031968e-01
2.667510852037311975e-01
2.661985674915079980e-01
2.656494330213530208e-01
2.651036835431060945e-01
2.645613202342295134e-01
2.640223437138441431e-01
2.634867540565037913e-01
2.629545508057127279e-01
2.624257329871902966e-01
2.619002991218868370e-01
2.613782472387551348e-01
2.608595748872815090e-01
2.603442791497804221e-01
2.598323566534566087e-01
2.593238035822388321e-01
2.588186156883886535e-01
2.583167883038884338e-01
2.578183163516120646e-01
2.573231943562820367e-01
2.568314164552163992e-01
2.563429764088696050e-01
2.558578676111699646e-01
2.553760830996577580e-01
2.548976155654272269e-01
2.544224573628754982e-01
2.539506005192621596e-01
2.534820367440821509e-01
2.530167574382558016e-01
2.525547537031384016e-01
2.520960163493530803e-01
2.516405359054494917e-01
2.511883026263914687e-01
2.507393065018765355e-01
2.502935372644903844e-01
2.498509843976985390e-01
2.494116371436788937e-01
2.489754845109969361e-01
2.485425152821270633e-01
2.481127180208222149e-01
2.476860810793346801e-01
2.472625926054904943e-01
2.468422405496201177e-01
2.464250126713476430e-01
2.460108965462412811e-01
2.455998795723273176e-01
2.451919489764698978e-01
2.447870918206192514e-01
2.443852950079302699e-01
2.439865452887539643e-01
2.435908292665039943e-01
2.431981334034002684e-01
2.428084440260921129e-01
2.424217473311627291e-01
2.420380293905173563e-01
2.416572761566569694e-01
2.412794734678396780e-01
2.409046070531317141e-01
2.405326625373499783e-01
2.401636254458981434e-01
2.397974812094980923e-01
2.394342151688186315e-01
2.390738125790032031e-01
2.387162586140985920e-01
2.383615383713862668e-01
2.380096368756179914e-01
2.376605390831576514e-01
2.373142298860308474e-01
2.369706941158838953e-01
2.366299165478538968e-01
2.362918819043516305e-01
2.359565748587584832e-01
2.356239800390393935e-01
2.352940820312729719e-01
2.349668653831006038e-01
2.346423146070957533e-01
2.343204141840551091e-01
2.340011485662129576e-01
2.336845021803800881e-01
2.333704594310086478e-01
2.330590047031845524e-01
2.327501223655483176e-01
2.324437967731461385e-01
2.321400122702120539e-01
2.318387531928828571e-01
2.315400038718466447e-01
2.312437486349265825e-01
2.309499718096008625e-01
2.306586577254600423e-01
2.303697907166031567e-01
2.300833551239734320e-01
2.297993352976349934e-01
2.295177155989915896e-01
2.292384804029484191e-01
2.289616141000180849e-01
2.286871010983718422e-01
2.284149258258371118e-01
2.281450727318423410e-01
2.278775262893100451e-01
2.276122709964993329e-01
2.273492913787985292e-01
2.270885719904691125e-01
2.268300974163417749e-01
2.265738522734656035e-01
2.263198212127112974e-01
2.260679889203290882e-01
2.258183401194626683e-01
2.255708595716195697e-01
2.253255320780990778e-01
2.250823424813784834e-01
2.248412756664583956e-01
2.246023165621680584e-01
2.243654501424312830e-01
2.241306614274940767e-01
2.238979354851142745e-01
2.236672574317144224e-01
2.234386124334982737e-01
2.232119857075318681e-01
2.229873625227896949e-01
2.227647282011668839e-01
2.225440681184578107e-01
2.223253677053022015e-01
2.221086124480989021e-01
2.218937878898884497e-01
2.216808796312047802e-01
2.214698733308967105e-01
2.212607547069200820e-01
2.210535095371008174e-01
2.208481236598697772e-01
2.206445829749698606e-01
2.204428734441359061e-01
2.202429810917480857e-01
2.200448920054592639e-01
2.198485923367968220e-01
2.196540683017396411e-01
2.194613061812706600e-01
2.192702923219054523e-01
2.190810131361975999e-01
2.188934551032209741e-01
2.187076047690299230e-01
2.185234487470972820e-01
2.183409737187311239e-01
2.181601664334705537e-01
2.179810137094609634e-01
2.178035024338092207e-01
2.176276195629193444e-01
2.174533521228089739e-01
2.172806872094070196e-01
2.171096119888331344e-01
2.169401136976591982e-01
2.167721796431532622e-01
2.166057972035064783e-01
2.164409538280432366e-01
2.162776370374149826e-01
2.161158344237781304e-01
2.159555336509562939e-01
2.157967224545873364e-01
2.156393886422555417e-01
2.154835200936092987e-01
2.153291047604644903e-01
2.151761306668941720e-01
2.150245859093046774e-01
2.148744586564984571e-01
2.147257371497241774e-01
2.145784097027141624e-01
2.144324647017095964e-01
2.142878906054738464e-01
2.141446759452939608e-01
2.140028093249709829e-01
2.138622794207989952e-01
2.137230749815335340e-01
2.135851848283493726e-01
2.134485978547879803e-01
2.133133030266951002e-01
2.131792893821485291e-01
2.130465460313764048e-01
2.129150621566662238e-01
2.127848270122648655e-01
2.126558299242699290e-01
2.125280602905124938e-01
2.124015075804314701e-01
2.122761613349401499e-01
2.121520111662846264e-01
2.120290467578947735e-01
2.119072578642277049e-01
2.117866343106040716e-01
2.116671659930373095e-01
2.115488428780561703e-01
2.114316550025205355e-01
2.113155924734308744e-01
2.112006454677315126e-01
2.110868042321077664e-01
2.109740590827773044e-01
2.108624004052757905e-01
2.107518186542369776e-01
2.106423043531675532e-01
2.105338480942168244e-01
2.104264405379412950e-01
2.103200724130644406e-01
2.102147345162318770e-01
2.101104177117619487e-01
2.100071129313918761e-01
2.099048111740197675e-01
2.098035035054425512e-01
2.097031810580898548e-01
2.096038350307542208e-01
2.095054566883175484e-01
2.094080373614740365e-01
2.093115684464498250e-01
2.092160414047191386e-01
2.091214477627175716e-01
2.090277791115520978e-01
2.089350271067082765e-01
2.088431834677547672e-01
2.087522399780450122e-01
2.086621884844164221e-01
2.085730208968871735e-01
2.084847291883505926e-01
2.083973053942673459e-01
2.083107416123554934e-01
2.082250300022785161e-01
2.081401627853314285e-01
2.080561322441249750e-01
2.079729307222682178e-01
2.078905506240494305e-01
2.078089844141154108e-01
2.077282246171492930e-01
2.076482638175471407e-01
2.075690946590930952e-01
2.074907098446333031e-01
2.074131021357488724e-01
2.073362643524276350e-01
2.072601893727349653e-01
2.071848701324837394e-01
2.071102996249034600e-01
2.070364709003085502e-01
2.069633770657661742e-01
2.068910112847631710e-01
2.068193667768726540e-01
2.067484368174200560e-01
2.066782147371487022e-01
2.066086939218852170e-01
2.065398678122043752e-01
2.064717299030939535e-01
2.064042737436193042e-01
2.063374929365877630e-01
2.062713811382131390e-01
2.062059320577800392e-01
2.061411394573083866e-01
2.060769971512179388e-01
2.060134990059929172e-01
2.059506389398469972e-01
2.058884109223883541e-01
2.058268089742850693e-01
2.057658271669309813e-01
2.057054596221116749e-01
2.056457005116711645e-01
2.055865440571787994e-01
2.055279845295968633e-01
2.054700162489485615e-01
2.054126335839867035e-01
2.053558309518629388e-01
2.052996028177976884e-01
2.052439436947507134e-01
2.051888481430924893e-01
2.051343107702762181e-01
2.050803262305107566e-01
2.050268892244342944e-01
2.049739944987889473e-01
2.049216368460960724e-01
2.048698111043327219e-01
2.048185121566088451e-01
2.047677349308455741e-01
2.047174743994544521e-01
2.046677255790176619e-01
2.046184835299693638e-01
2.045697433562779777e-01
2.045215002051297415e-01
2.044737492666131584e-01
2.044264857734048035e-01
2.043797050004560745e-01
2.043334022646812465e-01
2.042875729246467487e-01
2.042422123802614953e-01
2.041973160724686043e-01
