-1.335599999999995458e+00
-1.335599999999995458e+00
-1.335612780667234212e+00
-1.335650545364496899e+00
-1.335724902920079060e+00
-1.335846839701750222e+00
-1.336026674548811632e+00
-1.336273992004630262e+00
-1.336597552144409118e+00
-1.337005180737830035e+00
-1.337503654156066313e+00
-1.338098611720964781e+00
-1.338794551179005587e+00
-1.339594972845682186e+00
-1.340502700226533062e+00
-1.341520304144805609e+00
-1.342650459278803110e+00
-1.343896081671961173e+00
-1.345260237267226655e+00
-1.346745935160060581e+00
-1.348355929043842938e+00
-1.350092587245148357e+00
-1.351957833980005130e+00
-1.353953141763467594e+00
-1.356079555661610092e+00
-1.358337735638970312e+00
-1.360728005092756376e+00
-1.363250392735488870e+00
-1.365904655231829024e+00
-1.368690271643075773e+00
-1.371606407062371469e+00
-1.374651849372932499e+00
-1.377824927592529836e+00
-1.381123421902863413e+00
-1.384544474523507596e+00
-1.388084507849220328e+00
-1.391739152501665577e+00
-1.395503184009364350e+00
-1.399370463884559879e+00
-1.403333880255838384e+00
-1.407385285893126836e+00
-1.411515437339261547e+00
-1.415713946565995807e+00
-1.419969263725024744e+00
-1.424268713352038196e+00
-1.428598604201733568e+00
-1.432944423178852622e+00
-1.437291107142853130e+00
-1.441623366286366226e+00
-1.445926015646774587e+00
-1.450184263995050626e+00
-1.454383915946390049e+00
-1.458511462531057568e+00
-1.462554061698366992e+00
-1.466499435427849107e+00
-1.470335727757879907e+00
-1.474051374553055904e+00
-1.477635030450435316e+00
-1.481075582460311013e+00
-1.484362256381508205e+00
-1.487484796905912177e+00
-1.490433681973452495e+00
-1.493200322902872967e+00
-1.495777206800634307e+00
-1.498157954357920874e+00
-1.500337288113350764e+00
-1.502310926594792484e+00
-1.504075433574067366e+00
-1.505628057110439011e+00
-1.506966590505369075e+00
-1.508089278231500519e+00
-1.508994776459733789e+00
-1.509682162929625537e+00
-1.510150978324616977e+00
-1.510401274612040101e+00
-1.510433646841530475e+00
-1.510249232757076010e+00
-1.509849676097257731e+00
-1.509237060893368065e+00
-1.508413832701308577e+00
-1.507382727318590021e+00
-1.506146727980497868e+00
-1.504709068517760207e+00
-1.503073292951746520e+00
-1.501243372625508998e+00
-1.499223872363282917e+00
-1.497020150018074425e+00
-1.494638571002655070e+00
-1.492086720766269137e+00
-1.489373601208666242e+00
-1.486509798415569739e+00
-1.483507606722861860e+00
-1.480381088446237170e+00
-1.477146043053970015e+00
-1.473819859538696431e+00
-1.470421236472514437e+00
-1.466969777381440077e+00
-1.463485499867047901e+00
-1.459988324310894869e+00
-1.456497619692099788e+00
-1.453031873637276483e+00
-1.449608524859076208e+00
-1.446243959521861022e+00
-1.442953640300686624e+00
-1.439752314834497504e+00
-1.436654240550500505e+00
-1.433673364580585474e+00
-1.430823409925043421e+00
-1.428117841570958335e+00
-1.425569716324843750e+00
-1.423191450889955467e+00
-1.420994564347631384e+00
-1.418989455634467323e+00
-1.417185262802273638e+00
-1.415589825618480901e+00
-1.414209746676139190e+00
-1.413050526603264467e+00
-1.412116739101584528e+00
-1.411412210321312921e+00
-1.410940172091988076e+00
-1.410703367898273441e+00
-1.410704102897339274e+00
-1.410944242877457011e+00
-1.411425178757609755e+00
-1.412147779495149802e+00
-1.413112355181036284e+00
-1.414318644789903878e+00
-1.415765833063703738e+00
-1.417452592119335053e+00
-1.419377137711479664e+00
-1.421537287781899472e+00
-1.423930510979096287e+00
-1.426553954150460379e+00
-1.429404439771593260e+00
-1.432478426664417270e+00
-1.435771929979478889e+00
-1.439280398899545732e+00
-1.442998552514905608e+00
-1.446920176060223939e+00
-1.451037882363065190e+00
-1.455342848775527775e+00
-1.459824549627857904e+00
-1.464470518390915688e+00
-1.469266189378747312e+00
-1.474194879284306481e+00
-1.479237964552686302e+00
-1.484375283328509543e+00
-1.489585740705910544e+00
-1.494848037287217934e+00
-1.500141397973098201e+00
-1.505446171543654010e+00
-1.510744205589522826e+00
-1.516018959920786724e+00
-1.521255381272148099e+00
-1.526439606053920039e+00
-1.531558581178209089e+00
-1.536599698443607442e+00
-1.541550528907513540e+00
-1.546398720327070597e+00
-1.551132082553199121e+00
-1.555738837256853246e+00
-1.560207962640941748e+00
-1.564529538129143083e+00
-1.568694999172701499e+00
-1.572697244566703345e+00
-1.576530582530955238e+00
-1.580190540631916107e+00
-1.583673589354381406e+00
-1.586976839337766343e+00
-1.590097771447120056e+00
-1.593034049446233613e+00
-1.595783447193654947e+00
-1.598343896202213177e+00
-1.600713629237026758e+00
-1.602891370555594497e+00
-1.604876513439108310e+00
-1.606669234844630978e+00
-1.608270520185855812e+00
-1.609682097884324925e+00
-1.610906304396696687e+00
-1.611945912428475847e+00
-1.612803959130145515e+00
-1.613483609623108661e+00
-1.613988085294488783e+00
-1.614320675580707798e+00
-1.614484836650381228e+00
-1.614484363510410692e+00
-1.614323609325518216e+00
-1.614007722307816639e+00
-1.613542876888824029e+00
-1.612936486921215273e+00
-1.612197396850452158e+00
-1.611336046640668540e+00
-1.610364596790921921e+00
-1.609296984935860486e+00
-1.608148873189136241e+00
-1.606937445563696221e+00
-1.605681035367176657e+00
-1.604398602757206138e+00
-1.603109129282568990e+00
-1.601831027651549499e+00
-1.600581664612464428e+00
-1.599377062904802083e+00
-1.598231800781539702e+00
-1.597159084263539031e+00
-1.596170939657742815e+00
-1.595278462968603650e+00
-1.594492064136021847e+00
-1.593821653531241278e+00
-1.593276734773693581e+00
-1.592866391686121652e+00
-1.592599185169592868e+00
-1.592483000208329447e+00
-1.592524894689802517e+00
-1.592730995677935191e+00
-1.593106469239425005e+00
-1.593655566605075569e+00
-1.594381731121662371e+00
-1.595287740684940392e+00
-1.596375858012964555e+00
-1.597647963491268364e+00
-1.599105650616596597e+00
-1.600750271968482075e+00
-1.602582934030421624e+00
-1.604604450439715224e+00
-1.606815271881858465e+00
-1.609215413381757109e+00
-1.611804395390687095e+00
-1.614581206572188732e+00
-1.617544287934011171e+00
-1.620691533188033828e+00
-1.624020299707056525e+00
-1.627527426858320636e+00
-1.631209261482545525e+00
-1.635061691401298978e+00
-1.639080185313841476e+00
-1.643259831155901241e+00
-1.647595357087297652e+00
-1.652081113565542214e+00
-1.656710994850842500e+00
-1.661478284807501593e+00
-1.666375423736909278e+00
-1.671393708490383156e+00
-1.676522956605871251e+00
-1.681751186292569811e+00
-1.687064384795818883e+00
-1.692446449762219141e+00
-1.697879378764618474e+00
-1.703343740358896019e+00
-1.708819388867592437e+00
-1.714286308259976854e+00
-1.719725423734641323e+00
-1.725119227332774452e+00
-1.730452121191347725e+00
-1.735710459619683732e+00
-1.740882337712947203e+00
-1.745957214135334556e+00
-1.750925470343504875e+00
-1.755778005941569520e+00
-1.760505955006162138e+00
-1.765100580261553143e+00
-1.769553359322093122e+00
-1.773856225566844858e+00
-1.778001881693365815e+00
-1.781984085533627526e+00
-1.785797823363040715e+00
-1.789439326320238832e+00
-1.792905931286407961e+00
-1.796195822777679085e+00
-1.799307711970795642e+00
-1.802240515933860143e+00
-1.804993098633929316e+00
-1.807564125821342182e+00
-1.809952065624519157e+00
-1.812155334524748085e+00
-1.814172550640397175e+00
-1.816002826942666015e+00
-1.817646029819988573e+00
-1.819102946279379296e+00
-1.820375335845824560e+00
-1.821465875503085918e+00
-1.822378027306912784e+00
-1.823115866740931290e+00
-1.823683909227164612e+00
-1.824086966857447978e+00
-1.824330059602558007e+00
-1.824418395194131071e+00
-1.824357419852151496e+00
-1.824152930354664415e+00
-1.823811230613510359e+00
-1.823339315754412437e+00
-1.822745072493100027e+00
-1.822037491218159833e+00
-1.821226886582302473e+00
-1.820325115813115513e+00
-1.819345767602487562e+00
-1.818304274146271160e+00
-1.817217884329166200e+00
-1.816105439994526449e+00
-1.814986929561003937e+00
-1.813882851083599812e+00
-1.812813479155163332e+00
-1.811798166216414652e+00
-1.810854799345241295e+00
-1.809999484576729767e+00
-1.809246468120772722e+00
-1.808608253342415706e+00
-1.808095845555119263e+00
-1.807719050867107269e+00
-1.807486762402112923e+00
-1.807407181385488837e+00
-1.807487940454787001e+00
-1.807736122127477252e+00
-1.808158193352308540e+00
-1.808759899283550521e+00
-1.809546166938637901e+00
-1.810521059527401500e+00
-1.811687801055123614e+00
-1.813048868552642023e+00
-1.814606133457514980e+00
-1.816361025950249841e+00
-1.818314694244877572e+00
-1.820468132485498103e+00
-1.822822255504779498e+00
-1.825377907402236044e+00
-1.828135804175662571e+00
-1.831096425816539641e+00
-1.834259884559264142e+00
-1.837625797993573729e+00
-1.841193187903565009e+00
-1.844960412844397046e+00
-1.848925131330469540e+00
-1.853084287437632538e+00
-1.857434112067903875e+00
-1.861970138636808381e+00
-1.866687237718143155e+00
-1.871579677203247138e+00
-1.876641209827647927e+00
-1.881865178413423267e+00
-1.887244615037132256e+00
-1.892772300602781455e+00
-1.898440751619461242e+00
-1.904242111908820423e+00
-1.910167944590619005e+00
-1.916208939724316940e+00
-1.922354573788936927e+00
-1.928592778842733724e+00
-1.934909699513953418e+00
-1.941289626729941098e+00
-1.947715184725374415e+00
-1.954167801483208677e+00
-1.960628417193444495e+00
-1.967078307923109337e+00
-1.973499860376940696e+00
-1.979877150426415211e+00
-1.986196242249940624e+00
-1.992445202836541585e+00
-1.998613887231948549e+00
-2.004693581275664549e+00
-2.010676595575285219e+00
-2.016555896959032257e+00
-2.022324847075042342e+00
-2.027977091584685088e+00
-2.033506606275020001e+00
-2.038907863804114928e+00
-2.044176050724705540e+00
-2.049307253884452340e+00
-2.054298552545682277e+00
-2.059147987387956125e+00
-2.063854413426787993e+00
-2.068417269343696407e+00
-2.072836308760871216e+00
-2.077111343320385828e+00
-2.081242046327590245e+00
-2.085227858584816740e+00
-2.089068021530156916e+00
-2.092761735775868104e+00
-2.096308411717038300e+00
-2.099707955861649822e+00
-2.102961033342846342e+00
-2.106069264575408440e+00
-2.109035341581552814e+00
-2.111863073165124227e+00
-2.114557379360614942e+00
-2.117124253997987982e+00
-2.119570704746812417e+00
-2.121904669410518807e+00
-2.124134901977425827e+00
-2.126270826417353543e+00
-2.128322370523111573e+00
-2.130299810387657367e+00
-2.132213668691298025e+00
-2.134074709281306603e+00
-2.135894056037207278e+00
-2.137683441153484409e+00
-2.139455562455430560e+00
-2.141224503198949414e+00
-2.143006140694909689e+00
-2.144818444781974698e+00
-2.146681554218310861e+00
-2.148617535853781568e+00
-2.150649791506374697e+00
-2.152802173590291801e+00
-2.155097966784518704e+00
-2.157558941361394034e+00
-2.160204658311944748e+00
-2.163052123372729341e+00
-2.166115790084750525e+00
-2.169407839152663442e+00
-2.172938625684037728e+00
-2.176717179815678360e+00
-2.180751657046731129e+00
-2.185049655778663169e+00
-2.189618352147627345e+00
-2.194464447767351611e+00
-2.199593977476771212e+00
-2.205012064150459583e+00
-2.210722718208605553e+00
-2.216728756573028036e+00
-2.223031872846441104e+00
-2.229632847474107837e+00
-2.236531856537637530e+00
-2.243728822092242670e+00
-2.251223740847905663e+00
-2.259016928271962765e+00
-2.267109124050476154e+00
-2.275501427736427384e+00
-2.284195071818662548e+00
-2.293191083955657739e+00
-2.302489921847185261e+00
-2.312091166976880885e+00
-2.321993336679544662e+00
-2.332193833070374644e+00
-2.342689011387867115e+00
-2.353474329863569636e+00
-2.364544538095032955e+00
-2.375893865229814494e+00
-2.387516177625886193e+00
-2.399405085609377153e+00
-2.411553990276162018e+00
-2.423956073481492002e+00
-2.436604244696559007e+00
-2.449491063541186620e+00
-2.462608654601095903e+00
-2.475948623680373384e+00
-2.489501976930018845e+00
-2.503259041085251990e+00
-2.517209386496042978e+00
-2.531341763913130372e+00
-2.545644077684111828e+00
-2.560103426420156314e+00
-2.574706240340121965e+00
-2.589438527538062029e+00
-2.604286211837106180e+00
-2.619235514755183125e+00
-2.634273319228106480e+00
-2.649387461280840572e+00
-2.664566921968726465e+00
-2.679801920963338357e+00
-2.695083932494543255e+00
-2.710405649699116015e+00
-2.725760917757898305e+00
-2.741144645578245775e+00
-2.756552696203499409e+00
-2.771981752177758995e+00
-2.787429155793117452e+00
-2.802892733696046079e+00
-2.818370625193955092e+00
-2.833861137538307595e+00
-2.849362646822700906e+00
-2.864873552445927896e+00
-2.880392281384704489e+00
-2.895917329458172151e+00
-2.911447321086210849e+00
-2.926981065810735139e+00
-2.942517588601733181e+00
-2.958056112912225366e+00
-2.973595982752072153e+00
-2.989136523399318346e+00
-3.004676856463390333e+00
-3.020215697039837721e+00
-3.035751162746490817e+00
-3.051280616346861763e+00
-3.066800551255983276e+00
-3.082306519668044142e+00
-3.097793100201701844e+00
-3.113253905150827450e+00
-3.128681633084329228e+00
-3.144068176350435451e+00
-3.159404791539212720e+00
-3.174682332725546008e+00
-3.189891533965766968e+00
-3.205023313718659672e+00
-3.220069065539205244e+00
-3.235020900608930106e+00
-3.249871818159518977e+00
-3.264615795267018505e+00
-3.279247802115158983e+00
-3.293763758551411680e+00
-3.308160451442716532e+00
-3.322435431191576249e+00
-3.336586901947238282e+00
-3.350613615470161566e+00
-3.364514774493656102e+00
-3.378289948289394218e+00
-3.391939001034334211e+00
-3.405462032321593835e+00
-3.418859328520755803e+00
-3.432131323458662120e+00
-3.445278566895052297e+00
-3.458301699395060602e+00
-3.471201432381061824e+00
-3.483978532337902223e+00
-3.496633808326118587e+00
-3.509168102117329990e+00
-3.521582280401543308e+00
-3.533877228628295786e+00
-3.546053846134777476e+00
-3.558113042287307515e+00
-3.570055733420839150e+00
-3.581882840407288882e+00
-3.593595286719819981e+00
-3.605193996888757191e+00
-3.616679895267189693e+00
-3.628053905041859650e+00
-3.639316947438669292e+00
-3.650469941082893133e+00
-3.661513801482612962e+00
-3.672449440610508375e+00
-3.683277766564307054e+00
-3.693999683290286384e+00
-3.704616090357402580e+00
-3.715127882772135237e+00
-3.725535950826101228e+00
-3.735841179970011972e+00
-3.746044450708721385e+00
-3.756146638512987579e+00
-3.766148613744172202e+00
-3.776051241588466389e+00
-3.785855381997327296e+00
-3.795561889630608032e+00
-3.805171613798288721e+00
-3.814685398395622595e+00
-3.824104081824712065e+00
-3.833428496892684834e+00
-3.842659470672292521e+00
-3.851797824304161288e+00
-3.860844372710086070e+00
-3.869799924172143690e+00
-3.878665279710975966e+00
-3.887441232165609328e+00
-3.896128564833438279e+00
-3.904728049469535556e+00
-3.913240443368878552e+00
-3.921666485171079408e+00
-3.930006888962294109e+00
-3.938262336271959541e+00
-3.946433465813135921e+00
-3.954520861523773245e+00
-3.962525040880116922e+00
-3.970446447536567280e+00
-3.978285454181397895e+00
-3.986042380932046214e+00
-3.993717529558138413e+00
-4.001311225667728344e+00
-4.008823855687357884e+00
-4.016255888069202307e+00
-4.023607876451395171e+00
-4.030880449654808295e+00
-4.038074295603084174e+00
-4.045190144671473753e+00
-4.052228755355677947e+00
-4.059190903146253859e+00
-4.066077372422753022e+00
-4.072888950785552353e+00
-4.079626425200823192e+00
-4.086290579430721159e+00
-4.092882192347932602e+00
-4.099402036847437536e+00
-4.105850879156744071e+00
-4.112229478409932248e+00
-4.118538586395433576e+00
-4.124778947417833130e+00
-4.130951298234279534e+00
-4.137056368039597309e+00
-4.143094878483094767e+00
-4.149067543705907468e+00
-4.154975070391573766e+00
-4.160818157825045382e+00
-4.166597497956990637e+00
-4.172313775471340414e+00
-4.177967667854713518e+00
-4.183559845466839455e+00
-4.189090971611404868e+00
-4.194561702606931064e+00
-4.199972687857440157e+00
-4.205324569922751721e+00
-4.210617984588292728e+00
-4.215853560934365696e+00
-4.221031921404824416e+00
-4.226153681875135959e+00
-4.231219451719809399e+00
-4.236229833879187723e+00
-4.241185424925593139e+00
-4.246086815128834679e+00
-4.250934588521070090e+00
-4.255729322961030903e+00
-4.260471590197615122e+00
-4.265161955932850191e+00
-4.269800979884230685e+00
-4.274389215846438717e+00
-4.278927211752450610e+00
-4.283415509734034288e+00
-4.287854646181645357e+00
-4.292245151803729009e+00
-4.296587551685425943e+00
-4.300882365346694769e+00
-4.305130106799857082e+00
-4.309331284606563450e+00
-4.313486401934190972e+00
-4.317595956611681274e+00
-4.321660441184813628e+00
-4.325680342970930958e+00
-4.329656144113111615e+00
-4.333588321633803808e+00
-4.337477347487920909e+00
-4.341323688615402965e+00
-4.345127806993250630e+00
-4.348890159687040402e+00
-4.352611198901918499e+00
-4.356291372033082254e+00
-4.359931121715758806e+00
-4.363530885874676635e+00
-4.367091097773037944e+00
-4.370612186061005211e+00
-4.374094574823692128e+00
-4.377538683628674043e+00
-4.380944927573018788e+00
-4.384313717329843207e+00
-4.387645459194402520e+00
-4.390940555129708045e+00
-4.394199402811691968e+00
-4.397422395673908468e+00
-4.400609922951788988e+00
-4.403762369726446302e+00
-4.406880116968035388e+00
-4.409963541578677315e+00
-4.413013016434947033e+00
-4.416028910429931287e+00
-4.419011588514860200e+00
-4.421961411740315206e+00
-4.424878737297021303e+00
-4.427763918556222755e+00
-4.430617305109652015e+00
-4.433439242809089187e+00
-4.436230073805520924e+00
-4.438990136587901425e+00
-4.441719766021519078e+00
-4.444419293385974079e+00
-4.447089046412764368e+00
-4.449729349322494087e+00
-4.452340522861702787e+00
-4.454922884339314493e+00
-4.457476747662719951e+00
-4.460002423373487623e+00
-4.462500218682712294e+00
-4.464970437506003087e+00
-4.467413380498109987e+00
-4.469829345087202199e+00
-4.472218625508791234e+00
-4.474581512839312047e+00
-4.476918295029354233e+00
-4.479229256936559267e+00
-4.481514680358177571e+00
-4.483774844063291631e+00
-4.486010023824712256e+00
-4.488220492450542665e+00
-4.490406519815425490e+00
-4.492568372891462047e+00
-4.494706315778819850e+00
-4.496820609736023933e+00
-4.498911513209935542e+00
-4.500979281865425286e+00
-4.503024168614738976e+00
-4.505046423646565046e+00
-4.507046294454798208e+00
-4.509024025867010010e+00
-4.510979860072626302e+00
-4.512914036650813365e+00
-4.514826792598078065e+00
-4.516718362355581995e+00
-4.518588977836175857e+00
-4.520438868451152281e+00
-4.522268261136727752e+00
-4.524077380380242985e+00
-4.525866448246102181e+00
-4.527635684401436933e+00
-4.529385306141509027e+00
-4.531115528414848548e+00
-4.532826563848133539e+00
-4.534518622770811191e+00
-4.536191913239466800e+00
-4.537846641061936026e+00
-4.539483009821171144e+00
-4.541101220898858593e+00
-4.542701473498792275e+00
-4.544283964670004394e+00
-4.545848889329655584e+00
-4.547396440285690566e+00
-4.548926808259254884e+00
-4.550440181906880710e+00
-4.551936747842442621e+00
-4.553416690658886878e+00
-4.554880192949729789e+00
-4.556327435330337572e+00
-4.557758596458984179e+00
-4.559173853057687964e+00
-4.560573379932833404e+00
-4.561957349995577005e+00
-4.563325934282041807e+00
-4.564679301973300518e+00
-4.566017620415152578e+00
-4.567341055137693395e+00
-4.568649769874677524e+00
-4.569943926582685556e+00
-4.571223685460084951e+00
-4.572489204965797249e+00
-4.573740641837867216e+00
-4.574978151111841029e+00
-4.576201886138947295e+00
-4.577411998604092425e+00
-4.578608638543666842e+00
-4.579791954363165551e+00
-4.580962092854622192e+00
-4.582119199213863681e+00
-4.583263417057581890e+00
-4.584394888440227689e+00
-4.585513753870728237e+00
-4.586620152329030198e+00
-4.587714221282466198e+00
-4.588796096701953431e+00
-4.589865913078019943e+00
-4.590923803436665729e+00
-4.591969899355054174e+00
-4.593004330977039196e+00
-4.594027227028534277e+00
-4.595038714832711868e+00
-4.596038920325051791e+00
-4.597027968068223558e+00
-4.598005981266819475e+00
-4.598973081781927874e+00
-4.599929390145555352e+00
-4.600875025574895361e+00
-4.601810105986451127e+00
-4.602734748010004040e+00
-4.603649067002439921e+00
-4.604553177061426084e+00
-4.605447191038947174e+00
-4.606331220554696237e+00
-4.607205376009326336e+00
-4.608069766597560957e+00
-4.608924500321168516e+00
-4.609769684001796541e+00
-4.610605423293673510e+00
-4.611431822696175686e+00
-4.612248985566258952e+00
-4.613057014130765410e+00
-4.613856009498591426e+00
-4.614646071672735772e+00
-4.615427299562215424e+00
-4.616199790993854357e+00
-4.616963642723952432e+00
-4.617718950449826387e+00
-4.618465808821232699e+00
-4.619204311451665212e+00
-4.619934550929535533e+00
-4.620656618829237061e+00
-4.621370605722086466e+00
-4.622076601187156797e+00
-4.622774693821986247e+00
-4.623464971253183897e+00
-4.624147520146913770e+00
-4.624822426219274085e+00
-4.625489774246561936e+00
-4.626149648075434051e+00
-4.626802130632953869e+00
-4.627447303936537359e+00
-4.628085249103789600e+00
-4.628716046362238323e+00
-4.629339775058962658e+00
-4.629956513670123286e+00
-4.630566339810386012e+00
-4.631169330242250304e+00
-4.631765560885274802e+00
-4.632355106825206015e+00
-4.632938042323010208e+00
-4.633514440823809366e+00
-4.634084374965721231e+00
-4.634647916588605199e+00
-4.635205136742716725e+00
-4.635756105697265816e+00
-4.636300892948889363e+00
-4.636839567230029324e+00
-4.637372196517223877e+00
-4.637898848039307076e+00
-4.638419588285525030e+00
-4.638934483013563259e+00
-4.639443597257487895e+00
-4.639946995335603397e+00
-4.640444740858225892e+00
-4.640936896735373907e+00
-4.641423525184376508e+00
-4.641904687737399726e+00
-4.642380445248893039e+00
-4.642850857902957706e+00
-4.643315985220632491e+00
-4.643775886067105674e+00
-4.644230618658848009e+00
-4.644680240570669305e+00
-4.645124808742698619e+00
-4.645564379487292506e+00
-4.645999008495866889e+00
-4.646428750845656985e+00
-4.646853661006402625e+00
-4.647273792846966067e+00
-4.647689199641874325e+00
-4.648099934077794870e+00
-4.648506048259941181e+00
-4.648907593718407227e+00
-4.649304621414436234e+00
-4.649697181746623720e+00
-4.650085324557049482e+00
-4.650469099137347406e+00
-4.650848554234709553e+00
-4.651223738057824519e+00
-4.651594698282752738e+00
-4.651961482058738717e+00
-4.652324136013961997e+00
-4.652682706261223267e+00
-4.653037238403572751e+00
-4.653387777539875536e+00
-4.653734368270319166e+00
-4.654077054701858174e+00
-4.654415880453607102e+00
-4.654750888662166908e+00
-4.655082121986901633e+00
-4.655409622615152898e+00
-4.655733432267401106e+00
-4.656053592202369806e+00
-4.656370143222075875e+00
-4.656683125676824631e+00
-4.656992579470151661e+00
-4.657298544063710466e+00
-4.657601058482110368e+00
-4.657900161317696686e+00
-4.658195890735285616e+00
-4.658488284476842267e+00
-4.658777379866114288e+00
-4.659063213813208648e+00
-4.659345822819124905e+00
-4.659625242980237836e+00
-4.659901509992728563e+00
-4.660174659156972155e+00
-4.660444725381875486e+00
-4.660711743189168921e+00
-4.660975746717651802e+00
-4.661236769727389984e+00
-4.661494845603871617e+00
-4.661750007362115866e+00
-4.662002287650735433e+00
-4.662251718755959118e+00
-4.662498332605609086e+00
-4.662742160773031941e+00
-4.662983234480994277e+00
-4.663221584605529380e+00
-4.663457241679744847e+00
-4.663690235897588465e+00
-4.663920597117576783e+00
-4.664148354866476609e+00
-4.664373538342952763e+00
-4.664596176421172302e+00
-4.664816297654372335e+00
-4.665033930278386975e+00
-4.665249102215137889e+00
-4.665461841076086635e+00
-4.665672174165647945e+00
-4.665880128484567457e+00
-4.666085730733262160e+00
-4.666289007315126192e+00
-4.666489984339798447e+00
-4.666688687626394660e+00
-4.666885142706708400e+00
-4.667079374828371208e+00
-4.667271408957982537e+00
-4.667461269784205946e+00
-4.667648981720828871e+00
-4.667834568909790427e+00
-4.668018055224178120e+00
-4.668199464271188148e+00
-4.668378819395058166e+00
-4.668556143679962744e+00
-4.668731459952883078e+00
-4.668904790786441161e+00
-4.669076158501703766e+00
-4.669245585170958890e+00
-4.669413092620458450e+00
-4.669578702433132555e+00
-4.669742435951273585e+00
-4.669904314279193613e+00
-4.670064358285848094e+00
-4.670222588607435554e+00
-4.670379025649966209e+00
-4.670533689591804816e+00
-4.670686600386182441e+00
-4.670837777763684251e+00
-4.670987241234708875e+00
-4.671135010091898465e+00
-4.671281103412548319e+00
-4.671425540060983650e+00
-4.671568338690914146e+00
-4.671709517747762774e+00
-4.671849095470966162e+00
-4.671987089896254552e+00
-4.672123518857902447e+00
-4.672258399990957933e+00
-4.672391750733444482e+00
-4.672523588328542310e+00
-4.672653929826743102e+00
-4.672782792087981640e+00
-4.672910191783746114e+00
-4.673036145399162677e+00
-4.673160669235058684e+00
-4.673283779410002836e+00
-4.673405491862324013e+00
-4.673525822352106118e+00
-4.673644786463163392e+00
-4.673762399604992623e+00
-4.673878677014702276e+00
-4.673993633758926514e+00
-4.674107284735710799e+00
-4.674219644676382401e+00
-4.674330728147396030e+00
-4.674440549552163482e+00
-4.674549123132861084e+00
-4.674656462972217597e+00
-4.674762582995280802e+00
-4.674867496971168990e+00
-4.674971218514798466e+00
-4.675073761088595070e+00
-4.675175138004186159e+00
-4.675275362424074821e+00
-4.675374447363293662e+00
-4.675472405691041722e+00
-4.675569250132304511e+00
-4.675664993269453618e+00
-4.675759647543832109e+00
-4.675853225257319501e+00
-4.675945738573879851e+00
-4.676037199521095644e+00
-4.676127619991682138e+00
-4.676217011744985719e+00
-4.676305386408467157e+00
-4.676392755479163554e+00
-4.676479130325143174e+00
-4.676564522186935413e+00
-4.676648942178950108e+00
-4.676732401290879970e+00
-4.676814910389087032e+00
-4.676896480217974883e+00
-4.676977121401344029e+00
-4.677056844443734818e+00
-4.677135659731753492e+00
-4.677213577535385802e+00
-4.677290608009292860e+00
-4.677366761194095446e+00
-4.677442047017644988e+00
-4.677516475296276788e+00
-4.677590055736051688e+00
-4.677662797933986205e+00
-4.677734711379264887e+00
-4.677805805454442023e+00
-4.677876089436629137e+00
-4.677945572498670046e+00
-4.678014263710302600e+00
-4.678082172039306208e+00
-4.678149306352641368e+00
-4.678215675417568775e+00
-4.678281287902765762e+00
-4.678346152379421419e+00
-4.678410277322324617e+00
-4.678473671110939591e+00
-4.678536342030469086e+00
-4.678598298272905076e+00
-4.678659547938067931e+00
-4.678720099034637592e+00
-4.678779959481166095e+00
-4.678839137107086543e+00
-4.678897639653706086e+00
-4.678955474775190915e+00
-4.679012650039537924e+00
