2.19995
2.20004
2.20007
2.19999
2.20002
2.19999
2.20004
2.2
2.20003
2.19996
2.20006
2.19998
2.2
2.19996
2.19999
2.20003
2.20001
2.19997
2.20003
2.2
2.19997
2.20003
2.20001
2.19995
2.20008
2.19995
2.20003
2.19999
2.19996
2.20005
2.20004
2.19997
2.19997
2.2
2.20004
2.19999
2.19996
2.2
2.2
2.20005
2.20002
2.2
2.19995
2.20005
2.20003
2.20002
2.19995
2.20003
2.20002
2.19996
2.19999
2.20001
2.20002
2.19999
2.19997
2.19996
2.20005
2.20004
2.19997
2.20002
2.19998
2.20003
2.20003
2.2
2.2
2.19999
2.2
2.19998
2.20002
2.20004
2.19995
2.19998
2.20001
2.19997
2.20002
2.20005
2.20001
2.19999
2.20003
2.20003
2.20002
2.20005
2.20002
2.19997
2.19999
2.19996
2.20003
2.20006
2.20005
2.20002
2.19998
2.19996
2.19997
2.20003
2.2
2.2
2.20004
2.2
2.20004
2.20002
2.20003
2.20001
2.19999
2.20003
2.20002
2.20005
2.20005
2.19998
2.19996
2.19993
2.19998
2.20009
2.20005
2.20004
2.20001
2.20002
2.2
2.20005
2.2
2.20004
2.20002
2.20004
2.19997
2.19999
2.20003
2.19998
2.20004
2.19997
2.2
2.20001
2.20003
2.20001
2.20004
2.20004
2.19998
2.20003
2.19996
2.20003
2.19999
2.19998
2.19999
2.20005
2.2
2.19996
2.19999
2.20001
2.20003
2.19999
2.20001
2.19999
2.20002
2.20006
2.20001
2.20004
2.19996
2.20004
2.2
2.20003
2.20003
2.19994
2.20006
2.2
2.19993
2.2
2.20001
2.20002
2.19998
2.20003
2.19999
2.20004
2.19998
2.20002
2.19996
2.20002
2.20001
2.19999
2.19998
2.19998
2.19997
2.20003
2.20003
2.20001
2.19997
2.20001
2.20005
2.19999
2.20007
2.20003
2.20006
2.19989
2.19993
2.19999
2.20001
2.19995
2.20002
2.20004
2.20002
2.19999
2.19997
2.2
2.19998
2.19994
2.20005
2.20001
2.19997
2.20001
2.20002
2.19998
2.2
2.20002
2.20001
2.20005
2.20004
2.20001
2.20001
2.19997
2.2
2.20002
2.20002
2.2001
2.19995
2.19999
2.19998
2.20002
2.20002
2.20004
2.20003
2.19994
2.19997
2.20001
2.20004
2.20001
2.19996
2.19997
2.2
2.20003
2.20003
2.20006
2.19998
2.20003
2.20009
2.19999
2.19995
2.19999
2.19986
2.19982
2.19979
2.19976
2.1996
2.19941
2.19909
2.19904
2.19918
2.19937
2.19959
2.19979
2.19981
2.19989
2.19986
2.19989
2.19982
2.19977
2.19973
2.19996
2.19998
2.20016
2.20012
2.19996
2.19996
2.19988
2.19982
2.19953
2.19962
2.19976
2.20002
2.20011
2.20022
2.20028
2.20034
2.20027
2.20018
2.20018
2.19989
2.2
2.19996
2.20002
2.20018
2.20014
2.20015
2.20003
2.19989
2.1998
2.19967
2.19966
2.19974
2.19973
2.19987
2.20019
2.20013
2.20014
2.20024
2.20026
2.20033
2.20008
2.19995
2.19976
2.19979
2.19987
2.1998
2.19992
2.19989
2.19986
2.19992
2.19998
2.20012
2.20006
2.19997
2.19987
2.19988
2.19987
2.20002
2.2001
2.20028
2.20031
2.20031
2.20031
2.20024
2.19998
2.19986
2.19971
2.19954
2.19952
2.19954
2.19963
2.19982
2.20018
2.20023
2.20034
2.20037
2.20036
2.20038
2.20028
2.20031
2.20012
2.20003
2.20007
2.2001
2.2
2.20004
2.20007
2.19989
2.19997
2.19986
2.19991
2.19985
2.19978
2.19982
2.19952
2.19958
2.19965
2.19976
2.19978
2.19994
2.2
2.20001
2.2
2.20004
2.19987
2.19982
2.19979
2.19975
2.19967
2.19973
2.19974
2.19982
2.19993
2.20006
2.20004
2.20017
2.20016
2.20019
2.20028
2.20036
2.20021
2.19989
2.19974
2.19958
2.19956
2.19945
2.19957
2.19964
2.19969
2.20017
2.20027
2.20038
2.20048
2.20042
2.20051
2.20057
2.20041
2.20026
2.20013
2.20013
2.19975
2.1997
2.19962
2.19957
2.19975
2.1998
2.19999
2.20007
2.20037
2.20034
2.20037
2.20047
2.20039
2.20035
2.20025
2.19997
2.1998
2.19969
2.19945
2.1994
2.19934
2.19942
2.19959
2.19974
2.19997
2.20004
2.20021
2.20035
2.20048
2.20051
2.20041
2.20039
2.20026
2.20015
2.19991
2.1997
2.19964
2.19954
2.19962
2.19973
2.19974
2.19989
2.20009
2.20024
2.20032
2.20027
2.20038
2.20037
2.20029
2.20016
2.19998
2.19973
2.19961
2.19932
2.19925
2.19913
2.19922
2.1994
2.19955
2.19979
2.19994
2.20023
2.2003
2.2003
2.20031
2.20029
2.2001
2.20013
2.19983
2.19971
2.19962
2.19955
2.19947
2.19962
2.19966
2.19972
2.19998
2.20016
2.20019
2.2003
2.20037
2.20034
2.20029
2.20021
2.20008
2.19992
2.19979
2.19983
2.19988
2.19986
2.20001
2.20017
2.19994
2.20012
2.20005
2.20007
2.19999
2.19985
2.1998
2.19974
2.19972
2.19956
2.19956
2.19968
2.19965
2.19982
2.20022
2.20032
2.20041
2.20048
2.20049
2.20041
2.2003
2.19997
2.19977
2.19965
2.19963
2.19945
2.19947
2.1996
2.1997
2.20008
2.20016
2.20041
2.20038
2.20034
2.2003
2.20021
2.19999
2.19997
2.19979
2.19978
2.19985
2.19986
2.19995
2.19999
2.20023
2.20025
2.20019
2.20018
2.19991
2.19991
2.19968
2.19954
2.19961
2.19961
2.1995
2.19972
2.19977
2.19991
2.20015
2.20018
2.20027
2.2003
2.20029
2.20028
2.20024
2.20015
2.20009
2.19988
2.19976
2.1997
2.19972
2.19987
2.19993
2.20014
2.20024
2.20026
2.20019
2.20001
2.19976
2.19958
2.19958
2.19948
2.19959
2.19973
2.19991
2.20039
2.20048
2.20053
2.20057
2.20016
2.19996
2.1998
2.19967
2.19969
2.19978
2.1998
2.19994
2.2001
2.20024
2.20026
2.20015
2.20001
2.2
2.19983
2.19958
2.19953
2.19954
2.19949
2.19969
2.19988
2.20016
2.20034
2.20055
2.20037
2.20023
2.19994
2.19969
2.19954
2.19967
2.19996
2.20024
2.20047
2.20054
2.20038
2.20026
2.20014
2.20002
2.19971
2.19958
2.19953
2.19956
2.19992
2.20015
2.20035
2.20045
2.20021
2.19997
2.19978
2.19945
2.19948
2.19968
2.20003
2.20058
2.20075
2.20063
2.20056
2.19984
2.19962
2.19957
2.19969
2.19984
2.19992
2.20012
2.20007
2.19991
2.19974
2.19972
2.19956
2.19962
2.19958
2.19944
2.19921
2.19921
2.19928
2.19924
2.19946
2.19958
2.19969
2.19973
2.19971
2.19971
2.19964
2.19964
2.19954
2.1995
2.19953
2.19949
2.19948
2.19958
2.19969
2.19974
2.19987
2.20006
2.20012
2.19998
2.19989
2.19978
2.1999
2.19977
2.19979
2.19967
2.19958
2.19958
2.19954
2.19957
2.1997
2.19969
2.19975
2.19981
2.19988
2.20002
2.20001
2.19989
2.19987
2.19976
2.19983
2.19993
2.19996
2.20023
2.19996
2.19986
2.19978
2.1997
2.1998
2.19993
2.19991
2.19985
2.19996
2.19985
2.19991
2.19998
2.20009
2.20004
2.2
2.19997
2.19984
2.19999
2.20001
2.20007
2.20011
2.2
2.19994
2.19978
2.19967
2.19971
2.19991
2.19995
2.19996
2.19979
2.19973
2.19956
2.19963
2.19975
2.19982
2.20012
2.20008
2.19998
2.19995
2.19981
2.19987
2.19999
2.2
2.20023
2.2002
2.20007
2.19984
2.19982
2.19975
2.19993
2.20028
2.20032
2.20027
2.2002
2.19981
2.19985
2.19979
2.19977
2.2
2.20011
2.20015
2.1999
2.19974
2.19967
2.19957
2.19967
2.19972
2.19987
2.19998
2.20001
2.19996
2.1999
2.1998
2.1998
2.19978
2.19978
2.19991
2.19995
2.19999
2.20001
2.19996
2.19984
2.19984
2.19983
2.19992
2.19986
2.1999
2.2
2.20016
2.20009
2.19999
2.19984
2.19971
2.19979
2.19985
2.19992
2.2001
2.20013
2.20021
2.20011
2.20008
2.19999
2.19985
2.19966
2.19972
2.19969
2.19974
2.19996
2.20001
2.2
2.19988
2.19982
2.19962
2.19963
2.19971
2.19966
2.19978
2.19975
2.1999
2.19988
2.20017
2.20007
2.19987
2.19982
2.19973
2.19971
2.19989
2.19992
2.19994
2.20007
2.19999
2.20008
2.20002
2.19985
2.19978
2.19985
2.19975
2.19984
2.19996
2.19989
2.20002
2.19995
2.20007
2.20004
2.20003
2.19992
2.19998
2.19998
2.19991
2.19999
2.20007
2.20012
2.20023
2.20017
2.20007
2.20003
2.19989
2.19985
2.19986
2.1999
2.19996
2.19994
2.19998
2.20002
2.20008
2.20015
2.20019
2.20013
2.20015
2.20002
2.2
2.19984
2.19987
2.19994
2.20013
2.20016
2.20013
2.20011
2.20008
2.20003
2.19995
2.19985
2.19973
2.19965
2.19969
2.19976
2.19986
2.19988
2.19994
2.19991
2.19995
2.19996
2.20006
2.20003
2.19999
2.20002
2.1998
2.19987
2.19989
2.19997
2.20015
2.2001
2.2001
2.20019
2.20018
2.20021
2.20024
2.20015
2.20005
2.19996
2.20007
2.2001
2.20016
2.20014
2.20011
2.20011
2.20018
2.20018
2.20023
2.20029
2.20036
2.20028
2.20017
2.20003
2.19997
2.20001
2.20005
2.20004
2.20014
2.20018
2.20008
2.2001
2.20002
2.20007
2.20001
2.19998
2.20001
2.19992
2.19987
2.19992
2.19993
2.19996
2.19999
2.20005
2.20006
2.19998
2.20011
2.20017
2.20011
2.20015
2.20025
2.20026
2.20013
2.20011
2.20003
2.19992
2.19999
2.20014
2.20022
2.20012
2.20024
2.20015
2.20015
2.20025
2.20028
2.20034
2.20029
2.2002
2.20024
2.20012
2.20006
2.20008
2.20013
2.20015
2.20017
2.20014
2.2001
2.20008
2.20014
2.20022
2.20037
2.20035
2.20036
2.20026
2.20018
2.20011
2.20009
2.20008
2.19998
2.19998
2.20007
2.2002
2.20017
2.20012
2.20011
2.20011
2.20014
2.20004
2.20012
2.20001
2.20008
2.19996
2.19995
2.19991
2.1998
2.19986
2.19983
2.19992
2.19996
2.19997
2.19988
2.19989
2.19982
2.19983
2.20002
2.19998
2.20004
2.20008
2.20001
2.20002
2.20006
2.20006
2.19998
2.19993
2.19998
2.20011
2.20018
2.20023
2.20019
2.20012
2.20021
2.20027
2.20031
2.20036
2.2004
2.2003
2.20022
2.20014
2.20023
2.20017
2.20007
2.19992
2.19974
2.19982
2.19982
2.19981
2.19985
2.19995
2.1998
2.19986
2.19991
2.19984
2.19992
2.19998
2.19994
2.19988
2.19983
2.19991
2.19977
2.19988
2.19987
2.19989
2.1999
2.19988
2.19978
2.1999
2.20012
2.20008
2.20009
2.19995
2.20003
2.20001
2.20009
2.2001
2.2002
2.20025
2.2002
2.20019
2.2002
2.20014
2.20007
2.20005
2.19995
2.19984
2.19974
2.19973
2.19981
2.19984
2.19983
2.19983
2.19981
2.19968
2.19965
2.19984
2.19991
2.19993
2.19999
2.19995
2.19998
2.19999
2.20011
2.20018
2.20016
2.20021
2.20015
2.20006
2.20005
2.20005
2.20009
2.20013
2.20015
2.20016
2.20003
2.19999
2.19994
2.19993
2.19992
2.19981
2.19985
2.19993
2.19992
2.19995
2.1999
2.19989
2.19981
2.19982
2.19984
2.19995
2.20002
2.20006
2.19999
2.20002
2.19997
2.19998
2.20014
2.20011
2.20019
2.20016
2.20011
2.20004
2.20007
2.20002
2.20005
2.20001
2.19994
2.19988
2.19988
2.19979
2.19974
2.19974
2.19975
2.19966
2.19965
2.19976
2.19988
2.19992
2.20006
2.20013
2.20002
2.2
2.2
2.20006
2.20008
2.20004
2.19985
2.19992
2.19987
2.19987
2.19972
2.19973
2.19982
2.19984
2.19962
2.19968
2.19961
2.1996
2.19968
2.19975
2.19982
2.19985
2.20009
2.20002
2.20004
2.20024
2.20024
2.2002
2.2002
2.20019
2.20016
2.20008
2.20006
2.19994
2.19985
2.1998
2.19972
2.19976
2.19973
2.19972
2.19982
2.19981
2.19979
2.1998
2.19993
2.20002
2.20002
2.20008
2.20005
2.20012
2.20012
2.20014
2.20008
2.20005
2.20023
2.20003
2.20002
2.19998
2.19999
2.19965
2.1995
2.19955
2.19972
2.19992
2.20005
2.20009
2.2
2.19982
2.19993
2.19991
2.20003
2.19987
2.19988
2.19991
2.19996
2.19995
2.19997
2.19999
2.20002
2.20003
2.20002
2.2
2.20007
2.20009
2.20002
2.20007
2.2001
2.20013
2.20005
2.2001
2.20005
2.20014
2.20009
2.20007
2.20006
2.20003
2.20005
2.20008
2.20009
2.20013
2.20004
2.20014
2.20009
2.2001
2.20013
2.20006
2.20004
2.20009
2.2
2.20013
2.20012
2.20016
2.20007
2.20011
2.20009
2.20014
2.20015
2.2002
2.20012
2.20007
2.20008
2.20013
2.20001
2.20009
2.20017
2.20016
2.2001
2.20013
2.20002
2.2001
2.20015
2.20011
2.20013
2.20012
2.20014
2.20011
2.20011
2.20015
2.20013
2.20021
2.20016
2.20014
2.20015
2.2001
2.20014
2.20012
2.20012
2.20012
2.20012
2.20021
2.20012
2.20009
2.20021
2.20014
2.20015
2.20016
2.20014
2.20015
2.20019
2.20015
2.20013
2.20014
2.20014
2.20012
2.20012
2.20018
2.20013
2.20011
2.20013
2.20008
2.20013
2.20009
2.20016
2.20008
2.2001
2.20013
2.20011
2.20019
2.20009
2.20008
2.20011
2.20007
2.2001
2.20004
2.2001
2.20011
2.2
2.20009
2.20017
2.20017
2.20009
2.20011
2.20014
2.2001
2.20007
2.20007
2.20012
2.20013
2.20012
2.20005
2.20012
2.20012
2.20011
2.20013
2.20016
2.20009
2.20008
2.20012
2.20008
2.20013
2.20012
2.20014
2.20016
2.20005
2.20009
2.20009
2.20009
2.20008
2.20019
2.20012
2.20014
2.20007
2.20013
2.20008
2.20001
2.2001
2.20011
2.2001
2.2001
2.20013
2.20008
2.20014
2.20005
2.20009
2.20009
2.20007
2.20017
2.20007
2.20011
2.20008
2.20013
2.20013
2.20002
2.20008
2.20011
2.20006
2.20017
2.2001
2.20016
2.20004
2.20009
2.20001
2.20013
2.20009
2.20005
2.2001
2.20014
2.2001
2.20011
2.20005
2.20008
2.19976
2.19979
2.1999
2.20002
2.20033
2.20045
2.20044
2.20023
2.20003
2.19998
2.20005
2.20021
2.20017
2.20023
2.20004
2.20004
2.20007
2.20006
2.20012
2.20011
2.20006
2.20003
2.20004
2.20009
2.20016
2.20024
2.20029
2.20019
2.2002
2.20023
2.2001
2.20024
2.20017
2.20016
2.19998
2.20001
2.19988
2.19984
2.19986
2.19983
2.1999
2.19985
2.19987
2.19985
2.19995
2.19985
2.2
2.20003
2.2001
2.20015
2.20017
2.20014
2.20016
2.2003
2.2002
2.20014
2.20016
2.20006
2.20004
2.19992
2.19996
2.20005
2.19994
2.19992
2.19981
2.19987
2.19992
2.19991
2.20004
2.20001
2.2
2.20002
2.20014
2.2001
2.20017
2.20014
2.20011
2.20008
2.20013
2.20003
2.20004
2.20004
2.20008
2.2002
2.20011
2.19999
2.20005
2.20002
2.20006
2.20001
2.19999
2.19989
2.1998
2.19977
2.19986
2.19992
2.19996
2.19997
2.19996
2.20003
2.20001
2.20004
2.19999
2.20004
2.20005
2.19998
2.19999
2.2001
2.20011
2.20005
2.20021
2.20018
2.20016
2.19995
2.20008
2.20002
2.20004
2.20001
2.2
2.19992
2.19992
2.19992
2.19997
2.20001
2.19996
2.1999
2.19998
2.2
2.20011
2.20011
2.20015
2.20016
2.20024
2.20028
2.20029
2.20029
2.20017
2.20035
2.20031
2.20027
2.20025
2.20023
2.20018
2.20009
2.20002
2.20003
2.20001
2.19993
2.19986
2.1998
2.19988
2.19985
2.19992
2.19979
2.19987
2.19973
2.19991
2.1999
2.19988
2.19993
2.19994
2.20005
2.20004
2.20003
2.20008
2.20018
2.20028
2.20021
2.20018
2.20007
2.2001
2.2
2.20007
2.20005
2.20004
2.2001
2.20019
2.20024
2.20033
2.2003
2.20025
2.20028
2.20033
2.20034
2.20033
2.2002
2.20013
2.1999
2.19996
2.19996
2.20005
2.19996
2.20003
2.19993
2.19994
2.19989
2.19985
2.19989
2.19995
2.19994
2.20002
2.19992
2.19997
2.19993
2.20005
2.1999
2.19993
2.1999
2.19993
2.19994
2.19999
2.20004
2.20008
2.2
2.20006
2.20003
2.20009
2.20012
2.20013
2.2001
2.20018
2.20012
2.20006
2.20007
2.20017
2.20006
2.20005
2.20006
2.20003
2.2
2.20017
2.20016
2.20015
2.20016
2.20016
2.20023
2.20022
2.2003
2.20021
2.20015
2.20014
2.20008
2.20004
2.19995
2.19991
2.20006
2.20012
2.20007
2.20019
2.2002
2.20015
2.20021
2.20023
2.20014
2.20006
2.19998
2.19986
2.19987
2.19994
2.19998
2.19995
2.19998
2.19997
2.19999
2.20009
2.20009
2.20018
2.20011
2.20007
2.20011
2.20013
2.20021
2.20015
2.20015
2.20007
2.20012
2.2001
2.20009
2.2001
2.20002
2.20008
2.20012
2.20011
2.20019
2.20025
2.2002
2.20032
2.20031
2.20016
2.2002
2.20018
2.20021
2.20016
2.20015
2.2001
2.20011
2.20024
2.20021
2.20028
2.20012
2.20018
2.20006
2.20012
2.19997
2.19998
2.20002
2.19995
2.20004
2.20011
2.20006
2.20001
2.20007
2.20006
2.20008
2.19997
2.19998
2.1999
2.19994
2.19998
2.1999
2.19983
2.19979
2.1998
2.19982
2.19991
2.19991
2.2
2.19994
2.19994
2.19983
2.19978
2.1998
2.19987
2.19981
2.19982
2.19989
2.19989
2.2
2.20005
2.20015
2.20012
2.20002
2.20004
2.19999
2.19998
2.20006
2.20003
2.19994
2.20001
2.20002
2.20004
2.20031
2.20031
2.20032
2.20025
2.20017
2.20016
2.2001
2.20012
2.20015
2.20023
2.20023
2.20027
2.20028
2.20027
2.20037
2.20025
2.2002
2.20024
2.20017
2.20028
2.20019
2.20014
2.20012
2.20006
2.20011
2.20014
2.20022
2.20019
2.20017
2.20014
2.20009
2.20003
2.20013
2.20018
2.20025
2.2002
2.20015
2.20021
2.20015
2.20013
2.20013
2.20008
2.20014
2.2002
2.20017
2.20037
2.20032
2.2003
2.20038
2.2003
2.20027
2.20018
2.20018
2.20021
2.2002
2.20018
2.20033
2.20041
2.2004
2.20021
2.20015
2.20012
2.20012
2.2002
2.20026
2.20026
2.20028
2.19994
2.19984
2.19991
2.19993
2.20035
2.20072
2.20113
2.20167
2.2032
2.20396
2.20488
2.20562
2.20719
2.20786
2.20869
2.2095
2.2113
2.21211
2.2131
2.21477
2.21556
2.21638
2.21714
2.2188
2.21959
2.22037
2.22127
-2.22001
-2.21917
-2.21824
-2.21751
-2.21594
-2.21507
-2.21419
-2.21256
-2.21168
-2.21072
-2.20985
-2.20806
-2.20724
-2.2063
-2.20557
-2.20397
-2.20314
-2.20228
-2.20148
-2.19978
-2.19897
-2.1982
-2.19646
-2.19566
-2.1949
-2.19404
-2.19231
-2.19151
-2.19066
-2.18982
-2.18807
-2.18722
-2.18638
-2.18539
-2.18379
-2.183
-2.18218
-2.18133
-2.17979
-2.17893
-2.17813
-2.17647
-2.17561
-2.17475
-2.17397
-2.17226
-2.1715
-2.17059
-2.1698
-2.16826
-2.16733
-2.16637
-2.16548
-2.16368
-2.16267
-2.16176
-2.15989
-2.15904
-2.15824
-2.15739
-2.15578
-2.15475
-2.15389
-2.15303
-2.1513
-2.15046
-2.14966
-2.14879
-2.14706
-2.14621
-2.14547
-2.14372
-2.14279
-2.14199
-2.14111
-2.13933
-2.13847
-2.13753
-2.13654
-2.13479
-2.13388
-2.13308
-2.13211
-2.13057
-2.12963
-2.12879
-2.12782
-2.12619
-2.1252
-2.12428
-2.12269
-2.12183
-2.12076
-2.12002
-2.11818
-2.11725
-2.1163
-2.11535
-2.11355
-2.11257
-2.11168
-2.11071
-2.10885
-2.10795
-2.10716
-2.10536
-2.10455
-2.10352
-2.10265
-2.10079
-2.09998
-2.09912
-2.09819
-2.09646
-2.09554
-2.09469
-2.09381
-2.09206
-2.0912
-2.09025
-2.08841
-2.08755
-2.0866
-2.08569
-2.08378
-2.08283
-2.08191
-2.08107
-2.07915
-2.07825
-2.07736
-2.07636
-2.0745
-2.07354
-2.0726
-2.07066
-2.06985
-2.06894
-2.06805
-2.06626
-2.06536
-2.06441
-2.06345
-2.0616
-2.06069
-2.05981
-2.05891
-2.05705
-2.0561
-2.05514
-2.05415
-2.05232
-2.05137
-2.05048
-2.04861
-2.04776
-2.04665
-2.04578
-2.04379
-2.04291
-2.04196
-2.041
-2.03919
-2.03821
-2.03728
-2.03636
-2.03447
-2.03361
-2.03268
-2.03076
-2.0298
-2.0289
-2.02792
-2.02601
-2.025
-2.02398
-2.02308
-2.02119
-2.02022
-2.01926
-2.01841
-2.01647
-2.01557
-2.01467
-2.01274
-2.01168
-2.01077
-2.00991
-2.00808
-2.00715
-2.00633
-2.00528
-2.00344
-2.00246
-2.00149
-2.00043
-1.9985
-1.99744
-1.9964
-1.99433
-1.99338
-1.99229
-1.99134
-1.98938
-1.98845
-1.98746
-1.98634
-1.98445
-1.98361
-1.98267
-1.98177
-1.97986
-1.97901
-1.97804
-1.97617
-1.97531
-1.97432
-1.97331
-1.97139
-1.97038
-1.96938
-1.9684
-1.96639
-1.96548
-1.96447
-1.96349
-1.96136
-1.96041
-1.95937
-1.95831
-1.95635
-1.95533
-1.95431
-1.95241
-1.95146
-1.95049
-1.9495
-1.94766
-1.9467
-1.94574
-1.94479
-1.94283
-1.94184
-1.94084
-1.93985
-1.93795
-1.937
-1.93599
-1.93393
-1.93299
-1.93189
-1.9309
-1.92896
-1.92793
-1.92692
-1.92588
-1.92386
-1.92285
-1.92195
-1.92092
-1.91888
-1.91786
-1.91685
-1.91583
-1.91386
-1.91284
-1.91184
-1.90999
-1.90903
-1.90794
-1.90689
-1.90484
-1.90382
-1.90281
-1.9018
-1.89983
-1.8988
-1.89775
-1.89677
-1.89482
-1.89377
-1.8928
-1.89081
-1.88977
-1.88871
-1.88768
-1.88553
-1.88449
-1.88354
-1.8826
-1.88053
-1.87948
-1.87851
-1.87751
-1.87536
-1.87439
-1.8734
-1.8714
-1.87035
-1.86931
-1.86824
-1.86622
-1.86523
-1.86428
-1.86328
-1.86123
-1.86014
-1.85914
-1.85815
-1.85612
-1.85503
-1.85409
-1.85306
-1.85094
-1.84994
-1.8489
-1.84685
-1.84582
-1.84481
-1.84383
-1.84171
-1.8407
-1.83967
-1.83864
-1.83651
-1.83546
-1.83446
-1.83338
-1.83133
-1.83033
-1.82921
-1.82718
-1.82612
-1.82503
-1.82399
-1.82187
-1.82094
-1.81984
-1.81881
-1.81669
-1.81572
-1.81467
-1.81361
-1.81159
-1.81061
-1.80958
-1.80739
-1.80639
-1.80534
-1.80424
-1.8022
-1.80111
-1.80009
-1.79897
-1.79689
-1.7958
-1.7947
-1.79371
-1.79166
-1.79059
-1.78957
-1.78751
-1.78639
-1.78536
-1.78435
-1.78228
-1.78126
-1.78015
-1.77908
-1.77697
-1.77594
-1.77484
-1.77382
-1.77177
-1.77066
-1.76962
-1.76862
-1.76646
-1.76537
-1.76429
-1.76224
-1.76111
-1.76001
-1.75897
-1.75692
-1.75582
-1.75478
-1.7537
-1.75151
-1.75038
-1.74935
-1.74827
-1.74608
-1.74508
-1.74403
-1.74185
-1.74077
-1.73959
-1.73859
-1.73643
-1.73538
-1.73431
-1.73326
-1.73115
-1.73013
-1.72909
-1.72805
-1.72589
-1.72479
-1.72371
-1.72158
-1.72046
-1.71938
-1.71834
-1.71616
-1.71507
-1.71397
-1.71289
-1.71073
-1.70964
-1.70851
-1.70741
-1.70525
-1.70418
-1.70304
-1.70199
-1.69987
-1.6988
-1.69774
-1.69562
-1.6945
-1.69346
-1.6924
-1.69024
-1.68916
-1.68807
-1.68704
-1.68484
-1.68381
-1.68269
-1.68157
-1.67946
-1.67846
-1.67735
-1.67526
-1.67408
-1.67308
-1.67204
-1.66983
-1.66869
-1.66769
-1.66659
-1.66445
-1.66328
-1.66228
-1.66112
-1.65899
-1.65785
-1.65672
-1.65447
-1.65338
-1.65223
-1.65112
-1.64891
-1.6479
-1.64674
-1.64564
-1.64349
-1.64232
-1.64119
-1.64014
-1.63796
-1.63689
-1.63574
-1.63466
-1.63246
-1.63135
-1.63027
-1.62809
-1.62702
-1.62594
-1.62483
-1.62264
-1.62157
-1.62046
-1.61939
-1.61721
-1.61612
-1.61502
-1.61387
-1.61168
-1.61059
-1.60952
-1.60725
-1.60606
-1.605
-1.60394
-1.6017
-1.60058
-1.59943
-1.5983
-1.59601
-1.59493
-1.5938
-1.59271
-1.59043
-1.58932
-1.58823
-1.58603
-1.58492
-1.58375
-1.58265
-1.58042
-1.57931
-1.57821
-1.57712
-1.57494
-1.57377
-1.57262
-1.57157
-1.56935
-1.56824
-1.56714
-1.56488
-1.56378
-1.56271
-1.56154
-1.55935
-1.55821
-1.55708
-1.55595
-1.55377
-1.55263
-1.55152
-1.5504
-1.54813
-1.54702
-1.54587
-1.54473
-1.54249
-1.54138
-1.54027
-1.53797
-1.53683
-1.5357
-1.53456
-1.53225
-1.53121
-1.5301
-1.52904
-1.52675
-1.52562
-1.52455
-1.52342
-1.5212
-1.52004
-1.51895
-1.51666
-1.51555
-1.51439
-1.51326
-1.51095
-1.50983
-1.50871
-1.50761
-1.50526
-1.50411
-1.50295
-1.50186
-1.49956
-1.49846
-1.49732
-1.49509
-1.49403
-1.49287
-1.49175
-1.48947
-1.48829
-1.48717
-1.48605
-1.48375
-1.48261
-1.48138
-1.48031
-1.47802
-1.47689
-1.47576
-1.47468
-1.47243
-1.47133
-1.47021
-1.46795
-1.46686
-1.46569
-1.46459
-1.46228
-1.46116
-1.45998
-1.45886
-1.45651
-1.45538
-1.45423
-1.45309
-1.4508
-1.44969
-1.44854
-1.44631
-1.44511
-1.44399
-1.44282
-1.44048
-1.43927
-1.43814
-1.43693
-1.43467
-1.43352
-1.43246
-1.43131
-1.42907
-1.4279
-1.42679
-1.42446
-1.42329
-1.42216
-1.42097
-1.41874
-1.4176
-1.41649
-1.41536
-1.41303
-1.41189
-1.41068
-1.40951
-1.40718
-1.40602
-1.40484
-1.4026
-1.40141
-1.4003
-1.39913
-1.39678
-1.39563
-1.39445
-1.3933
-1.39106
-1.38996
-1.3888
-1.38759
-1.38526
-1.3841
-1.38291
-1.38176
-1.37948
-1.37838
-1.37728
-1.37499
-1.37376
-1.37253
-1.37135
-1.36907
-1.36795
-1.36687
-1.36567
-1.3634
-1.36224
-1.36099
-1.35858
-1.35753
-1.35636
-1.3552
-1.35274
-1.35159
-1.35034
-1.34915
-1.34692
-1.34582
-1.34462
-1.3435
-1.34104
-1.33987
-1.33866
-1.33633
-1.33518
-1.33395
-1.3327
-1.33031
-1.32929
-1.32817
-1.32706
-1.32463
-1.32341
-1.32216
-1.32096
-1.31861
-1.31744
-1.31631
-1.31405
-1.31292
-1.31183
-1.31071
-1.30833
-1.3071
-1.30587
-1.30465
-1.30234
-1.30116
-1.30003
-1.29893
-1.29666
-1.29553
-1.29438
-1.29315
-1.29065
-1.28938
-1.28819
-1.28597
-1.28493
-1.28377
-1.28262
-1.28023
-1.27904
-1.27782
-1.27649
-1.27406
-1.27329
-1.27209
-1.27103
-1.2686
-1.26736
-1.26623
-1.26379
-1.26258
-1.26137
-1.2602
-1.25805
-1.25697
-1.25574
-1.25443
-1.25197
-1.25079
-1.24962
-1.24841
-1.24607
-1.24493
-1.24386
-1.24148
-1.24024
-1.23902
-1.23776
-1.23546
-1.23426
-1.23314
-1.232
-1.22973
-1.22886
-1.22811
-1.22756
-1.22729
-1.22738
-1.22732
-1.22741
-1.2273
-1.22723
-1.22719
-1.22746
-1.22749
-1.22753
-1.22758
-1.22767
-1.22765
-1.22762
-1.22768
-1.22767
-1.22763
-1.22757
-1.2276
-1.22753
-1.22756
-1.22747
-1.22744
-1.22737
-1.22733
-1.22731
-1.22726
-1.22718
-1.2272
-1.2272
-1.22733
-1.22742
-1.22749
-1.22754
-1.22763
-1.22764
-1.2277
-1.22764
-1.22776
-1.22776
-1.22782
-1.22777
-1.22777
-1.22772
-1.22766
-1.22752
-1.22751
-1.22743
-1.22738
-1.22737
-1.22742
-1.22749
-1.22757
-1.22763
-1.22763
-1.22766
-1.22773
-1.22775
-1.22772
-1.22779
-1.22786
-1.22776
-1.22772
-1.2277
-1.22765
-1.22758
-1.22754
-1.22753
-1.22747
-1.22757
-1.22756
-1.22768
-1.22779
-1.22785
-1.22782
-1.22786
-1.22785
-1.22786
-1.22792
-1.22799
-1.22792
-1.22782
-1.22779
-1.22775
-1.22761
-1.22756
-1.22752
-1.22748
-1.22755
-1.22759
-1.22765
-1.22772
-1.22779
-1.22784
-1.22783
-1.22787
-1.22789
-1.22784
-1.22779
-1.22766
-1.22763
-1.22758
-1.22727
-1.22732
-1.22738
-1.22737
-1.22757
-1.22768
-1.22769
-1.22769
-1.22777
-1.22785
-1.22779
-1.22783
-1.22784
-1.22777
-1.2277
-1.22775
-1.22751
-1.22751
-1.22748
-1.2276
-1.22772
-1.22773
-1.22774
-1.22774
-1.2278
-1.22781
-1.2278
-1.2277
-1.22766
-1.22756
-1.22752
-1.22742
-1.22737
-1.22736
-1.22747
-1.22762
-1.22759
-1.22764
-1.22771
-1.22777
-1.22786
-1.22787
-1.22786
-1.22782
-1.22775
-1.22772
-1.22752
-1.22748
-1.22748
-1.22762
-1.22774
-1.22773
-1.2277
-1.22775
-1.22779
-1.2278
-1.22775
-1.22758
-1.22752
-1.22744
-1.22735
-1.22732
-1.22741
-1.22753
-1.22762
-1.22768
-1.22781
-1.22786
-1.22796
-1.22792
-1.22789
-1.22788
-1.22772
-1.22761
-1.22756
-1.2275
-1.22769
-1.22773
-1.22785
-1.22785
-1.22795
-1.22792
-1.228
-1.22784
-1.22784
-1.22776
-1.2277
-1.22752
-1.22755
-1.22756
-1.22771
-1.22777
-1.2278
-1.22782
-1.2279
-1.22792
-1.22791
-1.22784
-1.22762
-1.22756
-1.22756
-1.22751
-1.22767
-1.22776
-1.2278
-1.22782
-1.22786
-1.2279
-1.2279
-1.22786
-1.22772
-1.22759
-1.22732
-1.22752
-1.22759
-1.22764
-1.22769
-1.22778
-1.22783
-1.22784
-1.22785
-1.22776
-1.22766
-1.22752
-1.22748
-1.22749
-1.22757
-1.2276
-1.22769
-1.22771
-1.22776
-1.22776
-1.2277
-1.22757
-1.22754
-1.22741
-1.22737
-1.22745
-1.22749
-1.22762
-1.22774
-1.22781
-1.22779
-1.22792
-1.22783
-1.2278
-1.22766
-1.22751
-1.22751
-1.22757
-1.22764
-1.22777
-1.22774
-1.22775
-1.22789
-1.22776
-1.22774
-1.22755
-1.22752
-1.22747
-1.22755
-1.22765
-1.22772
-1.2278
-1.22786
-1.22787
-1.2278
-1.22777
-1.22763
-1.22751
-1.22745
-1.22758
-1.22757
-1.2276
-1.22772
-1.22783
-1.22785
-1.2278
-1.22778
-1.22789
-1.22783
-1.22782
-1.22778
-1.22774
-1.22774
-1.22771
-1.22778
-1.22775
-1.22775
-1.22773
-1.22776
-1.22765
-1.22763
-1.22771
-1.22776
-1.22772
-1.22777
-1.22774
-1.22782
-1.22778
-1.22774
-1.22776
-1.22776
-1.22773
-1.22769
-1.22772
-1.22771
-1.22764
-1.22761
-1.22758
-1.22767
-1.22768
-1.22763
-1.22766
-1.22763
-1.22772
-1.22775
-1.22777
-1.22773
-1.22777
-1.22768
-1.22771
-1.22765
-1.22764
-1.22759
-1.22768
-1.22755
-1.22763
-1.22765
-1.2277
-1.22774
-1.22781
-1.22775
-1.22779
-1.22776
-1.22776
-1.22774
-1.22772
-1.22763
-1.2276
-1.2276
-1.22756
-1.22749
-1.22747
-1.22748
-1.22755
-1.22746
-1.22755
-1.22754
-1.22763
-1.22764
-1.22765
-1.22766
-1.22756
-1.22753
-1.22754
-1.2275
-1.22752
-1.22754
-1.22751
-1.22752
-1.2276
-1.22762
-1.22769
-1.22771
-1.22766
-1.22764
-1.22764
-1.22761
-1.22752
-1.22747
-1.2275
-1.22745
-1.22749
-1.22748
-1.22749
-1.22761
-1.2277
-1.22766
-1.22774
-1.22771
-1.2277
-1.22767
-1.2276
-1.22757
-1.22756
-1.22757
-1.22751
-1.22752
-1.22754
-1.22754
-1.22764
-1.22764
-1.22762
-1.22763
-1.22754
-1.22753
-1.2275
-1.22749
-1.22747
-1.22751
-1.22748
-1.22759
-1.22766
-1.22769
-1.22769
-1.22764
-1.22766
-1.22757
-1.22752
-1.22751
-1.2275
-1.22758
-1.22759
-1.2276
-1.22764
-1.22766
-1.22769
-1.22771
-1.22769
-1.22765
-1.22757
-1.22754
-1.2275
-1.22759
-1.22759
-1.22758
-1.22765
-1.22773
-1.22773
-1.2277
-1.22772
-1.22757
-1.22756
-1.22751
-1.22753
-1.22758
-1.22759
-1.22764
-1.2277
-1.22777
-1.22772
-1.2277
-1.22753
-1.2275
-1.22749
-1.2275
-1.22752
-1.22758
-1.22763
-1.22769
-1.22771
-1.22762
-1.22755
-1.22755
-1.22759
-1.22753
-1.22746
-1.22755
-1.22761
-1.22764
-1.22768
-1.22769
-1.22767
-1.22765
-1.22762
-1.22756
-1.22756
-1.22754
-1.22759
-1.22762
-1.22765
-1.22768
-1.22769
-1.22757
-1.22761
-1.22749
-1.2275
-1.22746
-1.2275
-1.22752
-1.22753
-1.22756
-1.22762
-1.22764
-1.22753
-1.22749
-1.22739
-1.2274
-1.22746
-1.22756
-1.22753
-1.22763
-1.22768
-1.22764
-1.22757
-1.22751
-1.22746
-1.22744
-1.22742
-1.2275
-1.22753
-1.2276
-1.22767
-1.22767
-1.22758
-1.22752
-1.2274
-1.22737
-1.22745
-1.22741
-1.22748
-1.22757
-1.22754
-1.22761
-1.22748
-1.22741
-1.2274
-1.22735
-1.22742
-1.22745
-1.22746
-1.22756
-1.22764
-1.22761
-1.22754
-1.22736
-1.22735
-1.22748
-1.22746
-1.22755
-1.22756
-1.22764
-1.22762
-1.22762
-1.22757
-1.2276
-1.22752
-1.22754
-1.22759
-1.22763
-1.22774
-1.22775
-1.22778
-1.22775
-1.22771
-1.22764
-1.22767
-1.2277
-1.22775
-1.22776
-1.22777
-1.22784
-1.2278
-1.22777
-1.22769
-1.22761
-1.22758
-1.2276
-1.2276
-1.22762
-1.22766
-1.2277
-1.22772
-1.22759
-1.22756
-1.2275
-1.22749
-1.22756
-1.22757
-1.22761
-1.22754
-1.22757
-1.22753
-1.22753
-1.22745
-1.22746
-1.2274
-1.22743
-1.22758
-1.22763
-1.22759
-1.22762
-1.22771
-1.22762
-1.22762
-1.22769
-1.2277
-1.22765
-1.22765
-1.22767
-1.22776
-1.22765
-1.22769
-1.2277
-1.2277
-1.2277
-1.22767
-1.2277
-1.22767
-1.22765
-1.22758
-1.22762
-1.22761
-1.22755
-1.22765
-1.22758
-1.22759
-1.22761
-1.22762
-1.22765
-1.22759
-1.22762
-1.22762
-1.22759
-1.22761
-1.2276
-1.22762
-1.22761
-1.22762
-1.22762
-1.2276
-1.22764
-1.22759
-1.2276
-1.2276
-1.22763
-1.22759
-1.22759
-1.22757
-1.2276
-1.22759
-1.22767
-1.22761
-1.22761
-1.22757
-1.22762
-1.22759
-1.22758
-1.22757
-1.22763
-1.22759
-1.22758
-1.22761
-1.22757
-1.22756
-1.22758
-1.22758
-1.22759
-1.22757
-1.22762
-1.22763
-1.2276
-1.22757
-1.2276
-1.22759
-1.22764
-1.22756
-1.2276
-1.22759
-1.22757
-1.22759
-1.22758
-1.22763
-1.22757
-1.22755
-1.22758
-1.22756
-1.22759
-1.22754
-1.2276
-1.22758
-1.22756
-1.22756
-1.22757
-1.22756
-1.22758
-1.22759
-1.2276
-1.22757
-1.22754
-1.22753
-1.2276
-1.22759
-1.22757
-1.22756
-1.22758
-1.22761
-1.22757
-1.22755
-1.22761
-1.22757
-1.22759
-1.22757
-1.22758
-1.22756
-1.22758
-1.22754
-1.22761
-1.22758
-1.22759
-1.22758
-1.22755
-1.22758
-1.22758
-1.2276
-1.22757
-1.22758
-1.22758
-1.22757
-1.22759
-1.22759
-1.22756
-1.22761
-1.22761
-1.22758
-1.2276
-1.22757
-1.22759
-1.22756
-1.22758
-1.22759
-1.2276
-1.22757
-1.22756
-1.22764
-1.22754
-1.22759
-1.22757
-1.22759
-1.22755
-1.22759
-1.22755
-1.22758
-1.22758
-1.22759
-1.22757
-1.22757
-1.22757
-1.22757
-1.22759
-1.22753
-1.22756
-1.22755
-1.22756
-1.22755
-1.22761
-1.22761
-1.22756
-1.22758
-1.22754
-1.22756
-1.22759
-1.22754
-1.22756
-1.22755
-1.22758
-1.22755
-1.2276
-1.2276
-1.22761
-1.22758
-1.2276
-1.22757
-1.22754
-1.22757
-1.2276
-1.22757
-1.22754
-1.2276
-1.22758
-1.22757
-1.22757
-1.22756
-1.22758
-1.22756
-1.22757
-1.22759
-1.22753
-1.22756
-1.22758
-1.22758
-1.22757
-1.22746
-1.22741
-1.22744
-1.22742
-1.22743
-1.2275
-1.22759
-1.22756
-1.22745
-1.22748
-1.22747
-1.22743
-1.22752
-1.22746
-1.22754
-1.22765
-1.22764
-1.22755
-1.22764
-1.22751
-1.22745
-1.2275
-1.22761
-1.22755
-1.22759
-1.22759
-1.22765
-1.22759
-1.22753
-1.22744
-1.22738
-1.22741
-1.22753
-1.2275
-1.2275
-1.22752
-1.2275
-1.22743
-1.22737
-1.22738
-1.22736
-1.22732
-1.22737
-1.22736
-1.22752
-1.22752
-1.22751
-1.22753
-1.22741
-1.22739
-1.22738
-1.22748
-1.22749
-1.22743
-1.22751
-1.22765
-1.22756
-1.22752
-1.22748
-1.2275
-1.22751
-1.22751
-1.22751
-1.2276
-1.22768
-1.22772
-1.22765
-1.22757
-1.22755
-1.22754
-1.22755
-1.22756
-1.2276
-1.22762
-1.22766
-1.22766
-1.22765
-1.22759
-1.22753
-1.22753
-1.22749
-1.22757
-1.22762
-1.22766
-1.22764
-1.22759
-1.22761
-1.22755
-1.2275
-1.22756
-1.22754
-1.22752
-1.22756
-1.22756
-1.22757
-1.22761
-1.22757
-1.22756
-1.22749
-1.22747
-1.22751
-1.22754
-1.22759
-1.22752
-1.22754
-1.22758
-1.22759
-1.2276
-1.22755
-1.22748
-1.22748
-1.22752
-1.22751
-1.22748
-1.22753
-1.22751
-1.22753
-1.22752
-1.2275
-1.22746
-1.22743
-1.22732
-1.22732
-1.22742
-1.22743
-1.2275
-1.22751
-1.2275
-1.22748
-1.22747
-1.2274
-1.22743
-1.22745
-1.22745
-1.2275
-1.22754
-1.22755
-1.22763
-1.22755
-1.22752
-1.22751
-1.22743
-1.22742
-1.22742
-1.22747
-1.22758
-1.2275
-1.22756
-1.22756
-1.22756
-1.22759
-1.22753
-1.22743
-1.22745
-1.22752
-1.22748
-1.2275
-1.22747
-1.22749
-1.22755
-1.22762
-1.22752
-1.22756
-1.22751
-1.22752
-1.22748
-1.2274
-1.22739
-1.22743
-1.22748
-1.22753
-1.22756
-1.22761
-1.22764
-1.22763
-1.22749
-1.22747
-1.22744
-1.22743
-1.22747
-1.22755
-1.22748
-1.22748
-1.2276
-1.22754
-1.22759
-1.22758
-1.22748
-1.22747
-1.22752
-1.22752
-1.22749
-1.2275
-1.22755
-1.22754
-1.22753
-1.22753
-1.22762
-1.22765
-1.22757
-1.22759
-1.22755
-1.22741
-1.22738
-1.22746
-1.22743
-1.22748
-1.22746
-1.22756
-1.22759
-1.22763
-1.22767
-1.22766
-1.22759
-1.2276
-1.22754
-1.22753
-1.22753
-1.2275
-1.22747
-1.22749
-1.2275
-1.22752
-1.2275
-1.22756
-1.22757
-1.22756
-1.2276
-1.22756
-1.22755
-1.22757
-1.22748
-1.22742
-1.22744
-1.22749
-1.22747
-1.22754
-1.22753
-1.22763
-1.22764
-1.2276
-1.2276
-1.22758
-1.22758
-1.2276
-1.22753
-1.22759
-1.22752
-1.22754
-1.22748
-1.22749
-1.22732
-1.2274
-1.22739
-1.2275
-1.22755
-1.22751
-1.22756
-1.22756
-1.22762
-1.22762
-1.2276
-1.22755
-1.22747
-1.22747
-1.22744
-1.22745
-1.22748
-1.22746
-1.22747
-1.22744
-1.22745
-1.22743
-1.2275
-1.22748
-1.22755
-1.22756
-1.22764
-1.22762
-1.22759
-1.22757
-1.22748
-1.22743
-1.22742
-1.22745
-1.22753
-1.22753
-1.22746
-1.22753
-1.22751
-1.22745
-1.22751
-1.22752
-1.22752
-1.22749
-1.22749
-1.22752
-1.22762
-1.22763
-1.22766
-1.22764
-1.22763
-1.22785
-1.2284
-1.2299
-1.23083
-1.23189
-1.23424
-1.23542
-1.23668
-1.23809
-1.2406
-1.24182
-1.24309
-1.24424
-1.24645
-1.24765
-1.24885
-1.25002
-1.25223
-1.2534
-1.25446
-1.25552
-1.25776
-1.25899
-1.26021
-1.26285
-1.26411
-1.26528
-1.26639
-1.26864
-1.26975
-1.27093
-1.27209
-1.27442
-1.27557
-1.27667
-1.27782
-1.28021
-1.28156
-1.28275
-1.2853
-1.28646
-1.28753
-1.28867
-1.29067
-1.29191
-1.29304
-1.29424
-1.29658
-1.29781
-1.29904
-1.30016
-1.30268
-1.30386
-1.30514
-1.3074
-1.30857
-1.3096
-1.3106
-1.31295
-1.31409
-1.31532
-1.31657
-1.31905
-1.32016
-1.32132
-1.32251
-1.32487
-1.32606
-1.32715
-1.32938
-1.33054
-1.33165
-1.33277
-1.33522
-1.33644
-1.33759
-1.33883
-1.34108
-1.34221
-1.34327
-1.34438
-1.34678
-1.34801
-1.34918
-1.35035
-1.35267
-1.35376
-1.35489
-1.35743
-1.35858
-1.35974
-1.3609
-1.36307
-1.36411
-1.3653
-1.36646
-1.36881
-1.37002
-1.37126
-1.37247
-1.37484
-1.37599
-1.37711
-1.37931
-1.38041
-1.38151
-1.38272
-1.38504
-1.3862
-1.38759
-1.38871
-1.39117
-1.39226
-1.3935
-1.39459
-1.39685
-1.39795
-1.39904
-1.40017
-1.40248
-1.40371
-1.40494
-1.40744
-1.40856
-1.40961
-1.41072
-1.41291
-1.4141
-1.4153
-1.41641
-1.41881
-1.41993
-1.42107
-1.42223
-1.42477
-1.4259
-1.427
-1.42904
-1.43016
-1.43131
-1.43242
-1.4348
-1.43597
-1.43716
-1.43835
-1.44067
-1.44185
-1.44307
-1.44416
-1.44632
-1.44746
-1.44856
-1.45089
-1.45208
-1.45319
-1.45436
-1.4567
-1.4579
-1.45906
-1.46013
-1.46227
-1.46333
-1.46451
-1.46564
-1.46802
-1.46926
-1.47038
-1.47276
-1.47385
-1.47506
-1.47623
-1.47836
-1.47935
-1.48015
-1.48143
-1.48379
-1.48496
-1.48614
-1.48726
-1.48967
-1.49085
-1.49197
-1.4941
-1.49514
-1.49628
-1.49745
-1.4997
-1.5008
-1.50186
-1.50302
-1.50538
-1.50653
-1.50761
-1.5087
-1.51087
-1.51203
-1.51322
-1.51535
-1.51647
-1.51761
-1.51878
-1.52116
-1.52235
-1.52348
-1.52457
-1.52681
-1.52789
-1.52902
-1.53012
-1.5322
-1.53329
-1.5345
-1.53565
-1.53789
-1.53903
-1.54016
-1.54257
-1.54369
-1.54478
-1.54583
-1.54797
-1.54913
-1.55021
-1.55128
-1.55362
-1.55465
-1.55577
-1.55817
-1.55932
-1.56046
-1.56159
-1.56372
-1.56482
-1.566
-1.56707
-1.5691
-1.57022
-1.57141
-1.5726
-1.57491
-1.57607
-1.57719
-1.57831
-1.58053
-1.5817
-1.58283
-1.58504
-1.58632
-1.58719
-1.58828
-1.59068
-1.59185
-1.59305
-1.5942
-1.59648
-1.59762
-1.59877
-1.59994
-1.60205
-1.60311
-1.60402
-1.6052
-1.60738
-1.60855
-1.60964
-1.61184
-1.61293
-1.61396
-1.61506
-1.61739
-1.61852
-1.61956
-1.62072
-1.62284
-1.62384
-1.62489
-1.62602
-1.62828
-1.62935
-1.63045
-1.63264
-1.63378
-1.63488
-1.63604
-1.63836
-1.63955
-1.64062
-1.64171
-1.64384
-1.64486
-1.64588
-1.64693
-1.64891
-1.65014
-1.65126
-1.65227
-1.65442
-1.65546
-1.65649
-1.65757
-1.6598
-1.66099
-1.66211
-1.66447
-1.6656
-1.66671
-1.66774
-1.66992
-1.67095
-1.67196
-1.67307
-1.67523
-1.67629
-1.67743
-1.67838
-1.68044
-1.6815
-1.68252
-1.68359
-1.68583
-1.68702
-1.68822
-1.69048
-1.69166
-1.69279
-1.69389
-1.69593
-1.697
-1.69806
-1.69907
-1.70113
-1.70224
-1.70332
-1.70438
-1.70652
-1.70762
-1.70873
-1.71091
-1.71201
-1.71312
-1.71419
-1.71634
-1.71738
-1.7184
-1.71951
-1.72157
-1.72271
-1.72376
-1.72482
-1.72701
-1.72814
-1.72922
-1.73028
-1.73234
-1.7335
-1.73457
-1.73673
-1.73778
-1.73887
-1.73991
-1.7419
-1.74292
-1.74397
-1.74501
-1.7472
-1.74825
-1.74937
-1.75038
-1.75269
-1.75369
-1.75474
-1.75698
-1.75807
-1.75915
-1.76027
-1.76229
-1.76335
-1.76435
-1.76536
-1.76748
-1.76851
-1.76951
-1.77059
-1.77269
-1.77377
-1.77488
-1.77707
-1.7782
-1.77925
-1.78031
-1.78245
-1.78347
-1.78453
-1.78554
-1.78764
-1.78862
-1.78967
-1.79064
-1.79279
-1.79372
-1.79482
-1.79579
-1.798
-1.79903
-1.80016
-1.80231
-1.80332
-1.80433
-1.80532
-1.80724
-1.80832
-1.80932
-1.8104
-1.81245
-1.81348
-1.81458
-1.81563
-1.81773
-1.81881
-1.81993
-1.82205
-1.823
-1.82405
-1.8251
-1.82711
-1.82816
-1.82921
-1.83024
-1.83229
-1.83335
-1.83435
-1.83539
-1.83752
-1.8385
-1.83962
-1.84185
-1.84289
-1.84389
-1.84496
-1.84695
-1.84785
-1.84885
-1.84983
-1.85186
-1.85284
-1.85394
-1.8549
-1.85694
-1.85804
-1.85913
-1.86133
-1.86235
-1.8634
-1.86436
-1.8664
-1.86739
-1.86833
-1.86944
-1.87139
-1.87241
-1.87336
-1.87446
-1.87641
-1.87741
-1.87849
-1.87947
-1.8817
-1.88271
-1.88383
-1.88577
-1.88673
-1.88767
-1.88876
-1.89073
-1.89168
-1.89273
-1.89368
-1.89564
-1.89669
-1.89766
-1.89873
-1.90081
-1.90184
-1.90284
-1.90477
-1.90577
-1.90676
-1.90774
-1.90969
-1.91063
-1.91168
-1.91275
-1.91469
-1.91571
-1.91668
-1.91774
-1.9198
-1.92084
-1.92194
-1.92392
-1.92484
-1.92587
-1.92676
-1.92863
-1.92961
-1.93053
-1.93152
-1.93355
-1.93448
-1.93542
-1.93648
-1.93856
-1.93964
-1.94059
-1.94161
-1.9436
-1.94467
-1.94557
-1.94754
-1.94856
-1.94949
-1.95052
-1.95241
-1.95339
-1.95438
-1.95538
-1.95737
-1.95833
-1.95946
-1.9604
-1.96237
-1.96329
-1.96428
-1.96621
-1.96712
-1.96809
-1.96903
-1.97108
-1.97203
-1.97297
-1.97396
-1.97597
-1.97695
-1.97795
-1.97898
-1.98087
-1.98187
-1.98281
-1.98478
-1.98572
-1.98667
-1.98761
-1.98961
-1.99056
-1.99153
-1.99252
-1.99455
-1.99551
-1.9965
-1.9975
-1.99947
-2.00041
-2.00135
-2.00226
-2.00416
-2.00494
-2.00584
-2.00776
-2.00877
-2.00966
-2.01065
-2.01255
-2.01351
-2.0145
-2.01546
-2.01746
-2.01842
-2.01946
-2.02045
-2.02229
-2.02313
-2.02406
-2.02604
-2.02692
-2.02792
-2.02897
-2.03077
-2.03176
-2.03275
-2.03373
-2.03569
-2.03659
-2.03756
-2.03855
-2.04034
-2.04129
-2.04214
-2.044
-2.04492
-2.04587
-2.0468
-2.04859
-2.04953
-2.05044
-2.05148
-2.05336
-2.05429
-2.05522
-2.0561
-2.05796
-2.0588
-2.05971
-2.06061
-2.0625
-2.06338
-2.06436
-2.06614
-2.06708
-2.06805
-2.06899
-2.07086
-2.07188
-2.07276
-2.07368
-2.07556
-2.07648
-2.0773
-2.07819
-2.07997
-2.08091
-2.08177
-2.08272
-2.08445
-2.08543
-2.0864
-2.08734
-2.08929
-2.09019
-2.09113
-2.09291
-2.09375
-2.09472
-2.0956
-2.09729
-2.09823
-2.09915
-2.10007
-2.10181
-2.10273
-2.10364
-2.10457
-2.10636
-2.10736
-2.10824
-2.11007
-2.11097
-2.1118
-2.11277
-2.11442
-2.11528
-2.11617
-2.11709
-2.1189
-2.11987
-2.1207
-2.12164
-2.12344
-2.12439
-2.12531
-2.12713
-2.12803
-2.12895
-2.12987
-2.13151
-2.13232
-2.13327
-2.13408
-2.13587
-2.13676
-2.13755
-2.13852
-2.14022
-2.14121
-2.14202
-2.14288
-2.1447
-2.14552
-2.14643
-2.14807
-2.14893
-2.14981
-2.15077
-2.15236
-2.15322
-2.1541
-2.15491
-2.15667
-2.15753
-2.15842
-2.15925
-2.16103
-2.16182
-2.1627
-2.16434
-2.16527
-2.16611
-2.16705
-2.16863
-2.16946
-2.17034
-2.17113
-2.17292
-2.17375
-2.17463
-2.17552
-2.17724
-2.1781
-2.17899
-2.18068
-2.18142
-2.18227
-2.18301
-2.18478
-2.18562
-2.1864
-2.18724
-2.18891
-2.18978
-2.19067
-2.19153
-2.19332
-2.19411
-2.195
-2.19659
-2.19745
-2.19828
-2.19907
-2.2007
-2.20144
-2.20239
-2.20307
-2.20466
-2.2056
-2.20635
-2.20719
-2.20896
-2.20973
-2.21052
-2.21137
-2.21304
-2.21387
-2.21462
-2.21625
-2.21715
-2.21789
-2.21883
-2.2204
-2.2212
2.22046
2.21973
2.21816
2.21737
2.21654
2.21569
2.21419
2.2134
2.21265
2.21106
2.21019
2.20944
2.20863
2.20706
2.2063
2.20553
2.20474
2.20305
2.20223
2.20147
2.20079
2.19996
2.19968
2.19963
2.19984
2.19991
2.19989
2.19997
2.19988
2.19992
2.19997
2.19991
2.19993
2.19994
2.19994
2.19999
2.19993
2.19997
2.19995
2.19994
2.19999
2.20001
2.2
2.20006
2.20012
2.2
2.20009
2.20005
2.20005
2.2
2.20012
2.20012
2.20008
2.20013
2.2001
2.2001
2.20008
2.20003
2.20011
2.20006
2.20007
2.20004
2.20004
2.20008
2.20005
2.20007
2.20008
2.20012
2.20006
2.20007
2.20011
2.20011
2.2001
2.20007
2.20004
2.20001
2.20008
2.20008
2.20007
2.20011
2.20006
2.20009
2.20007
2.20011
2.20007
2.20009
2.20012
2.20007
2.20008
2.20004
2.20012
2.20011
2.20013
2.20003
2.20015
2.2001
2.20002
2.20011
2.20005
2.20009
2.20005
2.20013
2.20004
2.20005
2.20007
2.20005
2.20009
2.20005
2.20007
2.20008
2.20004
2.20006
2.20006
2.20003
2.20002
2.20003
2.20007
2.20006
2.20003
2.20005
2.20004
2.20004
2.20001
2.20003
2.20004
2.20008
2.20002
2.20011
2.2001
2.20005
2.20006
2.20005
2.20005
2.20005
2.20008
2.19999
2.20006
2.20005
2.20006
2.20005
2.20011
2.20009
2.2001
2.20001
2.20003
2.20006
2.2
2.20002
2.20005
2.20007
2.2
2.20006
2.2
2.20011
2.19999
2.20009
2.20011
2.2001
2.20003
2.20005
2.2001
2.2001
2.20006
2.20005
2.20005
2.20005
2.20009
2.20002
2.20011
2.20001
2.20001
2.20007
2.2001
2.20002
2.20009
2.2001
2.20011
2.20008
2.20009
2.20005
2.20005
2.20009
2.20003
2.20002
2.2
2.20004
2.20011
2.2001
2.20003
2.20004
2.2001
2.20001
2.20008
2.20012
2.20004
2.20009
2.20002
2.20006
2.20003
2.20001
2.2001
2.20003
2.20008
2.20007
2.20006
2.20005
2.20007
2.20014
2.20008
2.20006
2.20007
2.20004
2.20004
2.20005
2.20006
2.20009
2.20002
2.20002
2.2001
2.20005
2.20006
2.20002
2.20003
2.20005
2.20002
2.20006
2.20001
2.20006
2.2001
2.20004
2.2001
2.2001
2.20003
2.20004
2.20006
2.20009
2.20004
2.20013
2.20009
2.20001
2.20005
2.20001
2.20003
2.20004
2.20012
2.20007
2.20005
2.20003
2.20009
2.20005
2.2001
2.2001
2.20004
2.20004
2.20001
2.20005
2.20007
2.20008
2.20008
2.20003
2.20013
2.20012
2.20006
2.2001
2.20003
2.20009
2.20006
2.20004
2.20007
2.2001
2.20011
2.20004
2.20011
2.20002
2.19999
2.20005
2.20008
2.2001
2.20005
2.20006
2.20004
2.20017
2.20006
2.20002
2.19999
2.20005
2.20006
2.20003
2.20002
2.20012
2.20005
2.20003
2.20004
2.20005
2.20003
2.20005
2.20005
2.20008
2.20009
2.20008
2.20011
2.20003
2.20006
2.20008
2.20004
2.20006
2.20003
2.20006
2.20012
2.20009
2.2001
2.20006
2.20014
2.20006
2.20002
2.20004
2.20008
2.20003
2.20003
2.20005
2.20006
2.20004
2.20006
2.20005
2.20005
2.20003
2.20006
2.20005
2.20005
2.20005
2.20006
2.2
2.20008
2.20004
2.20001
2.20008
2.20004
2.20008
2.20004
2.2
2.20003
2.20005
2.20004
2.20005
2.20006
2.20005
2.20011
2.20006
2.20005
2.20005
2.20004
2.20004
2.20004
2.20003
2.20008
2.20002
2.20005
2.20008
2.20008
2.20003
2.20008
2.20007
2.20002
2.20003
2.20008
2.20004
2.2001
2.20005
2.20008
2.20004
2.20006
2.20003
2.20006
2.20007
2.20008
2.20005
2.20008
2.20009
2.20003
2.20007
2.20002
2.20002
2.20003
2.20004
2.20006
2.20008
2.20004
2.20009
2.20008
2.20005
2.20003
2.20007
2.20004
2.20009
2.20008
2.20004
2.20003
2.2001
2.20003
2.20007
2.20005
2.20005
2.20007
2.20003
2.20003
2.20002
2.20009
2.20007
2.20008
2.20004
2.20004
2.20003
2.20006
2.20013
2.20003
2.20006
2.20006
2.20004
2.20008
2.19999
2.20002
2.2
2.20007
2.20006
2.20005
2.20005
2.20006
2.20003
2.20002
2.20009
2.20006
2.20012
2.19997
2.20001
2.20006
2.20013
2.20002
2.20005
2.20011
2.20005
2.20005
2.20007
2.20004
2.20012
2.2001
2.20012
2.20008
2.20002
2.20007
2.20005
2.20003
2.20003
2.20008
2.20004
2.20008
2.19999
2.20005
2.20006
2.20006
2.2
2.20003
2.20008
2.20008
2.20007
2.20004
2.19998
2.20001
2.20014
2.20001
2.20007
2.20008
2.20013
2.20003
2.20005
2.20011
2.20009
2.20009
2.20011
2.19996
2.20006
2.20002
2.20006
2.20005
2.2001
2.20005
2.20002
2.20006
2.20001
2.20003
2.20009
2.20009
2.20008
2.20005
2.20005
2.20008
2.20003
2.20004
2.20003
2.20006
2.20007
2.20008
2.20004
2.20004
2.20008
2.20006
2.20008
2.20006
2.20007
2.20006
2.2001
2.20006
2.20007
2.20006
2.20007
2.20006
2.20006
2.20003
2.20006
2.20005
2.20005
2.19999
2.20003
2.19998
2.20002
2.20006
2.20004
2.20006
2.20007
2.20003
2.20007
2.20002
2.20006
2.19999
2.20009
2.20001
2.20004
2.19999
2.20002
2.20007
2.20007
2.20005
2.20009
2.20007
2.20009
2.20006
2.20003
2.20009
2.20005
2.20013
2.20004
2.20003
2.20004
2.20005
2.19999
2.20007
2.20004
2.20007
2.20004
2.2
2.20003
2.20004
2.20005
2.20007
2.20002
2.20004
2.20008
2.20008
2.20005
2.20009
2.20009
2.20008
2.20005
2.20001
2.2
2.20007
2.20005
2.20012
2.20003
2.20005
2.2001
2.20004
2.19999
2.2001
2.20011
2.20003
2.20009
2.20007
2.2001
2.20008
2.20002
2.20009
2.20008
2.20005
2.20008
2.20007
2.20003
2.20012
2.2001
2.20002
2.20008
2.19999
2.2001
2.20009
2.20006
2.20004
2.20008
2.20008
2.20001
2.20008
2.20004
2.20006
2.20006
2.20008
2.20004
2.20009
2.20005
2.20008
2.20003
2.20001
2.20005
2.2001
2.20003
2.20003
2.20008
2.20004
2.20008
2.20007
2.19999
2.20003
2.20008
2.20004
2.20002
2.20007
2.19999
2.20009
2.20001
2.20008
2.20006
2.20004
2.20009
2.20003
2.20005
2.20006
2.20007
