0.279987
0.27999
0.279994
0.279993
0.279994
0.27999
0.279992
0.279992
0.279999
0.279991
0.279998
0.279994
0.279995
0.279986
0.279985
0.279991
0.279988
0.280001
0.280001
0.279992
0.279997
0.280007
0.279996
0.279979
0.280007
0.279996
0.280006
0.279998
0.279988
0.279994
0.28
0.27999
0.279994
0.279989
0.279997
0.279987
0.279996
0.279995
0.279992
0.279994
0.279992
0.280001
0.279995
0.279994
0.279985
0.28
0.279986
0.279999
0.279988
0.27999
0.279999
0.279997
0.279996
0.279997
0.279997
0.279992
0.279992
0.279996
0.279996
0.279996
0.279992
0.28
0.279995
0.279992
0.279998
0.279995
0.280006
0.279988
0.280004
0.279997
0.279988
0.279989
0.279992
0.279998
0.279986
0.280001
0.279999
0.279984
0.279994
0.280004
0.279995
0.280003
0.279995
0.279979
0.279986
0.27999
0.27999
0.279997
0.279998
0.27999
0.280004
0.279992
0.279996
0.279993
0.279999
0.279993
0.279998
0.279999
0.279998
0.279989
0.279997
0.279991
0.279995
0.279993
0.279987
0.279991
0.279999
0.279994
0.279989
0.279994
0.279989
0.280001
0.279996
0.27999
0.28
0.279991
0.279999
0.280005
0.279996
0.279996
0.28
0.279995
0.279991
0.27999
0.279995
0.279992
0.280008
0.279994
0.279997
0.279993
0.28
0.279989
0.28
0.279996
0.279991
0.279991
0.279984
0.279992
0.279998
0.28
0.279995
0.279987
0.279992
0.279995
0.280001
0.279998
0.279999
0.279996
0.28
0.279985
0.279996
0.279998
0.279987
0.279994
0.279998
0.279999
0.279994
0.28
0.279995
0.279989
0.279994
0.279989
0.279987
0.28
0.279986
0.279998
0.280002
0.279993
0.279998
0.279994
0.279989
0.279993
0.279995
0.279991
0.279998
0.279996
0.27999
0.279995
0.279993
0.279998
0.28
0.279996
0.279993
0.279992
0.279997
0.279995
0.280002
0.280001
0.279999
0.279986
0.279989
0.279998
0.28
0.279996
0.279999
0.279998
0.279984
0.279995
0.279994
0.279986
0.279995
0.280001
0.279998
0.279994
0.279996
0.280004
0.28
0.279986
0.279995
0.279998
0.279989
0.280003
0.279989
0.27999
0.279988
0.279991
0.28
0.280003
0.280005
0.280006
0.280002
0.279992
0.279994
0.279998
0.279997
0.280004
0.280001
0.279986
0.279988
0.279998
0.279995
0.280005
0.279993
0.279998
0.279989
0.280003
0.279997
0.280008
0.279998
0.279995
0.280009
0.279994
0.279996
0.279984
0.27999
0.28001
0.280005
0.279989
0.27995
0.279916
0.279898
0.279894
0.27992
0.279946
0.279973
0.280007
0.28001
0.280012
0.280018
0.280054
0.280056
0.28005
0.280044
0.280035
0.280043
0.280029
0.280028
0.279977
0.279986
0.27998
0.279959
0.279954
0.279969
0.279969
0.280007
0.280011
0.28003
0.280034
0.28004
0.280034
0.280044
0.280057
0.280052
0.28009
0.280057
0.280048
0.280035
0.280001
0.279993
0.279962
0.279924
0.279924
0.279912
0.279932
0.279961
0.279965
0.279967
0.28
0.279989
0.279986
0.280018
0.280037
0.280053
0.280047
0.280048
0.28003
0.280023
0.280028
0.279997
0.279975
0.279949
0.279937
0.279947
0.279955
0.279977
0.279984
0.280018
0.280009
0.280027
0.280024
0.280031
0.280026
0.280039
0.280043
0.280042
0.280023
0.280005
0.279976
0.279965
0.279946
0.279935
0.279918
0.27991
0.279936
0.279946
0.279991
0.279998
0.280033
0.280042
0.280054
0.280074
0.280078
0.280107
0.280084
0.280072
0.280068
0.280033
0.279993
0.279993
0.279968
0.27992
0.279923
0.279925
0.279916
0.279944
0.279968
0.279984
0.280008
0.280012
0.28001
0.280026
0.280013
0.280018
0.280022
0.280011
0.279995
0.279992
0.279959
0.279945
0.279943
0.279932
0.279942
0.279973
0.279982
0.280009
0.280024
0.280033
0.28002
0.280007
0.280026
0.280028
0.280039
0.280036
0.280014
0.279978
0.279955
0.279929
0.279946
0.279933
0.279957
0.279972
0.279991
0.280059
0.280073
0.280096
0.280118
0.280114
0.280107
0.280125
0.280086
0.280061
0.28003
0.280019
0.279956
0.279926
0.27991
0.279895
0.279901
0.279924
0.279963
0.279992
0.28005
0.280077
0.280075
0.280095
0.280089
0.280097
0.280088
0.280028
0.280007
0.279986
0.279921
0.279896
0.279891
0.279883
0.279899
0.279926
0.279968
0.28
0.280031
0.280065
0.280077
0.280092
0.280093
0.280086
0.280062
0.280047
0.279985
0.279953
0.279917
0.279912
0.279878
0.279893
0.279908
0.279923
0.279983
0.280015
0.280034
0.280068
0.280073
0.280075
0.280074
0.280056
0.280017
0.279973
0.279938
0.279866
0.279834
0.279834
0.279846
0.279874
0.279897
0.279946
0.279982
0.280039
0.280042
0.280049
0.280049
0.280039
0.280001
0.279973
0.279896
0.279875
0.279873
0.279843
0.279849
0.27988
0.279916
0.279959
0.280031
0.280067
0.280085
0.280097
0.280112
0.280101
0.280072
0.280022
0.279979
0.279929
0.27988
0.279866
0.279877
0.279913
0.279964
0.280039
0.280057
0.280093
0.280106
0.28013
0.280111
0.28007
0.280026
0.279989
0.27995
0.279903
0.279871
0.279876
0.279884
0.279912
0.280029
0.28008
0.280123
0.280163
0.280164
0.280138
0.280107
0.280009
0.279957
0.279932
0.27991
0.279893
0.279918
0.279937
0.279981
0.280095
0.280108
0.28016
0.280154
0.280118
0.280077
0.28005
0.279971
0.279947
0.279909
0.2799
0.279903
0.279923
0.279969
0.280017
0.280097
0.280135
0.280142
0.280145
0.280063
0.280049
0.280007
0.279957
0.279947
0.279931
0.279862
0.279927
0.279944
0.27998
0.280008
0.280058
0.280059
0.280067
0.28006
0.280057
0.280018
0.280005
0.279975
0.279898
0.27987
0.27986
0.27988
0.279953
0.280006
0.280079
0.280142
0.280131
0.280118
0.28005
0.279932
0.27988
0.279842
0.279818
0.279842
0.279869
0.27995
0.280109
0.280132
0.280159
0.280138
0.280002
0.27995
0.279887
0.279828
0.279826
0.279868
0.279891
0.279952
0.280035
0.280099
0.280106
0.280094
0.280056
0.280053
0.28001
0.279922
0.279877
0.279861
0.279846
0.27992
0.280005
0.280063
0.280128
0.280138
0.280078
0.280003
0.279914
0.279814
0.279796
0.279838
0.279981
0.280072
0.280162
0.28019
0.280142
0.280086
0.280019
0.279968
0.279857
0.279834
0.279831
0.279858
0.280007
0.280089
0.280158
0.280177
0.280118
0.280021
0.279918
0.279815
0.279828
0.27992
0.280047
0.280202
0.28024
0.280211
0.280169
0.279892
0.279812
0.279767
0.279791
0.279862
0.279888
0.279937
0.279699
0.279446
0.279154
0.278796
0.277953
0.277551
0.277132
0.276648
0.275785
0.275362
0.274972
0.274169
0.273838
0.273498
0.273153
0.272404
0.271995
0.271601
0.271186
0.270347
0.269912
0.269492
0.269094
0.268275
0.267893
0.267518
0.267155
0.266403
0.266069
0.265712
0.264945
0.264508
0.264081
0.263653
0.262846
0.262444
0.262036
0.261592
0.260751
0.260353
0.259929
0.259536
0.258783
0.258383
0.258007
0.25726
0.25687
0.256504
0.256098
0.255288
0.254903
0.254462
0.254066
0.253291
0.252896
0.252598
0.252102
0.251233
0.250808
0.250394
0.250025
0.249265
0.248859
0.248452
0.248058
0.247237
0.246837
0.246484
0.245768
0.245356
0.244945
0.244509
0.243652
0.243288
0.242902
0.242544
0.241772
0.241304
0.240875
0.240433
0.239592
0.239213
0.238849
0.238455
0.237651
0.237215
0.236778
0.235925
0.235551
0.235202
0.234853
0.234139
0.233698
0.233284
0.232873
0.232032
0.231667
0.231314
0.23095
0.23019
0.22976
0.229317
0.22843
0.228024
0.227625
0.227277
0.2266
0.226219
0.225809
0.225356
0.224448
0.224042
0.223635
0.223223
0.222514
0.222148
0.221751
0.220857
0.220389
0.219936
0.219504
0.218738
0.218374
0.218029
0.217675
0.216884
0.216461
0.216048
0.215603
0.214786
0.214395
0.214002
0.213262
0.212893
0.212496
0.212112
0.211292
0.210865
0.210448
0.210035
0.209227
0.208837
0.208469
0.208087
0.207326
0.206927
0.206484
0.206041
0.20519
0.20481
0.204425
0.203668
0.203308
0.202925
0.202528
0.201729
0.201293
0.200863
0.200427
0.199567
0.199194
0.198785
0.198415
0.197668
0.197286
0.196865
0.196024
0.195603
0.195147
0.194752
0.193952
0.193551
0.193174
0.192773
0.192019
0.19163
0.191322
0.190889
0.190024
0.189594
0.189176
0.188376
0.18801
0.187635
0.187275
0.186521
0.186097
0.185717
0.185287
0.184425
0.184004
0.183609
0.183201
0.182424
0.182061
0.181642
0.181275
0.180472
0.180105
0.179694
0.178888
0.17847
0.178053
0.177657
0.176839
0.176457
0.176101
0.175718
0.174951
0.174543
0.174128
0.173712
0.172862
0.172451
0.172021
0.171237
0.170853
0.170464
0.170055
0.169294
0.1689
0.168536
0.16813
0.167318
0.166912
0.166477
0.166042
0.165204
0.164781
0.164427
0.163683
0.163256
0.162897
0.16246
0.161662
0.161251
0.160844
0.160398
0.159569
0.159143
0.158754
0.158329
0.157559
0.157194
0.156785
0.156387
0.155627
0.155234
0.154868
0.154088
0.153648
0.153228
0.152799
0.152006
0.151604
0.151231
0.150885
0.150092
0.149699
0.149315
0.148904
0.148147
0.14775
0.147343
0.146495
0.14609
0.145684
0.145303
0.144508
0.144125
0.143725
0.143314
0.142517
0.142127
0.141742
0.141348
0.140564
0.140147
0.139719
0.138846
0.13842
0.13804
0.137632
0.136869
0.136504
0.136107
0.13569
0.134892
0.134473
0.134073
0.133664
0.132849
0.132459
0.132019
0.13119
0.130796
0.130439
0.13004
0.129254
0.128869
0.128468
0.128052
0.127279
0.126899
0.126505
0.126125
0.12534
0.124947
0.124512
0.12409
0.123273
0.122851
0.122454
0.121709
0.121326
0.120924
0.120551
0.119746
0.119345
0.118973
0.11858
0.117789
0.117369
0.11696
0.116569
0.11572
0.115292
0.11488
0.114097
0.113706
0.113325
0.112915
0.112101
0.111699
0.111325
0.110944
0.110172
0.109788
0.109371
0.108966
0.108107
0.107695
0.107294
0.106479
0.106064
0.105659
0.105275
0.10451
0.104108
0.103686
0.103297
0.102493
0.102092
0.101675
0.101288
0.100467
0.100075
0.0996393
0.0988378
0.0984036
0.0979765
0.0975789
0.0967795
0.0963995
0.0960029
0.0956018
0.0947779
0.0943779
0.0939721
0.0935999
0.092855
0.0924629
0.0920831
0.0916748
0.0908739
0.0904735
0.0900702
0.089271
0.0888579
0.0884403
0.0880663
0.0872936
0.0869245
0.0865405
0.086145
0.0853168
0.0849513
0.0845384
0.0841445
0.0833847
0.0830061
0.0825624
0.0817408
0.0813242
0.0809271
0.0805228
0.0796773
0.0792382
0.0788035
0.0784234
0.0776153
0.0772036
0.076829
0.0764433
0.075576
0.0751748
0.0748018
0.0739979
0.0736127
0.0732096
0.072806
0.0719873
0.0715779
0.0712153
0.0707785
0.0699904
0.0695935
0.0691851
0.0687961
0.0680203
0.0676188
0.0672513
0.0665189
0.0661193
0.0657213
0.0653093
0.064509
0.06412
0.06373
0.0633486
0.0625706
0.0621713
0.0617694
0.0613489
0.0605335
0.060116
0.0597075
0.0589126
0.0584625
0.0580455
0.0575969
0.0567949
0.0564122
0.0560229
0.0556026
0.0547969
0.0543671
0.0539348
0.0535488
0.0527947
0.0524521
0.052049
0.0516772
0.0508913
0.0505057
0.0501029
0.049343
0.0489544
0.048558
0.0481771
0.047375
0.0469335
0.0465243
0.0461185
0.0453241
0.0449315
0.0445286
0.0441295
0.043297
0.0428703
0.0424558
0.0416317
0.0412401
0.0408293
0.0404322
0.0396566
0.0392354
0.0388184
0.0384119
0.0376206
0.0372001
0.0368089
0.0364119
0.0356582
0.0352944
0.0349089
0.0345058
0.033711
0.0332954
0.0329113
0.0321408
0.0317496
0.0313577
0.0309521
0.0301182
0.0296945
0.0292967
0.0288911
0.0280744
0.0276619
0.0272313
0.0268354
0.0260249
0.0256024
0.0251832
0.0243783
0.0239762
0.0235707
0.0231656
0.0223844
0.0220229
0.0216395
0.0212802
0.0205254
0.0201138
0.0197024
0.0192997
0.0185175
0.0181159
0.0177224
0.0168892
0.016482
0.016056
0.0156462
0.0147939
0.0143958
0.013977
0.0135684
0.0127298
0.0123341
0.0119138
0.0115307
0.010759
0.0103865
0.0100122
0.00963844
0.00890296
0.00851034
0.00812577
0.00736959
0.0069653
0.0065723
0.00616724
0.00534426
0.00493438
0.00450633
0.00408213
0.00325661
0.00280686
0.00239174
0.00196488
0.00113883
0.000744994
0.00033608
-0.000433423
-0.000821257
-0.00120696
-0.0015988
-0.00234675
-0.00271392
-0.00309355
-0.00348655
-0.00427637
-0.00466635
-0.00506888
-0.00547861
-0.00629691
-0.00670617
-0.0070546
-0.00792035
-0.00832303
-0.00875022
-0.00915159
-0.00987194
-0.0101179
-0.0102301
-0.0102424
-0.0101582
-0.0100857
-0.0100924
-0.0101062
-0.010155
-0.0101334
-0.0101318
-0.0100866
-0.0101158
-0.0101292
-0.0101229
-0.0100916
-0.0100875
-0.0100875
-0.0100794
-0.0100626
-0.0100591
-0.0100332
-0.0100296
-0.0100187
-0.010011
-0.0100237
-0.0100273
-0.010007
-0.0100013
-0.00999655
-0.0100104
-0.0100192
-0.00999284
-0.0100067
-0.0100037
-0.0100129
-0.0100201
-0.0100115
-0.0100167
-0.00999953
-0.0100052
-0.0100042
-0.00999946
-0.0100115
-0.0100106
-0.0100015
-0.0100131
-0.0100178
-0.0100071
-0.0100186
-0.00999624
-0.00999672
-0.0100023
-0.0100108
-0.0100076
-0.0100134
-0.00999013
-0.0100024
-0.00999257
-0.0100119
-0.0100077
-0.0100078
-0.0100134
-0.0100114
-0.0100166
-0.00998832
-0.0100021
-0.0100052
-0.010005
-0.0100209
-0.0100048
-0.0100003
-0.0100071
-0.00998526
-0.0100091
-0.0100098
-0.0100025
-0.0100072
-0.00999939
-0.0100097
-0.00999948
-0.00999431
-0.00999952
-0.0100026
-0.0100154
-0.0100037
-0.0100096
-0.0100101
-0.00999324
-0.0100034
-0.00999573
-0.00998732
-0.0100174
-0.0100023
-0.0100202
-0.00999477
-0.00999535
-0.0100045
-0.0100076
-0.0100011
-0.0100014
-0.00999571
-0.0100046
-0.00999849
-0.0100056
-0.0100142
-0.00999431
-0.00999045
-0.01001
-0.0100027
-0.0100114
-0.0100034
-0.0100074
-0.0100054
-0.010005
-0.0100034
-0.00999265
-0.0100149
-0.00999211
-0.0100091
-0.0100093
-0.0100026
-0.0100142
-0.0099974
-0.0100128
-0.0100156
-0.0100124
-0.0100142
-0.0100045
-0.00999315
-0.00999124
-0.0100058
-0.0100013
-0.00999139
-0.0100139
-0.0100115
-0.0100074
-0.010004
-0.0100009
-0.00999663
-0.010015
-0.00999418
-0.0100039
-0.00999965
-0.00999823
-0.00998513
-0.00999733
-0.010016
-0.00999957
-0.0100031
-0.00999708
-0.0100037
-0.0100001
-0.0100011
-0.00999249
-0.0100053
-0.0100042
-0.010006
-0.0100177
-0.00999857
-0.00999515
-0.0100015
-0.0100047
-0.010001
-0.010004
-0.010007
-0.0100104
-0.0100049
-0.0100014
-0.0100126
-0.00999694
-0.0100058
-0.0100001
-0.0100201
-0.0100042
-0.0100036
-0.0100076
-0.0099958
-0.0100116
-0.00999572
-0.0100103
-0.0100024
-0.0100038
-0.0100048
-0.0100075
-0.0100015
-0.0100114
-0.00998012
-0.00999708
-0.00999014
-0.0100039
-0.00999704
-0.0100136
-0.0100157
-0.00998871
-0.0100021
-0.0100097
-0.00999629
-0.0100061
-0.0100007
-0.0100286
-0.00994628
-0.00967383
-0.00939124
-0.00901067
-0.00855861
-0.00763776
-0.00719955
-0.00678228
-0.00606779
-0.00569798
-0.00530656
-0.00487558
-0.00404221
-0.00365689
-0.00326114
-0.00290934
-0.00211204
-0.00170601
-0.00131064
-0.000893222
-0.000115065
0.000291795
0.000697211
0.00109885
0.00193292
0.00236724
0.00279093
0.00360395
0.00398357
0.00439604
0.00481773
0.00560335
0.00601487
0.00640116
0.00679265
0.00754961
0.00794384
0.00830355
0.00869623
0.00948164
0.00986797
0.0102666
0.0106672
0.0114603
0.0118704
0.0123097
0.0126479
0.0135145
0.0139385
0.0143739
0.0151906
0.0155896
0.015979
0.0163617
0.0171874
0.0175799
0.0179767
0.0183673
0.0191523
0.0195371
0.0199298
0.0203113
0.0211164
0.0214997
0.0218796
0.0226476
0.0230576
0.0234503
0.0238597
0.0247007
0.0251084
0.0255241
0.0259266
0.0267419
0.0271554
0.0275751
0.0283791
0.028766
0.0291352
0.0295642
0.0303299
0.0307581
0.0311539
0.0315612
0.0323706
0.0327547
0.0331294
0.0335245
0.0343114
0.0347067
0.0351089
0.0355045
0.036276
0.0366514
0.0370618
0.0378671
0.0382796
0.0386751
0.0391004
0.039915
0.0403359
0.0407424
0.0411578
0.0419448
0.0423531
0.0427449
0.0431421
0.0439579
0.0443687
0.044772
0.0455748
0.0459842
0.0463974
0.046792
0.0475494
0.0479657
0.0483612
0.0487533
0.0495295
0.0499193
0.0502827
0.050678
0.0514617
0.0518735
0.0522808
0.0530759
0.0534723
0.0538879
0.0543007
0.0551206
0.055515
0.0559453
0.0563683
0.0571739
0.0575848
0.0579988
0.0583911
0.059213
0.0596182
0.0600138
0.0608276
0.0612089
0.0616148
0.0619758
0.0627719
0.0631526
0.0635624
0.06395
0.0647276
0.0651117
0.0654685
0.0658874
0.0666833
0.0670788
0.0674515
0.067865
0.0686347
0.0690646
0.0694508
0.0703001
0.070702
0.0711273
0.0715536
0.0723502
0.0727529
0.0731712
0.0735776
0.0744045
0.0747862
0.075194
0.0755798
0.0763696
0.076747
0.0771614
0.0779425
0.0783463
0.0787534
0.0791839
0.0799937
0.0804117
0.0808209
0.0812276
0.0820173
0.0824034
0.0828164
0.0831974
0.0839631
0.0843449
0.0847011
0.085503
0.0859063
0.0863042
0.0866883
0.0874921
0.0878733
0.0882625
0.0886504
0.0894454
0.0898426
0.0902705
0.0906855
0.0915185
0.0918985
0.0922996
0.0926864
0.0935117
0.0938717
0.0942846
0.0950679
0.0954971
0.0958886
0.0963044
0.097121
0.0975333
0.09793
0.0983461
0.0991569
0.0995622
0.0999912
0.100386
0.101176
0.101575
0.101956
0.102742
0.103146
0.103558
0.103947
0.104741
0.105152
0.105555
0.105949
0.106774
0.107167
0.107576
0.107979
0.108786
0.109203
0.10961
0.110398
0.110789
0.11117
0.111539
0.112333
0.112728
0.11311
0.113519
0.114334
0.114745
0.115123
0.115547
0.116367
0.116754
0.117165
0.117551
0.118342
0.118739
0.119107
0.119868
0.120278
0.120673
0.121079
0.121873
0.12229
0.122686
0.123086
0.123923
0.124326
0.124757
0.125145
0.12596
0.126369
0.126778
0.127559
0.127955
0.128354
0.128734
0.129531
0.129944
0.130354
0.13074
0.131546
0.13196
0.132365
0.132777
0.133583
0.133997
0.134395
0.135198
0.135601
0.135964
0.136378
0.137156
0.137551
0.137951
0.138353
0.139139
0.139557
0.139971
0.140389
0.141218
0.141564
0.141977
0.142756
0.143151
0.143512
0.143916
0.144714
0.14512
0.145545
0.145938
0.146737
0.147128
0.147537
0.147957
0.148737
0.149115
0.149511
0.150274
0.150651
0.151055
0.151449
0.152259
0.152642
0.153059
0.153459
0.154273
0.154681
0.155096
0.155469
0.156264
0.156631
0.157057
0.157442
0.158279
0.158653
0.159053
0.159459
0.16031
0.16069
0.161139
0.161967
0.162367
0.162737
0.163156
0.163923
0.164312
0.164738
0.165131
0.165919
0.166344
0.166754
0.167175
0.168029
0.168445
0.168848
0.169616
0.169989
0.170384
0.17076
0.17157
0.172017
0.172416
0.172817
0.173633
0.174013
0.174429
0.174835
0.175602
0.175991
0.176381
0.176765
0.177574
0.177957
0.178365
0.179171
0.179556
0.17997
0.180388
0.181187
0.181592
0.18196
0.18234
0.183145
0.18352
0.183945
0.18436
0.185202
0.185614
0.18601
0.186811
0.187193
0.187575
0.187959
0.188767
0.189169
0.189567
0.189977
0.190828
0.191252
0.191635
0.19206
0.192826
0.193216
0.193592
0.194387
0.194797
0.195198
0.195612
0.196454
0.196874
0.197266
0.197584
0.198393
0.198789
0.199176
0.199555
0.200043
0.200172
0.200226
0.200073
0.200041
0.200053
0.200054
0.200121
0.20017
0.200246
0.200337
0.200612
0.200771
0.200954
0.201116
0.201368
0.20148
0.201641
0.201774
0.202161
0.202352
0.202527
0.202859
0.203001
0.203145
0.203298
0.203623
0.203793
0.203946
0.204098
0.204367
0.204515
0.204651
0.204775
0.205081
0.205241
0.205381
0.205714
0.20588
0.206038
0.206221
0.206571
0.206737
0.206929
0.207078
0.207352
0.207493
0.207649
0.207771
0.208075
0.208226
0.208364
0.208654
0.208795
0.208929
0.209101
0.209391
0.209533
0.209687
0.209855
0.210174
0.210339
0.210519
0.210705
0.211032
0.211171
0.211332
0.211477
0.211733
0.211898
0.212026
0.212316
0.212482
0.212639
0.212792
0.213076
0.213215
0.213368
0.213508
0.213764
0.213931
0.214085
0.21426
0.214598
0.214764
0.21496
0.215295
0.215458
0.215601
0.215755
0.216008
0.216182
0.216323
0.216459
0.216771
0.216882
0.217014
0.217168
0.217464
0.217598
0.217729
0.218016
0.218188
0.218325
0.218476
0.218819
0.218994
0.219148
0.21934
0.219685
0.219831
0.219981
0.220151
0.220417
0.22056
0.220711
0.220888
0.221156
0.221333
0.22148
0.221745
0.221879
0.222072
0.222175
0.222465
0.222612
0.222801
0.222954
0.223282
0.223456
0.223606
0.223771
0.224131
0.224279
0.224399
0.224711
0.224845
0.225012
0.225156
0.225482
0.225617
0.225786
0.225935
0.226217
0.226379
0.226509
0.226646
0.226917
0.227046
0.227225
0.227557
0.227685
0.227871
0.228017
0.228333
0.228504
0.228653
0.228812
0.229137
0.229265
0.22942
0.229572
0.22991
0.230062
0.230235
0.230533
0.23066
0.230811
0.230947
0.231206
0.231355
0.231504
0.231687
0.231982
0.232136
0.232276
0.232433
0.23275
0.232905
0.23309
0.233251
0.233553
0.233706
0.233861
0.234199
0.234328
0.234527
0.234677
0.234985
0.235107
0.235251
0.235399
0.235669
0.235816
0.235958
0.236105
0.236393
0.236493
0.236634
0.236929
0.237083
0.237239
0.237407
0.237726
0.237884
0.238074
0.238226
0.238544
0.238746
0.238886
0.239037
0.239368
0.239507
0.239653
0.239971
0.24014
0.240267
0.240397
0.240655
0.240804
0.240886
0.241046
0.241313
0.241449
0.241594
0.241776
0.242064
0.242275
0.242451
0.24283
0.242995
0.243188
0.243338
0.243638
0.243783
0.243975
0.244155
0.244486
0.244619
0.244726
0.244842
0.245113
0.245235
0.245374
0.245631
0.245753
0.245893
0.246058
0.246376
0.246534
0.246687
0.24687
0.247232
0.247369
0.247536
0.247674
0.248044
0.248196
0.248371
0.248557
0.248878
0.249017
0.249164
0.249444
0.24959
0.249726
0.249872
0.25012
0.250232
0.250416
0.250537
0.250817
0.250979
0.251147
0.2513
0.251602
0.251735
0.251899
0.252267
0.252426
0.252627
0.252817
0.25311
0.253245
0.253415
0.253565
0.253863
0.254048
0.254159
0.254301
0.254583
0.254736
0.254882
0.255027
0.255329
0.255493
0.25562
0.255878
0.255994
0.256166
0.256347
0.256659
0.256841
0.256993
0.257137
0.257409
0.257558
0.257725
0.257867
0.25818
0.258341
0.258476
0.258814
0.258967
0.259171
0.259337
0.259692
0.259874
0.259981
0.260137
0.260413
0.260557
0.260691
0.260832
0.261147
0.261251
0.261389
0.261647
0.261793
0.261964
0.262117
0.262398
0.26253
0.262676
0.26281
0.263168
0.263357
0.263563
0.263678
0.263999
0.264153
0.264301
0.264484
0.264822
0.264999
0.265177
0.265491
0.265638
0.265763
0.265912
0.266179
0.266312
0.266454
0.266593
0.266864
0.26698
0.267124
0.267276
0.267593
0.267749
0.267907
0.268205
0.26836
0.268536
0.268689
0.269058
0.269229
0.269369
0.269542
0.26985
0.269996
0.270133
0.270292
0.270584
0.270707
0.270867
0.271224
0.271385
0.271548
0.271736
0.272032
0.272165
0.272306
0.272474
0.272781
0.272952
0.27312
0.273203
0.273437
0.2736
0.273722
0.274013
0.274194
0.274301
0.274423
0.27473
0.274848
0.275
0.275192
0.275569
0.275726
0.275908
0.276049
0.276335
0.276512
0.276702
0.276858
0.2772
0.27738
0.277531
0.277838
0.278012
0.278187
0.278325
0.278573
0.278714
0.278835
0.27895
0.27927
0.279417
0.279579
0.279724
0.280031
0.28015
0.280256
0.280594
0.280764
0.280947
0.281134
0.281447
0.281577
0.281726
0.281884
0.282132
0.282261
0.282399
0.282508
0.282807
0.282978
0.283114
0.283463
0.283654
0.283794
0.283965
0.284281
0.284446
0.284635
0.284828
0.285161
0.285304
0.285444
0.285589
0.285863
0.286028
0.286166
0.286302
0.286544
0.286703
0.286825
0.287158
0.287335
0.287455
0.287617
0.287894
0.288028
0.288189
0.288354
0.288675
0.288883
0.289036
0.289219
0.289462
0.289607
0.289755
0.290059
0.290175
0.290331
0.290472
0.290771
0.290935
0.291098
0.29125
0.291603
0.291756
0.291886
0.292039
0.292361
0.292544
0.292707
0.293053
0.29322
0.293368
0.293542
0.293822
0.293984
0.294154
0.294286
0.294528
0.294682
0.294834
0.294999
0.2953
0.295425
0.295546
0.295704
0.296017
0.296176
0.296346
0.296673
0.296829
0.296973
0.29714
0.297393
0.297529
0.2977
0.297812
0.298052
0.298183
0.298329
0.298494
0.298832
0.299038
0.299202
0.299502
0.29965
0.299807
0.299988
0.30029
0.300464
0.300605
0.300746
0.301051
0.301199
0.301344
0.301492
0.301772
0.301897
0.302024
0.302364
0.302529
0.3027
0.302899
0.303173
0.303305
0.303463
0.303648
0.303975
0.304143
0.304306
0.30442
0.304747
0.304908
0.30505
0.305385
0.305537
0.305641
0.305763
0.306059
0.306207
0.30637
0.30656
0.306852
0.307008
0.307174
0.307348
0.307638
0.307789
0.307953
0.3081
0.308389
0.308517
0.30866
0.308972
0.309116
0.309253
0.309379
0.309617
0.309764
0.309945
0.310097
0.310447
0.310593
0.310754
0.310902
0.311251
0.31141
0.311597
0.311949
0.312091
0.312259
0.312428
0.312715
0.312857
0.313014
0.31311
0.313386
0.313561
0.313725
0.313893
0.314205
0.314352
0.314476
0.314788
0.314956
0.315122
0.315268
0.315585
0.315743
0.315901
0.316051
0.316363
0.316482
0.316575
0.316723
0.317025
0.317165
0.317337
0.317509
0.317831
0.317985
0.318159
0.318483
0.318695
0.318836
0.319008
0.319325
0.319485
0.319617
0.319788
0.320078
0.320213
0.320361
0.320501
0.320792
0.320925
0.321085
0.32139
0.321532
0.321664
0.321774
0.322099
0.322262
0.322424
0.322577
0.322868
0.32303
0.323163
0.323295
0.323591
0.323729
0.323895
0.324218
0.324382
0.324508
0.324677
0.324966
0.325118
0.325297
0.32547
0.325779
0.325925
0.326112
0.326302
0.326628
0.326785
0.326923
0.327179
0.327326
0.327474
0.327579
0.327824
0.327995
0.328164
0.328316
0.328635
0.328822
0.328984
0.329095
0.329435
0.329608
0.329773
0.329935
0.330234
0.330392
0.330526
0.330754
0.330866
0.330993
0.331155
0.331497
0.331658
0.331821
0.33201
0.332361
0.332516
0.332671
0.333026
0.333235
0.333327
0.33342
0.333623
0.333743
0.333899
0.334059
0.33446
0.334656
0.334827
0.334978
0.335327
0.33547
0.335592
0.335824
0.335929
0.33603
0.336152
0.336518
0.336725
0.336942
0.337121
0.337439
0.337583
0.337699
0.337798
0.338013
0.338152
0.338339
0.338756
0.338955
0.339155
0.339323
0.33958
0.339715
0.339823
0.339886
0.34015
0.340302
0.340513
0.340716
0.341099
0.341238
0.34139
0.341521
0.34171
0.341807
0.341937
0.342365
0.342627
0.342837
0.343014
0.34319
0.343283
0.343362
0.34348
0.343846
0.344055
0.344293
0.344492
0.344748
0.34487
0.344968
0.345169
0.345299
0.345493
0.345725
0.346115
0.346281
0.346424
0.346522
0.346686
0.346823
0.347002
0.347152
0.34759
0.347775
0.347944
0.348203
0.348321
0.348429
0.348523
0.348874
0.349073
0.349293
0.349496
0.34977
0.34985
0.34986
0.349921
0.350021
0.350008
0.349983
0.350001
0.349958
0.349914
0.349905
0.349978
0.350002
0.349991
0.349974
0.350005
0.350001
0.349981
0.349993
0.349981
0.349975
0.349955
0.349945
0.349914
0.349911
0.349912
0.349878
0.34988
0.34988
0.349885
0.349892
0.349894
0.349905
0.349889
0.349912
0.34996
0.349971
0.349957
0.349981
0.349999
0.350003
0.349973
0.350022
0.350013
0.35004
0.350049
0.350046
0.350055
0.35005
0.350056
0.350038
0.350033
0.350023
0.350023
0.350022
0.349996
0.349987
0.349973
0.349929
0.349927
0.349915
0.349936
0.349941
0.349926
0.349954
0.34995
0.349942
0.349956
0.349951
0.349976
0.350001
0.349995
0.350017
0.350021
0.350008
0.350004
0.350043
0.35005
0.350049
0.350078
0.350055
0.350068
0.35008
0.350084
0.350095
0.350072
0.350068
0.350079
0.350051
0.350045
0.350057
0.350045
0.350016
0.350014
0.350018
0.349971
0.349979
0.349972
0.349941
0.34993
0.349942
0.349949
0.349962
0.349949
0.349957
0.349951
0.349951
0.349953
0.349938
0.349944
0.349966
0.349984
0.350003
0.349997
0.350023
0.350023
0.350023
0.350019
0.350062
0.350036
0.350031
0.350039
0.350007
0.350012
0.350045
0.350058
0.350052
0.350076
0.350086
0.35004
0.350057
0.350069
0.350046
0.350043
0.35003
0.350008
0.350013
0.350023
0.350017
0.350016
0.350008
0.35002
0.349985
0.349989
0.349988
0.34997
0.349965
0.349961
0.34995
0.349932
0.349911
0.349905
0.349983
0.34993
0.349947
0.349934
0.349961
0.34996
0.349951
0.349925
0.349904
0.349927
0.349935
0.349987
0.349977
0.349976
0.349949
0.349929
0.349925
0.349942
0.349934
0.349948
0.349957
0.349983
0.349989
0.349986
0.349995
0.349986
0.349972
0.34999
0.349991
0.350028
0.35001
0.350033
0.350031
0.35001
0.349997
0.350015
0.350002
0.350028
0.350042
0.350066
0.350036
0.350062
0.350051
0.350041
0.350051
0.350042
0.350029
0.350046
0.350041
0.350022
0.350034
0.350027
0.350037
0.350022
0.35001
0.349997
0.350005
0.350029
0.350019
0.350002
0.349989
0.349997
0.349999
0.349955
0.349969
0.349962
0.349957
0.349969
0.349988
0.34996
0.349973
0.349958
0.349949
0.349963
0.349949
0.349981
0.349948
0.349948
0.349926
0.349951
0.349968
0.349979
0.349996
0.349976
0.349984
0.35001
0.350013
0.349995
0.349981
0.349973
0.349944
0.349944
0.349953
0.349954
0.349951
0.349941
0.349935
0.34994
0.349908
0.349924
0.349875
0.349861
0.349868
0.349905
0.349884
0.349938
0.349932
0.349946
0.349907
0.349929
0.349929
0.349967
0.349945
0.349934
0.349938
0.349958
0.350004
0.349993
0.349987
0.350004
0.350047
0.350042
0.35006
0.350045
0.349993
0.349991
0.350007
0.35003
0.350092
0.350121
0.350108
0.350069
0.350038
0.349989
0.350031
0.349998
0.349987
0.349909
0.349693
0.34907
0.348652
0.348229
0.347769
0.347035
0.346635
0.346262
0.345864
0.344995
0.344554
0.344129
0.343297
0.34288
0.34241
0.34203
0.341202
0.340801
0.34043
0.340057
0.339282
0.338845
0.338473
0.338084
0.33732
0.33692
0.336508
0.335665
0.335274
0.334801
0.334415
0.333574
0.333102
0.332698
0.332306
0.331543
0.331184
0.330819
0.33046
0.329698
0.329314
0.328912
0.328535
0.327755
0.327297
0.326864
0.326004
0.325532
0.325141
0.324701
0.323918
0.323528
0.323144
0.322765
0.32211
0.321732
0.321343
0.320995
0.320217
0.319833
0.319414
0.318559
0.318207
0.317719
0.317302
0.316432
0.316011
0.315614
0.315225
0.314483
0.314133
0.313724
0.313375
0.312579
0.312164
0.311769
0.310962
0.310496
0.31005
0.30963
0.308774
0.30837
0.307978
0.307606
0.306905
0.306558
0.306203
0.305795
0.305046
0.304635
0.304239
0.303806
0.3029
0.30244
0.302006
0.301179
0.300761
0.300415
0.300042
0.299313
0.298942
0.298567
0.298163
0.297352
0.296949
0.296556
0.296109
0.29524
0.294807
0.294419
0.293629
0.293306
0.292955
0.292561
0.291798
0.291408
0.290999
0.290593
0.289682
0.289233
0.288757
0.288342
0.287561
0.28721
0.286885
0.286552
0.285765
0.285369
0.28495
0.284103
0.283691
0.283203
0.282754
0.281901
0.281519
0.281159
0.280809
0.280107
0.279746
0.279346
0.278936
0.27812
0.277692
0.27724
0.27636
0.275952
0.27556
0.275205
0.27452
0.274139
0.273784
0.273375
0.272536
0.272108
0.271683
0.271213
0.27034
0.26996
0.269596
0.268968
0.268628
0.268234
0.267798
0.266974
0.266535
0.266078
0.26561
0.264758
0.264395
0.264052
0.263704
0.262959
0.262564
0.262251
0.261769
0.26093
0.26048
0.260006
0.259183
0.25882
0.258465
0.258121
0.257377
0.256954
0.256564
0.256152
0.255282
0.254831
0.254388
0.25395
0.253241
0.252903
0.252572
0.251805
0.25139
0.250961
0.250557
0.249704
0.249237
0.248795
0.248394
0.247726
0.247373
0.24701
0.246628
0.245776
0.245327
0.244893
0.24401
0.243571
0.243179
0.242841
0.242164
0.241827
0.241408
0.241042
0.240145
0.239707
0.239266
0.238797
0.238008
0.23771
0.237354
0.236646
0.236261
0.235825
0.235412
0.234545
0.234079
0.233641
0.233246
0.232561
0.232246
0.231876
0.231477
0.230625
0.230213
0.229768
0.229285
0.228404
0.228041
0.227699
0.227021
0.226627
0.226208
0.225783
0.224951
0.224492
0.22403
0.223597
0.222838
0.222521
0.222176
0.221792
0.220976
0.220523
0.220098
0.219164
0.218737
0.218297
0.217948
0.217268
0.216912
0.216508
0.216095
0.215238
0.214775
0.214312
0.213866
0.213091
0.212752
0.212408
0.212077
0.21129
0.210891
0.210457
0.209587
0.209139
0.208695
0.208309
0.207642
0.20729
0.206926
0.206504
0.205672
0.205248
0.204808
0.204462
0.203581
0.203227
0.202893
0.20218
0.201802
0.201407
0.200999
0.200236
0.200035
0.199911
0.199856
0.199799
0.199847
0.199862
0.199845
0.199822
0.199845
0.199862
0.199857
0.199824
0.199857
0.199857
0.199841
0.199826
0.199847
0.199877
0.199884
0.19989
0.199915
0.199949
0.19996
0.199964
0.199981
0.19998
0.199979
0.199979
0.199975
0.199977
0.199971
0.199982
0.199982
0.199974
0.199988
0.199988
0.199977
0.199966
0.199972
0.199978
0.199978
0.199983
0.199964
0.199988
0.199986
0.19998
0.199971
0.199975
0.199964
0.19999
0.199988
0.199984
0.199968
0.199986
0.199977
0.199975
0.199975
0.200007
0.199974
0.199989
0.199987
0.199997
0.199979
0.199975
0.199995
0.199996
0.199985
0.199973
0.199988
0.199991
0.199987
0.199986
0.199983
0.199979
0.199975
0.199981
0.199971
0.199993
0.199986
0.199988
0.19999
0.199981
0.199983
0.199981
0.199998
0.199985
0.19999
0.199983
0.199979
0.199992
0.199985
0.199992
0.199983
0.199987
0.199989
0.199992
0.199972
0.199981
0.200001
0.199987
0.199995
0.199987
0.199975
0.19999
0.199989
0.199985
0.199981
0.199992
0.199992
0.199984
0.199985
0.199977
0.199992
0.199998
0.199996
0.199991
0.199986
0.199996
0.199985
0.199992
0.199994
0.199994
0.199985
0.199983
0.199992
0.199981
0.199993
0.199989
0.199992
0.199987
0.199986
0.199983
0.19999
0.199989
0.199989
0.199986
0.199984
0.199986
0.199986
0.200002
0.199998
0.199979
0.199991
0.199995
0.199992
0.199996
0.199985
0.199996
0.199989
0.199998
0.199989
0.200011
0.199991
0.199998
0.199989
0.199987
0.200013
0.199989
0.199987
0.199992
0.199992
0.200008
0.199986
0.199983
0.199994
0.199975
0.199983
0.199982
0.199994
0.199998
0.199978
0.199996
0.199992
0.199993
0.200003
0.199993
0.199976
0.200006
0.200005
0.199986
0.19999
0.2
0.199982
0.199983
0.199989
0.199993
0.199983
0.199983
0.199994
0.199984
0.19998
0.199985
0.199981
0.199994
0.199996
0.2
0.200002
0.199979
0.200006
0.2
0.199989
0.200037
0.200406
0.200776
0.201157
0.201925
0.202343
0.202729
0.203069
0.203789
0.204228
0.204695
0.205137
0.205955
0.206377
0.206774
0.207198
0.207913
0.208256
0.20864
0.209502
0.209955
0.210392
0.210826
0.211629
0.211976
0.212348
0.212721
0.213485
0.213875
0.214332
0.214763
0.215672
0.216082
0.216466
0.217216
0.217583
0.217935
0.21833
0.219119
0.219594
0.220046
0.220499
0.221321
0.221726
0.222096
0.222454
0.223115
0.223485
0.223882
0.224296
0.225228
0.225654
0.226056
0.226823
0.227193
0.227566
0.227913
0.228646
0.229089
0.229553
0.229973
0.23081
0.231212
0.231591
0.231946
0.232657
0.233009
0.233373
0.234237
0.234667
0.235112
0.235544
0.236339
0.236699
0.237057
0.237429
0.238179
0.238582
0.238992
0.239435
0.24035
0.24076
0.241157
0.241883
0.242246
0.242621
0.242994
0.243805
0.244245
0.244701
0.24513
0.245985
0.246379
0.246762
0.247147
0.247909
0.24829
0.248645
0.249457
0.249928
0.250401
0.250803
0.251578
0.251958
0.252346
0.252736
0.253481
0.253833
0.254278
0.254702
0.255546
0.256
0.256405
0.257209
0.257602
0.258003
0.258382
0.259117
0.259504
0.259905
0.260359
0.261253
0.261699
0.262091
0.262501
0.263242
0.263636
0.263965
0.264698
0.2651
0.26552
0.265948
0.266838
0.267257
0.267665
0.268042
0.268761
0.269121
0.269504
0.269849
0.270636
0.271097
0.271538
0.272419
0.272813
0.27323
0.273602
0.274336
0.27472
0.27509
0.275468
0.27628
0.276691
0.27716
0.277614
0.278454
0.278815
0.27919
0.279593
0.28039
0.280785
0.281128
0.281799
0.282249
0.282647
0.283081
0.283988
0.284416
0.284823
0.285228
0.286001
0.286382
0.286724
0.287073
0.287819
0.288208
0.288639
0.289548
0.289984
0.290453
0.290839
0.291626
0.291981
0.292385
0.29277
0.293492
0.293878
0.294299
0.294672
0.295566
0.295986
0.296393
0.297188
0.297591
0.297987
0.298364
0.299161
0.299523
0.299902
0.300272
0.30106
0.301484
0.301889
0.302327
0.303233
0.30365
0.304059
0.304469
0.305228
0.305596
0.305958
0.306672
0.307057
0.307421
0.307825
0.308647
0.30907
0.309526
0.309949
0.310809
0.311226
0.311596
0.312014
0.312804
0.313182
0.3136
0.314317
0.314704
0.315114
0.315483
0.316277
0.316677
0.317107
0.317557
0.318436
0.318811
0.3192
0.319641
0.320374
0.32073
0.321101
0.321855
0.322278
0.322676
0.323062
0.323876
0.324281
0.32471
0.325115
0.325973
0.32639
0.326809
0.32724
0.328091
0.328465
0.32885
0.329211
0.329942
0.33034
0.330685
0.33147
0.331865
0.332269
0.332691
0.333523
0.333985
0.334409
0.334829
0.335659
0.336019
0.336427
0.336845
0.337664
0.338038
0.338429
0.339193
0.339565
0.339953
0.340339
0.341099
0.341522
0.341906
0.342307
0.343192
0.343628
0.344027
0.344415
0.345209
0.345634
0.34604
0.346441
0.347203
0.347586
0.347979
0.348752
0.349159
0.349543
0.349851
0.350115
0.350105
0.35007
0.350033
0.350028
0.35004
0.350072
0.349959
0.349813
0.34983
0.349835
0.349732
0.349741
0.349619
0.349399
0.348991
0.348956
0.348903
0.348939
0.348954
0.348871
0.348749
0.348634
0.348376
0.348261
0.348188
0.348212
0.348246
0.348161
0.348057
0.347697
0.347601
0.347559
0.347551
0.347596
0.347583
0.34746
0.347262
0.346993
0.346914
0.34692
0.346956
0.346949
0.346846
0.346764
0.346399
0.346317
0.346311
0.34628
0.346315
0.346252
0.346118
0.345982
0.34567
0.345624
0.345593
0.34564
0.345646
0.345557
0.345396
0.345078
0.344989
0.344966
0.344963
0.344942
0.344854
0.344729
0.344563
0.344329
0.344288
0.344296
0.3443
0.34422
0.344107
0.343949
0.34366
0.343611
0.343605
0.343615
0.343549
0.343437
0.34329
0.343098
0.343001
0.342989
0.343027
0.343037
0.342832
0.342694
0.342553
0.342401
0.342291
0.342314
0.342326
0.342194
0.342079
0.34194
0.341808
0.341694
0.341725
0.341728
0.341713
0.341487
0.341336
0.341183
0.341101
0.341082
0.341075
0.3411
0.340835
0.34071
0.340576
0.340458
0.340419
0.340456
0.340403
0.34037
0.340185
0.34007
0.339874
0.339801
0.339732
0.339728
0.339696
0.339618
0.339398
0.339261
0.339146
0.339055
0.339023
0.339021
0.338995
0.338821
0.338702
0.338554
0.338416
0.338296
0.338303
0.338267
0.338228
0.338126
0.337982
0.337839
0.337631
0.337531
0.337517
0.337467
0.337388
0.33736
0.337316
0.337241
0.337045
0.336936
0.336861
0.336813
0.336688
0.336631
0.336581
0.336416
0.336301
0.336192
0.336101
0.335988
0.33591
0.335877
0.335842
0.335804
0.335744
0.335674
0.335584
0.335316
0.335217
0.335151
0.334982
0.334944
0.334883
0.334832
0.334794
0.334766
0.334677
0.334618
0.334386
0.334283
0.334152
0.334075
0.333968
0.333865
0.333811
0.333736
0.33371
0.333654
0.333593
0.333451
0.333354
0.333249
0.333156
0.332981
0.332924
0.332841
0.332752
0.332651
0.33259
0.332495
0.332303
0.332218
0.332149
0.332099
0.332007
0.331985
0.331954
0.331877
0.331695
0.331618
0.331544
0.331428
0.331244
0.331186
0.331103
0.331027
0.330952
0.330878
0.330804
0.330622
0.330516
0.330463
0.330379
0.330274
0.33023
0.330157
0.330068
0.329899
0.329812
0.329744
0.329616
0.329443
0.329471
0.32942
0.329285
0.329205
0.329082
0.328995
0.328851
0.328794
0.328729
0.328658
0.328539
0.32846
0.328374
0.3283
0.328108
0.328048
0.327995
0.327947
0.327856
0.327797
0.327696
0.327522
0.32743
0.327365
0.327323
0.327225
0.327161
0.327095
0.327023
0.326809
0.326714
0.326639
0.326561
0.326477
0.326419
0.326364
0.326178
0.326105
0.326019
0.325943
0.325835
0.325784
0.32572
0.325658
0.325523
0.325451
0.325358
0.325278
0.325061
0.324984
0.324913
0.324801
0.324746
0.324698
0.324601
0.324405
0.324297
0.324191
0.3241
0.32401
0.323985
0.323945
0.3239
0.323766
0.323676
0.32361
0.323533
0.323397
0.32332
0.323291
0.323227
0.323099
0.323069
0.323022
0.322806
0.322739
0.322617
0.322522
0.322419
0.322351
0.322291
0.322214
0.322112
0.322038
0.321968
0.321903
0.321748
0.321644
0.321571
0.321482
0.321336
0.321291
0.321236
0.321103
0.321027
0.320936
0.320873
0.320701
0.320626
0.320553
0.320512
0.3204
0.320318
0.320259
0.320201
0.320073
0.319988
0.319908
0.319745
0.319635
0.319521
0.319427
0.319283
0.319231
0.319161
0.319083
0.318986
0.318945
0.31889
0.318827
0.318706
0.318625
0.318552
0.31847
0.318317
0.318235
0.318153
0.317999
0.317922
0.317854
0.317799
0.317692
0.31763
0.317544
0.317475
0.317309
0.317243
0.31716
0.317064
0.31688
0.316832
0.316762
0.316616
0.316555
0.316492
0.316368
0.316279
0.31621
0.316134
0.316082
0.315918
0.315861
0.315796
0.315695
0.315585
0.315529
0.315456
0.315306
0.315225
0.315154
0.315083
0.314956
0.314901
0.314822
0.314737
0.314579
0.314491
0.314414
0.314332
0.314183
0.314129
0.314052
0.313957
0.313825
0.313753
0.313676
0.313562
0.313522
0.313461
0.313397
0.313279
0.313201
0.31313
0.313069
0.312925
0.312844
0.312758
0.312683
0.312516
0.312451
0.312359
0.31221
0.312137
0.31204
0.311984
0.311868
0.311817
0.311746
0.311677
0.311526
0.31145
0.311384
0.311291
0.311155
0.311066
0.31099
0.310835
0.31077
0.310732
0.310667
0.310528
0.310467
0.310423
0.310359
0.310238
0.310187
0.310102
0.310036
0.309899
0.309824
0.309743
0.309568
0.309481
0.30939
0.3093
0.309146
0.309084
0.309029
0.308942
0.308801
0.308714
0.308665
0.308602
0.308463
0.308401
0.308327
0.308251
0.308096
0.308025
0.307972
0.307847
0.307787
0.307726
0.307662
0.307527
0.307458
0.307384
0.307307
0.30716
0.307079
0.307017
0.306933
0.306746
0.306672
0.306582
0.306446
0.306379
0.306306
0.306235
0.306091
0.306029
0.305954
0.305875
0.305743
0.305686
0.305612
0.305558
0.30544
0.305356
0.305278
0.305146
0.305077
0.304998
0.304955
0.304828
0.304743
0.304687
0.304623
0.304448
0.304393
0.304311
0.304233
0.304038
0.303973
0.303902
0.303831
0.303668
0.303603
0.303512
0.303374
0.303305
0.303225
0.303158
0.303029
0.302947
0.302902
0.302837
0.302707
0.302637
0.302545
0.302469
0.302361
0.302288
0.30223
0.302085
0.302024
0.301955
0.301869
0.301739
0.301659
0.30159
0.3015
0.301351
0.301265
0.30119
0.301104
0.300958
0.300897
0.300839
0.300683
0.300603
0.300537
0.300465
0.300295
0.30023
0.300152
0.300087
0.299949
0.29986
0.299792
0.299727
0.299587
0.299518
0.299445
0.299401
0.299285
0.299228
0.299175
0.299023
0.298946
0.298887
0.298817
0.298665
0.298599
0.298528
0.298463
0.298312
0.29824
0.298148
0.298073
0.297941
0.297878
0.297799
0.297649
0.297586
0.2975
0.297401
0.297279
0.297184
0.297091
0.297013
0.296868
0.29681
0.29673
0.296655
0.296532
0.296456
0.2964
0.296281
0.296191
0.296132
0.296061
0.295913
0.295856
0.295795
0.295692
0.295557
0.295491
0.295442
0.295366
0.295222
0.295165
0.295102
0.295027
0.294913
0.294837
0.294766
0.294624
0.29455
0.294453
0.29438
0.294234
0.294155
0.294093
0.294018
0.293881
0.293788
0.293729
0.293642
0.293496
0.293421
0.293343
0.293293
0.293153
0.293079
0.292992
0.292913
0.292763
0.292693
0.292623
0.292486
0.292425
0.292344
0.292263
0.292151
0.292074
0.292003
0.291927
0.291806
0.291727
0.29165
0.291575
0.291467
0.291385
0.291299
0.291149
0.291057
0.290972
0.290903
0.29079
0.290737
0.290669
0.290593
0.29045
0.290365
0.290295
0.290221
0.290083
0.289999
0.289911
0.289758
0.289677
0.289606
0.289543
0.289404
0.289342
0.289265
0.289198
0.289072
0.288994
0.288923
0.288853
0.288717
0.288647
0.288574
0.288512
0.288353
0.288282
0.288203
0.288061
0.287996
0.287924
0.287854
0.28772
0.287657
0.287588
0.287524
0.287386
0.287311
0.287242
0.287175
0.287024
0.286961
0.286879
0.286752
0.286671
0.286592
0.286507
0.286379
0.286315
0.286233
0.286163
0.285998
0.285923
0.285859
0.285782
0.285643
0.28557
0.285492
0.285363
0.285297
0.285226
0.28516
0.285026
0.284952
0.284891
0.284822
0.284688
0.284615
0.284533
0.284469
0.284327
0.284251
0.284188
0.284056
0.283979
0.283907
0.28383
0.283717
0.283654
0.283577
0.283526
0.2834
0.283328
0.283271
0.28321
0.283044
0.282995
0.282927
0.282858
0.282687
0.282607
0.282545
0.282395
0.282309
0.282243
0.282149
0.282018
0.281965
0.281877
0.281817
0.28165
0.281586
0.281507
0.281425
0.281292
0.281228
0.281156
0.28099
0.280906
0.280846
0.280773
0.28064
0.280564
0.280496
0.280407
0.280245
0.280158
0.280102
0.280043
0.279959
0.27994
0.27995
0.279972
0.27999
0.279993
0.279994
0.279982
0.279982
0.279992
0.27999
0.279987
0.27999
0.279985
0.279994
0.279989
0.279993
0.279985
0.279987
0.279982
0.279988
0.279979
0.279982
0.279985
0.27998
0.279994
0.279987
0.279976
0.279981
0.279992
0.279985
0.27999
0.279991
0.279985
0.279986
0.279976
0.279976
0.279983
0.279982
0.279983
0.279982
0.279984
0.279977
0.279981
0.279974
0.279982
0.279983
0.279985
0.279983
0.279984
0.279986
0.279988
0.27998
0.279985
0.279987
0.27999
0.279982
0.27999
0.279987
0.279988
0.279981
0.279983
0.279988
0.279986
0.279981
0.279992
0.279979
0.279987
0.279979
0.279997
0.279987
0.279981
0.279984
0.279982
0.279992
0.279989
0.279988
0.279972
0.279981
0.279978
0.27999
0.279982
0.279978
0.279996
0.279983
0.279982
0.279988
0.279979
0.27999
0.279985
0.279986
0.279987
0.279989
0.279977
0.279985
0.27997
0.279987
0.27998
0.279985
0.279985
0.279989
0.279986
0.279976
0.279982
0.279986
0.279987
0.279995
0.279984
0.279983
0.27998
0.279978
0.279983
0.279983
0.279989
0.279976
0.279988
0.279988
0.279985
0.27998
0.279978
0.279983
0.279987
0.279988
0.279983
0.27998
0.279971
0.279982
0.279976
0.279987
0.279986
0.279981
0.279982
0.279986
0.279985
0.279985
0.279983
0.279985
0.27998
0.279985
0.279977
0.279987
0.279986
0.279985
0.279982
0.279978
0.279989
0.27998
0.279989
0.279991
0.279985
0.279987
0.279985
0.279988
0.279982
0.279989
0.279986
0.27999
0.27998
0.279991
0.27998
0.279976
0.279983
0.279973
0.279987
0.279984
0.279992
0.279979
0.279984
0.279967
0.279989
0.27998
0.279984
0.279988
0.279976
0.279981
0.279985
0.279989
0.279981
0.279988
0.279992
0.279981
0.279985
0.279989
0.279986
0.279986
0.279979
0.279985
0.279989
0.279978
0.279984
0.279981
0.279992
0.279984
0.279984
0.279982
0.279982
0.279984
0.279985
0.279983
0.279984
0.279981
0.279983
0.279986
0.279981
0.279996
0.279983
0.279985
0.27998
0.279978
0.279986
0.279988
0.279986
0.279985
0.279991
0.279984
0.279986
0.27999
0.279981
0.279974
0.279978
0.279978
0.279984
0.279985
0.279986
0.279989
0.279983
0.279975
0.279987
0.279988
0.279985
0.279983
0.279981
0.279986
0.27998
0.279979
0.279982
0.279982
0.279983
0.279991
0.279986
0.279984
0.279985
0.279992
0.279977
0.279988
0.279974
0.27998
0.279983
0.279991
0.279994
0.279976
0.279992
0.279978
0.279976
0.279976
0.279992
0.279987
0.279981
0.279987
0.279981
0.279989
0.279983
0.279982
0.279971
0.279984
0.27998
0.279982
0.279983
0.279993
0.279981
0.279974
0.279985
0.279982
0.279982
0.279982
0.279983
0.279991
0.279982
0.279988
0.279981
0.279983
0.279985
0.279986
0.279988
0.279986
0.279988
0.279989
0.279989
0.279984
0.279985
0.279987
0.27999
0.279988
0.279986
0.27999
0.279986
0.279986
0.27999
0.279986
0.279974
0.279985
0.279989
0.279972
0.279981
0.279982
0.27999
0.279975
0.279983
0.279987
0.279987
0.279978
0.279984
0.279981
0.279984
0.279991
0.279983
0.279989
0.279985
0.279978
0.279978
0.279984
0.27998
0.279987
0.279985
0.279977
0.279987
0.279982
0.279986
0.279993
0.279978
0.279985
0.279984
0.279979
0.279984
0.279985
0.279986
0.279985
0.279986
0.279977
0.279986
0.279981
0.279977
0.279986
0.279981
0.279979
0.279982
0.279984
0.279984
0.279978
0.279982
0.279977
0.27998
0.279982
0.279986
0.279986
0.279982
0.279986
0.279977
0.27998
0.27998
0.279982
0.279975
0.279984
0.279969
0.27998
0.279981
0.279984
0.279981
0.279983
0.279977
0.279984
0.279983
0.27998
0.279986
0.279979
0.279986
0.279986
0.279981
0.279986
0.279983
0.279986
0.279984
0.279987
0.27997
0.279981
0.27999
0.279985
0.279992
0.27998
0.279988
0.279983
0.279988
0.279985
0.279976
0.27999
0.279985
0.279988
0.279979
0.279982
0.279989
0.279977
0.279984
0.279985
0.279989
0.279979
0.279985
0.279977
0.279977
0.279981
0.279982
0.279992
0.279979
0.279985
0.279983
0.279993
0.279983
0.279989
0.279992
0.279986
0.279985
0.279982
0.279987
0.279992
0.279984
0.279985
0.27998
0.279978
0.279987
0.279991
0.279977
0.27998
0.279981
0.27997
0.279982
0.279978
0.279981
0.279978
0.279981
0.279982
0.279976
0.279991
0.279985
0.27998
0.279983
0.279989
0.279979
0.279985
0.279981
0.279993
0.279985
0.279986
0.279982
0.279982
0.279981
0.279987
0.279988
0.279989
0.279973
0.279987
0.279977
0.279982
0.279992
0.279974
0.279979
0.27998
0.279978
0.279972
0.27998
0.279993
0.279987
0.279991
0.279982
0.27999
0.279986
0.279991
0.279977
0.279985
0.279989
0.279987
0.279995
0.279972
0.279985
0.279981
0.279977
0.279982
0.279979
0.279984
0.279991
0.279989
0.279981
0.279981
0.27999
0.279986
0.279986
0.279982
0.279984
0.279977
0.279982
0.279979
0.27998
0.279994
0.279971
0.27999
0.27997
0.279979
0.279982
0.279986
0.279977
0.279974
0.279985
0.279977
0.27998
0.279983
0.279977
0.279981
0.279978
0.279967
0.279982
0.279985
0.279986
0.279995
0.279981
0.279987
0.279994
0.279978
0.279985
0.279979
0.279984
0.279985
0.279977
0.279988
0.279983
0.279986
0.27999
0.27999
0.279979
0.279989
0.279974
0.279973
0.279994
0.279975
0.279989
0.279977
0.279988
0.279985
0.279983
0.279975
0.279984
0.279984
0.279987
0.279991
0.279987
0.279976
0.279983
0.27998
0.279983
0.279978
0.279988
0.279977
0.27998
0.279981
0.279982
0.279981
0.279992
0.279985
0.279976
0.279988
0.279981
0.279979
0.27998
0.27999
0.27997
0.279982
0.279985
0.279976
0.27999
0.279993
0.279976
0.279983
0.27998
0.279991
0.279978
0.279979
0.279978
0.279981
0.279983
0.279989
0.27999
0.279981
0.279997
0.279983
0.279982
0.279983
0.279981
0.279984
0.279983
0.279976
0.279974
0.279975
0.279986
0.279982
0.279981
0.279995
0.279981
0.27998
0.279984
0.279978
0.279979
0.27999
0.279988
0.27998
0.279988
0.279977
0.279975
0.27998
0.279983
0.279977
0.279985
0.279988
0.27998
0.27999
0.279981
0.279985
