0.149987
0.149984
0.149986
0.149986
0.149987
0.149981
0.149972
0.150003
0.149986
0.14999
0.149983
0.149988
0.149992
0.149986
0.149993
0.149988
0.149988
0.149992
0.149975
0.149988
0.14999
0.149991
0.149993
0.149982
0.149979
0.14999
0.149994
0.149993
0.14999
0.149988
0.14999
0.149984
0.149986
0.149988
0.149988
0.149985
0.14999
0.149979
0.149984
0.149981
0.149975
0.149996
0.149979
0.149979
0.149982
0.149992
0.14999
0.14998
0.149985
0.149996
0.149987
0.149983
0.149987
0.149994
0.149986
0.149985
0.149986
0.149993
0.149984
0.149978
0.149983
0.149977
0.149982
0.149983
0.14999
0.149983
0.149996
0.149995
0.14999
0.149989
0.149983
0.149988
0.149982
0.149997
0.149987
0.149984
0.149988
0.149982
0.149982
0.149992
0.149984
0.149984
0.149986
0.149982
0.149988
0.149993
0.149982
0.14998
0.149985
0.149985
0.149994
0.149991
0.149989
0.149985
0.149974
0.149987
0.149983
0.149989
0.149989
0.149987
0.150004
0.149976
0.149988
0.149983
0.149979
0.149978
0.149989
0.149991
0.149982
0.149993
0.149984
0.149989
0.149992
0.149982
0.149995
0.149986
0.149991
0.149991
0.149981
0.149984
0.149992
0.149988
0.149981
0.149988
0.149989
0.149987
0.149989
0.149982
0.149984
0.149993
0.149993
0.149988
0.14999
0.149975
0.149988
0.149984
0.149979
0.149988
0.149987
0.149994
0.149987
0.149974
0.149984
0.150004
0.149991
0.14999
0.149987
0.149992
0.149985
0.149977
0.149978
0.149971
0.14999
0.149974
0.149988
0.149983
0.149976
0.149983
0.149983
0.149993
0.149985
0.149982
0.149985
0.149986
0.149978
0.149997
0.149986
0.149974
0.149986
0.149987
0.149984
0.149985
0.149994
0.149986
0.149988
0.14998
0.149986
0.149991
0.149972
0.149991
0.149993
0.149981
0.149989
0.149982
0.149992
0.149986
0.149989
0.149985
0.149982
0.149984
0.149985
0.149989
0.149983
0.14999
0.149988
0.149992
0.149981
0.149996
0.149991
0.149979
0.149987
0.149997
0.149989
0.149989
0.14999
0.149988
0.149992
0.14998
0.149982
0.149986
0.149979
0.14999
0.149989
0.149984
0.149989
0.149975
0.149985
0.149979
0.149992
0.149983
0.149988
0.149982
0.149992
0.149991
0.149983
0.149989
0.149984
0.14999
0.149985
0.149987
0.149978
0.149984
0.149985
0.149993
0.149991
0.149984
0.149987
0.149992
0.149988
0.149998
0.149982
0.149981
0.149992
0.149989
0.14999
0.150009
0.150008
0.149986
0.150008
0.150006
0.150035
0.150063
0.150029
0.150036
0.150025
0.149987
0.149993
0.149984
0.149997
0.149983
0.150002
0.149993
0.149988
0.149981
0.150008
0.149987
0.149986
0.15002
0.150063
0.15008
0.150068
0.150097
0.150089
0.150068
0.150055
0.150048
0.150027
0.150012
0.150018
0.150003
0.150014
0.150011
0.150009
0.149986
0.15
0.149999
0.149998
0.149971
0.149982
0.150029
0.150013
0.150023
0.150023
0.150026
0.150023
0.150002
0.149989
0.149976
0.149947
0.149933
0.14993
0.149929
0.149928
0.149923
0.149961
0.149972
0.149977
0.149987
0.15002
0.15002
0.150029
0.150024
0.150027
0.150018
0.150007
0.149995
0.15001
0.150009
0.15
0.150007
0.149979
0.149961
0.149947
0.149946
0.149948
0.149932
0.149944
0.149984
0.149987
0.150018
0.150042
0.150039
0.15003
0.150028
0.150023
0.149972
0.149975
0.149967
0.149952
0.149948
0.149965
0.14997
0.149979
0.149989
0.149997
0.150001
0.150021
0.150023
0.150035
0.150037
0.150029
0.150031
0.150034
0.150012
0.15
0.150008
0.150001
0.150027
0.150026
0.150002
0.149994
0.149983
0.149965
0.149986
0.150006
0.150009
0.150029
0.150028
0.150039
0.150072
0.150075
0.150078
0.150083
0.150079
0.150057
0.150038
0.150021
0.149988
0.14996
0.14996
0.149948
0.149963
0.149974
0.14997
0.150013
0.150038
0.150056
0.15005
0.150078
0.150092
0.150086
0.150082
0.150066
0.150043
0.15003
0.15004
0.150018
0.15001
0.149983
0.150004
0.149997
0.149998
0.150014
0.150043
0.150041
0.150059
0.150067
0.150039
0.150028
0.150033
0.150014
0.149991
0.149989
0.149965
0.149967
0.149974
0.14998
0.149986
0.15
0.150036
0.150048
0.150043
0.15007
0.150074
0.150079
0.150048
0.150037
0.150021
0.149998
0.149991
0.149963
0.149953
0.149944
0.149959
0.149972
0.149975
0.149974
0.150024
0.150042
0.150038
0.150061
0.150051
0.150023
0.150018
0.149996
0.149975
0.149945
0.149958
0.149946
0.14995
0.149955
0.149958
0.149986
0.149986
0.149995
0.150018
0.150022
0.150017
0.150039
0.150027
0.15
0.149982
0.149966
0.149948
0.14995
0.149923
0.149938
0.149927
0.149921
0.149935
0.149938
0.149941
0.149948
0.149986
0.149989
0.150006
0.150001
0.150017
0.150018
0.150011
0.150015
0.150015
0.149991
0.150002
0.150009
0.150011
0.150032
0.150033
0.150036
0.150026
0.15002
0.150001
0.150006
0.149999
0.149987
0.150032
0.150021
0.150026
0.150033
0.150051
0.150073
0.150054
0.150059
0.150069
0.150069
0.150068
0.15006
0.150057
0.150041
0.15003
0.150019
0.150011
0.149998
0.14998
0.149984
0.14998
0.149992
0.15001
0.150031
0.150048
0.150068
0.150075
0.150067
0.150076
0.150055
0.150039
0.150042
0.150013
0.150005
0.149986
0.149981
0.149989
0.15
0.150002
0.149995
0.149998
0.149999
0.149976
0.149972
0.149965
0.149964
0.14997
0.149981
0.149975
0.149979
0.150005
0.150045
0.150081
0.150072
0.150052
0.150071
0.150058
0.150021
0.150007
0.149978
0.149968
0.149972
0.149985
0.150009
0.150009
0.150041
0.150046
0.150037
0.150034
0.150032
0.150019
0.150019
0.150022
0.150014
0.150013
0.149987
0.15004
0.150026
0.150022
0.15004
0.150054
0.150063
0.150032
0.150008
0.150009
0.14999
0.149987
0.149975
0.149951
0.149942
0.149948
0.149977
0.149995
0.150011
0.149998
0.149986
0.149981
0.149953
0.149943
0.149941
0.149971
0.149991
0.150016
0.150045
0.150062
0.150081
0.150066
0.150059
0.150029
0.150011
0.149996
0.149989
0.149998
0.149995
0.149989
0.150006
0.150019
0.150056
0.15004
0.149965
0.149953
0.149933
0.14993
0.149902
0.149917
0.149939
0.149995
0.150035
0.150022
0.150032
0.150003
0.150018
0.150001
0.150004
0.150032
0.150041
0.150051
0.150078
0.150095
0.150073
0.150064
0.150044
0.149977
0.149985
0.149992
0.150017
0.149976
0.149982
0.150014
0.150051
0.150052
0.150064
0.150056
0.150046
0.149985
0.149977
0.149959
0.149953
0.149979
0.149992
0.149971
0.149961
0.149989
0.150011
0.149969
0.149986
0.149985
0.149997
0.149959
0.14996
0.149974
0.149977
0.149961
0.14995
0.149948
0.149973
0.149994
0.149999
0.150023
0.149984
0.149996
0.149991
0.149996
0.149966
0.149934
0.149931
0.149963
0.149968
0.14998
0.149976
0.149977
0.149996
0.149988
0.149992
0.14999
0.149993
0.150007
0.149996
0.149988
0.149992
0.149988
0.149973
0.149926
0.149963
0.149965
0.149972
0.149986
0.149988
0.150026
0.150002
0.149991
0.149982
0.149988
0.150006
0.150025
0.150032
0.150022
0.150002
0.149995
0.150002
0.150012
0.150001
0.149999
0.149984
0.149987
0.149973
0.150002
0.150005
0.150008
0.150017
0.149994
0.149996
0.149979
0.149998
0.150015
0.150022
0.150041
0.150033
0.150009
0.150011
0.150027
0.150037
0.150039
0.150033
0.150047
0.150042
0.150012
0.150012
0.149982
0.149995
0.150017
0.150031
0.150027
0.150013
0.149985
0.149967
0.149966
0.149989
0.15
0.150041
0.150034
0.15005
0.150049
0.150016
0.149994
0.149987
0.149992
0.150032
0.150042
0.150034
0.150029
0.149994
0.149969
0.149983
0.150013
0.150017
0.150012
0.150042
0.150024
0.150029
0.150007
0.149993
0.149977
0.149978
0.149984
0.15001
0.150026
0.149998
0.150002
0.149988
0.149978
0.149958
0.149968
0.149973
0.149997
0.150004
0.150012
0.150014
0.150009
0.149985
0.149983
0.14996
0.149962
0.149968
0.149995
0.150029
0.150034
0.15001
0.150022
0.149998
0.149995
0.14999
0.149959
0.149968
0.149971
0.14998
0.149987
0.150005
0.150001
0.149983
0.14998
0.149972
0.149972
0.149966
0.14999
0.149996
0.14998
0.150017
0.150018
0.150051
0.150059
0.150007
0.149999
0.149983
0.149983
0.150011
0.149996
0.150023
0.150043
0.150027
0.150013
0.15
0.149991
0.149985
0.149975
0.149973
0.149986
0.150008
0.149999
0.150013
0.150009
0.150011
0.150002
0.150011
0.149997
0.149993
0.150003
0.150006
0.149999
0.150009
0.150027
0.150027
0.150021
0.150014
0.149992
0.149979
0.14997
0.149954
0.149982
0.149983
0.150005
0.149978
0.150003
0.150034
0.150037
0.150036
0.150049
0.150042
0.150022
0.150002
0.149998
0.149995
0.150022
0.150037
0.150053
0.150062
0.150063
0.150062
0.150037
0.150029
0.150023
0.150015
0.149984
0.149992
0.149986
0.149992
0.15
0.149984
0.150019
0.15003
0.150035
0.15003
0.150043
0.150033
0.150017
0.14999
0.149988
0.150013
0.150028
0.150035
0.150022
0.150035
0.150016
0.150022
0.150037
0.15001
0.150028
0.149982
0.149976
0.149969
0.149972
0.149989
0.149995
0.150002
0.149986
0.150014
0.150029
0.150035
0.150049
0.150053
0.150042
0.150045
0.149988
0.149996
0.149987
0.149997
0.150033
0.150033
0.150025
0.150021
0.150042
0.150012
0.150009
0.150018
0.150007
0.150015
0.150003
0.149972
0.149989
0.15003
0.149993
0.150022
0.15003
0.150031
0.150033
0.150041
0.15004
0.150043
0.150051
0.150049
0.150064
0.150049
0.150037
0.150019
0.150007
0.150013
0.150037
0.150042
0.150031
0.150048
0.150042
0.150041
0.150053
0.150059
0.150066
0.150049
0.150049
0.150049
0.150025
0.150019
0.149989
0.150004
0.15002
0.150018
0.150025
0.149996
0.150006
0.150032
0.150066
0.150071
0.150089
0.150057
0.150062
0.150031
0.150031
0.150022
0.150005
0.149993
0.149991
0.150017
0.150033
0.15004
0.150032
0.150038
0.150033
0.150021
0.150029
0.150044
0.150057
0.150049
0.150034
0.150035
0.149997
0.149978
0.149988
0.150006
0.150006
0.15002
0.150005
0.149978
0.149988
0.149989
0.149998
0.15002
0.15002
0.150025
0.150017
0.150027
0.150028
0.150024
0.14999
0.149982
0.149972
0.149999
0.149999
0.150007
0.150028
0.150023
0.150008
0.150032
0.150009
0.150021
0.150056
0.150074
0.150049
0.150031
0.150039
0.150024
0.150022
0.150009
0.149972
0.149962
0.14997
0.149967
0.149972
0.150011
0.150023
0.149964
0.149982
0.150001
0.150011
0.150023
0.150029
0.150038
0.150009
0.150024
0.150045
0.149992
0.15001
0.150003
0.14998
0.149992
0.149983
0.149961
0.149972
0.150003
0.150015
0.150008
0.149993
0.149997
0.149999
0.150002
0.150023
0.150059
0.150048
0.15005
0.150032
0.150033
0.150036
0.15003
0.150014
0.149985
0.150006
0.149959
0.149956
0.149974
0.149987
0.149975
0.149992
0.149972
0.149955
0.149955
0.149982
0.150019
0.150019
0.150021
0.15003
0.150032
0.150023
0.150036
0.150037
0.150042
0.150044
0.150053
0.150021
0.149999
0.150001
0.149996
0.150009
0.150005
0.15001
0.15002
0.150012
0.150012
0.150003
0.150018
0.150024
0.150006
0.150028
0.150035
0.150006
0.150009
0.150007
0.149997
0.149987
0.149984
0.150001
0.150008
0.150028
0.150011
0.149987
0.149987
0.149989
0.15
0.150005
0.150005
0.15002
0.149998
0.149989
0.149994
0.150003
0.150026
0.150011
0.149994
0.15001
0.150006
0.150006
0.149996
0.149985
0.149977
0.149979
0.149956
0.149965
0.149981
0.150003
0.150019
0.150033
0.150024
0.150006
0.149996
0.150003
0.150004
0.150009
0.150008
0.149978
0.149975
0.149966
0.149966
0.14997
0.149959
0.149952
0.149954
0.149941
0.149939
0.149936
0.149958
0.149962
0.149973
0.149992
0.150017
0.150033
0.150024
0.150061
0.150043
0.150047
0.150058
0.150028
0.150042
0.150029
0.150012
0.150007
0.149966
0.149951
0.149952
0.149944
0.149946
0.149951
0.149958
0.149968
0.149977
0.149975
0.150003
0.150001
0.150015
0.15
0.149998
0.149993
0.150003
0.15001
0.150012
0.150026
0.150017
0.150026
0.150038
0.150015
0.150028
0.149945
0.14991
0.1499
0.149936
0.149991
0.150023
0.150019
0.150012
0.14996
0.149964
0.149968
0.15
0.149979
0.149982
0.149972
0.15
0.149988
0.149989
0.149982
0.149994
0.149975
0.149989
0.149989
0.14998
0.150001
0.149988
0.14997
0.149982
0.149987
0.150013
0.149986
0.149972
0.14998
0.149987
0.149992
0.149972
0.14997
0.149974
0.149963
0.149993
0.149988
0.149991
0.149981
0.14997
0.149977
0.149973
0.149978
0.149956
0.149976
0.149985
0.149986
0.149977
0.149979
0.149971
0.149967
0.149955
0.149986
0.149968
0.149979
0.149966
0.149961
0.149983
0.149959
0.149967
0.149959
0.149975
0.14996
0.149979
0.149968
0.149963
0.149978
0.149962
0.149958
0.149987
0.149966
0.149963
0.149966
0.14997
0.149972
0.149972
0.149954
0.149979
0.14997
0.149982
0.149963
0.149962
0.149954
0.149963
0.149977
0.149975
0.149975
0.149985
0.149955
0.149963
0.149945
0.149982
0.149973
0.149967
0.149955
0.149955
0.149955
0.149963
0.149964
0.149971
0.149966
0.149951
0.149967
0.149959
0.149966
0.149973
0.14996
0.149963
0.149961
0.149948
0.149969
0.149966
0.149981
0.149954
0.149975
0.149964
0.149961
0.149971
0.149963
0.149987
0.149971
0.149964
0.149961
0.149974
0.14997
0.149967
0.149963
0.149965
0.149976
0.149972
0.149952
0.149978
0.149973
0.14996
0.149969
0.14996
0.149963
0.149973
0.149965
0.149953
0.149972
0.149981
0.149971
0.149965
0.149975
0.149978
0.14997
0.149966
0.149956
0.149961
0.149991
0.149963
0.149957
0.14996
0.149959
0.149946
0.149981
0.149955
0.149966
0.149971
0.149959
0.149971
0.149956
0.149964
0.149973
0.149946
0.149968
0.149958
0.149967
0.149952
0.149969
0.149973
0.149974
0.149962
0.149965
0.149991
0.149966
0.149959
0.149964
0.149971
0.149966
0.14996
0.149952
0.149987
0.149977
0.14997
0.149982
0.149975
0.149975
0.149939
0.149977
0.149975
0.149959
0.149975
0.149969
0.149967
0.149947
0.149949
0.149864
0.14986
0.149893
0.149936
0.149996
0.149994
0.150014
0.149925
0.149895
0.149884
0.149907
0.149939
0.149953
0.149932
0.149916
0.149907
0.149914
0.149938
0.149933
0.149933
0.149932
0.149949
0.149935
0.14994
0.149952
0.149968
0.149993
0.149969
0.149997
0.150019
0.15001
0.150017
0.150006
0.149994
0.149994
0.149977
0.149959
0.149937
0.149932
0.149936
0.14993
0.149945
0.14995
0.149965
0.149967
0.149941
0.149976
0.149989
0.150003
0.15001
0.150008
0.149998
0.149989
0.149988
0.149997
0.149991
0.149995
0.149972
0.149974
0.149969
0.14996
0.149972
0.149968
0.149951
0.149939
0.149958
0.149934
0.149958
0.14997
0.149958
0.149976
0.14997
0.149973
0.149976
0.149982
0.149982
0.149973
0.149944
0.149953
0.149937
0.14997
0.149975
0.149959
0.149988
0.149981
0.149974
0.149965
0.14996
0.149975
0.149989
0.149998
0.149983
0.149978
0.150001
0.149996
0.149987
0.149984
0.149994
0.149999
0.150015
0.149992
0.150003
0.149993
0.149989
0.149986
0.149977
0.149981
0.14999
0.149995
0.150002
0.150005
0.15001
0.150001
0.14999
0.150012
0.150012
0.149997
0.150009
0.149998
0.149972
0.149971
0.149956
0.149966
0.149961
0.149965
0.149935
0.149951
0.149966
0.149979
0.149967
0.149981
0.149991
0.149989
0.149993
0.149991
0.149993
0.150032
0.150021
0.150026
0.150029
0.150011
0.150026
0.150004
0.149993
0.149976
0.149992
0.14998
0.14999
0.149981
0.149949
0.149975
0.149985
0.149979
0.149991
0.149998
0.149986
0.149992
0.149991
0.15002
0.149989
0.150024
0.150022
0.150012
0.150015
0.150026
0.150024
0.150038
0.150011
0.150006
0.149982
0.149985
0.149974
0.149984
0.149978
0.149982
0.14999
0.149995
0.150015
0.150002
0.150035
0.150043
0.150044
0.150024
0.150042
0.150036
0.149997
0.14998
0.149959
0.149955
0.149972
0.149978
0.149978
0.149983
0.149985
0.149972
0.149975
0.149982
0.149988
0.149984
0.15
0.150014
0.150009
0.149997
0.150008
0.15003
0.150007
0.149995
0.149989
0.150001
0.150005
0.150008
0.149996
0.150014
0.149995
0.149995
0.149996
0.149999
0.150031
0.150026
0.150023
0.150026
0.150007
0.149993
0.149994
0.150005
0.149989
0.149984
0.149995
0.14999
0.149996
0.150013
0.150001
0.150016
0.150001
0.150013
0.150023
0.150029
0.150035
0.150016
0.15002
0.14999
0.149979
0.149983
0.149978
0.149998
0.150012
0.150017
0.149998
0.150007
0.150033
0.150028
0.150029
0.150025
0.150039
0.150021
0.15002
0.150024
0.150001
0.15
0.150009
0.150023
0.150013
0.150005
0.150012
0.150029
0.150043
0.150028
0.150031
0.15003
0.150029
0.150023
0.150024
0.150031
0.150033
0.150022
0.150006
0.150001
0.150018
0.150003
0.150006
0.149997
0.15002
0.150014
0.150018
0.150038
0.150039
0.150037
0.15005
0.150009
0.150034
0.150023
0.150019
0.150015
0.150004
0.149995
0.15
0.150011
0.150013
0.150045
0.15001
0.150014
0.149984
0.149999
0.149986
0.149984
0.149978
0.149996
0.149996
0.14998
0.150009
0.149983
0.150023
0.150033
0.15003
0.150033
0.150011
0.150007
0.150016
0.150003
0.150005
0.14999
0.149998
0.149985
0.150004
0.149999
0.15003
0.150023
0.150034
0.15
0.149992
0.150003
0.149999
0.150013
0.150018
0.149988
0.150005
0.150025
0.150018
0.150033
0.150046
0.15004
0.150036
0.150027
0.150013
0.150013
0.150007
0.15
0.149986
0.149996
0.149982
0.15
0.150019
0.150031
0.150044
0.150001
0.150004
0.149984
0.149994
0.150002
0.150006
0.150012
0.150011
0.150022
0.150011
0.150053
0.150053
0.150052
0.150045
0.150039
0.150045
0.150025
0.15004
0.150036
0.150028
0.15002
0.150023
0.150036
0.150047
0.150056
0.15004
0.150023
0.150032
0.150035
0.150028
0.150035
0.15005
0.150048
0.150052
0.150025
0.15004
0.150027
0.150017
0.150027
0.150037
0.150035
0.150022
0.150056
0.150058
0.150035
0.150041
0.150016
0.15001
0.150012
0.150004
0.150009
0.150008
0.150009
0.150035
0.150043
0.150054
0.150007
0.150006
0.149993
0.149986
0.15001
0.150015
0.15002
0.150017
0.149968
0.149983
0.14999
0.14999
0.150016
0.150008
0.150048
0.150038
0.150037
0.150017
0.150019
0.150052
0.150038
0.150035
0.150047
0.150035
0.150026
0.15003
0.150018
0.15002
0.150013
0.149994
0.150003
0.150019
0.149986
0.150008
0.150026
0.149984
0.149998
0.149999
0.150006
0.149994
0.149988
0.150008
0.149991
0.149998
0.150034
0.150021
0.150015
0.150009
0.15002
0.150012
0.149998
0.150005
0.150004
0.15001
0.150031
0.150013
0.150017
0.15002
0.150027
0.150038
0.150035
0.150062
0.150037
0.150064
0.150047
0.150065
0.150065
0.150057
0.150064
0.15003
0.150015
0.150002
0.150013
0.150004
0.150008
0.150005
0.149989
0.149993
0.149986
0.149996
0.149997
0.149979
0.150005
0.150001
0.149964
0.149958
0.149989
0.150005
0.150009
0.150026
0.150022
0.150023
0.150027
0.15004
0.150041
0.150014
0.150052
0.150058
0.150042
0.150045
0.150054
0.150046
0.15006
0.150059
0.15006
0.150048
0.150041
0.150053
0.15005
0.15003
0.15003
0.150017
0.150027
0.150043
0.150035
0.150023
0.150012
0.150032
0.149977
0.149977
0.149971
0.149978
0.149963
0.14999
0.150003
0.149974
0.149968
0.15001
0.150009
0.150017
0.150027
0.150034
0.150048
0.150064
0.150081
0.150088
0.150089
0.150088
0.150106
0.150075
0.150063
0.150057
0.150074
0.15005
0.150047
0.150027
0.150008
0.150014
0.149998
0.150003
0.149991
0.149992
0.150015
0.150011
0.150024
0.150013
0.150017
0.150022
0.15001
0.150007
0.15001
0.149996
0.149989
0.149982
0.149982
0.149992
0.150011
0.150013
0.150027
0.150007
0.150052
0.150036
0.150067
0.150061
0.15008
0.15009
0.150091
0.150087
0.150083
0.15007
0.150072
0.150033
0.15002
0.15001
0.149993
0.149997
0.149974
0.14997
0.149952
0.149959
0.149951
0.149983
0.149978
0.149998
0.149996
0.149989
0.150006
0.150009
0.150021
0.150021
0.15003
0.150032
0.150031
0.150033
0.150044
0.150035
0.150019
0.15001
0.150016
0.150032
0.150052
0.150027
0.150033
0.15003
0.150027
0.149996
0.149982
0.149977
0.149968
0.149978
0.150019
0.150003
0.149987
0.150011
0.149982
0.149975
0.149987
0.149987
0.149988
0.14999
0.149996
0.150022
0.150019
0.150035
0.150063
0.150037
0.15006
0.150056
0.150048
0.150034
0.150031
0.150056
0.150043
0.150011
0.15003
0.150014
0.150025
0.150002
0.15
0.149986
0.149963
0.149972
0.149984
0.149964
0.149982
0.149977
0.149963
0.149971
0.149939
0.149953
0.149963
0.149998
0.149988
0.150005
0.150034
0.15003
0.150029
0.150044
0.15004
0.150027
0.150043
0.150045
0.150022
0.15003
0.150027
0.150018
0.150021
0.150032
0.150022
0.150035
0.150011
0.150003
0.150024
0.150021
0.149995
0.149994
0.14999
0.149956
0.149962
0.149955
0.149963
0.149963
0.149943
0.14993
0.149931
0.149972
0.149966
0.149988
0.150002
0.149997
0.150016
0.150024
0.150013
0.150013
0.150035
0.150061
0.150059
0.150049
0.150051
0.150037
0.150026
0.150043
0.150033
0.150014
0.150001
0.149999
0.14997
0.149933
0.149955
0.149954
0.149945
0.149963
0.149957
0.149952
0.14994
0.149964
0.149993
0.14999
0.149997
0.150033
0.150036
0.150039
0.150052
0.150054
0.150067
0.150077
0.150089
0.150072
0.150066
0.150063
0.15003
0.15005
0.15003
0.150005
0.149998
0.150011
0.149999
0.14998
0.149983
0.149953
0.149946
0.149943
0.149936
0.149931
0.149931
0.14995
0.149942
0.149948
0.149962
0.14999
0.15002
0.150018
0.150047
0.150048
0.150035
0.150057
0.150057
0.150078
0.150086
0.150083
0.150091
0.150041
0.150075
0.15004
0.150036
0.150022
0.150012
0.150017
0.149989
0.149969
0.14997
0.149978
0.149962
0.149972
0.149985
0.149977
0.149991
0.149987
0.150006
0.150013
0.150034
0.150066
0.150064
0.150082
0.150097
0.150081
0.150078
0.150089
0.150097
0.150066
0.150057
0.150059
0.150074
0.150065
0.150046
0.150028
0.150024
0.150022
0.15001
0.150026
0.149996
0.149988
0.14997
0.149984
0.149969
0.149942
0.14996
0.149975
0.14996
0.149945
0.149956
0.149961
0.149959
0.150006
0.150024
0.15002
0.150026
0.150072
0.150053
0.150062
0.1501
0.150098
0.150102
0.150097
0.150071
0.15007
0.150067
0.150063
0.15006
0.150065
0.150041
0.150018
0.150004
0.149998
0.149987
0.149991
0.149991
0.149999
0.149986
0.149978
0.149968
0.149962
0.149956
0.149978
0.149981
0.149996
0.149992
0.150018
0.150016
0.150043
0.150031
0.150029
0.150025
0.150022
0.150016
0.150037
0.150029
0.15004
0.150064
0.150071
0.15007
0.15008
0.150072
0.150053
0.150051
0.150043
0.150026
0.150026
0.150043
0.150011
0.150037
0.150013
0.150002
0.150016
0.150016
0.15001
0.150018
0.150002
0.149999
0.149993
0.15001
0.150017
0.150034
0.150045
0.150066
0.150018
0.150037
0.150029
0.150018
0.149993
0.150009
0.150021
0.150036
0.150038
0.150052
0.150023
0.150021
0.150012
0.150031
0.150029
0.150032
0.15003
0.15003
0.15001
0.150005
0.150007
0.150031
0.150031
0.15003
0.150046
0.150032
0.150031
0.150036
0.150026
0.150037
0.150033
0.149999
0.149965
0.149988
0.150009
0.150007
0.149988
0.15001
0.150007
0.150032
0.15003
0.150044
0.150038
0.150055
0.150057
0.150072
0.150059
0.150056
0.150063
0.150053
0.150062
0.15006
0.150067
0.150075
0.150079
0.150079
0.150061
0.150086
0.150083
0.150068
0.150088
0.150073
0.150072
0.15005
0.150036
0.15002
0.150015
0.150015
0.150015
0.150009
0.150015
0.149989
0.149988
0.149993
0.149978
0.149992
0.150016
0.15002
0.150022
0.15002
0.149995
0.150016
0.149993
0.150013
0.150002
0.150001
0.150023
0.15002
0.150024
0.149995
0.150019
0.150036
0.150029
0.150042
0.150025
0.150051
0.150042
0.15002
0.150014
0.150021
0.150029
0.150022
0.150015
0.149995
0.149988
0.150002
0.149999
0.150004
0.149993
0.150025
0.150023
0.150065
0.150036
0.150033
0.150021
0.150023
0.15001
0.150021
0.150009
0.15001
0.150013
0.150005
0.15003
0.150004
0.150004
0.150008
0.150005
0.150007
0.150003
0.149994
0.150002
0.149995
0.149987
0.149984
0.149973
0.149953
0.149958
0.149982
0.149963
0.149987
0.149977
0.149965
0.149954
0.149952
0.149954
0.149958
0.149955
0.149977
0.149976
0.14998
0.149985
0.149992
0.149982
0.149996
0.150005
0.150031
0.150022
0.150049
0.150056
0.150057
0.150046
0.150043
0.150031
0.150022
0.150017
0.149999
0.14999
0.149982
0.14997
0.149961
0.149964
0.149973
0.149957
0.149945
0.149945
0.149956
0.149965
0.150006
0.150023
0.150017
0.150049
0.150051
0.150062
0.150035
0.150004
0.14998
0.149964
0.149956
0.149956
0.149923
0.149914
0.149895
0.149906
0.14991
0.149891
0.149921
0.149946
0.149983
0.149975
0.149973
0.149967
0.149929
0.149934
0.14989
0.14987
0.149893
0.149909
0.149869
0.149897
0.149932
0.150018
0.150025
0.150038
0.150032
0.150012
0.149992
0.149987
0.149947
0.149956
0.14993
0.149981
0.150051
0.150064
0.150089
0.150114
0.150107
0.150055
0.150047
0.150009
0.150031
0.150042
0.150064
0.150091
0.150169
0.150172
0.150174
0.150087
0.150041
0.150031
0.150009
0.150023
0.150042
0.150068
0.150076
0.150129
0.150116
0.150077
0.150017
0.149971
0.149957
0.149983
0.15002
0.150072
0.150094
0.150111
0.150058
0.149997
0.14998
0.149966
0.150022
0.150072
0.150089
0.150141
0.150126
0.150082
0.15004
0.149991
0.150007
0.150035
0.150044
0.150113
0.150114
0.150105
0.150067
0.149971
0.149961
0.149994
0.150036
0.15009
0.150125
0.150128
0.150108
0.150046
0.150016
0.149995
0.150045
0.150085
0.150099
0.150132
0.150116
0.150103
0.150049
0.150015
0.150019
0.150019
0.150067
0.150082
0.150016
0.150033
0.15006
0.150044
0.150034
0.149939
0.149742
0.149085
0.148685
0.14826
0.147825
0.147008
0.146608
0.146219
0.145801
0.145
0.144625
0.144251
0.14384
0.143073
0.142672
0.142317
0.141932
0.141174
0.140796
0.140394
0.139651
0.139285
0.138888
0.138486
0.137634
0.137207
0.136778
0.136362
0.135537
0.135139
0.134712
0.134337
0.133521
0.133135
0.132708
0.132331
0.131551
0.13117
0.130808
0.130087
0.129701
0.129331
0.128977
0.128194
0.127777
0.127362
0.126934
0.126146
0.125737
0.125334
0.124921
0.124122
0.123752
0.123323
0.122912
0.122159
0.121786
0.121408
0.121029
0.12027
0.119892
0.119508
0.119139
0.118296
0.117903
0.117465
0.116639
0.116212
0.11584
0.115418
0.114644
0.114234
0.113821
0.113393
0.112642
0.112302
0.111907
0.111539
0.110803
0.110443
0.110078
0.1093
0.108875
0.108471
0.108059
0.107249
0.106845
0.106425
0.106043
0.105241
0.104841
0.104464
0.104097
0.10337
0.102987
0.102618
0.101972
0.101575
0.101153
0.100754
0.0998872
0.0994485
0.0990537
0.0986528
0.0978207
0.097403
0.0970257
0.0966192
0.0958243
0.0954798
0.0951067
0.0946987
0.0940096
0.0936128
0.0932357
0.0923839
0.0919501
0.091555
0.091161
0.0903724
0.0899547
0.0895653
0.0891803
0.0884411
0.0880661
0.0877193
0.087352
0.0866167
0.0862417
0.0858501
0.0850345
0.0845854
0.0841924
0.0837765
0.0829553
0.0825525
0.0821264
0.0817312
0.0809566
0.0805904
0.0802387
0.0798791
0.0791565
0.0787864
0.0783817
0.0775294
0.0770995
0.0767059
0.0763233
0.075514
0.0751123
0.0747082
0.0743388
0.0736113
0.0732605
0.0729064
0.0725363
0.0717809
0.071369
0.0709213
0.0704617
0.0696498
0.0692236
0.0688078
0.0679773
0.067586
0.0672189
0.0668312
0.0661265
0.0657545
0.0653941
0.0650055
0.0641577
0.0637292
0.0633055
0.062915
0.062099
0.061684
0.0612793
0.0605369
0.0601604
0.0597898
0.0594431
0.0587025
0.0583196
0.0579173
0.0574733
0.0566578
0.0562624
0.0558461
0.055449
0.0546401
0.0542641
0.0538911
0.0531996
0.0528458
0.0524735
0.0520875
0.0512373
0.0507834
0.0504055
0.0499924
0.049204
0.0487807
0.0483927
0.0480388
0.0473124
0.0469648
0.0467249
0.0458316
0.0454099
0.0449986
0.0445933
0.0437636
0.043362
0.042946
0.042568
0.0418091
0.0414742
0.041122
0.0407621
0.0399485
0.039517
0.0390907
0.0386594
0.0378394
0.0374654
0.037041
0.0362803
0.0359273
0.0355701
0.035236
0.0344774
0.0340475
0.0336213
0.033198
0.0323591
0.0319488
0.0315482
0.0311277
0.0303833
0.0300049
0.029682
0.0289677
0.0285686
0.0281479
0.0277453
0.026895
0.0264954
0.0260973
0.0256802
0.0249404
0.0245753
0.0242314
0.0238768
0.0230929
0.0226923
0.0222316
0.0213968
0.0209792
0.0205682
0.020175
0.0193875
0.0190143
0.0186856
0.0183357
0.0175802
0.0171485
0.0167273
0.0163163
0.0155014
0.0151816
0.014975
0.0148954
0.014848
0.014823
0.0148394
0.0148735
0.0148691
0.0148484
0.0148702
0.0148876
0.0148707
0.0148478
0.0148812
0.0148771
0.0148506
0.0148705
0.0148629
0.0148916
0.0148769
0.0149253
0.0149129
0.0149406
0.0149391
0.0149553
0.0149765
0.0149625
0.0149257
0.0149385
0.014937
0.0149357
0.0149135
0.0149284
0.0149288
0.0149463
0.0149163
0.0149461
0.0149611
0.0149818
0.014989
0.0149848
0.0150129
0.0150033
0.0150172
0.0149973
0.0150021
0.0149723
0.0149673
0.0149514
0.0149677
0.0149248
0.0149501
0.014917
0.014941
0.0149195
0.014963
0.0149621
0.0149856
0.0149814
0.015004
0.0149974
0.0149908
0.0149802
0.0149551
0.0149522
0.014952
0.0149293
0.0149351
0.0149498
0.0149645
0.0149723
0.014973
0.0149845
0.0149931
0.0150057
0.014997
0.0149967
0.0149926
0.0149851
0.0149586
0.0149714
0.0149609
0.0149466
0.0149424
0.0149441
0.0149602
0.0149646
0.0149785
0.0149862
0.0150189
0.0150139
0.015034
0.0150176
0.0149893
0.0149723
0.0149823
0.0149694
0.0149561
0.0149351
0.0149477
0.0149587
0.0149841
0.0149832
0.0150118
0.014994
0.0150138
0.0149829
0.0149711
0.0149464
0.0149449
0.0149386
0.0149433
0.0149627
0.014969
0.0149631
0.0149968
0.0149942
0.0150139
0.0150044
0.0150018
0.0150076
0.0149942
0.0149893
0.0149676
0.014973
0.0149522
0.0149653
0.0149929
0.0149974
0.0150353
0.0150209
0.0150319
0.0150006
0.0149874
0.0149741
0.0149647
0.0149782
0.0149624
0.0149892
0.014986
0.015007
0.0150124
0.0150381
0.0150264
0.0150176
0.0150043
0.0149718
0.0149648
0.0149899
0.0149511
0.0149736
0.0149756
0.0149646
0.0149848
0.0150045
0.0150115
0.0149761
0.0149754
0.0149567
0.0149673
0.0149667
0.0149656
0.0149604
0.0149698
0.0149844
0.0150095
0.0150066
0.0150004
0.0149755
0.0149505
0.0149533
0.0149623
0.0149589
0.0149697
0.0149784
0.0150023
0.0150288
0.0150353
0.015035
0.0150062
0.0149573
0.0149675
0.0149576
0.0149462
0.0149655
0.0149854
0.0149868
0.0150047
0.0149805
0.0149816
0.0149709
0.0149435
0.0149551
0.0149725
0.0149648
0.0149788
0.0149875
0.0150103
0.0150158
0.0150352
0.0149765
0.0149978
0.0149661
0.0150045
0.0149815
0.0149827
0.0150095
0.0150263
0.0150081
0.015013
0.0150105
0.0150051
0.0150037
0.0150112
0.0149975
0.0149832
0.0150022
0.0150117
0.015029
0.0150223
0.0150328
0.0149917
0.014989
0.0149846
0.0149762
0.0149883
0.0150205
0.0149971
0.0150021
0.0150146
0.0150296
0.0150236
0.0150023
0.0150161
0.0150127
0.0150199
0.0150325
0.0150212
0.0150552
0.0150239
0.0150293
0.0150028
0.0149878
0.0149929
0.0150125
0.0150058
0.0150314
0.0150245
0.0150423
0.0150375
0.0150417
0.015022
0.0150425
0.0150058
0.0150223
0.0149965
0.0150227
0.0150194
0.0150511
0.0150144
0.0149977
0.0149514
0.0149818
0.0149783
0.0149771
0.0149719
0.0149659
0.0150075
0.0150064
0.0149898
0.014936
0.0149446
0.0149242
0.0149295
0.0149217
0.014956
0.0149632
0.0149667
0.0149813
0.0149748
0.0149728
0.014959
0.0149534
0.0149683
0.0149779
0.0150045
0.015
0.0150327
0.0150103
0.0150296
0.0150112
0.0150076
0.0150207
0.0150207
0.0150175
0.0150255
0.0150387
0.0150379
0.0150541
0.0150294
0.0150164
0.0149952
0.0150018
0.0150031
0.015025
0.015006
0.0150167
0.0150162
0.0150213
0.0150383
0.0150217
0.0150069
0.0150118
0.0150298
0.0150199
0.015022
0.0150111
0.015039
0.0150247
0.0150309
0.0150417
0.015033
0.0150444
0.0150112
0.0150305
0.0150268
0.0150463
0.0150188
0.0150122
0.0150401
0.0150134
0.0150315
0.015016
0.0150246
0.0150165
0.0150069
0.015024
0.0150152
0.0150177
0.0150292
0.0150112
0.015022
0.0150171
0.0150239
0.0150235
0.0150185
0.0150201
0.0150211
0.0150216
0.0150299
0.0150186
0.0150098
0.0150329
0.0150308
0.0150313
0.0150143
0.0150264
0.0149979
0.0150125
0.0150179
0.0150415
0.0150077
0.0150125
0.0150218
0.0150249
0.0150025
0.0150222
0.0150279
0.0150161
0.0150196
0.0150229
0.0150294
0.0150228
0.0150232
0.0150272
0.0149988
0.0150041
0.0150165
0.0150292
0.0150279
0.0150083
0.0150084
0.0150306
0.0150221
0.0150198
0.0150359
0.0150129
0.0150211
0.01501
0.0150232
0.0150378
0.0150315
0.0150304
0.0150178
0.0150408
0.0150065
0.0150181
0.0150371
0.0150316
0.0150207
0.0150255
0.0150304
0.0150262
0.0150093
0.0150241
0.0150356
0.0150361
0.0150178
0.015018
0.0150283
0.0150265
0.0150313
0.0150134
0.0150293
0.0150316
0.0150036
0.0150343
0.0150161
0.0150195
0.0150125
0.0150371
0.0150263
0.0150406
0.0150103
0.0150235
0.0150087
0.0150192
0.0150267
0.0150171
0.0150134
0.0150186
0.0150142
0.0150164
0.0150217
0.0150289
0.01502
0.0150193
0.0150279
0.0150052
0.0150102
0.0150259
0.0150161
0.0150244
0.0150127
0.0150174
0.0150164
0.0150215
0.015004
0.0150161
0.0150295
0.0149965
0.0150361
0.0150158
0.0150146
0.0150135
0.0150264
0.0150044
0.0150238
0.0150136
0.0150112
0.0150185
0.0150149
0.0150213
0.0150241
0.0150286
0.0150154
0.015032
0.0150256
0.0150333
0.0150326
0.0150419
0.015008
0.0150076
0.0150282
0.0150083
0.0150435
0.0150229
0.0150203
0.0150328
0.015023
0.0150357
0.0150228
0.0150266
0.0150041
0.0150162
0.0150109
0.0150122
0.0150139
0.0150271
0.0150284
0.0150124
0.0150137
0.0150182
0.0150394
0.0150109
0.0150275
0.0150232
0.0150344
0.015027
0.015017
0.0150217
0.0150107
0.0150146
0.0150271
0.0150148
0.0150202
0.0150238
0.0150429
0.0150252
0.0150186
0.0150406
0.0150483
0.015038
0.0150323
0.0150368
0.0150243
0.0150344
0.0150151
0.015006
0.0150065
0.0149887
0.015011
0.0150204
0.0149997
0.0150101
0.01502
0.0149684
0.0150076
0.0150098
0.014992
0.0149891
0.0150125
0.0150114
0.0150318
0.0150098
0.0150215
0.0150157
0.0150186
0.0150296
0.0150079
0.0149999
0.015037
0.0150469
0.0150477
0.0150507
0.0150452
0.015042
0.0150099
0.0150322
0.0150332
0.0150252
0.015042
0.0150693
0.0150698
0.0150665
0.0150523
0.0150425
0.0150369
0.0150281
0.015017
0.0150226
0.0150479
0.015049
0.0150344
0.0150432
0.0150201
0.0150197
0.0149849
0.0149833
0.0149799
0.0150068
0.0150302
0.0150113
0.0150135
0.0150119
0.0150267
0.0150144
0.0149859
0.0149823
0.0150053
0.0150137
0.0150278
0.0150212
0.0150295
0.0150187
0.0150157
0.014999
0.0149806
0.0149861
0.015006
0.0150133
0.0150055
0.0150346
0.0150528
0.0150263
0.0150168
0.0150208
0.0149828
0.0149923
0.015004
0.0149918
0.0150147
0.0150408
0.0150323
0.0150323
0.0150076
0.015012
0.0150159
0.0150109
0.0150041
0.0150009
0.0150179
0.0150419
0.0150502
0.0150386
0.0150243
0.0149992
0.0149995
0.0150078
0.014996
0.0150009
0.0150014
0.0150009
0.0150456
0.015051
0.0150477
0.0150262
0.0150139
0.0149966
0.0150313
0.0150279
0.01502
0.0150178
0.0150158
0.0150734
0.0150741
0.015076
0.0150473
0.0150194
0.0150069
0.0149951
0.0150077
0.0150153
0.0150276
0.0150526
0.0150452
0.0150628
0.0150496
0.0150278
0.0150156
0.0150245
0.0149892
0.014988
0.014998
0.0150337
0.0150328
0.0150409
0.0150328
0.0150186
0.0150097
0.0150129
0.0149933
0.0150004
0.0150096
0.0150152
0.0150221
0.0150248
0.0150302
0.0150631
0.0150708
0.0150539
0.0150433
0.01502
0.0149975
0.0150199
0.0150244
0.0150346
0.0150197
0.0150242
0.0150411
0.0150561
0.0150547
0.0150458
0.0150109
0.0150073
0.01498
0.0150174
0.0149897
0.0149933
0.0150185
0.0150413
0.0150145
0.0150496
0.0150097
0.015033
0.0150239
0.0150213
0.0149884
0.0149938
0.0150045
0.0149989
0.0149696
0.0149882
0.0150227
0.0150298
0.0150167
0.0150242
0.0150453
0.01503
0.0150272
0.0150122
0.0149985
0.014962
0.0149889
0.0149758
0.0149997
0.0149891
0.0150336
0.0150119
0.0150273
0.0150161
0.0150268
0.0150117
0.0150046
0.0149926
0.0149802
0.0149515
0.014986
0.0149728
0.014985
0.0149682
0.0149818
0.0150079
0.0150339
0.0150281
0.0150314
0.0150558
0.0150592
0.0150135
0.015028
0.0149889
0.0150029
0.0149895
0.0149919
0.0149782
0.0150204
0.0150049
0.0150255
0.0150204
0.0150307
0.0150376
0.0150411
0.0150069
0.0150291
0.0150017
0.0150108
0.0149981
0.0149939
0.0149771
0.0150179
0.0149969
0.0150263
0.0150029
0.0150216
0.0150265
0.0150376
0.0150495
0.0150346
0.0150194
0.0150278
0.0150049
0.0150268
0.0149826
0.0149925
0.0149815
0.0149966
0.0149844
0.015005
0.0149873
0.0150064
0.0150093
0.0150119
0.0150264
0.0150308
0.0150244
0.0150311
0.0150114
0.0150421
0.0150222
0.0150045
0.0150018
0.0150182
0.0149798
0.0149729
0.0149749
0.0149892
0.0149564
0.0149904
0.0150224
0.0149936
0.0150157
0.0150136
0.0150412
0.0150057
0.0150085
0.0150069
0.0150091
0.014992
0.0150298
0.0150038
0.0150109
0.0150612
0.0151735
0.0152701
0.0154293
0.0156848
0.0158129
0.0159725
0.0161159
0.0164544
0.0165931
0.0166881
0.0167684
0.0170083
0.0171423
0.0172964
0.0174616
0.0178857
0.0180504
0.0182304
0.0183636
0.0185859
0.0187094
0.0188516
0.0191518
0.0192728
0.01939
0.0195049
0.0196789
0.019825
0.0199998
0.020208
0.0205555
0.0206961
0.020825
0.0209088
0.0210767
0.0211759
0.0213245
0.0216588
0.0218294
0.0219425
0.0220802
0.0223906
0.0225027
0.0227007
0.0228556
0.0232214
0.0233329
0.0234201
0.0235017
0.0236438
0.0237874
0.0239451
0.024343
0.0244918
0.0246464
0.0247929
0.0249934
0.025148
0.0253138
0.0254925
0.0257631
0.0258836
0.0259723
0.0260666
0.0263106
0.0264723
0.0266869
0.0270678
0.027183
0.0273193
0.0274143
0.0276285
0.0277774
0.0279572
0.0281194
0.0283969
0.0284978
0.0286056
0.028732
0.029038
0.029199
0.0293906
0.0295448
0.0297567
0.0298483
0.0299494
0.0301414
0.0303276
0.0305278
0.0306906
0.030994
0.031115
0.0311954
0.031285
0.0316063
0.0317439
0.0319118
0.03204
0.0322531
0.0323655
0.0324896
0.0328342
0.0330236
0.0332335
0.033384
0.0336231
0.0336923
0.0336872
0.03384
0.0341011
0.0342853
0.0344362
0.0346035
0.0348884
0.0350047
0.0351482
0.0352699
0.035609
0.0357491
0.0358856
0.0360561
0.0361574
0.0362873
0.0364203
0.0367399
0.0369149
0.0371003
0.0372915
0.0375252
0.0375947
0.0377032
0.0378065
0.0380116
0.0381994
0.0383694
0.0387674
0.038912
0.0390256
0.0391712
0.039399
0.0395179
0.0396355
0.0397702
0.0400654
0.0402166
0.040321
0.0404719
0.040763
0.0408744
0.0410104
0.0413144
0.0414739
0.0416371
0.041771
0.041999
0.0421235
0.0422433
0.0423825
0.0426519
0.0427938
0.0429239
0.0430903
0.0434176
0.0435348
0.0436945
0.0439105
0.0440353
0.0441496
0.0442615
0.0445268
0.0446879
0.0448167
0.0449848
0.0453168
0.0454735
0.0456054
0.0457483
0.0459864
0.0461084
0.0462189
0.0464933
0.0466557
0.0467816
0.0469234
0.0472098
0.0473598
0.0475092
0.0476512
0.0479226
0.0480565
0.0482122
0.0483596
0.0486743
0.0488268
0.048968
0.0492712
0.0493953
0.049536
0.0496682
0.0498662
0.0499578
0.0500699
0.0502008
0.0504742
0.0506592
0.0508095
0.0509596
0.051295
0.0514329
0.0515735
0.051725
0.05197
0.0520822
0.0522198
0.0524648
0.0526218
0.0527561
0.0529191
0.0532157
0.053354
0.0535001
0.0536525
0.0538891
0.0540293
0.0541436
0.0543833
0.0545114
0.0546353
0.0547574
0.0550397
0.0552358
0.0553566
0.0554979
0.0557997
0.0559328
0.056061
0.0562303
0.056479
0.0565728
0.0567187
0.0568425
0.0571092
0.0572363
0.0574041
0.057685
0.0577312
0.0579092
0.0580717
0.0583248
0.0584423
0.0585748
0.0587113
0.0589578
0.059077
0.0592256
0.0593534
0.059643
0.0597912
0.0599777
0.0601203
0.0604091
0.0605563
0.0606943
0.0609504
0.0610654
0.0612102
0.0613328
0.0615874
0.0617217
0.0618698
0.0619983
0.0622733
0.0624208
0.0625775
0.0627045
0.0630068
0.0631794
0.0633425
0.0636473
0.0637681
0.0639051
0.0640329
0.0643057
0.0644066
0.0645707
0.0646851
0.0649364
0.0650898
0.0652296
0.0653678
0.0656104
0.0657547
0.0658978
0.0660519
0.0663179
0.0664828
0.0666047
0.0667371
0.0669949
0.06713
0.0672442
0.0675199
0.067647
0.0678017
0.0679462
0.0682121
0.0683573
0.0685119
0.0686594
0.068962
0.0690993
0.0692304
0.0694065
0.0697021
0.0698396
0.0699925
0.0701024
0.0703504
0.0704681
0.0705983
0.0708506
0.0709502
0.0711031
0.0712065
0.0714935
0.071609
0.0717508
0.0718917
0.0721989
0.0723307
0.0724846
0.0726302
0.0728899
0.0730359
0.0731769
0.073468
0.073633
0.0737685
0.0739223
0.0742245
0.0743664
0.0744844
0.0746059
0.0748696
0.074994
0.075116
0.075268
0.0755237
0.0756448
0.075775
0.0759089
0.0761772
0.076295
0.076426
0.0766869
0.0768441
0.0769909
0.077132
0.0774299
0.0775608
0.0776976
0.077845
0.0781324
0.0782975
0.0784144
0.0785718
0.0788487
0.0790078
0.0791494
0.0794497
0.0795801
0.0797306
0.0798607
0.0801028
0.0802252
0.0803457
0.0804737
0.0807232
0.080856
0.080968
0.081104
0.08137
0.0814999
0.0816424
0.0819043
0.0820571
0.0821976
0.0823487
0.0826305
0.0827687
0.0829041
0.0830501
0.0833462
0.0834926
0.0836242
0.0837882
0.0840611
0.0842138
0.0843418
0.0844801
0.0847393
0.084878
0.0850111
0.0852695
0.0853963
0.0855374
0.0856652
0.0859524
0.0860878
0.0862349
0.0863574
0.0866526
0.0867716
0.0869043
0.0870345
0.0873113
0.0874511
0.0875954
0.0878564
0.0880284
0.0881735
0.0883083
0.0886036
0.0887439
0.088876
0.088996
0.0892654
0.0894109
0.0895378
0.0896857
0.0899254
0.0900647
0.0901921
0.0904545
0.0905992
0.0907341
0.0908602
0.0911145
0.091265
0.0914077
0.0915512
0.0918118
0.0919703
0.0920991
0.0922455
0.0925308
0.0926457
0.0927922
0.0930609
0.0932166
0.0933805
0.0934996
0.0937838
0.0939153
0.0940504
0.0942025
0.0944746
0.0946325
0.0947512
0.0948767
0.0951696
0.0953116
0.0954271
0.0955474
0.0957953
0.095937
0.0960616
0.0963203
0.0964641
0.0965957
0.0967118
0.0969973
0.0971132
0.0972678
0.0974119
0.0976772
0.0978088
0.0979496
0.0981078
0.0983744
0.0985129
0.0986598
0.0989489
0.0990828
0.099235
0.0993854
0.0996661
0.0998273
0.0999544
0.100104
0.100375
0.100517
0.100651
0.100797
0.101086
0.101216
0.101344
0.101624
0.101744
0.101893
0.102043
0.102312
0.102445
0.102581
0.10274
0.102985
0.103133
0.103306
0.103439
0.103681
0.103862
0.103995
0.104143
0.104428
0.104585
0.104727
0.104995
0.105125
0.105269
0.105407
0.105697
0.105829
0.105963
0.106088
0.106354
0.106494
0.106611
0.106742
0.107001
0.10714
0.107255
0.107502
0.107654
0.107774
0.107907
0.108161
0.108308
0.10843
0.108568
0.108825
0.108963
0.109121
0.109244
0.10954
0.109681
0.10982
0.110109
0.110246
0.110397
0.110556
0.110814
0.110938
0.111084
0.111232
0.111501
0.111648
0.111747
0.111914
0.112174
0.112306
0.112434
0.112578
0.112843
0.112973
0.113115
0.113371
0.113516
0.113645
0.113782
0.114044
0.114183
0.114334
0.114463
0.114737
0.11489
0.115002
0.115131
0.115404
0.115562
0.11569
0.115962
0.116126
0.116264
0.116403
0.116701
0.116845
0.116979
0.117118
0.117407
0.117548
0.117675
0.11779
0.118084
0.118216
0.118346
0.118618
0.118763
0.118879
0.119019
0.119281
0.119408
0.119568
0.119687
0.119964
0.120089
0.120239
0.120375
0.120636
0.120792
0.120915
0.12105
0.121329
0.121475
0.121612
0.121897
0.122045
0.122169
0.122302
0.122594
0.122733
0.122874
0.123024
0.123302
0.123457
0.123596
0.123725
0.123994
0.124139
0.124287
0.124435
0.124705
0.124856
0.124973
0.1251
0.125383
0.12551
0.125629
0.125897
0.126042
0.126168
0.126309
0.126587
0.12671
0.126848
0.126992
0.127245
0.127385
0.127511
0.127641
0.127922
0.128057
0.128193
0.128456
0.128583
0.128732
0.12886
0.129145
0.129289
0.129437
0.12957
0.129857
0.129968
0.130109
0.130248
0.130539
0.130684
0.130826
0.131109
0.131241
0.131379
0.131503
0.131786
0.131929
0.132068
0.132219
0.132476
0.132616
0.132759
0.132882
0.133156
0.133304
0.133436
0.133575
0.133836
0.133973
0.134104
0.134377
0.134504
0.134642
0.134755
0.135032
0.135176
0.135295
0.135454
0.135706
0.135857
0.135985
0.136136
0.136408
0.136566
0.136703
0.136974
0.137104
0.137241
0.137371
0.137661
0.137805
0.137943
0.138088
0.138374
0.138507
0.138645
0.138798
0.139064
0.139214
0.139343
0.139613
0.139766
0.139887
0.140041
0.140304
0.140452
0.140603
0.140735
0.140999
0.141146
0.141281
0.141415
0.141696
0.141836
0.141958
0.142247
0.142373
0.142514
0.142643
0.142917
0.143069
0.143185
0.143338
0.143603
0.143726
0.143888
0.144016
0.144268
0.144426
0.144556
0.144689
0.144961
0.145089
0.14521
0.145475
0.145605
0.14576
0.145886
0.146156
0.1463
0.14644
0.146578
0.146847
0.146987
0.147123
0.147261
0.14754
0.147698
0.147828
0.14809
0.148234
0.148379
0.14852
0.148809
0.14895
0.149087
0.149202
0.149477
0.149612
0.149762
0.149866
0.150014
0.150043
0.150049
0.150011
0.149997
0.150009
0.150007
0.15001
0.150004
0.150006
0.15
0.150001
0.150003
0.149998
0.150008
0.150002
0.15001
0.149983
0.150001
0.149994
0.150003
0.149991
0.149982
0.149991
0.149991
0.15
0.149992
0.149996
0.149992
0.149996
0.149992
0.149992
0.149993
0.149989
0.149988
0.149986
0.149979
0.149987
0.149987
0.149989
0.149994
0.149982
0.14999
0.149996
0.149997
0.149992
0.149986
0.149987
0.149992
0.149991
0.149991
0.149986
0.149979
0.149995
0.149994
0.149999
0.149989
0.149992
0.149993
0.150005
0.149997
0.149993
0.149993
0.149996
0.14998
0.149992
0.149996
0.149995
0.149997
0.150003
0.149997
0.149989
0.149999
0.149995
0.149997
0.149995
0.149989
0.149995
0.149999
0.149993
0.149985
0.149993
0.149992
0.150001
0.149996
0.149988
0.149992
0.149982
0.149987
0.149983
0.149995
0.14999
0.149991
0.149992
0.150001
0.149981
0.149997
0.149993
0.149995
0.150001
0.149989
0.149999
0.149988
0.149992
0.149993
0.150003
0.149989
0.149995
0.149994
0.149992
0.149983
0.149993
0.14999
0.150006
0.149993
0.149995
0.149991
0.149992
0.149983
0.149993
0.150003
0.149991
0.149998
0.149999
0.15
0.149997
0.150001
0.149995
0.149994
0.15
0.149989
0.149993
0.149994
0.149994
0.149997
0.14999
0.149989
0.149978
0.15
0.149991
0.150002
0.149999
0.149997
0.149995
0.149987
0.149996
0.149987
0.149994
0.149992
0.150003
0.150003
0.14999
0.149989
0.149987
0.149995
0.149987
0.149993
0.14999
0.149997
0.150001
0.149993
0.149988
0.150006
0.149996
0.149997
0.149989
0.14999
0.149998
0.150001
0.149988
0.149987
0.149989
0.149996
0.149994
0.149996
0.149996
0.149999
0.149997
0.149988
0.150004
0.15
0.14999
0.149996
0.149995
0.15
0.149995
0.149987
0.149998
0.149992
0.149989
0.149999
0.150001
0.15
0.150001
0.149999
0.149994
0.149986
0.149992
0.149994
0.149999
0.149994
0.149988
0.149989
0.14999
0.149997
0.149997
0.149999
0.149992
0.149994
0.149991
0.149988
0.149999
0.150003
0.149989
0.149986
0.150005
0.149996
0.150001
0.149988
0.149989
0.149993
0.149991
0.149986
0.149993
0.149988
0.149988
0.149992
0.149981
0.149996
0.14999
0.149991
0.149997
0.149989
0.149997
0.149997
0.149996
0.149983
0.15
0.149991
0.149992
0.149986
0.149991
0.150001
0.149992
0.149991
0.149981
0.150007
0.149992
0.149995
0.149987
0.149987
0.149999
0.149986
0.150008
0.149995
0.149992
0.149991
0.149996
0.149999
0.14999
0.149982
0.149994
0.150001
0.149992
0.149999
0.149992
0.149996
0.149988
0.149999
0.149998
0.149992
0.14999
0.14999
0.150001
0.149987
0.149989
0.149995
0.149998
0.149999
0.149985
0.149996
0.15
0.149998
0.150001
0.149991
0.150002
0.149994
0.149986
0.149999
0.149999
0.149993
0.149992
0.149988
0.149998
0.149993
0.149997
0.149998
0.149987
0.149998
0.149987
0.149993
0.149999
0.149991
0.149986
0.15
0.149985
0.149983
0.149994
0.149995
0.149993
0.149988
0.149997
0.149996
0.15
0.149998
0.149979
0.149994
0.149985
0.14999
0.149996
0.149991
0.149994
0.14999
0.149998
0.149997
0.149998
0.149998
0.150003
0.149995
0.150004
0.149988
0.149997
0.149999
0.149986
0.149995
0.149988
0.150008
0.149985
0.149984
0.149996
0.149995
0.149992
0.149994
0.149996
0.14999
0.149991
0.149998
0.149996
0.149997
0.14999
0.149992
0.149999
0.149999
0.149993
0.149989
0.149992
0.149994
0.149992
0.149985
0.149997
0.149989
0.149992
0.149999
0.149986
0.149991
0.14999
0.149995
0.149995
0.149994
0.149998
0.149986
0.149995
0.14999
0.149984
0.149995
0.149998
0.149988
0.149988
0.149992
0.150001
0.149996
0.14999
0.149998
0.149995
0.15
0.149999
0.149983
0.14999
0.149995
0.150007
0.149996
0.149994
0.149998
0.149988
0.149998
0.149994
0.149996
0.149992
0.149992
0.149998
0.150001
0.149996
0.149992
0.150002
0.149991
0.15
0.149994
0.150002
0.150001
0.149997
0.149994
0.149993
0.149996
0.149993
0.150007
0.149991
0.150002
0.149997
0.149997
0.15
0.149992
0.14999
0.149989
0.149995
0.149988
0.149991
0.149994
0.14999
0.149994
0.149989
0.150003
0.149996
0.149983
0.149996
0.149989
0.149992
0.149991
0.14999
0.149988
0.149988
0.149993
0.149992
0.149985
0.14999
0.149993
0.149999
0.149992
0.149994
0.150001
0.149991
0.149989
0.149993
0.149999
0.149991
0.149983
0.149991
0.150001
0.149992
0.149997
0.149993
0.150001
0.150001
0.149996
0.149997
0.149994
0.149996
0.150001
0.149986
0.149993
0.14999
0.149999
0.15
0.149993
0.149992
0.149997
0.149991
0.149991
0.149997
0.149993
0.150001
0.14999
0.149995
0.149995
0.149982
0.150004
0.149995
0.150001
0.150006
0.149999
0.149988
0.149987
0.149998
0.149987
0.149996
0.149993
0.149998
0.149983
0.15
0.149989
0.149997
0.149999
0.149993
0.150007
0.149985
0.149987
0.149982
0.149995
0.14999
0.149988
0.149991
0.149982
0.149996
0.149991
0.15
0.149996
0.149991
0.149992
0.149992
0.149992
0.149988
0.149997
0.149987
0.149987
0.149993
0.149988
0.14999
0.149991
0.150002
0.149993
0.149993
0.150001
0.149999
0.149993
0.149999
0.15
0.149988
0.14999
0.149984
0.149989
0.149999
0.149989
0.149997
0.149993
0.150005
0.149989
0.149993
0.149983
0.149987
0.149988
0.149988
0.149997
0.149995
0.149998
0.149993
0.149995
0.149992
0.149994
0.150004
0.149983
0.149987
0.14999
0.14998
0.149986
0.149994
0.149999
0.149984
0.149997
0.149985
0.149992
0.149991
0.15
0.149979
0.149997
0.149993
0.149987
0.149999
0.149998
0.149997
0.149997
0.149995
0.149996
0.149988
0.14999
0.149986
0.149989
0.149989
0.15
0.149991
0.149994
0.149993
0.149994
0.149991
0.149993
0.149986
0.14999
0.149993
0.149985
0.149991
0.149997
0.149985
0.149992
0.149997
0.149993
0.149992
0.149983
0.149997
0.15
0.149993
0.149994
0.149997
0.149987
0.149994
0.149986
0.149993
0.149994
0.149996
0.149996
0.149992
0.149991
0.149993
0.149988
0.149987
0.149998
