2.19997
2.1999
2.19993
2.19995
2.19996
2.19993
2.19992
2.19997
2.19994
2.19997
2.19992
2.19997
2.20002
2.19993
2.19993
2.19991
2.19992
2.20004
2.19995
2.19993
2.19999
2.20003
2.19998
2.19989
2.19997
2.20002
2.19999
2.20001
2.19995
2.19993
2.19998
2.19999
2.19996
2.19994
2.19996
2.19993
2.20003
2.2
2.19994
2.19996
2.19991
2.2
2.20002
2.19991
2.19988
2.19998
2.19997
2.19995
2.19993
2.2
2.19998
2.19998
2.19996
2.20001
2.20002
2.19995
2.19993
2.19993
2.19999
2.19996
2.19997
2.19997
2.19994
2.19994
2.19996
2.19999
2.20002
2.19997
2.19999
2.19995
2.19997
2.19994
2.19995
2.19999
2.19991
2.19996
2.19998
2.19991
2.19994
2.2
2.19998
2.19997
2.19996
2.19993
2.19993
2.2
2.19992
2.19992
2.19994
2.19993
2.2
2.19998
2.19999
2.19994
2.19997
2.19997
2.19995
2.19999
2.19996
2.1999
2.19997
2.19992
2.19998
2.19995
2.19993
2.19991
2.19996
2.2
2.19998
2.20001
2.19995
2.19995
2.19993
2.19992
2.19997
2.19993
2.2
2.19999
2.19999
2.19996
2.20002
2.19998
2.20002
2.19996
2.19998
2.19997
2.20001
2.19999
2.2
2.19997
2.19999
2.19993
2.19998
2.19989
2.19997
2.19994
2.1999
2.19992
2.19998
2.2
2.19996
2.19991
2.19994
2.20001
2.20003
2.19997
2.19997
2.20001
2.19998
2.19993
2.19993
2.19995
2.19995
2.19993
2.20001
2.19996
2.19994
2.19997
2.19997
2.19998
2.19995
2.19991
2.19995
2.19999
2.1999
2.19996
2.20002
2.19991
2.20001
2.19992
2.19995
2.19996
2.20001
2.19993
2.2
2.19998
2.19995
2.2
2.19998
2.19997
2.19997
2.19995
2.19996
2.19995
2.19996
2.19999
2.19995
2.19997
2.19995
2.20001
2.19995
2.19998
2.19998
2.20002
2.19999
2.19995
2.19991
2.19999
2.20001
2.19991
2.19997
2.20006
2.19993
2.19998
2.19999
2.20001
2.19998
2.19992
2.19994
2.19999
2.19992
2.19996
2.19992
2.19993
2.19995
2.19996
2.19997
2.19999
2.19999
2.19993
2.20005
2.19996
2.2
2.19999
2.19996
2.19995
2.19997
2.19999
2.19996
2.2
2.19996
2.20001
2.19995
2.19999
2.19994
2.19997
2.19994
2.19998
2.2
2.19997
2.19997
2.19996
2.20003
2.19993
2.20006
2.20022
2.20028
2.20013
2.20007
2.20006
2.20028
2.20033
2.20027
2.20027
2.20026
2.2002
2.20024
2.20021
2.2003
2.20048
2.20064
2.20057
2.20055
2.2003
2.20025
2.2
2.20009
2.19988
2.19998
2.20005
2.19996
2.20018
2.2002
2.20004
2.20001
2.19996
2.1999
2.19987
2.1999
2.19991
2.20008
2.20021
2.2004
2.20056
2.20043
2.2003
2.20004
2.19992
2.19981
2.19967
2.19965
2.19974
2.19976
2.19994
2.19999
2.19997
2.19984
2.19975
2.19973
2.19974
2.19981
2.19994
2.2
2.20017
2.20031
2.20037
2.20032
2.20026
2.20006
2.19983
2.19974
2.19973
2.19961
2.19964
2.19967
2.19976
2.20008
2.20012
2.2002
2.20023
2.20021
2.20012
2.20004
2.20007
2.19996
2.19987
2.1999
2.19994
2.19998
2.19999
2.20009
2.20003
2.19988
2.19989
2.19983
2.19972
2.19971
2.19979
2.19983
2.19991
2.20004
2.20019
2.20033
2.20037
2.20035
2.2003
2.20004
2.19993
2.19989
2.19969
2.19956
2.19956
2.1996
2.1995
2.19974
2.19993
2.19998
2.20041
2.2004
2.20033
2.20035
2.20021
2.2001
2.20008
2.2
2.19985
2.19992
2.19975
2.1997
2.19981
2.19975
2.19987
2.20008
2.20012
2.20019
2.20017
2.20012
2.20005
2.19985
2.19999
2.19996
2.1999
2.19991
2.19985
2.19996
2.20004
2.19996
2.20015
2.20012
2.20015
2.20015
2.20019
2.20021
2.20008
2.20013
2.20024
2.20018
2.20016
2.20018
2.20015
2.20015
2.20008
2.20007
2.20003
2.19989
2.19991
2.19981
2.1997
2.19976
2.19981
2.19988
2.19995
2.20011
2.20003
2.20006
2.20012
2.20016
2.20029
2.20019
2.20025
2.20028
2.20013
2.20008
2.2
2.19991
2.19983
2.19982
2.1998
2.19989
2.19999
2.19994
2.19995
2.19997
2.20007
2.20004
2.20011
2.20009
2.19998
2.19999
2.19991
2.19995
2.19969
2.19965
2.19969
2.19965
2.19977
2.19977
2.19981
2.19997
2.19995
2.19993
2.19999
2.20004
2.19997
2.1999
2.19989
2.19974
2.19969
2.19976
2.19975
2.19975
2.19972
2.19973
2.19976
2.19986
2.19978
2.19979
2.19979
2.19974
2.19974
2.19957
2.19947
2.19946
2.19959
2.19948
2.19963
2.19971
2.19988
2.20003
2.20023
2.20029
2.20033
2.20025
2.20033
2.20025
2.20015
2.19996
2.19989
2.19973
2.19958
2.19948
2.19949
2.19971
2.19981
2.20013
2.20043
2.20043
2.20062
2.20074
2.2007
2.20062
2.2004
2.20026
2.20012
2.19999
2.19987
2.19978
2.19981
2.19983
2.20008
2.20022
2.20031
2.20045
2.20041
2.20034
2.20026
2.20004
2.2
2.19997
2.19992
2.20002
2.20013
2.2001
2.20023
2.20041
2.20044
2.20054
2.20042
2.20026
2.20013
2.20007
2.1998
2.19972
2.19971
2.19962
2.1996
2.19968
2.19981
2.20001
2.2002
2.20036
2.20048
2.2005
2.20031
2.20026
2.20025
2.20013
2.20013
2.20003
2.19981
2.19998
2.19998
2.19996
2.19986
2.20003
2.19996
2.19996
2.19998
2.19999
2.1999
2.19994
2.19989
2.19967
2.19961
2.19965
2.19968
2.19991
2.20012
2.20028
2.20049
2.20034
2.20046
2.20022
2.19986
2.19979
2.19965
2.19963
2.19961
2.19956
2.19982
2.20016
2.20023
2.20027
2.20012
2.19976
2.19965
2.19955
2.19942
2.1994
2.19957
2.19964
2.19978
2.19997
2.20019
2.20021
2.20027
2.20023
2.20027
2.20031
2.20012
2.19999
2.19991
2.19983
2.19996
2.20012
2.20013
2.20028
2.20024
2.20005
2.19982
2.19965
2.19936
2.19946
2.1995
2.19979
2.19994
2.20014
2.20023
2.20008
2.20003
2.19985
2.19987
2.19971
2.19967
2.19972
2.19974
2.20015
2.20029
2.20047
2.20055
2.20045
2.2002
2.19997
2.19975
2.19967
2.19986
2.20012
2.20035
2.20045
2.20045
2.20045
2.19963
2.19944
2.19936
2.19941
2.19965
2.19978
2.19982
2.19975
2.19951
2.19953
2.19942
2.19936
2.19942
2.19949
2.19926
2.19907
2.19915
2.19924
2.19916
2.1994
2.19959
2.1998
2.19982
2.19977
2.19984
2.19987
2.19969
2.19961
2.19953
2.19957
2.19957
2.19965
2.19979
2.19976
2.19997
2.20011
2.20022
2.20023
2.20002
2.19995
2.19998
2.19992
2.19999
2.19997
2.19986
2.19985
2.19981
2.19973
2.19974
2.19988
2.1999
2.19997
2.20009
2.20012
2.20014
2.20009
2.19999
2.20009
2.20004
2.19998
2.20011
2.20011
2.20038
2.20018
2.19997
2.19984
2.19985
2.19996
2.20011
2.20013
2.20009
2.19999
2.19995
2.19994
2.20005
2.20028
2.2003
2.20025
2.20011
2.19995
2.20004
2.20012
2.20022
2.20038
2.20015
2.20004
2.19994
2.19988
2.19995
2.20003
2.20003
2.20006
2.19998
2.19989
2.1998
2.19985
2.19992
2.20008
2.20026
2.20013
2.20004
2.20005
2.1999
2.19998
2.20017
2.20034
2.20036
2.20022
2.2001
2.19992
2.19988
2.19995
2.20008
2.20039
2.20047
2.20045
2.20032
2.20007
2.19996
2.19994
2.19989
2.20019
2.20026
2.20025
2.20012
2.1999
2.19967
2.19966
2.19978
2.19988
2.19996
2.20013
2.20013
2.20013
2.20008
2.19993
2.19981
2.19983
2.19987
2.20006
2.20019
2.2001
2.20013
2.20009
2.2
2.19993
2.1999
2.19987
2.19995
2.20008
2.20008
2.20014
2.20019
2.20009
2.19997
2.19983
2.19984
2.19991
2.20002
2.20018
2.20019
2.20012
2.20022
2.20009
2.2
2.19995
2.19974
2.19983
2.19981
2.19987
2.19997
2.20007
2.2
2.19988
2.19983
2.19975
2.19979
2.19972
2.19978
2.19975
2.19973
2.19989
2.19996
2.20012
2.20016
2.19997
2.19987
2.19985
2.19983
2.19988
2.19992
2.20008
2.20014
2.20009
2.20005
2.20001
2.19995
2.19991
2.19986
2.19987
2.19992
2.20004
2.19998
2.20003
2.20003
2.20007
2.20005
2.2001
2.20008
2.19996
2.20004
2.19996
2.19994
2.20005
2.20016
2.20018
2.20017
2.20015
2.20007
2.19994
2.19993
2.19976
2.19993
2.19996
2.20005
2.19991
2.20007
2.20016
2.20026
2.20023
2.20017
2.20015
2.20011
2.19998
2.19997
2.19985
2.20005
2.20012
2.20002
2.20016
2.20007
2.2001
2.20003
2.20006
2.19994
2.1999
2.19981
2.19984
2.19972
2.1998
2.19985
2.19978
2.19989
2.20002
2.20004
2.20008
2.20017
2.20008
2.19998
2.19995
2.19996
2.19998
2.20003
2.20015
2.20013
2.20016
2.20013
2.2001
2.20026
2.20017
2.20024
2.20004
2.2001
2.20002
2.20006
2.20012
2.20019
2.20022
2.20017
2.2002
2.20025
2.20028
2.20027
2.20025
2.20027
2.20024
2.19999
2.19996
2.2
2.19997
2.20012
2.2002
2.20016
2.20012
2.20012
2.20005
2.20002
2.19999
2.19992
2.19995
2.19992
2.1998
2.19991
2.20005
2.19996
2.20007
2.20012
2.20013
2.2001
2.20014
2.2001
2.20015
2.20019
2.20022
2.20029
2.20022
2.20015
2.20011
2.20005
2.20005
2.20015
2.20018
2.20017
2.20024
2.20021
2.20019
2.20026
2.2003
2.20034
2.2003
2.20032
2.2003
2.20017
2.20011
2.20003
2.20009
2.20011
2.20016
2.20011
2.20006
2.20006
2.20015
2.20026
2.20023
2.20038
2.20026
2.20032
2.20015
2.20013
2.20015
2.20001
2.20001
2.19997
2.2
2.20012
2.20015
2.20007
2.20012
2.20011
2.20011
2.20009
2.20015
2.20016
2.20014
2.20005
2.20003
2.19985
2.19983
2.19981
2.19993
2.19991
2.1999
2.19989
2.19978
2.19985
2.19985
2.19992
2.20001
2.20003
2.20009
2.20003
2.2001
2.20009
2.20008
2.2
2.20006
2.19999
2.20006
2.20013
2.2002
2.20028
2.2003
2.20017
2.20024
2.20015
2.20016
2.20038
2.20048
2.20032
2.20025
2.20022
2.20014
2.20018
2.20005
2.19996
2.19989
2.19991
2.1999
2.19995
2.20007
2.20009
2.19984
2.19983
2.19995
2.19995
2.2
2.20001
2.20005
2.19989
2.19995
2.20002
2.1999
2.19995
2.19994
2.19983
2.1999
2.19993
2.19981
2.19991
2.20008
2.2001
2.2001
2.20007
2.20003
2.20008
2.20011
2.2002
2.20028
2.20027
2.20028
2.20017
2.2001
2.20015
2.20014
2.20012
2.19997
2.2
2.19984
2.19984
2.19991
2.19995
2.19989
2.19989
2.19974
2.19972
2.19974
2.19985
2.20003
2.20002
2.2
2.2001
2.20013
2.20006
2.20018
2.20015
2.20018
2.20023
2.20031
2.20019
2.20013
2.20013
2.20009
2.2001
2.20004
2.20005
2.20006
2.2
2.20002
2.19996
2.20003
2.2
2.19999
2.20001
2.20001
2.19988
2.19985
2.19984
2.19979
2.19983
2.19984
2.19993
2.20003
2.20017
2.20015
2.20008
2.20008
2.20009
2.2002
2.20022
2.20019
2.20019
2.20006
2.20001
2.20002
2.20005
2.20007
2.20006
2.19994
2.20001
2.19992
2.19994
2.19991
2.19986
2.19979
2.19983
2.19976
2.19974
2.19981
2.1999
2.20001
2.20013
2.20015
2.20008
2.20005
2.20013
2.20015
2.20016
2.20015
2.20004
2.19999
2.19992
2.19988
2.19991
2.1998
2.1997
2.19969
2.19962
2.19962
2.1997
2.19977
2.19981
2.19982
2.1999
2.20001
2.20014
2.20018
2.20027
2.20025
2.20023
2.20028
2.20013
2.20018
2.20015
2.20002
2.20002
2.1998
2.1998
2.19974
2.19964
2.19971
2.19973
2.19976
2.1998
2.19986
2.19989
2.19999
2.20005
2.20006
2.20007
2.20004
2.20005
2.20007
2.20005
2.20006
2.20009
2.2001
2.20003
2.20009
2.20002
2.20002
2.19972
2.19952
2.19953
2.19962
2.19985
2.20003
2.19997
2.19996
2.19975
2.19975
2.19978
2.19991
2.19988
2.19981
2.19981
2.19991
2.1999
2.19989
2.19989
2.19989
2.19985
2.19992
2.19996
2.19992
2.19994
2.19994
2.19986
2.19994
2.19993
2.20006
2.19989
2.19992
2.19993
2.19994
2.19997
2.19993
2.1999
2.19992
2.19987
2.19996
2.19992
2.19997
2.19987
2.19988
2.19986
2.1999
2.19988
2.19986
2.19988
2.19996
2.19995
2.19992
2.19985
2.19989
2.19988
2.19983
2.19993
2.19984
2.19989
2.19984
2.19989
2.19993
2.19981
2.19991
2.19983
2.19988
2.19985
2.19991
2.19987
2.19989
2.19989
2.19986
2.19983
2.19995
2.19984
2.19982
2.19988
2.19988
2.19989
2.19984
2.19979
2.19987
2.19988
2.19986
2.19981
2.19983
2.19984
2.19984
2.19994
2.19989
2.19984
2.19994
2.1998
2.19979
2.19975
2.19989
2.1999
2.19985
2.19981
2.1998
2.19984
2.19987
2.19983
2.19987
2.19984
2.19978
2.19984
2.19987
2.19982
2.19984
2.19985
2.19984
2.19985
2.1998
2.19988
2.19986
2.1999
2.19982
2.19985
2.19985
2.19982
2.19987
2.19984
2.19992
2.19986
2.19979
2.19983
2.1999
2.19988
2.19983
2.19986
2.19985
2.19988
2.19988
2.19982
2.19989
2.19987
2.19986
2.19987
2.19986
2.19984
2.19989
2.19986
2.19983
2.19987
2.19992
2.19988
2.19982
2.19988
2.19988
2.19986
2.19986
2.19982
2.19982
2.19998
2.19983
2.19986
2.19986
2.19982
2.19977
2.19991
2.19983
2.19989
2.19984
2.19987
2.19991
2.19982
2.19985
2.19986
2.19979
2.19987
2.19984
2.19985
2.19982
2.19988
2.19985
2.19989
2.1998
2.19984
2.19992
2.19984
2.19982
2.19987
2.19992
2.19984
2.19985
2.19983
2.19994
2.19989
2.19987
2.19991
2.19988
2.19988
2.19974
2.19993
2.19995
2.19981
2.19988
2.19984
2.19985
2.19979
2.19979
2.19947
2.19947
2.19961
2.19979
2.20006
2.20002
2.20015
2.1997
2.19966
2.19962
2.19975
2.19985
2.19991
2.19982
2.19974
2.19972
2.19973
2.19977
2.19976
2.19973
2.19977
2.19984
2.19973
2.1998
2.1999
2.19993
2.2
2.19997
2.20007
2.20015
2.20014
2.20012
2.2001
2.20005
2.2
2.1999
2.19983
2.19979
2.19977
2.19974
2.1997
2.19979
2.19976
2.19982
2.19987
2.19975
2.19993
2.20004
2.20014
2.20008
2.20003
2.2
2.19991
2.19993
2.19999
2.20001
2.2
2.19996
2.19997
2.19996
2.19986
2.19982
2.19979
2.19973
2.19965
2.19971
2.1996
2.19972
2.19983
2.19988
2.19995
2.19992
2.19988
2.19997
2.19997
2.20005
2.19994
2.19982
2.19984
2.19977
2.19995
2.19995
2.19997
2.19995
2.19994
2.19988
2.1998
2.19975
2.19976
2.19981
2.19979
2.19974
2.19973
2.19984
2.19985
2.19983
2.19979
2.19988
2.19987
2.19996
2.19991
2.2
2.2
2.19995
2.19996
2.19994
2.20001
2.19992
2.19997
2.20003
2.20001
2.20009
2.20006
2.20001
2.20001
2.20008
2.19999
2.19993
2.19987
2.19974
2.19979
2.19968
2.19974
2.19972
2.1998
2.19973
2.19979
2.19978
2.19986
2.19976
2.19987
2.19996
2.19988
2.19992
2.19993
2.19992
2.20014
2.20009
2.20007
2.20013
2.20003
2.20008
2.19996
2.19994
2.1999
2.19993
2.19986
2.19993
2.19989
2.19977
2.19988
2.19985
2.19978
2.19978
2.19982
2.19982
2.19983
2.19977
2.19998
2.1999
2.20004
2.20001
2.2
2.20001
2.20009
2.20003
2.20018
2.20002
2.20007
2.20004
2.20003
2.19996
2.19998
2.19993
2.19997
2.19995
2.20003
2.20013
2.20009
2.20019
2.20024
2.20021
2.20013
2.20021
2.20014
2.19998
2.19996
2.19989
2.19984
2.19989
2.19987
2.19988
2.19984
2.19982
2.19976
2.19972
2.19978
2.19973
2.19976
2.19985
2.19995
2.19993
2.19987
2.19993
2.19999
2.1999
2.19992
2.19989
2.20001
2.19995
2.20002
2.19998
2.2
2.19999
2.19999
2.20003
2.20006
2.20022
2.2002
2.20014
2.20014
2.20002
2.2
2.19998
2.20003
2.19999
2.19995
2.20001
2.20005
2.20005
2.20007
2.20007
2.20013
2.20009
2.2001
2.20019
2.20018
2.20018
2.20011
2.20004
2.1999
2.19986
2.19995
2.19992
2.20004
2.20005
2.20006
2.19995
2.19993
2.20001
2.19998
2.20004
2.19995
2.19998
2.19998
2.19995
2.19989
2.19991
2.19986
2.19988
2.19992
2.19992
2.19993
2.19991
2.20003
2.20003
2.20001
2.20004
2.20007
2.20011
2.20009
2.20003
2.20008
2.20004
2.20004
2.1999
2.19995
2.20002
2.19997
2.20002
2.19999
2.20002
2.20003
2.20003
2.20008
2.20013
2.20009
2.20018
2.20002
2.2002
2.20009
2.20006
2.20008
2.20004
2.1999
2.19999
2.19993
2.20002
2.20016
2.20008
2.20009
2.19998
2.19995
2.19991
2.19988
2.19986
2.19997
2.19998
2.19988
2.19996
2.1999
2.19996
2.20012
2.20005
2.20004
2.19998
2.19991
2.19984
2.19983
2.19982
2.19986
2.19982
2.1998
2.19984
2.19987
2.19992
2.19993
2.19991
2.19977
2.19973
2.19989
2.19985
2.19991
2.19987
2.1998
2.19981
2.19998
2.19985
2.20001
2.20006
2.20009
2.20003
2.20009
2.20001
2.2
2.20002
2.19995
2.19994
2.19994
2.2
2.20007
2.20018
2.20025
2.20031
2.20011
2.20006
2.19999
2.19997
2.20007
2.20019
2.20013
2.20015
2.20016
2.20008
2.20023
2.20025
2.20022
2.20017
2.20012
2.20015
2.20007
2.2001
2.20007
2.20003
2.20002
2.20004
2.20012
2.20014
2.20021
2.20007
2.19996
2.20003
2.19994
2.20001
2.20003
2.20013
2.20018
2.20024
2.20013
2.20019
2.20008
2.20006
2.2001
2.2001
2.20007
2.20007
2.20023
2.2003
2.20025
2.20024
2.20013
2.20009
2.20012
2.20014
2.20014
2.20015
2.20015
2.20029
2.20034
2.20038
2.20007
2.20012
2.20007
2.20003
2.20019
2.2003
2.20031
2.2003
2.19993
2.19989
2.19994
2.19995
2.20051
2.20088
2.2015
2.20207
2.20368
2.2045
2.20537
2.20633
2.20771
2.20841
2.20925
2.20994
2.21163
2.21254
2.21321
2.21483
2.2155
2.21619
2.21699
2.21858
2.21938
2.22016
2.2209
-2.21952
-2.21877
-2.21813
-2.21733
-2.21568
-2.21484
-2.21409
-2.21235
-2.21155
-2.21076
-2.2098
-2.20818
-2.20731
-2.20634
-2.20551
-2.20392
-2.20313
-2.20235
-2.20159
-2.2
-2.19919
-2.19838
-2.19685
-2.19609
-2.19526
-2.19435
-2.19274
-2.19194
-2.19109
-2.19017
-2.18846
-2.18755
-2.18661
-2.1857
-2.18392
-2.18311
-2.18216
-2.1814
-2.17977
-2.1789
-2.17807
-2.17639
-2.17551
-2.17463
-2.17372
-2.17212
-2.17125
-2.17041
-2.16954
-2.16796
-2.16711
-2.16625
-2.16533
-2.16357
-2.1628
-2.16171
-2.16003
-2.15911
-2.15822
-2.15734
-2.15573
-2.15495
-2.15409
-2.1533
-2.15157
-2.15082
-2.15004
-2.14915
-2.14748
-2.14664
-2.14575
-2.14408
-2.14315
-2.14226
-2.14141
-2.1395
-2.13853
-2.13765
-2.13669
-2.13477
-2.13393
-2.13301
-2.13214
-2.13036
-2.12958
-2.12864
-2.12772
-2.12593
-2.12503
-2.12419
-2.12239
-2.12159
-2.12069
-2.11988
-2.11828
-2.11743
-2.11638
-2.11557
-2.1137
-2.11275
-2.11187
-2.11098
-2.10898
-2.10807
-2.10725
-2.10546
-2.10455
-2.10364
-2.10277
-2.10091
-2.10005
-2.09904
-2.09815
-2.09637
-2.09543
-2.09459
-2.09376
-2.09207
-2.09122
-2.09021
-2.0883
-2.08744
-2.08641
-2.08549
-2.0837
-2.08268
-2.0818
-2.08079
-2.079
-2.07819
-2.07723
-2.07636
-2.0744
-2.0735
-2.07255
-2.07075
-2.06986
-2.06894
-2.06807
-2.06638
-2.06548
-2.06456
-2.06354
-2.06176
-2.06079
-2.05987
-2.05891
-2.05695
-2.05603
-2.05499
-2.05404
-2.05214
-2.05127
-2.05024
-2.0483
-2.04738
-2.04639
-2.04547
-2.04367
-2.04281
-2.04195
-2.04104
-2.03927
-2.03838
-2.03749
-2.03657
-2.03477
-2.03396
-2.03305
-2.03122
-2.03023
-2.02924
-2.02824
-2.02625
-2.02535
-2.02429
-2.02328
-2.02139
-2.02023
-2.01932
-2.01832
-2.0163
-2.01537
-2.01441
-2.01246
-2.01148
-2.0106
-2.00968
-2.00787
-2.00689
-2.00611
-2.00521
-2.00341
-2.00254
-2.00161
-2.00066
-1.99876
-1.99766
-1.99663
-1.99453
-1.9935
-1.99248
-1.99149
-1.98969
-1.98875
-1.98763
-1.98664
-1.98458
-1.98359
-1.98274
-1.9819
-1.9801
-1.97918
-1.97824
-1.97643
-1.97546
-1.97454
-1.9736
-1.97158
-1.97056
-1.96958
-1.9685
-1.9663
-1.96532
-1.96435
-1.96341
-1.96134
-1.96034
-1.95937
-1.9583
-1.95626
-1.95534
-1.95445
-1.95251
-1.95152
-1.95057
-1.94961
-1.94774
-1.9469
-1.94571
-1.94482
-1.943
-1.94195
-1.94094
-1.93994
-1.93787
-1.93694
-1.93589
-1.93369
-1.93268
-1.93155
-1.93038
-1.9284
-1.92751
-1.92646
-1.92555
-1.92357
-1.92249
-1.92156
-1.92063
-1.91877
-1.91777
-1.91684
-1.9159
-1.91389
-1.91285
-1.91195
-1.90998
-1.90913
-1.90811
-1.90702
-1.90504
-1.9039
-1.90286
-1.9019
-1.89997
-1.89898
-1.89796
-1.897
-1.89489
-1.89387
-1.89291
-1.8907
-1.88974
-1.88856
-1.88751
-1.88535
-1.88424
-1.88335
-1.88224
-1.88036
-1.87944
-1.87846
-1.87751
-1.87551
-1.87463
-1.87365
-1.87176
-1.87078
-1.86966
-1.86868
-1.86663
-1.86568
-1.86463
-1.86365
-1.86144
-1.86027
-1.85899
-1.85812
-1.85601
-1.85507
-1.85397
-1.85289
-1.85075
-1.84966
-1.84855
-1.84645
-1.84544
-1.84453
-1.84344
-1.84155
-1.84058
-1.83957
-1.83856
-1.83668
-1.8358
-1.83475
-1.83373
-1.83164
-1.83058
-1.82955
-1.82751
-1.8265
-1.82544
-1.82437
-1.82209
-1.82088
-1.81993
-1.81881
-1.81676
-1.81571
-1.81476
-1.81373
-1.81159
-1.81062
-1.80954
-1.8073
-1.8062
-1.80511
-1.80397
-1.80184
-1.8009
-1.79986
-1.79886
-1.79676
-1.79569
-1.79461
-1.79379
-1.79192
-1.79085
-1.78989
-1.78785
-1.7867
-1.78579
-1.78484
-1.78269
-1.78174
-1.78073
-1.77952
-1.77712
-1.77602
-1.77493
-1.77387
-1.77179
-1.77069
-1.76951
-1.7684
-1.76617
-1.76499
-1.764
-1.76181
-1.76071
-1.75958
-1.75855
-1.75656
-1.75554
-1.75458
-1.75372
-1.75158
-1.75063
-1.7495
-1.74847
-1.74634
-1.74532
-1.74446
-1.74221
-1.74113
-1.7401
-1.73882
-1.73671
-1.73568
-1.73467
-1.73354
-1.73161
-1.73056
-1.72951
-1.72858
-1.72649
-1.72539
-1.72441
-1.72209
-1.72092
-1.71986
-1.71868
-1.7165
-1.71541
-1.71426
-1.71303
-1.71081
-1.70977
-1.70875
-1.70773
-1.70569
-1.70455
-1.70354
-1.70249
-1.70052
-1.69939
-1.69837
-1.69608
-1.6949
-1.69389
-1.69274
-1.69064
-1.68964
-1.68853
-1.68736
-1.68519
-1.68388
-1.68284
-1.68166
-1.67967
-1.67852
-1.67751
-1.67528
-1.67435
-1.67316
-1.67204
-1.66988
-1.6688
-1.66758
-1.66652
-1.66412
-1.6631
-1.66202
-1.66095
-1.65873
-1.65758
-1.65648
-1.65422
-1.65305
-1.65206
-1.65092
-1.64887
-1.64767
-1.64657
-1.64552
-1.64348
-1.64243
-1.64133
-1.64016
-1.63797
-1.63692
-1.63604
-1.63491
-1.63268
-1.63157
-1.63044
-1.62817
-1.62704
-1.62596
-1.62482
-1.62282
-1.62174
-1.62055
-1.61955
-1.61751
-1.61647
-1.61536
-1.61425
-1.61191
-1.61062
-1.60945
-1.60734
-1.60628
-1.6051
-1.6039
-1.60172
-1.60054
-1.59951
-1.59845
-1.5963
-1.59518
-1.5941
-1.593
-1.59091
-1.5899
-1.58885
-1.58645
-1.58531
-1.58417
-1.58287
-1.58077
-1.57976
-1.5786
-1.57735
-1.57504
-1.57391
-1.57281
-1.57177
-1.56943
-1.56826
-1.56717
-1.56487
-1.56368
-1.5627
-1.5617
-1.55951
-1.55843
-1.55733
-1.55611
-1.55381
-1.55269
-1.55149
-1.55032
-1.54816
-1.54708
-1.54588
-1.54482
-1.54269
-1.54167
-1.54054
-1.5383
-1.53723
-1.53615
-1.5351
-1.53309
-1.53198
-1.53074
-1.52956
-1.52717
-1.52607
-1.52483
-1.52371
-1.52128
-1.52017
-1.51887
-1.5165
-1.51542
-1.51425
-1.51302
-1.51089
-1.50978
-1.50865
-1.50765
-1.50559
-1.50442
-1.50328
-1.50206
-1.49976
-1.49865
-1.49757
-1.49527
-1.49399
-1.49288
-1.49173
-1.48937
-1.48827
-1.48712
-1.48604
-1.48379
-1.48279
-1.48191
-1.48078
-1.47846
-1.47739
-1.47619
-1.47492
-1.47255
-1.47136
-1.47014
-1.46774
-1.46644
-1.46539
-1.46409
-1.46187
-1.46069
-1.45963
-1.45837
-1.45624
-1.45512
-1.45399
-1.45289
-1.45058
-1.44947
-1.44832
-1.44596
-1.44495
-1.44383
-1.44286
-1.44059
-1.43942
-1.43826
-1.43718
-1.4349
-1.43371
-1.43256
-1.43147
-1.42917
-1.42811
-1.42689
-1.42457
-1.42337
-1.42227
-1.42114
-1.41881
-1.41763
-1.41639
-1.41512
-1.41287
-1.41171
-1.41054
-1.4093
-1.40697
-1.40586
-1.40477
-1.40253
-1.40139
-1.4002
-1.39926
-1.39711
-1.39589
-1.3947
-1.39354
-1.39114
-1.3898
-1.38868
-1.38766
-1.38534
-1.38417
-1.38302
-1.38185
-1.37952
-1.37826
-1.37704
-1.37494
-1.37401
-1.37301
-1.37178
-1.36931
-1.36811
-1.36688
-1.36562
-1.36313
-1.36201
-1.36094
-1.35857
-1.35711
-1.35612
-1.35516
-1.35323
-1.35214
-1.3511
-1.34998
-1.34719
-1.34585
-1.34466
-1.34341
-1.34117
-1.34005
-1.33899
-1.33679
-1.33572
-1.33476
-1.33377
-1.33137
-1.32992
-1.32849
-1.32717
-1.3248
-1.32381
-1.32285
-1.32185
-1.31978
-1.31862
-1.31731
-1.31457
-1.31329
-1.31186
-1.31058
-1.30848
-1.30743
-1.30645
-1.30558
-1.30329
-1.3021
-1.30071
-1.29939
-1.29673
-1.29554
-1.29428
-1.29331
-1.29149
-1.29058
-1.2895
-1.28663
-1.28501
-1.28365
-1.2824
-1.28041
-1.2794
-1.27849
-1.27759
-1.27516
-1.2733
-1.27195
-1.27055
-1.26847
-1.26742
-1.26631
-1.2643
-1.26322
-1.26198
-1.26063
-1.25785
-1.25647
-1.25536
-1.25444
-1.25267
-1.25149
-1.25025
-1.24912
-1.24637
-1.24503
-1.24368
-1.24146
-1.24043
-1.23946
-1.23852
-1.23591
-1.23458
-1.23316
-1.2319
-1.22954
-1.22875
-1.22836
-1.22791
-1.22727
-1.22732
-1.22751
-1.22732
-1.22764
-1.22788
-1.22796
-1.22755
-1.22748
-1.2275
-1.22755
-1.22742
-1.22747
-1.22755
-1.22748
-1.22755
-1.2276
-1.22771
-1.22776
-1.22791
-1.22788
-1.22796
-1.22809
-1.22812
-1.22815
-1.22814
-1.22816
-1.22821
-1.22817
-1.22823
-1.22806
-1.22783
-1.22775
-1.22777
-1.22764
-1.22757
-1.22749
-1.22765
-1.22743
-1.22745
-1.22731
-1.22732
-1.22732
-1.22731
-1.22739
-1.22745
-1.22748
-1.2276
-1.22764
-1.22767
-1.22763
-1.22767
-1.22763
-1.22768
-1.22781
-1.22781
-1.22777
-1.22767
-1.22769
-1.22769
-1.22754
-1.2276
-1.22767
-1.22761
-1.22767
-1.22766
-1.22759
-1.22761
-1.22762
-1.22752
-1.22756
-1.22746
-1.22729
-1.22723
-1.22725
-1.22714
-1.22721
-1.22718
-1.22712
-1.22707
-1.22703
-1.2272
-1.22722
-1.22722
-1.2274
-1.22745
-1.22741
-1.22748
-1.22755
-1.22754
-1.22747
-1.22759
-1.22749
-1.22751
-1.22762
-1.22766
-1.22759
-1.22761
-1.22763
-1.22777
-1.22777
-1.22778
-1.228
-1.22794
-1.22796
-1.22795
-1.22774
-1.22755
-1.22751
-1.22754
-1.22739
-1.22732
-1.22741
-1.22736
-1.22725
-1.22731
-1.22744
-1.2274
-1.22765
-1.22765
-1.22753
-1.22743
-1.22732
-1.22732
-1.22724
-1.22743
-1.22729
-1.22727
-1.22739
-1.22745
-1.22754
-1.22763
-1.22769
-1.22765
-1.22774
-1.2277
-1.22771
-1.22751
-1.22768
-1.22766
-1.22763
-1.22763
-1.22762
-1.2276
-1.22767
-1.22774
-1.22785
-1.22791
-1.2277
-1.22795
-1.22791
-1.22788
-1.22759
-1.22762
-1.22774
-1.22781
-1.22786
-1.2277
-1.22779
-1.22766
-1.22779
-1.22782
-1.22796
-1.22807
-1.228
-1.22786
-1.22784
-1.22778
-1.22761
-1.22747
-1.22737
-1.22746
-1.22746
-1.22743
-1.22761
-1.22761
-1.22765
-1.22759
-1.2275
-1.22742
-1.22725
-1.2274
-1.22733
-1.22735
-1.2273
-1.2274
-1.22729
-1.22724
-1.22738
-1.22741
-1.22745
-1.2275
-1.22731
-1.2273
-1.22731
-1.22729
-1.22718
-1.2273
-1.22721
-1.22733
-1.2274
-1.22758
-1.22761
-1.22769
-1.22755
-1.2274
-1.22743
-1.22743
-1.22754
-1.22742
-1.22737
-1.22761
-1.22761
-1.22782
-1.22792
-1.22779
-1.22758
-1.22775
-1.22761
-1.22767
-1.22759
-1.22758
-1.22763
-1.22756
-1.2277
-1.2278
-1.22792
-1.22783
-1.2277
-1.22762
-1.2275
-1.22755
-1.22745
-1.22738
-1.22743
-1.22756
-1.22762
-1.22779
-1.22789
-1.22785
-1.22778
-1.22768
-1.22763
-1.22762
-1.22768
-1.22752
-1.22773
-1.22765
-1.22799
-1.22812
-1.2281
-1.2279
-1.22794
-1.22761
-1.22773
-1.22762
-1.2277
-1.22769
-1.22773
-1.2277
-1.22779
-1.2279
-1.22778
-1.22772
-1.22742
-1.22753
-1.22746
-1.22736
-1.22727
-1.22732
-1.22738
-1.22745
-1.22775
-1.22759
-1.22759
-1.22749
-1.22717
-1.22697
-1.22694
-1.22715
-1.22729
-1.22741
-1.22728
-1.22741
-1.2273
-1.22698
-1.22705
-1.22709
-1.22718
-1.22711
-1.22738
-1.22709
-1.22704
-1.22696
-1.22698
-1.22711
-1.2272
-1.22731
-1.22737
-1.22744
-1.22766
-1.22758
-1.22772
-1.22778
-1.22765
-1.22759
-1.22748
-1.22767
-1.22752
-1.22757
-1.22743
-1.22747
-1.22743
-1.22759
-1.22753
-1.22779
-1.22771
-1.22779
-1.22808
-1.22806
-1.22807
-1.22795
-1.22787
-1.22774
-1.22758
-1.22742
-1.2274
-1.22739
-1.22737
-1.22725
-1.22747
-1.22756
-1.22776
-1.22795
-1.22796
-1.22807
-1.22802
-1.22794
-1.22795
-1.22781
-1.22741
-1.22731
-1.2273
-1.2271
-1.22707
-1.22699
-1.22707
-1.22724
-1.22706
-1.22737
-1.22746
-1.22765
-1.22771
-1.22768
-1.22764
-1.2275
-1.22727
-1.22732
-1.22711
-1.22717
-1.22721
-1.22723
-1.22724
-1.22743
-1.22754
-1.22761
-1.22779
-1.22784
-1.22783
-1.22776
-1.22738
-1.22724
-1.22706
-1.2271
-1.22692
-1.22691
-1.22693
-1.22704
-1.22739
-1.22757
-1.22774
-1.22775
-1.22789
-1.22765
-1.22761
-1.22736
-1.22727
-1.22718
-1.22723
-1.22729
-1.22729
-1.22718
-1.22735
-1.22752
-1.22768
-1.22764
-1.22767
-1.22744
-1.22726
-1.22725
-1.22709
-1.22706
-1.22712
-1.22709
-1.22742
-1.22758
-1.22788
-1.22794
-1.22788
-1.22771
-1.22744
-1.2272
-1.22721
-1.22718
-1.22721
-1.22742
-1.22738
-1.22773
-1.22792
-1.22808
-1.22801
-1.22789
-1.22774
-1.22745
-1.2273
-1.22739
-1.2273
-1.22732
-1.22735
-1.22757
-1.22781
-1.2278
-1.22781
-1.22768
-1.22738
-1.22732
-1.22715
-1.22717
-1.22732
-1.22739
-1.22744
-1.22761
-1.22789
-1.22788
-1.22775
-1.22712
-1.22691
-1.22689
-1.22709
-1.22715
-1.22727
-1.22749
-1.22772
-1.2279
-1.22779
-1.22761
-1.22743
-1.22719
-1.22717
-1.22694
-1.22721
-1.22728
-1.22741
-1.22771
-1.22777
-1.22768
-1.2275
-1.22736
-1.2272
-1.22735
-1.22728
-1.22731
-1.22749
-1.2276
-1.22774
-1.22794
-1.22763
-1.22737
-1.22717
-1.22708
-1.22717
-1.22724
-1.2272
-1.22733
-1.22759
-1.22775
-1.22774
-1.22732
-1.22719
-1.2271
-1.22703
-1.22717
-1.22732
-1.22747
-1.22769
-1.22784
-1.22787
-1.22767
-1.22722
-1.22698
-1.22706
-1.22689
-1.22722
-1.22731
-1.22741
-1.22771
-1.2277
-1.22734
-1.22723
-1.22696
-1.22685
-1.22701
-1.22705
-1.2272
-1.22743
-1.2276
-1.22756
-1.22716
-1.22685
-1.22672
-1.22677
-1.22692
-1.22694
-1.22707
-1.22737
-1.22768
-1.22752
-1.22736
-1.22696
-1.22695
-1.22695
-1.22709
-1.22706
-1.2273
-1.22749
-1.22766
-1.22755
-1.22725
-1.22704
-1.22701
-1.22713
-1.22729
-1.22737
-1.22783
-1.22794
-1.22809
-1.22792
-1.22751
-1.2274
-1.22737
-1.22747
-1.22764
-1.22789
-1.22812
-1.22829
-1.22822
-1.22798
-1.22784
-1.22758
-1.22756
-1.22752
-1.22767
-1.22786
-1.22803
-1.22821
-1.22816
-1.22767
-1.22749
-1.22742
-1.2275
-1.22754
-1.22765
-1.22773
-1.22757
-1.22788
-1.2277
-1.22745
-1.22721
-1.22709
-1.22713
-1.22709
-1.22777
-1.22769
-1.22772
-1.22766
-1.22797
-1.22785
-1.2278
-1.22785
-1.228
-1.22794
-1.22787
-1.22788
-1.22801
-1.22797
-1.22795
-1.22806
-1.22813
-1.22806
-1.22794
-1.22794
-1.22795
-1.22787
-1.22777
-1.22774
-1.22773
-1.22769
-1.22761
-1.22769
-1.22768
-1.22767
-1.22768
-1.22767
-1.22765
-1.22764
-1.22771
-1.22763
-1.22763
-1.22768
-1.22772
-1.22772
-1.22766
-1.22765
-1.22768
-1.22773
-1.22764
-1.22762
-1.22765
-1.22767
-1.22768
-1.22775
-1.22763
-1.22763
-1.22763
-1.22769
-1.22764
-1.2277
-1.2277
-1.22769
-1.22754
-1.22775
-1.22768
-1.22763
-1.2276
-1.2277
-1.2277
-1.22765
-1.22762
-1.22769
-1.22773
-1.22762
-1.22762
-1.22764
-1.22762
-1.22767
-1.2277
-1.2277
-1.2277
-1.22769
-1.22767
-1.22763
-1.22765
-1.22764
-1.2277
-1.22769
-1.22767
-1.22761
-1.22768
-1.22764
-1.22769
-1.22768
-1.22766
-1.22767
-1.22764
-1.2277
-1.22767
-1.22767
-1.22766
-1.22774
-1.22769
-1.22756
-1.22768
-1.22767
-1.22771
-1.22771
-1.22763
-1.22767
-1.22769
-1.22769
-1.22763
-1.22765
-1.22772
-1.22766
-1.22772
-1.22762
-1.22765
-1.22763
-1.22768
-1.22766
-1.22766
-1.22766
-1.22764
-1.22765
-1.22764
-1.22771
-1.22769
-1.22764
-1.22768
-1.22766
-1.22769
-1.22765
-1.22767
-1.22765
-1.22766
-1.22767
-1.22766
-1.22766
-1.22766
-1.22765
-1.2277
-1.2277
-1.22763
-1.22762
-1.22769
-1.22766
-1.22765
-1.22765
-1.22759
-1.22769
-1.22762
-1.22767
-1.22761
-1.22769
-1.22754
-1.22769
-1.22762
-1.22769
-1.22766
-1.22757
-1.22767
-1.22768
-1.22763
-1.22762
-1.22764
-1.22768
-1.22771
-1.22764
-1.22774
-1.22768
-1.2277
-1.22764
-1.22763
-1.22774
-1.22764
-1.22763
-1.22769
-1.22759
-1.22767
-1.22773
-1.22761
-1.22757
-1.22766
-1.22763
-1.22762
-1.22765
-1.22769
-1.22771
-1.22766
-1.22767
-1.2277
-1.22766
-1.22765
-1.22772
-1.22768
-1.2277
-1.22766
-1.22763
-1.22762
-1.22763
-1.22769
-1.22762
-1.22764
-1.22767
-1.22773
-1.22769
-1.22734
-1.22721
-1.22746
-1.22741
-1.22748
-1.22774
-1.22799
-1.22786
-1.22768
-1.22749
-1.22753
-1.2275
-1.22751
-1.22736
-1.22773
-1.22789
-1.22795
-1.22777
-1.22748
-1.22741
-1.22736
-1.22727
-1.22747
-1.22762
-1.22773
-1.22778
-1.22777
-1.22757
-1.22749
-1.22707
-1.22709
-1.22719
-1.2273
-1.22743
-1.22768
-1.22764
-1.22768
-1.22739
-1.22727
-1.22703
-1.22692
-1.22693
-1.22703
-1.22722
-1.2276
-1.22774
-1.22776
-1.22771
-1.22724
-1.22716
-1.22716
-1.22721
-1.22736
-1.22754
-1.22773
-1.22785
-1.22773
-1.22751
-1.22748
-1.22733
-1.2273
-1.22739
-1.22761
-1.22792
-1.22806
-1.22823
-1.22797
-1.22795
-1.22777
-1.22766
-1.22764
-1.22787
-1.22799
-1.22804
-1.22819
-1.22813
-1.22809
-1.22799
-1.22758
-1.22755
-1.22762
-1.22788
-1.22804
-1.22807
-1.22816
-1.2281
-1.22792
-1.22776
-1.22767
-1.22737
-1.22746
-1.22757
-1.22759
-1.22767
-1.22772
-1.22785
-1.2279
-1.22762
-1.22736
-1.22741
-1.22756
-1.22761
-1.22756
-1.22762
-1.22778
-1.22797
-1.22773
-1.22765
-1.22766
-1.22749
-1.22749
-1.22735
-1.22738
-1.22734
-1.22737
-1.22761
-1.22765
-1.22769
-1.22753
-1.22719
-1.22704
-1.22716
-1.22707
-1.22723
-1.22726
-1.2275
-1.2278
-1.22778
-1.22775
-1.22766
-1.22729
-1.22713
-1.22712
-1.22719
-1.22747
-1.22765
-1.2277
-1.22791
-1.22801
-1.22778
-1.22761
-1.22734
-1.22743
-1.22735
-1.22744
-1.2276
-1.22772
-1.22777
-1.22782
-1.22774
-1.22771
-1.22745
-1.22735
-1.2272
-1.22736
-1.22753
-1.22751
-1.22745
-1.2274
-1.22758
-1.22802
-1.22789
-1.22795
-1.22785
-1.22743
-1.22734
-1.22734
-1.22732
-1.22737
-1.22742
-1.2276
-1.2278
-1.22804
-1.228
-1.22794
-1.22757
-1.22746
-1.2272
-1.22728
-1.22728
-1.2275
-1.22751
-1.22761
-1.22777
-1.22785
-1.22763
-1.22777
-1.22747
-1.22742
-1.22734
-1.22747
-1.22748
-1.22753
-1.22752
-1.22749
-1.22764
-1.22776
-1.22778
-1.22784
-1.22779
-1.22781
-1.22764
-1.22732
-1.22721
-1.22712
-1.22709
-1.22727
-1.22739
-1.22754
-1.22789
-1.22786
-1.22799
-1.22793
-1.22791
-1.22782
-1.22764
-1.22757
-1.22738
-1.22731
-1.2275
-1.2274
-1.22739
-1.22738
-1.22734
-1.22762
-1.2277
-1.22762
-1.22776
-1.22783
-1.22783
-1.22772
-1.22752
-1.22725
-1.22742
-1.22741
-1.22723
-1.22749
-1.22768
-1.22774
-1.22791
-1.22775
-1.22776
-1.22782
-1.22778
-1.22772
-1.22769
-1.22769
-1.22754
-1.22739
-1.22742
-1.22726
-1.22714
-1.22721
-1.22724
-1.22737
-1.22761
-1.2276
-1.22784
-1.22786
-1.22786
-1.22773
-1.22765
-1.22759
-1.22745
-1.22736
-1.22728
-1.22724
-1.22749
-1.22739
-1.22729
-1.2272
-1.22726
-1.22734
-1.22746
-1.22752
-1.22753
-1.2276
-1.22772
-1.22756
-1.22771
-1.22761
-1.22741
-1.22729
-1.2273
-1.22736
-1.22737
-1.22727
-1.22736
-1.22727
-1.22745
-1.22745
-1.22748
-1.22756
-1.22753
-1.22742
-1.22718
-1.22734
-1.22756
-1.22769
-1.22775
-1.22777
-1.22765
-1.22761
-1.22826
-1.2298
-1.23053
-1.23146
-1.23369
-1.2346
-1.23594
-1.23757
-1.24099
-1.24192
-1.243
-1.24385
-1.24571
-1.24696
-1.24827
-1.24959
-1.25256
-1.25392
-1.25528
-1.2562
-1.25791
-1.2591
-1.26034
-1.26337
-1.26456
-1.26558
-1.26655
-1.26827
-1.26929
-1.27069
-1.27235
-1.27525
-1.27647
-1.27748
-1.27826
-1.27993
-1.28108
-1.28229
-1.28545
-1.28665
-1.28759
-1.28862
-1.29057
-1.29169
-1.29311
-1.29442
-1.29752
-1.2986
-1.29957
-1.30025
-1.30189
-1.30307
-1.30455
-1.30765
-1.30892
-1.30999
-1.31109
-1.31292
-1.31418
-1.31553
-1.31703
-1.3196
-1.32059
-1.32149
-1.32233
-1.32448
-1.32576
-1.32738
-1.33035
-1.33139
-1.33226
-1.33315
-1.33512
-1.33639
-1.33786
-1.3395
-1.34177
-1.34273
-1.34348
-1.34435
-1.34682
-1.3482
-1.3496
-1.3511
-1.35334
-1.35412
-1.35497
-1.35722
-1.35852
-1.35991
-1.36131
-1.36358
-1.36441
-1.36523
-1.36626
-1.36894
-1.37035
-1.37176
-1.37287
-1.37461
-1.37544
-1.37629
-1.37921
-1.38065
-1.38214
-1.38345
-1.38524
-1.38602
-1.38691
-1.38798
-1.3904
-1.39175
-1.39334
-1.39445
-1.39652
-1.39745
-1.39845
-1.39966
-1.40233
-1.40363
-1.40489
-1.40696
-1.40794
-1.40888
-1.40995
-1.41244
-1.41376
-1.4152
-1.41663
-1.41871
-1.41959
-1.42061
-1.42152
-1.42351
-1.42496
-1.42645
-1.42926
-1.43052
-1.43139
-1.43244
-1.43433
-1.4353
-1.43635
-1.43756
-1.44011
-1.44137
-1.4425
-1.44353
-1.44587
-1.44697
-1.44804
-1.45034
-1.4516
-1.45295
-1.45411
-1.45628
-1.45742
-1.45839
-1.45946
-1.46144
-1.4626
-1.46366
-1.46495
-1.46764
-1.46874
-1.46994
-1.47228
-1.47333
-1.47433
-1.47534
-1.47733
-1.47842
-1.48014
-1.48098
-1.48351
-1.48476
-1.4861
-1.48728
-1.48925
-1.49053
-1.49164
-1.49371
-1.49477
-1.49583
-1.49682
-1.4991
-1.50038
-1.50166
-1.50289
-1.5052
-1.50629
-1.50756
-1.50886
-1.51108
-1.5121
-1.51323
-1.51571
-1.51693
-1.51803
-1.51905
-1.52094
-1.5219
-1.52294
-1.52408
-1.52644
-1.5276
-1.52869
-1.53001
-1.53257
-1.53372
-1.53483
-1.53594
-1.53804
-1.53921
-1.54034
-1.54256
-1.54375
-1.54485
-1.54609
-1.54832
-1.54927
-1.55044
-1.55164
-1.55383
-1.55514
-1.55626
-1.55827
-1.55961
-1.56045
-1.56155
-1.56379
-1.56485
-1.5661
-1.56728
-1.5698
-1.57093
-1.57195
-1.57295
-1.575
-1.57615
-1.57731
-1.57845
-1.58084
-1.58182
-1.58279
-1.58468
-1.58581
-1.58703
-1.58825
-1.59033
-1.59152
-1.59253
-1.59345
-1.59554
-1.59668
-1.59769
-1.59874
-1.60129
-1.60255
-1.60385
-1.60492
-1.60693
-1.60795
-1.609
-1.6113
-1.61244
-1.61366
-1.6148
-1.61671
-1.61776
-1.61884
-1.61994
-1.62217
-1.62337
-1.62463
-1.62569
-1.62809
-1.62923
-1.63033
-1.63256
-1.63365
-1.63468
-1.6359
-1.63818
-1.63932
-1.64056
-1.64178
-1.64375
-1.64473
-1.6458
-1.6468
-1.64921
-1.65008
-1.65113
-1.65225
-1.65445
-1.65563
-1.65665
-1.65778
-1.65992
-1.66078
-1.66174
-1.66406
-1.66511
-1.6664
-1.66764
-1.66966
-1.67083
-1.67186
-1.67301
-1.67501
-1.67611
-1.67715
-1.67829
-1.68062
-1.68186
-1.68294
-1.68421
-1.68634
-1.68726
-1.68822
-1.69032
-1.6913
-1.69244
-1.69344
-1.69575
-1.69683
-1.69789
-1.69889
-1.70101
-1.70207
-1.70311
-1.70422
-1.70632
-1.70746
-1.70851
-1.71074
-1.71198
-1.71325
-1.71444
-1.71666
-1.71768
-1.71885
-1.71989
-1.72188
-1.72284
-1.7238
-1.72481
-1.72674
-1.72776
-1.72881
-1.72995
-1.73221
-1.7333
-1.73446
-1.73664
-1.73779
-1.73884
-1.73982
-1.74193
-1.74299
-1.74409
-1.74514
-1.74723
-1.74829
-1.74939
-1.75061
-1.75277
-1.75379
-1.75487
-1.75704
-1.75807
-1.7591
-1.76028
-1.76225
-1.76325
-1.76436
-1.76536
-1.76745
-1.76845
-1.76956
-1.77069
-1.77266
-1.77367
-1.77466
-1.77677
-1.77788
-1.77896
-1.78005
-1.78204
-1.78306
-1.78413
-1.78523
-1.7874
-1.78855
-1.78962
-1.79081
-1.79292
-1.79398
-1.79504
-1.79626
-1.79828
-1.79935
-1.80041
-1.80236
-1.80328
-1.8043
-1.80532
-1.80731
-1.80835
-1.80938
-1.81032
-1.81241
-1.81352
-1.81452
-1.81561
-1.81778
-1.81882
-1.8199
-1.82208
-1.82321
-1.82435
-1.82534
-1.82734
-1.82828
-1.82936
-1.83036
-1.8325
-1.83354
-1.8345
-1.83563
-1.83758
-1.83877
-1.83976
-1.84181
-1.8428
-1.8437
-1.84465
-1.84671
-1.84772
-1.84861
-1.84962
-1.8516
-1.85253
-1.85364
-1.85463
-1.8567
-1.85771
-1.85876
-1.86098
-1.86207
-1.86317
-1.86435
-1.86643
-1.8674
-1.86841
-1.86947
-1.87156
-1.87259
-1.87362
-1.87451
-1.87658
-1.87749
-1.87853
-1.87966
-1.88168
-1.8827
-1.88354
-1.88552
-1.8865
-1.88753
-1.88838
-1.89038
-1.89143
-1.8924
-1.89352
-1.89563
-1.89663
-1.8976
-1.89865
-1.90091
-1.90199
-1.9031
-1.90515
-1.90608
-1.90712
-1.90812
-1.91019
-1.91118
-1.91217
-1.91317
-1.91512
-1.91606
-1.91708
-1.91797
-1.91991
-1.92095
-1.92186
-1.92379
-1.92482
-1.92578
-1.92665
-1.92859
-1.92963
-1.93063
-1.93155
-1.93367
-1.93458
-1.93573
-1.93665
-1.93882
-1.93979
-1.9408
-1.94177
-1.9439
-1.94471
-1.94591
-1.94777
-1.94878
-1.94983
-1.9508
-1.95278
-1.95382
-1.95467
-1.95562
-1.95755
-1.95862
-1.95962
-1.96064
-1.96246
-1.96349
-1.96435
-1.96626
-1.96724
-1.96814
-1.96923
-1.97103
-1.97207
-1.97302
-1.97413
-1.97606
-1.97717
-1.97814
-1.97914
-1.98117
-1.98204
-1.98303
-1.98494
-1.986
-1.98693
-1.98794
-1.98993
-1.99095
-1.99195
-1.9928
-1.9947
-1.9958
-1.99673
-1.9977
-1.99957
-2.00056
-2.00152
-2.00237
-2.00409
-2.00508
-2.00594
-2.00786
-2.00874
-2.00972
-2.01062
-2.01255
-2.01354
-2.01449
-2.01544
-2.0174
-2.01832
-2.01929
-2.02025
-2.02214
-2.02308
-2.02402
-2.02591
-2.02687
-2.02785
-2.02888
-2.03071
-2.03175
-2.03274
-2.03379
-2.03574
-2.03661
-2.03761
-2.03852
-2.04034
-2.04129
-2.04212
-2.04383
-2.04485
-2.04573
-2.04667
-2.04856
-2.04946
-2.05036
-2.05139
-2.05333
-2.05426
-2.05508
-2.05607
-2.05791
-2.05885
-2.05973
-2.06063
-2.06232
-2.06332
-2.06419
-2.06611
-2.06702
-2.06809
-2.06897
-2.07091
-2.07188
-2.07279
-2.07371
-2.07551
-2.07651
-2.0774
-2.07832
-2.08018
-2.0811
-2.08205
-2.08282
-2.08476
-2.08565
-2.08663
-2.08757
-2.08947
-2.09039
-2.09123
-2.09308
-2.09396
-2.09488
-2.09582
-2.09747
-2.09838
-2.09926
-2.1002
-2.10191
-2.10277
-2.10367
-2.10458
-2.10633
-2.10725
-2.10821
-2.11003
-2.11101
-2.11194
-2.1128
-2.11444
-2.11526
-2.11614
-2.11701
-2.11882
-2.11968
-2.12068
-2.12154
-2.1234
-2.12433
-2.12535
-2.12714
-2.12801
-2.12884
-2.12964
-2.13141
-2.13225
-2.13315
-2.13404
-2.13574
-2.13665
-2.13751
-2.13837
-2.14011
-2.14098
-2.14198
-2.1428
-2.14456
-2.14547
-2.14632
-2.14806
-2.14886
-2.14963
-2.15049
-2.15235
-2.15316
-2.15398
-2.15487
-2.15662
-2.15747
-2.1584
-2.15928
-2.16101
-2.16186
-2.16273
-2.16446
-2.1652
-2.16611
-2.16701
-2.16881
-2.16969
-2.17059
-2.17141
-2.17323
-2.17409
-2.17498
-2.17585
-2.17753
-2.17842
-2.1793
-2.18096
-2.18181
-2.18259
-2.18344
-2.18502
-2.18589
-2.18673
-2.18753
-2.18917
-2.18999
-2.19094
-2.19174
-2.19339
-2.19419
-2.19504
-2.19672
-2.19755
-2.19832
-2.19919
-2.20077
-2.20161
-2.20245
-2.20322
-2.20481
-2.20567
-2.20641
-2.20727
-2.20894
-2.20966
-2.21049
-2.2113
-2.213
-2.2138
-2.21466
-2.21618
-2.21702
-2.21784
-2.21871
-2.2203
-2.221
2.2204
2.2196
2.21788
2.21714
2.21632
2.21552
2.2139
2.21319
2.21241
2.21082
2.21003
2.20928
2.20849
2.20694
2.20615
2.20539
2.20447
2.20281
2.20198
2.20121
2.20063
2.19971
2.19955
2.19953
2.19958
2.1996
2.19969
2.19964
2.19962
2.19964
2.1996
2.19966
2.19962
2.19965
2.19966
2.19968
2.19973
2.19972
2.19975
2.19976
2.19969
2.19979
2.1998
2.19981
2.19975
2.19985
2.19985
2.19983
2.1998
2.19986
2.19985
2.19979
2.19988
2.19984
2.19983
2.19985
2.19981
2.19979
2.19981
2.19982
2.19987
2.19985
2.19985
2.19978
2.19988
2.19983
2.19981
2.19983
2.19986
2.19987
2.19984
2.19987
2.19989
2.19985
2.1999
2.19993
2.19989
2.19984
2.19988
2.19984
2.19992
2.19987
2.19987
2.19986
2.19988
2.19985
2.19987
2.19982
2.19989
2.19985
2.19991
2.19981
2.19983
2.19992
2.19983
2.19988
2.19998
2.19986
2.19983
2.19984
2.19986
2.19989
2.1999
2.19988
2.19993
2.19988
2.19984
2.19989
2.19983
2.19986
2.1999
2.19989
2.19987
2.19992
2.19988
2.19989
2.19977
2.19987
2.19986
2.19986
2.1999
2.1999
2.1999
2.19983
2.1999
2.19986
2.19993
2.19987
2.19986
2.19984
2.19984
2.19983
2.19986
2.19986
2.19992
2.19988
2.19984
2.19991
2.19987
2.19988
2.19978
2.19984
2.19983
2.19992
2.19986
2.19986
2.19986
2.19988
2.19983
2.19983
2.19991
2.19984
2.19988
2.19981
2.1999
2.19985
2.19981
2.19985
2.19983
2.19989
2.1998
2.19983
2.19987
2.19988
2.19985
2.19983
2.19984
2.19988
2.19984
2.19992
2.19995
2.19985
2.19983
2.19993
2.19982
2.19988
2.19981
2.19989
2.19984
2.19991
2.19986
2.19982
2.19986
2.19985
2.19991
2.19987
2.1999
2.19982
2.19989
2.19982
2.19985
2.19987
2.19983
2.19985
2.19985
2.19981
2.19988
2.19987
2.19986
2.19987
2.19986
2.19986
2.19983
2.1999
2.19984
2.19986
2.19983
2.19982
2.19988
2.19986
2.19983
2.19987
2.19995
2.19988
2.19984
2.19981
2.19991
2.19988
2.19986
2.19989
2.19989
2.19988
2.19989
2.19985
2.19988
2.19994
2.1999
2.19987
2.19977
2.19985
2.19983
2.19983
2.19991
2.1999
2.19987
2.19984
2.19985
2.19988
2.19985
2.19984
2.19983
2.19987
2.19989
2.19987
2.19982
2.19988
2.19988
2.19986
2.19982
2.19989
2.19983
2.19982
2.19987
2.1999
2.1999
2.19986
2.19986
2.19981
2.19986
2.19991
2.1998
2.19983
2.19987
2.19988
2.19984
2.19984
2.19978
2.19988
2.19985
2.19985
2.19987
2.19982
2.19984
2.19985
2.19987
2.19983
2.19989
2.19983
2.19985
2.1999
2.19987
2.19976
2.19984
2.19991
2.19987
2.19985
2.19984
2.19989
2.19988
2.19985
2.19986
2.19984
2.19987
2.19985
2.19986
2.19989
2.19985
2.19989
2.19984
2.19989
2.19979
2.19989
2.19987
2.19984
2.19993
2.19989
2.19992
2.19989
2.19982
2.19982
2.1998
2.19987
2.19984
2.19987
2.19991
2.19995
2.19986
2.19992
2.19992
2.19989
2.19981
2.19987
2.19989
2.19977
2.19982
2.19989
2.19992
2.19983
2.19985
2.19988
2.19987
2.19986
2.19984
2.19985
2.1999
2.19988
2.19987
2.19989
2.19988
2.19989
2.19986
2.19983
2.19984
2.19986
2.19987
2.19986
2.19984
2.19986
2.19991
2.19989
2.19988
2.19984
2.1999
2.19989
2.19983
2.19988
2.19986
2.19989
2.19983
2.19981
2.19987
2.19985
2.19985
2.19989
2.19983
2.19988
2.19983
2.19988
2.19983
2.19984
2.19986
2.19984
2.19982
2.19985
2.19986
2.19986
2.19983
2.19985
2.19983
2.19982
2.19988
2.19988
2.19983
2.19987
2.19978
2.19984
2.19985
2.19985
2.19986
2.19986
2.19984
2.19985
2.19984
2.19981
2.19983
2.19985
2.19989
2.19983
2.19987
2.19985
2.19988
2.19986
2.19985
2.19989
2.19981
2.19988
2.1999
2.19985
2.19988
2.19985
2.19988
2.19987
2.19987
2.1998
2.19986
2.19987
2.19987
2.19988
2.19984
2.19988
2.19993
2.19992
2.19988
2.19989
2.19988
2.19986
2.19987
2.19983
2.19988
2.19984
2.19986
2.19988
2.19991
2.19987
2.19984
2.19986
2.19985
2.19991
2.19987
2.19988
2.19989
2.19983
2.19988
2.19988
2.19983
2.19982
2.19983
2.19991
2.19988
2.19988
2.19981
2.19987
2.19983
2.19981
2.19986
2.19988
2.19983
2.19984
2.19986
2.19989
2.19984
2.19984
2.19983
2.19985
2.19987
2.19995
2.1999
2.19979
2.1999
2.1999
2.19986
2.19984
2.19989
2.19984
2.19984
2.19987
2.19984
2.19984
2.1999
2.1999
2.19985
2.19984
2.19991
2.19977
2.19988
2.19988
2.19984
2.19987
2.19987
2.19985
2.19985
2.19992
2.19988
2.19988
2.19986
2.19994
2.19987
2.19986
2.19992
2.19985
2.19989
2.19984
2.19988
2.19981
2.19982
2.19986
2.19981
2.19983
2.19993
2.19986
2.19987
2.19982
2.19987
2.19985
2.19987
2.19984
2.19989
2.19982
2.19989
2.19983
2.1999
2.19989
2.19989
2.19988
2.19978
2.19984
2.19981
2.19988
2.19986
2.19979
2.1999
2.19981
2.19988
2.19987
2.19987
2.19985
2.1999
2.19982
2.19986
2.19985
2.19988
2.19989
2.19986
2.19985
2.19992
2.19986
2.19985
2.19983
2.1998
2.19985
2.19986
2.19988
2.19986
2.19993
2.19991
2.19988
2.19982
2.19987
2.19983
2.19984
2.19993
2.1998
2.19988
2.19983
2.19995
2.19986
2.19983
2.19982
2.19982
2.19981
2.19986
2.19989
2.19995
2.19989
2.19987
2.19985
2.19982
2.19986
2.19991
2.19977
2.19985
2.1999
2.1998
2.19981
2.19992
2.19985
2.19979
2.19988
2.19983
2.19988
2.19981
2.19989
2.19978
2.19984
2.19985
2.19984
2.19984
2.19988
2.19982
2.19988
2.19988
2.19988
2.19982
2.19984
2.19987
2.19981
2.19984
2.19993
2.19989
2.19987
2.19994
2.19986
2.19986
2.1999
2.19982
2.19986
2.19983
2.19981
2.19984
2.19983
2.19983
2.19986
2.19989
2.19994
2.19987
2.1998
2.19985
2.19985
2.19987
2.19992
2.19993
2.19985
2.19988
2.19988
2.19979
2.19987
2.19986
2.19984
2.19988
2.19987
2.19986
2.19994
2.19979
2.19987
