-0.12
-0.120009
-0.120014
-0.120007
-0.120012
-0.120012
-0.120016
-0.12
-0.120008
-0.120002
-0.120011
-0.120006
-0.120014
-0.120005
-0.120008
-0.120007
-0.120011
-0.120001
-0.120014
-0.120008
-0.120007
-0.120008
-0.120012
-0.120008
-0.120013
-0.120006
-0.120008
-0.12001
-0.12
-0.120009
-0.120012
-0.120012
-0.119997
-0.120012
-0.120008
-0.120004
-0.120003
-0.120009
-0.120004
-0.120021
-0.120007
-0.120003
-0.120006
-0.12001
-0.120013
-0.120005
-0.120005
-0.120008
-0.120014
-0.120005
-0.119998
-0.120009
-0.12001
-0.120007
-0.120003
-0.120002
-0.120015
-0.120015
-0.119997
-0.120009
-0.120009
-0.120005
-0.120013
-0.120005
-0.120001
-0.120011
-0.120003
-0.120009
-0.120002
-0.120012
-0.119999
-0.120006
-0.120008
-0.119991
-0.120009
-0.120013
-0.120006
-0.120008
-0.120009
-0.120014
-0.120012
-0.120011
-0.120008
-0.120015
-0.12001
-0.120008
-0.120013
-0.120013
-0.120006
-0.12001
-0.119996
-0.120004
-0.120002
-0.120011
-0.120004
-0.120007
-0.120013
-0.120007
-0.120017
-0.120008
-0.120004
-0.120014
-0.120003
-0.120013
-0.120017
-0.120013
-0.12001
-0.120005
-0.120009
-0.120002
-0.120005
-0.120019
-0.120012
-0.120016
-0.120001
-0.120008
-0.120002
-0.12001
-0.12001
-0.120019
-0.120014
-0.120016
-0.120012
-0.120009
-0.120017
-0.120003
-0.120011
-0.120003
-0.12001
-0.12001
-0.120006
-0.120009
-0.120012
-0.12001
-0.120004
-0.120016
-0.120009
-0.120011
-0.120005
-0.12
-0.119999
-0.12002
-0.120004
-0.12
-0.120004
-0.120011
-0.120009
-0.120004
-0.120004
-0.12001
-0.120007
-0.120017
-0.120012
-0.12001
-0.120002
-0.120004
-0.120003
-0.120008
-0.120021
-0.119998
-0.120015
-0.120005
-0.120001
-0.120005
-0.120013
-0.120002
-0.12
-0.12001
-0.120006
-0.120005
-0.120005
-0.120011
-0.120003
-0.120012
-0.120005
-0.120009
-0.120004
-0.12001
-0.120007
-0.120012
-0.120006
-0.120006
-0.119999
-0.120008
-0.120006
-0.120007
-0.120009
-0.120008
-0.120016
-0.120002
-0.119996
-0.12
-0.120005
-0.120006
-0.120013
-0.120007
-0.120011
-0.120002
-0.120005
-0.120007
-0.119999
-0.120004
-0.120013
-0.120013
-0.120006
-0.12001
-0.120005
-0.120008
-0.120007
-0.120009
-0.120013
-0.120008
-0.120013
-0.120008
-0.120005
-0.120006
-0.120004
-0.120006
-0.120004
-0.120012
-0.119998
-0.120011
-0.120004
-0.120012
-0.120003
-0.120007
-0.120006
-0.120009
-0.120008
-0.12001
-0.120016
-0.120006
-0.119995
-0.119997
-0.120006
-0.120008
-0.120011
-0.120007
-0.120002
-0.12001
-0.120017
-0.120012
-0.120001
-0.120009
-0.120044
-0.120176
-0.120381
-0.120646
-0.121369
-0.121793
-0.122165
-0.122554
-0.123372
-0.123788
-0.124213
-0.125036
-0.125446
-0.125855
-0.126249
-0.127063
-0.127462
-0.127849
-0.128255
-0.129085
-0.129482
-0.129905
-0.130325
-0.131109
-0.131521
-0.131914
-0.132305
-0.133095
-0.1335
-0.1339
-0.134725
-0.135128
-0.135518
-0.135923
-0.136717
-0.137109
-0.137505
-0.137914
-0.138687
-0.139084
-0.139498
-0.139902
-0.140709
-0.141149
-0.141535
-0.142327
-0.142727
-0.143119
-0.143498
-0.144303
-0.144686
-0.145077
-0.145483
-0.146314
-0.146705
-0.147113
-0.147515
-0.148319
-0.148722
-0.149099
-0.149902
-0.150294
-0.150699
-0.151109
-0.151922
-0.152341
-0.152744
-0.153154
-0.153951
-0.15435
-0.154757
-0.155145
-0.155931
-0.156313
-0.156698
-0.157105
-0.157909
-0.158315
-0.158733
-0.159543
-0.159924
-0.160337
-0.160751
-0.161546
-0.161942
-0.162341
-0.162729
-0.16354
-0.163934
-0.164326
-0.164737
-0.165555
-0.165962
-0.166341
-0.167158
-0.167548
-0.167934
-0.168334
-0.169129
-0.169511
-0.169911
-0.170315
-0.171127
-0.171542
-0.171951
-0.172349
-0.173154
-0.173574
-0.173956
-0.174352
-0.175148
-0.17552
-0.175916
-0.176283
-0.177076
-0.177478
-0.177889
-0.178694
-0.1791
-0.17952
-0.179914
-0.180728
-0.181147
-0.181528
-0.18193
-0.182744
-0.18313
-0.183516
-0.183923
-0.184703
-0.185098
-0.185497
-0.185907
-0.18669
-0.18711
-0.187514
-0.187906
-0.188721
-0.189154
-0.189524
-0.190339
-0.19074
-0.191124
-0.191513
-0.192316
-0.192723
-0.193108
-0.193497
-0.194323
-0.194709
-0.195117
-0.195526
-0.196292
-0.196712
-0.197124
-0.197909
-0.198306
-0.198712
-0.199121
-0.199912
-0.200317
-0.200718
-0.201102
-0.201925
-0.202327
-0.202726
-0.203118
-0.203938
-0.204321
-0.204713
-0.205123
-0.205911
-0.206294
-0.206709
-0.207496
-0.207888
-0.208291
-0.208699
-0.209508
-0.209884
-0.210302
-0.210719
-0.211501
-0.2119
-0.212295
-0.212725
-0.213492
-0.213923
-0.214322
-0.215106
-0.215508
-0.215922
-0.216319
-0.217113
-0.217498
-0.217919
-0.218304
-0.219106
-0.219522
-0.219906
-0.22031
-0.221095
-0.221505
-0.221905
-0.222686
-0.223111
-0.223514
-0.223914
-0.224718
-0.225123
-0.225501
-0.225896
-0.226703
-0.227102
-0.227485
-0.227886
-0.228691
-0.229091
-0.22948
-0.229881
-0.230698
-0.231104
-0.231489
-0.232307
-0.232715
-0.233124
-0.233539
-0.234343
-0.23474
-0.235141
-0.235538
-0.236319
-0.236731
-0.237114
-0.23749
-0.238308
-0.238717
-0.239107
-0.239933
-0.240338
-0.240741
-0.241142
-0.241962
-0.242367
-0.242764
-0.24316
-0.243979
-0.244374
-0.244762
-0.245144
-0.245951
-0.246311
-0.246711
-0.247525
-0.247926
-0.248315
-0.24871
-0.249527
-0.249928
-0.250337
-0.250737
-0.251553
-0.251951
-0.252328
-0.25274
-0.253542
-0.253936
-0.254334
-0.255135
-0.255532
-0.25593
-0.256323
-0.257126
-0.257529
-0.257925
-0.258327
-0.259135
-0.259525
-0.259923
-0.260314
-0.261099
-0.261515
-0.261934
-0.262308
-0.263094
-0.263526
-0.263924
-0.264713
-0.265137
-0.265534
-0.265944
-0.266756
-0.267152
-0.26755
-0.267933
-0.26872
-0.269108
-0.269501
-0.269897
-0.270692
-0.27111
-0.271501
-0.2723
-0.272719
-0.273137
-0.273536
-0.274347
-0.274728
-0.275114
-0.275512
-0.276281
-0.276682
-0.27708
-0.277498
-0.278305
-0.278743
-0.279148
-0.279573
-0.280365
-0.280744
-0.28115
-0.281921
-0.282306
-0.282699
-0.283097
-0.2839
-0.284294
-0.284702
-0.28509
-0.285915
-0.28631
-0.286718
-0.287121
-0.287923
-0.288317
-0.288714
-0.289521
-0.289924
-0.290312
-0.290724
-0.291514
-0.291909
-0.292318
-0.292731
-0.293553
-0.29397
-0.294359
-0.294733
-0.295509
-0.29591
-0.296313
-0.297095
-0.297501
-0.297911
-0.298338
-0.299133
-0.299535
-0.299943
-0.300324
-0.301109
-0.301486
-0.301899
-0.302308
-0.303139
-0.303525
-0.303937
-0.304328
-0.305116
-0.305512
-0.305909
-0.306707
-0.307089
-0.307476
-0.307872
-0.308679
-0.309109
-0.309527
-0.309949
-0.310758
-0.311148
-0.311536
-0.311914
-0.312698
-0.313095
-0.313514
-0.314318
-0.314703
-0.315107
-0.315532
-0.316336
-0.316706
-0.317078
-0.317469
-0.318298
-0.318712
-0.319125
-0.319491
-0.31993
-0.320055
-0.320124
-0.320118
-0.320119
-0.320127
-0.320131
-0.320116
-0.320089
-0.320064
-0.32005
-0.320019
-0.320041
-0.320057
-0.320054
-0.320027
-0.320063
-0.320077
-0.320038
-0.320043
-0.32005
-0.320055
-0.319994
-0.319969
-0.319975
-0.319994
-0.319993
-0.319985
-0.319981
-0.319992
-0.320004
-0.319999
-0.320002
-0.319979
-0.31998
-0.319978
-0.320002
-0.319975
-0.319942
-0.319926
-0.319937
-0.31997
-0.319956
-0.319953
-0.319942
-0.319968
-0.319971
-0.319971
-0.319978
-0.319973
-0.319955
-0.31996
-0.319954
-0.319971
-0.319978
-0.319967
-0.319929
-0.319914
-0.319925
-0.319928
-0.319958
-0.31996
-0.319993
-0.319964
-0.31998
-0.319972
-0.319976
-0.319995
-0.320006
-0.320001
-0.319985
-0.319988
-0.319975
-0.319984
-0.319979
-0.319972
-0.319966
-0.319958
-0.319955
-0.319955
-0.319978
-0.319994
-0.319991
-0.319986
-0.319988
-0.319974
-0.319961
-0.319977
-0.319983
-0.320019
-0.320015
-0.32001
-0.319998
-0.319999
-0.319991
-0.320005
-0.320002
-0.320011
-0.320014
-0.320002
-0.319973
-0.319985
-0.319971
-0.319961
-0.319986
-0.319991
-0.320011
-0.319993
-0.319967
-0.319957
-0.31996
-0.319945
-0.319977
-0.320019
-0.320026
-0.320012
-0.320001
-0.319966
-0.319954
-0.319958
-0.319958
-0.320006
-0.320015
-0.320027
-0.320006
-0.319989
-0.319968
-0.319974
-0.319989
-0.319995
-0.320015
-0.320023
-0.320027
-0.320017
-0.320001
-0.319983
-0.319973
-0.319959
-0.319967
-0.319975
-0.319983
-0.319992
-0.319988
-0.319967
-0.319937
-0.319947
-0.319943
-0.319973
-0.319962
-0.319979
-0.319993
-0.32
-0.319987
-0.319977
-0.319933
-0.319926
-0.31994
-0.319947
-0.319961
-0.319993
-0.320002
-0.32001
-0.319993
-0.319996
-0.319969
-0.319957
-0.319925
-0.319934
-0.319937
-0.319946
-0.319978
-0.319995
-0.319996
-0.319966
-0.319949
-0.319936
-0.319945
-0.319959
-0.319959
-0.319963
-0.319964
-0.319999
-0.319996
-0.320055
-0.32003
-0.31999
-0.319976
-0.319966
-0.319968
-0.319987
-0.320001
-0.32
-0.320013
-0.320006
-0.320007
-0.320004
-0.319975
-0.319972
-0.31997
-0.31996
-0.319976
-0.319994
-0.319987
-0.319997
-0.319994
-0.320006
-0.320007
-0.320003
-0.319976
-0.319986
-0.319991
-0.319975
-0.319986
-0.319996
-0.320014
-0.320036
-0.320023
-0.320009
-0.320003
-0.319962
-0.319955
-0.31995
-0.319966
-0.319978
-0.319987
-0.319975
-0.319995
-0.320018
-0.320035
-0.320046
-0.320021
-0.320023
-0.320005
-0.319995
-0.319988
-0.319993
-0.320009
-0.320035
-0.320042
-0.320047
-0.320049
-0.32005
-0.320028
-0.320022
-0.320003
-0.319976
-0.319964
-0.319962
-0.319979
-0.319995
-0.319985
-0.319988
-0.319998
-0.320011
-0.320009
-0.320019
-0.320019
-0.320008
-0.320002
-0.319966
-0.319973
-0.319974
-0.319984
-0.320012
-0.32
-0.320009
-0.320008
-0.320016
-0.32001
-0.320015
-0.319993
-0.319969
-0.319947
-0.31996
-0.319963
-0.319978
-0.319982
-0.319977
-0.31998
-0.319999
-0.320003
-0.320016
-0.320031
-0.320031
-0.320022
-0.320005
-0.319966
-0.319962
-0.319969
-0.319979
-0.319987
-0.320015
-0.32001
-0.320002
-0.319999
-0.319996
-0.319998
-0.319987
-0.319966
-0.319979
-0.319968
-0.319949
-0.319969
-0.319984
-0.319975
-0.319981
-0.32
-0.320003
-0.319977
-0.320014
-0.320011
-0.320008
-0.320017
-0.32003
-0.320036
-0.320003
-0.319999
-0.319979
-0.319959
-0.319966
-0.319991
-0.319999
-0.319987
-0.320003
-0.320002
-0.320006
-0.320023
-0.320034
-0.320045
-0.320038
-0.32002
-0.320013
-0.319979
-0.319969
-0.319973
-0.319986
-0.319989
-0.319993
-0.319994
-0.319991
-0.319992
-0.32001
-0.320027
-0.32005
-0.320064
-0.320048
-0.320043
-0.320017
-0.319997
-0.32001
-0.319989
-0.31998
-0.319979
-0.319997
-0.320032
-0.320031
-0.320013
-0.320021
-0.320033
-0.320034
-0.320021
-0.320034
-0.320023
-0.320035
-0.320008
-0.319998
-0.31997
-0.319967
-0.319975
-0.319987
-0.319996
-0.319999
-0.319998
-0.319982
-0.319988
-0.319983
-0.319984
-0.320014
-0.320004
-0.320018
-0.320029
-0.319998
-0.319998
-0.320005
-0.319977
-0.319973
-0.319956
-0.31997
-0.319989
-0.320008
-0.320019
-0.320026
-0.319999
-0.320022
-0.320037
-0.320035
-0.320068
-0.320078
-0.320045
-0.320033
-0.320015
-0.320027
-0.320014
-0.319987
-0.319958
-0.319925
-0.319943
-0.319945
-0.319966
-0.319978
-0.319992
-0.31996
-0.319977
-0.319997
-0.319998
-0.320016
-0.320041
-0.320026
-0.320001
-0.319997
-0.320021
-0.319985
-0.319995
-0.319977
-0.319963
-0.31997
-0.319964
-0.31993
-0.319966
-0.32
-0.319993
-0.319993
-0.319958
-0.319974
-0.319983
-0.319989
-0.320005
-0.32002
-0.320024
-0.320015
-0.320013
-0.320009
-0.320021
-0.32
-0.319982
-0.319963
-0.319951
-0.319927
-0.319932
-0.319955
-0.319971
-0.319965
-0.319961
-0.319955
-0.319932
-0.319925
-0.319972
-0.320001
-0.320006
-0.319997
-0.320007
-0.319999
-0.319992
-0.320017
-0.320013
-0.320009
-0.320022
-0.320015
-0.319985
-0.319973
-0.319971
-0.319983
-0.319993
-0.319987
-0.320002
-0.319983
-0.319972
-0.319978
-0.319984
-0.319996
-0.319957
-0.31998
-0.320011
-0.320014
-0.320008
-0.319991
-0.319981
-0.319964
-0.319969
-0.319965
-0.31998
-0.320001
-0.320005
-0.319981
-0.319968
-0.319959
-0.319966
-0.319992
-0.319989
-0.320009
-0.320009
-0.319985
-0.319973
-0.319983
-0.319982
-0.319992
-0.320003
-0.319983
-0.319977
-0.319987
-0.319982
-0.319967
-0.319973
-0.319959
-0.319954
-0.319941
-0.319937
-0.319964
-0.319979
-0.319991
-0.32001
-0.319986
-0.319974
-0.319971
-0.319985
-0.319989
-0.319991
-0.319967
-0.319974
-0.319956
-0.319959
-0.319937
-0.319943
-0.319953
-0.319944
-0.319911
-0.319923
-0.319912
-0.319921
-0.319938
-0.319953
-0.319961
-0.31997
-0.32002
-0.320013
-0.320019
-0.320052
-0.320051
-0.320045
-0.320045
-0.320036
-0.320035
-0.320024
-0.320012
-0.319991
-0.319946
-0.319945
-0.319928
-0.319936
-0.319936
-0.319943
-0.319956
-0.319958
-0.319952
-0.319949
-0.319978
-0.319989
-0.319982
-0.319997
-0.319992
-0.320011
-0.32002
-0.320023
-0.320013
-0.320009
-0.320037
-0.320015
-0.320017
-0.320022
-0.320018
-0.319928
-0.319873
-0.319887
-0.319931
-0.320006
-0.320023
-0.32003
-0.320015
-0.319957
-0.319988
-0.31998
-0.320014
-0.319984
-0.319968
-0.319974
-0.319992
-0.320003
-0.319994
-0.319998
-0.320001
-0.319991
-0.319996
-0.319992
-0.320002
-0.320004
-0.319993
-0.319993
-0.320013
-0.320017
-0.320015
-0.319999
-0.320009
-0.320019
-0.320006
-0.320007
-0.320006
-0.31999
-0.320002
-0.320003
-0.320005
-0.320013
-0.320007
-0.320006
-0.320004
-0.32
-0.320009
-0.319992
-0.319993
-0.319998
-0.319996
-0.320011
-0.320014
-0.320014
-0.320003
-0.320009
-0.320001
-0.320009
-0.320008
-0.32003
-0.319997
-0.320008
-0.320006
-0.320004
-0.319997
-0.32
-0.320012
-0.32001
-0.320002
-0.320015
-0.319989
-0.319996
-0.320012
-0.320002
-0.32001
-0.320001
-0.319998
-0.32001
-0.320005
-0.320014
-0.320006
-0.320015
-0.320008
-0.320012
-0.320007
-0.319996
-0.32001
-0.320011
-0.32
-0.32001
-0.320007
-0.320017
-0.32001
-0.319987
-0.32001
-0.319998
-0.320004
-0.320015
-0.320009
-0.32001
-0.320012
-0.320013
-0.320014
-0.32001
-0.32001
-0.320006
-0.319999
-0.320013
-0.320001
-0.319994
-0.319995
-0.320001
-0.320008
-0.320002
-0.32001
-0.319997
-0.320002
-0.320009
-0.319998
-0.32001
-0.319997
-0.319997
-0.319995
-0.319994
-0.320004
-0.319986
-0.319985
-0.320002
-0.319988
-0.319994
-0.320006
-0.320014
-0.319995
-0.320003
-0.32001
-0.319998
-0.319997
-0.319997
-0.320004
-0.320011
-0.319999
-0.31999
-0.320005
-0.320001
-0.320008
-0.320004
-0.320012
-0.320003
-0.319991
-0.319997
-0.319995
-0.320002
-0.320008
-0.320005
-0.320004
-0.320003
-0.319998
-0.320002
-0.319999
-0.319998
-0.320014
-0.320014
-0.320009
-0.320006
-0.319999
-0.32
-0.319991
-0.320001
-0.320008
-0.32
-0.319993
-0.320002
-0.319994
-0.320004
-0.319991
-0.320001
-0.32
-0.320001
-0.320003
-0.319986
-0.319997
-0.319995
-0.320004
-0.320002
-0.319991
-0.319988
-0.320007
-0.319987
-0.320023
-0.319998
-0.320009
-0.319989
-0.319999
-0.31998
-0.319994
-0.32001
-0.319999
-0.319991
-0.320008
-0.319995
-0.319994
-0.319983
-0.319989
-0.319894
-0.319895
-0.319922
-0.319975
-0.320053
-0.320066
-0.320083
-0.319996
-0.319963
-0.319956
-0.31999
-0.320027
-0.320025
-0.32003
-0.319999
-0.320014
-0.320022
-0.320019
-0.320037
-0.320031
-0.320035
-0.320029
-0.320006
-0.320022
-0.320049
-0.32006
-0.320064
-0.320032
-0.32005
-0.320061
-0.320034
-0.320056
-0.320038
-0.320033
-0.319988
-0.319979
-0.319953
-0.319949
-0.319959
-0.319952
-0.319964
-0.319965
-0.31996
-0.319965
-0.319981
-0.319957
-0.319993
-0.320008
-0.320026
-0.320008
-0.320014
-0.320009
-0.319991
-0.320023
-0.320021
-0.320017
-0.320007
-0.320001
-0.320003
-0.319983
-0.319982
-0.319999
-0.319983
-0.319978
-0.319957
-0.31996
-0.319958
-0.319969
-0.320005
-0.320001
-0.319995
-0.319992
-0.320001
-0.32
-0.320002
-0.320008
-0.31998
-0.31997
-0.319974
-0.319961
-0.31998
-0.31998
-0.319997
-0.320009
-0.320002
-0.319967
-0.319979
-0.31998
-0.319989
-0.319997
-0.319992
-0.319974
-0.319964
-0.319957
-0.319981
-0.319979
-0.319976
-0.319983
-0.31997
-0.319982
-0.319976
-0.319976
-0.319972
-0.319987
-0.319983
-0.319971
-0.319982
-0.319988
-0.319995
-0.31999
-0.32002
-0.320023
-0.320022
-0.319995
-0.320005
-0.320012
-0.320007
-0.319998
-0.319991
-0.319977
-0.319989
-0.319969
-0.319991
-0.319986
-0.319994
-0.319972
-0.319982
-0.319986
-0.320004
-0.319984
-0.320003
-0.320015
-0.320011
-0.320034
-0.320031
-0.320027
-0.320026
-0.320062
-0.320052
-0.32004
-0.320036
-0.320031
-0.320019
-0.320005
-0.319992
-0.319993
-0.319985
-0.319975
-0.319963
-0.319934
-0.319975
-0.31996
-0.319972
-0.31995
-0.319964
-0.319947
-0.319976
-0.319976
-0.319991
-0.319999
-0.320007
-0.320024
-0.320009
-0.32001
-0.320018
-0.320033
-0.320045
-0.320019
-0.320008
-0.319993
-0.32
-0.31998
-0.319985
-0.319989
-0.319987
-0.319979
-0.32001
-0.320036
-0.320046
-0.320043
-0.320047
-0.320051
-0.320051
-0.320055
-0.320049
-0.32002
-0.320009
-0.319977
-0.319975
-0.319976
-0.319991
-0.319981
-0.319993
-0.319978
-0.319979
-0.319974
-0.31997
-0.319974
-0.319991
-0.319994
-0.320004
-0.319988
-0.319996
-0.319987
-0.320006
-0.31998
-0.319984
-0.319977
-0.319989
-0.31997
-0.319984
-0.319995
-0.319989
-0.319977
-0.319986
-0.319981
-0.320004
-0.320022
-0.320025
-0.320023
-0.320033
-0.320001
-0.319996
-0.319992
-0.320009
-0.319991
-0.319972
-0.31998
-0.319989
-0.319986
-0.320002
-0.320014
-0.320013
-0.320016
-0.320022
-0.320044
-0.320038
-0.320059
-0.320037
-0.320015
-0.32001
-0.319995
-0.319998
-0.319978
-0.319985
-0.320016
-0.320015
-0.320004
-0.320009
-0.320025
-0.320024
-0.320044
-0.32004
-0.320024
-0.320014
-0.320008
-0.319971
-0.319979
-0.319992
-0.319997
-0.319991
-0.32
-0.320003
-0.320004
-0.320023
-0.320021
-0.320035
-0.320029
-0.320017
-0.320031
-0.320027
-0.32003
-0.32003
-0.320018
-0.320006
-0.320004
-0.320008
-0.32
-0.32001
-0.320012
-0.320011
-0.320017
-0.320021
-0.320035
-0.32004
-0.320031
-0.320049
-0.320049
-0.320017
-0.320043
-0.320021
-0.320026
-0.320019
-0.32001
-0.319995
-0.320007
-0.320014
-0.320022
-0.320039
-0.320005
-0.320026
-0.319998
-0.319992
-0.31998
-0.319976
-0.319981
-0.31998
-0.319986
-0.319998
-0.320008
-0.319996
-0.320006
-0.320014
-0.320023
-0.320007
-0.320004
-0.319985
-0.319997
-0.319998
-0.319988
-0.319978
-0.319968
-0.319969
-0.319967
-0.319995
-0.320001
-0.320006
-0.320007
-0.319983
-0.319973
-0.319957
-0.319971
-0.319972
-0.319963
-0.319961
-0.319976
-0.319975
-0.319993
-0.320006
-0.320007
-0.320011
-0.319995
-0.319982
-0.319969
-0.31997
-0.319977
-0.319959
-0.319952
-0.319952
-0.31996
-0.319967
-0.320007
-0.320009
-0.320006
-0.31998
-0.319955
-0.319958
-0.319952
-0.319972
-0.319974
-0.319981
-0.31999
-0.320004
-0.320006
-0.320005
-0.320035
-0.320014
-0.320001
-0.320009
-0.320004
-0.320018
-0.320007
-0.319992
-0.319992
-0.319987
-0.319994
-0.320002
-0.320028
-0.320029
-0.32001
-0.320002
-0.319992
-0.319972
-0.319999
-0.320007
-0.320016
-0.320013
-0.320018
-0.320015
-0.32001
-0.319992
-0.32
-0.319985
-0.319993
-0.319987
-0.319999
-0.320034
-0.320025
-0.320032
-0.320026
-0.320006
-0.319992
-0.319991
-0.320004
-0.319994
-0.319994
-0.31999
-0.320024
-0.320041
-0.320041
-0.319987
-0.319984
-0.319972
-0.319974
-0.319988
-0.319987
-0.319984
-0.319997
-0.319958
-0.319959
-0.31997
-0.31997
-0.320058
-0.320125
-0.320174
-0.320229
-0.320417
-0.320509
-0.320608
-0.3207
-0.320857
-0.320917
-0.321
-0.321076
-0.321238
-0.321307
-0.321389
-0.321538
-0.321594
-0.32167
-0.321736
-0.321894
-0.321973
-0.322072
-0.322164
-0.322332
-0.322399
-0.322489
-0.322571
-0.322735
-0.322839
-0.322931
-0.323087
-0.323169
-0.32326
-0.32335
-0.323491
-0.323573
-0.323674
-0.323732
-0.323874
-0.323947
-0.324015
-0.324089
-0.324232
-0.324321
-0.324393
-0.324569
-0.324634
-0.324716
-0.324811
-0.324983
-0.325073
-0.325153
-0.325258
-0.325424
-0.325511
-0.325586
-0.325691
-0.325831
-0.32591
-0.325995
-0.32605
-0.32618
-0.32625
-0.326328
-0.326502
-0.326583
-0.326669
-0.326754
-0.326925
-0.32702
-0.327112
-0.3272
-0.327351
-0.327448
-0.327534
-0.327608
-0.327768
-0.327849
-0.327961
-0.328105
-0.328174
-0.328251
-0.328318
-0.328465
-0.328533
-0.328603
-0.328686
-0.328855
-0.32895
-0.329014
-0.329092
-0.329267
-0.329356
-0.329442
-0.329615
-0.329706
-0.32979
-0.329881
-0.330053
-0.330137
-0.330214
-0.3303
-0.330443
-0.330522
-0.330592
-0.330663
-0.330823
-0.330892
-0.330988
-0.331075
-0.331243
-0.33133
-0.331421
-0.331594
-0.331677
-0.331776
-0.331843
-0.331994
-0.332087
-0.332194
-0.332258
-0.332427
-0.332502
-0.332565
-0.332641
-0.332808
-0.332881
-0.332938
-0.333094
-0.333176
-0.333266
-0.333342
-0.333533
-0.333609
-0.333715
-0.333812
-0.333988
-0.334069
-0.33415
-0.33423
-0.334376
-0.334458
-0.33454
-0.33471
-0.334779
-0.334859
-0.334952
-0.335104
-0.335189
-0.335266
-0.335339
-0.335488
-0.335553
-0.335635
-0.335709
-0.335887
-0.335973
-0.33606
-0.336234
-0.336302
-0.33638
-0.336455
-0.336612
-0.336683
-0.336772
-0.336867
-0.337029
-0.337124
-0.337203
-0.337285
-0.337461
-0.337539
-0.337626
-0.337712
-0.33788
-0.337949
-0.338042
-0.338194
-0.338284
-0.338361
-0.338434
-0.33859
-0.33867
-0.338758
-0.338838
-0.338995
-0.339088
-0.339163
-0.339235
-0.339405
-0.339476
-0.339548
-0.339708
-0.339795
-0.339878
-0.339959
-0.340117
-0.340186
-0.340271
-0.34036
-0.340504
-0.340604
-0.340677
-0.340758
-0.340958
-0.341051
-0.341123
-0.341313
-0.341393
-0.34146
-0.341546
-0.341716
-0.341807
-0.34187
-0.341944
-0.342094
-0.342157
-0.342236
-0.342324
-0.342471
-0.342559
-0.342648
-0.342814
-0.342902
-0.342987
-0.343065
-0.343199
-0.34328
-0.343378
-0.343469
-0.343641
-0.343726
-0.343788
-0.343859
-0.344014
-0.344094
-0.344182
-0.344343
-0.344434
-0.344511
-0.344606
-0.344784
-0.34487
-0.344956
-0.34504
-0.345227
-0.345305
-0.34536
-0.345439
-0.345605
-0.345675
-0.345749
-0.34583
-0.345973
-0.346059
-0.346129
-0.346289
-0.346379
-0.346449
-0.346534
-0.346694
-0.346763
-0.346875
-0.346964
-0.347115
-0.347202
-0.347293
-0.34738
-0.347551
-0.34763
-0.347719
-0.347897
-0.347982
-0.348075
-0.34817
-0.348328
-0.348396
-0.348477
-0.34854
-0.348713
-0.348781
-0.348866
-0.348937
-0.349071
-0.349164
-0.349231
-0.349304
-0.349477
-0.349557
-0.349649
-0.349807
-0.349877
-0.349964
-0.350049
-0.350226
-0.350324
-0.350415
-0.3505
-0.35066
-0.350739
-0.350814
-0.350878
-0.351041
-0.351122
-0.351199
-0.35138
-0.351447
-0.351547
-0.35163
-0.351788
-0.35188
-0.351948
-0.352041
-0.352198
-0.352262
-0.352337
-0.352403
-0.352573
-0.352649
-0.352715
-0.352882
-0.352968
-0.35305
-0.35312
-0.353282
-0.353368
-0.353454
-0.353542
-0.353715
-0.353802
-0.353898
-0.353977
-0.35412
-0.354195
-0.354274
-0.354361
-0.354531
-0.354611
-0.354693
-0.354854
-0.354937
-0.355009
-0.355095
-0.355254
-0.355328
-0.35541
-0.355494
-0.355643
-0.355719
-0.355815
-0.355891
-0.356054
-0.356137
-0.356213
-0.356385
-0.356459
-0.356534
-0.35663
-0.356801
-0.356909
-0.356975
-0.357073
-0.357219
-0.357298
-0.357372
-0.357444
-0.357604
-0.357672
-0.357758
-0.357923
-0.358012
-0.358097
-0.358176
-0.358354
-0.358419
-0.358506
-0.358596
-0.35876
-0.358842
-0.358923
-0.35899
-0.35915
-0.359236
-0.359313
-0.359473
-0.359566
-0.35963
-0.359704
-0.359882
-0.359958
-0.360036
-0.360128
-0.360315
-0.360403
-0.360482
-0.360555
-0.360709
-0.360792
-0.360881
-0.360966
-0.361129
-0.361216
-0.361294
-0.361455
-0.361532
-0.361613
-0.361698
-0.36185
-0.361942
-0.362015
-0.362076
-0.362239
-0.362307
-0.362389
-0.362469
-0.362642
-0.362731
-0.362801
-0.362973
-0.363056
-0.363142
-0.363235
-0.363411
-0.363487
-0.363574
-0.363661
-0.363805
-0.363881
-0.363964
-0.364037
-0.364207
-0.364291
-0.36437
-0.364532
-0.364619
-0.364692
-0.364787
-0.36495
-0.365034
-0.365113
-0.365202
-0.365346
-0.365431
-0.365501
-0.365577
-0.365738
-0.365822
-0.365884
-0.365968
-0.366119
-0.366206
-0.366291
-0.366467
-0.366553
-0.366638
-0.366728
-0.366892
-0.366966
-0.36705
-0.367135
-0.367303
-0.36739
-0.367472
-0.367565
-0.367722
-0.367798
-0.367879
-0.368044
-0.368115
-0.368203
-0.368286
-0.36844
-0.368529
-0.368607
-0.368679
-0.368859
-0.36893
-0.369019
-0.369093
-0.36925
-0.369336
-0.369402
-0.369559
-0.369652
-0.369718
-0.369803
-0.36997
-0.37006
-0.370132
-0.370206
-0.370365
-0.370443
-0.370522
-0.370612
-0.370781
-0.370861
-0.370932
-0.371016
-0.371184
-0.371265
-0.371356
-0.371528
-0.371604
-0.371699
-0.371774
-0.371932
-0.372013
-0.372099
-0.372183
-0.372337
-0.372426
-0.372505
-0.372582
-0.372758
-0.372853
-0.372949
-0.3731
-0.373177
-0.373258
-0.373345
-0.373506
-0.373587
-0.37366
-0.373738
-0.373896
-0.373982
-0.374056
-0.374138
-0.374284
-0.374364
-0.374446
-0.374616
-0.374697
-0.374778
-0.374875
-0.375017
-0.375094
-0.375176
-0.375266
-0.37543
-0.375508
-0.375583
-0.375664
-0.375827
-0.375907
-0.375988
-0.37616
-0.376248
-0.376332
-0.376411
-0.376573
-0.376649
-0.376729
-0.376806
-0.376987
-0.377064
-0.377151
-0.377242
-0.377395
-0.377474
-0.377553
-0.377633
-0.377799
-0.377886
-0.377965
-0.378143
-0.378214
-0.378305
-0.378375
-0.37852
-0.378608
-0.378695
-0.378778
-0.378935
-0.379018
-0.3791
-0.37918
-0.379342
-0.379426
-0.379496
-0.379661
-0.379746
-0.379825
-0.379896
-0.38005
-0.380136
-0.380215
-0.380299
-0.380454
-0.380547
-0.380621
-0.380713
-0.380867
-0.380942
-0.381019
-0.381189
-0.381274
-0.381357
-0.381443
-0.381615
-0.381694
-0.381774
-0.381852
-0.382016
-0.382095
-0.382164
-0.382255
-0.382417
-0.382501
-0.38258
-0.382672
-0.382828
-0.382911
-0.38299
-0.383156
-0.383248
-0.383323
-0.383411
-0.383575
-0.383657
-0.383728
-0.383813
-0.383966
-0.384049
-0.384133
-0.384216
-0.384377
-0.384463
-0.384541
-0.384709
-0.384784
-0.384869
-0.384952
-0.385123
-0.385207
-0.385296
-0.385375
-0.385545
-0.385628
-0.385709
-0.385786
-0.385947
-0.38603
-0.386115
-0.38627
-0.386345
-0.38643
-0.386509
-0.386675
-0.386747
-0.386831
-0.386911
-0.38707
-0.387146
-0.387229
-0.387313
-0.387478
-0.387567
-0.387645
-0.387816
-0.387897
-0.38798
-0.388071
-0.388236
-0.388318
-0.388395
-0.388476
-0.388635
-0.388719
-0.388795
-0.38887
-0.389025
-0.389112
-0.389195
-0.389279
-0.389449
-0.389536
-0.38963
-0.389816
-0.3899
-0.389981
-0.390063
-0.390223
-0.390299
-0.390383
-0.390453
-0.390611
-0.390691
-0.39076
-0.390916
-0.39099
-0.39108
-0.391169
-0.391335
-0.391424
-0.391497
-0.391575
-0.391724
-0.391802
-0.39187
-0.391948
-0.392099
-0.392188
-0.392268
-0.392438
-0.392532
-0.392614
-0.392686
-0.392835
-0.392922
-0.392993
-0.393071
-0.39321
-0.393296
-0.393383
-0.393475
-0.393649
-0.393728
-0.393804
-0.393954
-0.394033
-0.394113
-0.394187
-0.394363
-0.39445
-0.394547
-0.394639
-0.394798
-0.394866
-0.394934
-0.395015
-0.395172
-0.39526
-0.395342
-0.395434
-0.395617
-0.395701
-0.395781
-0.395918
-0.395996
-0.39607
-0.396155
-0.396339
-0.396426
-0.396523
-0.396608
-0.396752
-0.396828
-0.396903
-0.396983
-0.397154
-0.397237
-0.397338
-0.397511
-0.397588
-0.397654
-0.397732
-0.397881
-0.397971
-0.398051
-0.398141
-0.39833
-0.398418
-0.398491
-0.398569
-0.398711
-0.398782
-0.398868
-0.399041
-0.399132
-0.399228
-0.399306
-0.399464
-0.399523
-0.39959
-0.399671
-0.399828
-0.399896
-0.399947
-0.399983
-0.400012
-0.400008
-0.400001
-0.399996
-0.40001
-0.400046
-0.400082
-0.400212
-0.400292
-0.400376
-0.400457
-0.400612
-0.40069
-0.400766
-0.400849
-0.401013
-0.401087
-0.401163
-0.401249
-0.401403
-0.401487
-0.401563
-0.401646
-0.401798
-0.401876
-0.401948
-0.4021
-0.402172
-0.402248
-0.402325
-0.402494
-0.402571
-0.402651
-0.402732
-0.402901
-0.402974
-0.403053
-0.403134
-0.403294
-0.40336
-0.403442
-0.40351
-0.403671
-0.40374
-0.403816
-0.403962
-0.404041
-0.404117
-0.40419
-0.40435
-0.404436
-0.404527
-0.404606
-0.404775
-0.404861
-0.404946
-0.405029
-0.405185
-0.405259
-0.405342
-0.405421
-0.405575
-0.405648
-0.405727
-0.405801
-0.405947
-0.40602
-0.406097
-0.406169
-0.406325
-0.406404
-0.406491
-0.406643
-0.406729
-0.406809
-0.406883
-0.407034
-0.407114
-0.407192
-0.407276
-0.407421
-0.407494
-0.407576
-0.407649
-0.407804
-0.407879
-0.407955
-0.408118
-0.408206
-0.408289
-0.408376
-0.408543
-0.408626
-0.408713
-0.408793
-0.408959
-0.409029
-0.409102
-0.409182
-0.409333
-0.409409
-0.409481
-0.409612
-0.409695
-0.40978
-0.409853
-0.410012
-0.410095
-0.410174
-0.410247
-0.410409
-0.41049
-0.410564
-0.410642
-0.410803
-0.410875
-0.410951
-0.411036
-0.411185
-0.411263
-0.411339
-0.411495
-0.411583
-0.411657
-0.411739
-0.411895
-0.411973
-0.412056
-0.412135
-0.412288
-0.412366
-0.41244
-0.412519
-0.41267
-0.412752
-0.412822
-0.412995
-0.41308
-0.413157
-0.413236
-0.413403
-0.413487
-0.413576
-0.413654
-0.413812
-0.413894
-0.413973
-0.414054
-0.414185
-0.41427
-0.414344
-0.414509
-0.414579
-0.414655
-0.414741
-0.414898
-0.414984
-0.415058
-0.41514
-0.415278
-0.415361
-0.415436
-0.415513
-0.415675
-0.415756
-0.415835
-0.415915
-0.41607
-0.416155
-0.416233
-0.416395
-0.416475
-0.416544
-0.416619
-0.416775
-0.416843
-0.416921
-0.416998
-0.417161
-0.417241
-0.417315
-0.417405
-0.417558
-0.417638
-0.417722
-0.417872
-0.417951
-0.418022
-0.418105
-0.418252
-0.418337
-0.418417
-0.418497
-0.418654
-0.418741
-0.418818
-0.418895
-0.419055
-0.419131
-0.419212
-0.419358
-0.41945
-0.419528
-0.419611
-0.41977
-0.419852
-0.419938
-0.420014
-0.420185
-0.420265
-0.420329
-0.420419
-0.420571
-0.420647
-0.420716
-0.420878
-0.420949
-0.421034
-0.421109
-0.421272
-0.421341
-0.421414
-0.421493
-0.421639
-0.421714
-0.421782
-0.421864
-0.422015
-0.422091
-0.422167
-0.422244
-0.42239
-0.42248
-0.422543
-0.422695
-0.422771
-0.422845
-0.422934
-0.423087
-0.423163
-0.42324
-0.423326
-0.423488
-0.423573
-0.423648
-0.423724
-0.423885
-0.423956
-0.424041
-0.424197
-0.424277
-0.424357
-0.424448
-0.424603
-0.42469
-0.424761
-0.424854
-0.425007
-0.425091
-0.425158
-0.425247
-0.425409
-0.425482
-0.425561
-0.425709
-0.4258
-0.425878
-0.425953
-0.426101
-0.426183
-0.426254
-0.426332
-0.426488
-0.426568
-0.426638
-0.426711
-0.426859
-0.426904
-0.426943
-0.426978
-0.427006
-0.427003
-0.426994
-0.426997
-0.427001
-0.426981
-0.426982
-0.426981
-0.426982
-0.426957
-0.426964
-0.426957
-0.426957
-0.426937
-0.426943
-0.426974
-0.426986
-0.426993
-0.427015
-0.427022
-0.427033
-0.427026
-0.427025
-0.427022
-0.427003
-0.426995
-0.426975
-0.426975
-0.426964
-0.426962
-0.426948
-0.426954
-0.426956
-0.426986
-0.426977
-0.427002
-0.426999
-0.427028
-0.427036
-0.427037
-0.427037
-0.427034
-0.427019
-0.427013
-0.426999
-0.426985
-0.426976
-0.42697
-0.42696
-0.426963
-0.426971
-0.426972
-0.427001
-0.427012
-0.427014
-0.427025
-0.427043
-0.427037
-0.427031
-0.427018
-0.427001
-0.426989
-0.426986
-0.42697
-0.42696
-0.426961
-0.426971
-0.426995
-0.426966
-0.426998
-0.427005
-0.427026
-0.427023
-0.427018
-0.427018
-0.426989
-0.426961
-0.426956
-0.42695
-0.426943
-0.426941
-0.426942
-0.426965
-0.426985
-0.426989
-0.427008
-0.427025
-0.427031
-0.427033
-0.427031
-0.426996
-0.426986
-0.426968
-0.42697
-0.426962
-0.426958
-0.426957
-0.426962
-0.426998
-0.427017
-0.427022
-0.427026
-0.427029
-0.427009
-0.427001
-0.426958
-0.426961
-0.426956
-0.426952
-0.426956
-0.42697
-0.426979
-0.426988
-0.427009
-0.427022
-0.427017
-0.427009
-0.426993
-0.426988
-0.426972
-0.426963
-0.426957
-0.426967
-0.426967
-0.427006
-0.427019
-0.427039
-0.427038
-0.427028
-0.427012
-0.427001
-0.426986
-0.426974
-0.426974
-0.426976
-0.426997
-0.426993
-0.427008
-0.427028
-0.427035
-0.42702
-0.427013
-0.427002
-0.426979
-0.426967
-0.426972
-0.426963
-0.426978
-0.426979
-0.427
-0.427017
-0.427024
-0.427007
-0.427006
-0.426977
-0.426976
-0.426967
-0.426973
-0.42698
-0.426992
-0.427004
-0.427014
-0.427037
-0.427031
-0.427021
-0.426987
-0.426979
-0.426964
-0.426966
-0.426974
-0.426991
-0.426991
-0.427012
-0.427025
-0.427027
-0.427008
-0.426998
-0.426972
-0.426964
-0.426942
-0.426959
-0.426992
-0.42699
-0.426997
-0.426999
-0.426999
-0.426978
-0.426979
-0.426951
-0.42696
-0.426957
-0.426976
-0.426983
-0.426994
-0.427003
-0.427021
-0.427006
-0.426989
-0.426981
-0.426971
-0.426981
-0.426966
-0.426971
-0.426994
-0.427011
-0.427014
-0.427002
-0.426995
-0.426996
-0.426982
-0.426977
-0.426967
-0.426981
-0.426984
-0.42701
-0.427011
-0.427014
-0.427003
-0.426974
-0.426964
-0.426973
-0.426956
-0.426974
-0.426985
-0.427007
-0.427008
-0.427024
-0.427018
-0.427012
-0.426997
-0.42699
-0.426995
-0.426999
-0.427021
-0.427022
-0.427028
-0.427037
-0.427007
-0.42699
-0.426991
-0.426996
-0.427006
-0.42701
-0.427015
-0.42704
-0.42706
-0.427051
-0.427038
-0.427008
-0.427019
-0.427009
-0.427016
-0.427014
-0.427032
-0.427035
-0.427044
-0.427028
-0.427015
-0.426988
-0.426981
-0.426977
-0.42699
-0.426977
-0.426991
-0.427002
-0.427009
-0.426985
-0.426959
-0.426952
-0.42695
-0.426944
-0.426944
-0.426954
-0.426969
-0.426965
-0.426972
-0.42697
-0.426958
-0.426945
-0.426931
-0.426949
-0.426952
-0.426969
-0.426965
-0.426986
-0.42698
-0.426987
-0.426974
-0.426983
-0.426976
-0.426987
-0.42698
-0.426995
-0.426994
-0.427016
-0.427006
-0.427001
-0.426982
-0.426981
-0.426976
-0.426991
-0.426984
-0.426995
-0.426982
-0.426991
-0.426998
-0.42699
-0.426996
-0.426997
-0.427
-0.426989
-0.426997
-0.427002
-0.427009
-0.427001
-0.427009
-0.427007
-0.427014
-0.42701
-0.427007
-0.427006
-0.427006
-0.427001
-0.427006
-0.426999
-0.426996
-0.426995
-0.426998
-0.427004
-0.426995
-0.426998
-0.426996
-0.426996
-0.426998
-0.426998
-0.426993
-0.426998
-0.426995
-0.426996
-0.426996
-0.426995
-0.427002
-0.426998
-0.426997
-0.426998
-0.426995
-0.426999
-0.426998
-0.427
-0.426996
-0.427
-0.426997
-0.426996
-0.426998
-0.426998
-0.426997
-0.426998
-0.427
-0.426998
-0.426997
-0.426992
-0.426999
-0.426995
-0.427
-0.426997
-0.426995
-0.426996
-0.427
-0.426999
-0.426997
-0.426997
-0.427003
-0.427
-0.426997
-0.426996
-0.426998
-0.426997
-0.426995
-0.426996
-0.426997
-0.426999
-0.426999
-0.427
-0.426994
-0.426995
-0.426998
-0.427001
-0.426998
-0.426998
-0.426999
-0.426995
-0.426999
-0.426997
-0.426998
-0.426998
-0.426995
-0.426994
-0.426998
-0.427
-0.426998
-0.427004
-0.426995
-0.426996
-0.426997
-0.426997
-0.426998
-0.426997
-0.426998
-0.426998
-0.426999
-0.426998
-0.426994
-0.427
-0.426998
-0.426999
-0.426996
-0.426998
-0.426995
-0.427001
-0.427
-0.426998
-0.426998
-0.426996
-0.426996
-0.426996
-0.427
-0.426992
-0.426998
-0.426996
-0.427
-0.426999
-0.427001
-0.426997
-0.426996
-0.426996
-0.426995
-0.427002
-0.427001
-0.426999
-0.426995
-0.426991
-0.426997
-0.426996
-0.427002
-0.426994
-0.426998
-0.426999
-0.427001
-0.426996
-0.426998
-0.426997
-0.426998
-0.426998
-0.427001
-0.426999
-0.426996
-0.427
-0.426995
-0.427
-0.426998
-0.426995
-0.426997
-0.426998
-0.426999
-0.426998
-0.427003
-0.427003
-0.426998
-0.426999
-0.426998
-0.427001
-0.426996
-0.426996
-0.426997
-0.426997
-0.426996
-0.426997
-0.426996
-0.427
-0.426994
-0.426997
-0.426999
-0.426999
-0.426994
-0.427003
-0.426999
-0.426997
-0.426998
-0.427002
-0.426998
-0.426997
-0.426999
-0.426997
-0.427001
-0.427002
-0.426996
-0.427
-0.426999
-0.426995
-0.426997
-0.426995
-0.426994
-0.426997
-0.426989
-0.427014
-0.427002
-0.426998
-0.42702
-0.427017
-0.427014
-0.427015
-0.427031
-0.427023
-0.427016
-0.427005
-0.426987
-0.426981
-0.426986
-0.426994
-0.426997
-0.426991
-0.426994
-0.426987
-0.426982
-0.426978
-0.426971
-0.426972
-0.426982
-0.426985
-0.426999
-0.427017
-0.427014
-0.427016
-0.427004
-0.426994
-0.426988
-0.426985
-0.426996
-0.426999
-0.427009
-0.427017
-0.427021
-0.427008
-0.427001
-0.426999
-0.427007
-0.427002
-0.427003
-0.427006
-0.427046
-0.427051
-0.42704
-0.427027
-0.427018
-0.427012
-0.427012
-0.427009
-0.427016
-0.427018
-0.427024
-0.427027
-0.427012
-0.427001
-0.426987
-0.426972
-0.426969
-0.426966
-0.426964
-0.426986
-0.426991
-0.427001
-0.426983
-0.426965
-0.42696
-0.426949
-0.42695
-0.426954
-0.426966
-0.426973
-0.426981
-0.426983
-0.426973
-0.426961
-0.426943
-0.426932
-0.426934
-0.426951
-0.426964
-0.426973
-0.426981
-0.426994
-0.426992
-0.426982
-0.426971
-0.426959
-0.426962
-0.426975
-0.426978
-0.42699
-0.427002
-0.426999
-0.426992
-0.426983
-0.426973
-0.426976
-0.426973
-0.426976
-0.426984
-0.42699
-0.426997
-0.427002
-0.427003
-0.426993
-0.426965
-0.42696
-0.42697
-0.426971
-0.426966
-0.426976
-0.426987
-0.427004
-0.427003
-0.427005
-0.426999
-0.426982
-0.426979
-0.426974
-0.426964
-0.426972
-0.426983
-0.426989
-0.427012
-0.427012
-0.427004
-0.426986
-0.426965
-0.426964
-0.426963
-0.426965
-0.426975
-0.426986
-0.427008
-0.427019
-0.427008
-0.427
-0.426976
-0.426954
-0.426962
-0.426946
-0.42695
-0.426973
-0.42698
-0.426992
-0.426999
-0.427004
-0.426996
-0.426984
-0.42698
-0.426964
-0.426966
-0.426971
-0.426985
-0.42699
-0.42699
-0.427004
-0.427039
-0.427024
-0.427023
-0.426995
-0.426989
-0.42698
-0.426965
-0.426969
-0.426972
-0.426977
-0.426987
-0.426994
-0.427016
-0.427012
-0.427011
-0.426976
-0.426976
-0.426957
-0.426961
-0.42695
-0.426975
-0.426977
-0.426987
-0.427001
-0.427008
-0.427001
-0.427011
-0.426994
-0.426987
-0.426972
-0.426969
-0.426967
-0.426967
-0.426961
-0.426978
-0.426986
-0.426998
-0.427007
-0.42703
-0.427018
-0.427015
-0.427005
-0.426978
-0.426957
-0.426955
-0.426956
-0.426958
-0.426966
-0.426984
-0.427009
-0.427003
-0.42702
-0.42702
-0.427008
-0.427
-0.426986
-0.426973
-0.426973
-0.426951
-0.426953
-0.426961
-0.426969
-0.426961
-0.426973
-0.426999
-0.427014
-0.427017
-0.427023
-0.427019
-0.427017
-0.427001
-0.42698
-0.426953
-0.42696
-0.42696
-0.426948
-0.426957
-0.426976
-0.426988
-0.427007
-0.426995
-0.427003
-0.427009
-0.42701
-0.426991
-0.426988
-0.426991
-0.426975
-0.426963
-0.42696
-0.426959
-0.426947
-0.426959
-0.426965
-0.42698
-0.426998
-0.426996
-0.427009
-0.427012
-0.427021
-0.427006
-0.427001
-0.426983
-0.426978
-0.426967
-0.426955
-0.426952
-0.426961
-0.426952
-0.426954
-0.426952
-0.426962
-0.42697
-0.426995
-0.426995
-0.427007
-0.42701
-0.427027
-0.427011
-0.427022
-0.427004
-0.426982
-0.426967
-0.426966
-0.426956
-0.426959
-0.426947
-0.426954
-0.426954
-0.426958
-0.426954
-0.42697
-0.426987
-0.426998
-0.427012
-0.427003
-0.426995
-0.427019
-0.427013
-0.427008
-0.427019
-0.427007
-0.42696
-0.426865
-0.426498
-0.426215
-0.425882
-0.425183
-0.424863
-0.424574
-0.424297
-0.423739
-0.423426
-0.423096
-0.422746
-0.422069
-0.421764
-0.421448
-0.421161
-0.420573
-0.420263
-0.419936
-0.419585
-0.418911
-0.418602
-0.418305
-0.417736
-0.417434
-0.417113
-0.416778
-0.416091
-0.415761
-0.415467
-0.415187
-0.414595
-0.414283
-0.413952
-0.413603
-0.41294
-0.41264
-0.412347
-0.411784
-0.411484
-0.411146
-0.410811
-0.410139
-0.40983
-0.409542
-0.409245
-0.408667
-0.408351
-0.40802
-0.407666
-0.407016
-0.406715
-0.406435
-0.405859
-0.405554
-0.405217
-0.404878
-0.404222
-0.403921
-0.403634
-0.403356
-0.402747
-0.402412
-0.402073
-0.401745
-0.401122
-0.400836
-0.400546
-0.399945
-0.399621
-0.39928
-0.398934
-0.398309
-0.398018
-0.397728
-0.397449
-0.39682
-0.396483
-0.396129
-0.395795
-0.395192
-0.394899
-0.394609
-0.394302
-0.393657
-0.393313
-0.392984
-0.392377
-0.392079
-0.391782
-0.391478
-0.390823
-0.390479
-0.390149
-0.389832
-0.389246
-0.388954
-0.388657
-0.388346
-0.387685
-0.38735
-0.387024
-0.386424
-0.386132
-0.385842
-0.385531
-0.384878
-0.38454
-0.384223
-0.383907
-0.38333
-0.383024
-0.382727
-0.38241
-0.38177
-0.38143
-0.381105
-0.38079
-0.380198
-0.379904
-0.379605
-0.378978
-0.37865
-0.378311
-0.377998
-0.37739
-0.377093
-0.376801
-0.376489
-0.375866
-0.375537
-0.375206
-0.374882
-0.374275
-0.373974
-0.37368
-0.37306
-0.372742
-0.372427
-0.372091
-0.371439
-0.371132
-0.370829
-0.370531
-0.369929
-0.369618
-0.36931
-0.368987
-0.368356
-0.368028
-0.367716
-0.3671
-0.3668
-0.366499
-0.366197
-0.365583
-0.365266
-0.364944
-0.364616
-0.363971
-0.363652
-0.363345
-0.36304
-0.362432
-0.362134
-0.361826
-0.361217
-0.360894
-0.360574
-0.360253
-0.359609
-0.359284
-0.358979
-0.358669
-0.358055
-0.357748
-0.357449
-0.357142
-0.356526
-0.356213
-0.355897
-0.355262
-0.354936
-0.354619
-0.354302
-0.35367
-0.353355
-0.353048
-0.352745
-0.352131
-0.351824
-0.351517
-0.351203
-0.350578
-0.350264
-0.349951
-0.349317
-0.349001
-0.348689
-0.348379
-0.347749
-0.347435
-0.347118
-0.346813
-0.346179
-0.345855
-0.345543
-0.345227
-0.344597
-0.344281
-0.343975
-0.343672
-0.343052
-0.342739
-0.342435
-0.34182
-0.34151
-0.341204
-0.34089
-0.340264
-0.339966
-0.33964
-0.339332
-0.338719
-0.338406
-0.3381
-0.337489
-0.337171
-0.336856
-0.336547
-0.335922
-0.335609
-0.335294
-0.334988
-0.33435
-0.33404
-0.333723
-0.333414
-0.332794
-0.332485
-0.33217
-0.331854
-0.331227
-0.330916
-0.330597
-0.32997
-0.329669
-0.329352
-0.329038
-0.328409
-0.32809
-0.327784
-0.327473
-0.326853
-0.326537
-0.326225
-0.32591
-0.325275
-0.324958
-0.324648
-0.324329
-0.323709
-0.32339
-0.323084
-0.322466
-0.322167
-0.321856
-0.32155
-0.320941
-0.320634
-0.320325
-0.320007
-0.319394
-0.319081
-0.318759
-0.318448
-0.317828
-0.317513
-0.317201
-0.316562
-0.31625
-0.315941
-0.315616
-0.314986
-0.314676
-0.314354
-0.314047
-0.313444
-0.313135
-0.312821
-0.312513
-0.311885
-0.311569
-0.311254
-0.310943
-0.310322
-0.309994
-0.309691
-0.309383
-0.308749
-0.308442
-0.308125
-0.307488
-0.30718
-0.306853
-0.306534
-0.305918
-0.305613
-0.305308
-0.304996
-0.304388
-0.304083
-0.303768
-0.303465
-0.302849
-0.302534
-0.302229
-0.301907
-0.301281
-0.300963
-0.30064
-0.300003
-0.299691
-0.299365
-0.299067
-0.298443
-0.298144
-0.297833
-0.297528
-0.296895
-0.29659
-0.296273
-0.295959
-0.295341
-0.295016
-0.2947
-0.29408
-0.293757
-0.293436
-0.293117
-0.292486
-0.292185
-0.291877
-0.291575
-0.290977
-0.290665
-0.290361
-0.290053
-0.289438
-0.289126
-0.288815
-0.288497
-0.287867
-0.287543
-0.287221
-0.286585
-0.286258
-0.285937
-0.285639
-0.285021
-0.284717
-0.284412
-0.284097
-0.283483
-0.283166
-0.282863
-0.282549
-0.281912
-0.281603
-0.281289
-0.280644
-0.280329
-0.280013
-0.279693
-0.279088
-0.278786
-0.278477
-0.278174
-0.277568
-0.277262
-0.276952
-0.276639
-0.276035
-0.275714
-0.275399
-0.274774
-0.274439
-0.27412
-0.273795
-0.273169
-0.272871
-0.272565
-0.272256
-0.27164
-0.271326
-0.271021
-0.270703
-0.270079
-0.269776
-0.269459
-0.269135
-0.268501
-0.268178
-0.267853
-0.267216
-0.266918
-0.266611
-0.266313
-0.265714
-0.2654
-0.265091
-0.264789
-0.264164
-0.263845
-0.263541
-0.263223
-0.262594
-0.262265
-0.261935
-0.261304
-0.26099
-0.26068
-0.260377
-0.259765
-0.259465
-0.259147
-0.258842
-0.25823
-0.257913
-0.257618
-0.257296
-0.256663
-0.256339
-0.256015
-0.255362
-0.255043
-0.254737
-0.254435
-0.253824
-0.253525
-0.253227
-0.252921
-0.252315
-0.252007
-0.251683
-0.251383
-0.250755
-0.250435
-0.250106
-0.249451
-0.24914
-0.248817
-0.248519
-0.247902
-0.247603
-0.247308
-0.246981
-0.246374
-0.246051
-0.245744
-0.245444
-0.244804
-0.244503
-0.24418
-0.243849
-0.243205
-0.242885
-0.242575
-0.241965
-0.241665
-0.241358
-0.241065
-0.24045
-0.240156
-0.239835
-0.239515
-0.238892
-0.238582
-0.238274
-0.237944
-0.237299
-0.236974
-0.236664
-0.236046
-0.235749
-0.235433
-0.235134
-0.234508
-0.234196
-0.23389
-0.233562
-0.232943
-0.232628
-0.232311
-0.231992
-0.23133
-0.231004
-0.230696
-0.230067
-0.229773
-0.229461
-0.229164
-0.228568
-0.228263
-0.227963
-0.227642
-0.22702
-0.226717
-0.226389
-0.226075
-0.225432
-0.22509
-0.224782
-0.22447
-0.223842
-0.223545
-0.223225
-0.222624
-0.222312
-0.222
-0.221688
-0.221054
-0.220748
-0.220444
-0.22013
-0.219496
-0.219162
-0.218826
-0.218517
-0.217898
-0.217591
-0.217296
-0.216691
-0.216388
-0.216088
-0.215775
-0.215158
-0.214839
-0.214538
-0.214223
-0.213593
-0.213263
-0.212941
-0.212622
-0.211991
-0.211683
-0.21137
-0.210765
-0.210463
-0.210165
-0.209846
-0.209222
-0.208906
-0.208595
-0.208291
-0.207659
-0.207327
-0.207016
-0.206672
-0.206058
-0.205732
-0.205427
-0.205129
-0.204529
-0.204238
-0.203937
-0.20332
-0.20301
-0.202694
-0.202399
-0.201767
-0.201439
-0.201111
-0.200786
-0.200135
-0.199827
-0.199517
-0.199209
-0.198592
-0.198295
-0.197993
-0.197372
-0.197053
-0.196743
-0.196426
-0.195813
-0.195493
-0.195172
-0.194847
-0.194183
-0.193888
-0.193567
-0.193265
-0.192658
-0.192354
-0.192065
-0.19146
-0.191138
-0.190833
-0.190514
-0.1899
-0.189578
-0.189266
-0.188934
-0.188275
-0.187957
-0.187654
-0.187341
-0.18673
-0.186409
-0.186109
-0.185814
-0.185195
-0.184886
-0.184574
-0.18395
-0.183634
-0.183303
-0.182997
-0.182343
-0.18201
-0.181709
-0.181397
-0.180783
-0.180475
-0.180177
-0.179886
-0.179279
-0.178969
-0.178658
-0.178345
-0.177723
-0.177398
-0.177075
-0.176758
-0.176088
-0.175785
-0.175478
-0.174841
-0.174543
-0.174213
-0.173914
-0.173322
-0.173002
-0.172687
-0.172365
-0.171751
-0.171452
-0.171145
-0.17082
-0.170177
-0.169854
-0.169537
-0.168902
-0.168606
-0.168307
-0.167997
-0.167411
-0.167101
-0.166792
-0.166484
-0.165857
-0.165557
-0.165236
-0.164926
-0.164278
-0.163954
-0.163619
-0.162993
-0.162686
-0.162378
-0.162083
-0.161482
-0.161175
-0.160856
-0.160543
-0.159911
-0.159602
-0.159308
-0.158988
-0.158362
-0.158031
-0.157693
-0.157385
-0.156759
-0.156445
-0.156145
-0.155523
-0.155241
-0.154945
-0.154623
-0.153983
-0.153679
-0.153376
-0.153059
-0.152421
-0.152108
-0.151773
-0.151455
-0.150821
-0.150517
-0.150207
-0.149596
-0.149302
-0.148995
-0.148672
-0.148042
-0.147718
-0.147401
-0.147107
-0.146467
-0.146161
-0.145827
-0.145512
-0.144882
-0.14457
-0.144262
-0.143639
-0.143343
-0.143051
-0.142751
-0.142134
-0.14182
-0.141511
-0.141205
-0.140589
-0.140271
-0.139939
-0.139614
-0.138976
-0.138675
-0.138353
-0.137704
-0.137405
-0.13711
-0.136813
-0.13618
-0.135863
-0.135547
-0.135237
-0.134627
-0.134302
-0.133992
-0.133668
-0.133035
-0.132719
-0.132413
-0.132095
-0.131472
-0.131178
-0.130863
-0.13027
-0.129953
-0.129643
-0.129328
-0.128701
-0.128407
-0.128086
-0.127768
-0.127136
-0.126815
-0.126497
-0.126176
-0.125546
-0.125238
-0.124936
-0.124325
-0.124002
-0.123694
-0.123379
-0.122751
-0.122451
-0.122147
-0.121837
-0.121191
-0.120889
-0.120569
-0.120318
-0.119998
-0.119904
-0.119874
-0.11992
-0.119912
-0.119913
-0.119922
-0.119912
-0.119923
-0.119926
-0.119917
-0.119926
-0.119927
-0.119932
-0.119942
-0.119942
-0.119947
-0.119955
-0.119953
-0.119967
-0.119978
-0.119995
-0.120011
-0.120002
-0.119999
-0.120006
-0.120005
-0.120012
-0.120001
-0.120019
-0.120013
-0.120014
-0.120022
-0.120017
-0.120024
-0.12002
-0.12001
-0.120016
-0.12001
-0.120019
-0.12001
-0.120012
-0.120016
-0.120018
-0.120028
-0.120008
-0.120025
-0.120011
-0.120021
-0.120022
-0.12002
-0.120026
-0.12002
-0.120013
-0.120013
-0.120017
-0.120018
-0.120014
-0.120019
-0.120012
-0.120026
-0.120019
-0.120017
-0.120018
-0.120025
-0.120025
-0.120016
-0.120024
-0.120014
-0.120024
-0.120011
-0.120024
-0.120016
-0.120032
-0.120017
-0.120019
-0.120019
-0.120021
-0.120021
-0.120019
-0.120026
-0.120015
-0.120015
-0.120015
-0.120013
-0.120017
-0.120013
-0.120022
-0.120011
-0.120014
-0.120014
-0.120012
-0.120009
-0.120017
-0.12001
-0.120017
-0.120013
-0.120014
-0.120007
-0.120013
-0.120013
-0.120005
-0.120009
-0.120014
-0.120015
-0.120006
-0.120015
-0.120019
-0.120007
-0.120013
-0.120015
-0.120013
-0.12001
-0.120014
-0.120005
-0.120003
-0.120015
-0.12001
-0.120013
-0.120016
-0.120011
-0.120014
-0.120008
-0.12
-0.120015
-0.120009
-0.120008
-0.120013
-0.120014
-0.120003
-0.120013
-0.120009
-0.12001
-0.120009
-0.120016
-0.120019
-0.120023
-0.120008
-0.120012
-0.120013
-0.120009
-0.120008
-0.120006
-0.120007
-0.120016
-0.120011
-0.120011
-0.120015
-0.120001
-0.120015
-0.120013
-0.120015
-0.120009
-0.120016
-0.120016
-0.120013
-0.120015
-0.120017
-0.120009
-0.120013
-0.120021
-0.120007
-0.120013
-0.120003
-0.120009
-0.120018
-0.120017
-0.120006
-0.120016
-0.120012
-0.120008
-0.12001
-0.12002
-0.120019
-0.120012
-0.120005
-0.12001
-0.12001
-0.119999
-0.120012
-0.120006
-0.120012
-0.120017
-0.120008
-0.120004
-0.120006
-0.120021
-0.120013
-0.120018
-0.12001
-0.120008
-0.120012
-0.120008
-0.120008
-0.120012
-0.12001
-0.120006
-0.120019
-0.120011
-0.120014
-0.120016
-0.120011
-0.120008
-0.120009
-0.12001
-0.120007
-0.120011
-0.120013
-0.120014
-0.120017
-0.120018
-0.120005
-0.120008
-0.120005
-0.12002
-0.119999
-0.120024
-0.120017
-0.120011
-0.120009
-0.12001
-0.120009
-0.120004
-0.120015
-0.120015
-0.120011
-0.120013
-0.120014
-0.120007
-0.120015
-0.120018
-0.120012
-0.120014
-0.120011
-0.120014
-0.120019
-0.120012
-0.120017
-0.120004
-0.120014
-0.120016
-0.120015
-0.120008
-0.120011
-0.120012
-0.120014
-0.120016
-0.120016
-0.120012
-0.120011
-0.120011
-0.120006
-0.120012
-0.120004
-0.120013
-0.120012
-0.120011
-0.120009
-0.120013
-0.120005
-0.120019
-0.120007
-0.120011
-0.120012
-0.120007
-0.120013
-0.120008
-0.120011
-0.12001
-0.120011
-0.120009
-0.120012
-0.12001
-0.120004
-0.120022
-0.120009
-0.120014
-0.120017
-0.120016
-0.120016
-0.120009
-0.120012
-0.120004
-0.120012
-0.12001
-0.12001
-0.120008
-0.120013
-0.12001
-0.120008
-0.120009
-0.120014
-0.120009
-0.12001
-0.120014
-0.12001
-0.12001
-0.120012
-0.120008
-0.120017
-0.120008
-0.120011
-0.12001
-0.120014
-0.12001
-0.12001
-0.120019
-0.120011
-0.120005
-0.120009
-0.120011
-0.120012
-0.120011
-0.120005
-0.120011
-0.120011
-0.120019
-0.120013
-0.120009
-0.120009
-0.120005
-0.120005
-0.120007
-0.120016
-0.120016
-0.120011
-0.120017
-0.120016
-0.120007
-0.120011
-0.12
-0.120018
-0.120016
-0.120016
-0.120003
-0.120006
-0.120014
-0.120014
-0.120006
-0.120011
-0.120017
-0.120008
-0.12001
-0.120014
-0.120013
-0.120019
-0.12001
-0.120013
-0.120004
-0.120015
-0.120011
-0.120008
-0.120012
-0.120019
-0.120005
-0.120011
-0.120013
-0.120008
-0.120012
-0.120009
-0.120015
-0.12001
-0.120007
-0.120019
-0.120016
-0.120009
-0.120019
-0.12002
-0.120011
-0.120011
-0.120016
-0.120003
-0.120015
-0.120016
-0.120012
-0.120004
-0.12001
-0.120009
-0.120015
-0.120012
-0.120009
-0.120011
-0.120009
-0.12001
-0.120009
-0.120017
-0.120014
-0.120013
-0.120007
-0.120005
-0.120007
-0.120008
-0.120013
-0.120016
-0.120011
-0.120009
-0.120004
-0.120022
-0.120008
-0.120007
-0.120013
-0.12002
-0.120016
-0.120006
-0.120011
-0.120009
-0.120006
-0.120012
-0.120013
-0.120016
-0.120021
-0.120007
-0.120005
-0.12001
-0.120012
-0.119998
-0.120014
-0.120014
-0.120007
-0.120012
-0.120011
-0.120007
-0.120018
-0.120016
-0.120019
-0.120016
-0.120014
-0.120012
-0.120007
-0.120012
-0.120008
-0.120014
-0.120019
-0.120022
-0.120006
-0.120005
-0.120017
-0.120014
-0.120003
-0.120012
-0.120009
-0.12001
-0.120022
-0.120007
-0.120001
-0.120016
-0.120013
-0.120009
-0.120009
-0.120016
-0.120027
-0.120009
-0.120006
-0.120025
-0.120022
-0.120012
-0.120013
-0.120005
-0.120017
-0.120005
-0.120007
-0.120008
-0.12001
-0.120021
-0.120012
-0.120012
-0.12001
-0.12001
-0.120007
-0.120013
-0.120014
-0.12001
-0.120005
-0.120018
-0.120006
-0.120016
-0.120006
-0.120015
-0.120006
-0.12001
-0.120018
-0.12001
-0.120011
-0.120016
-0.120017
-0.120012
-0.120008
-0.12001
-0.12001
-0.120016
-0.120012
-0.120011
-0.120009
-0.120009
-0.120012
-0.12001
-0.120017
-0.120017
-0.12001
-0.120006
-0.119995
-0.120008
-0.120003
-0.120015
-0.120014
-0.120011
-0.120017
-0.120018
-0.120012
-0.120015
-0.120014
-0.120005
-0.12002
-0.12001
-0.120009
-0.120008
-0.120014
-0.120015
-0.12001
-0.12001
-0.120006
-0.120018
-0.120016
-0.120004
-0.12001
-0.120015
-0.120005
-0.120014
-0.120008
-0.120015
-0.120002
-0.120013
-0.120002
-0.120017
-0.120006
-0.120018
-0.120008
-0.120007
-0.120014
-0.120005
-0.120014
-0.120011
-0.120005
-0.120012
-0.120017
-0.120013
-0.120014
-0.120014
-0.120012
-0.120017
-0.120007
-0.120011
-0.120013
-0.120013
-0.120007
-0.120019
-0.120014
-0.120008
-0.120022
-0.120007
-0.120006
-0.120018
-0.120017
-0.120004
-0.120018
-0.120012
-0.120021
-0.12002
-0.120009
-0.120012
-0.120009
-0.120011
-0.120016
-0.120008
-0.120015
-0.120015
-0.120016
-0.120006
-0.120013
-0.120006
-0.120009
-0.120021
-0.120014
-0.120015
-0.120011
-0.120019
-0.120005
-0.120015
-0.120013
-0.120012
-0.120014
-0.120019
-0.120019
-0.120014
-0.120011
-0.120013
-0.120013
-0.120008
-0.120016
-0.120017
-0.120005
-0.120012
-0.120012
-0.120017
-0.120017
-0.120009
-0.119998
-0.120007
-0.120016
-0.120007
-0.120008
-0.120011
-0.120008
-0.120024
-0.120005
-0.120023
-0.120015
-0.120014
-0.120015
-0.120008
-0.120017
-0.120009
-0.120014
