-9.3958e-05
-9.79793e-05
-6.62223e-05
-9.73128e-05
-8.92988e-05
-0.000107213
-0.000125465
-4.96447e-05
-4.75411e-05
-8.20572e-05
-6.30108e-05
-5.86651e-05
-9.5686e-05
-8.87999e-05
-0.000120359
-9.82432e-05
-0.000150553
-4.10249e-05
-8.72587e-05
-8.11833e-05
-7.41847e-05
-2.16155e-05
-7.77544e-05
-0.000176066
-3.22429e-05
-8.95057e-05
-2.91065e-05
-6.64522e-05
-9.42334e-05
-6.34521e-05
-5.4979e-05
-0.000126323
-5.63619e-05
-0.000123148
-2.42578e-05
-9.36876e-05
-5.18572e-05
-9.28261e-05
-7.06133e-05
-0.00013272
-0.00010836
-2.59049e-05
-8.84695e-05
-7.43484e-05
-0.000145995
-2.51893e-05
-0.000120009
-6.29653e-05
-0.000138199
-0.000101801
4.53762e-06
-7.7769e-05
-8.97983e-05
-9.41367e-05
-5.20816e-05
-9.35099e-05
-8.87992e-05
-0.000115353
-3.35384e-05
-6.21909e-05
-0.000111789
-2.48299e-05
-0.000100177
-7.0039e-05
-6.46573e-06
-8.82273e-05
-1.37763e-05
-0.00011254
-1.43858e-05
-7.82714e-05
-9.34492e-05
-9.27958e-05
-8.53691e-05
1.94321e-05
-0.000109074
-6.58577e-05
-3.58724e-05
-0.000131283
-0.000100891
-4.27864e-05
-9.2584e-05
-5.51401e-05
-8.99265e-05
-0.000198115
-0.000135042
-0.000100675
-0.000111864
-8.89969e-05
-3.67452e-05
-0.00011272
-2.26641e-05
-7.02486e-05
-5.94351e-05
-0.000100837
-4.7022e-05
-7.44051e-05
-7.71776e-05
-5.14839e-05
-9.24095e-05
-9.30776e-05
-2.62343e-05
-0.000122179
-7.51861e-05
-8.85717e-05
-0.000137068
-0.000111637
-6.70792e-05
-6.31595e-05
-0.000122828
-9.78583e-05
-0.000109225
-5.77433e-05
-6.3295e-05
-0.000126605
-3.80059e-05
-7.0255e-05
-2.54881e-05
-3.29294e-05
-0.000104036
-0.000118413
-8.50223e-05
-8.00908e-05
-0.000129609
-0.000139251
-0.000107535
-8.65063e-05
-4.98886e-06
-5.84553e-05
-9.27908e-05
-8.96368e-05
-2.94148e-05
-9.74729e-05
-5.4979e-05
-8.07138e-05
-7.05478e-05
-0.000115067
-0.000136975
-8.58603e-05
-7.49722e-05
-2.2129e-05
-4.48345e-05
-0.000151875
-7.06133e-05
-4.86973e-05
-5.60465e-05
-6.23655e-05
-5.14839e-05
-7.89619e-05
-3.63782e-05
-0.000133994
-6.95974e-05
-0.000106856
-0.000100318
-0.00010057
-4.73993e-05
-2.57415e-05
-7.04998e-05
-5.14272e-05
-0.000144101
-6.76729e-05
-6.53676e-05
-9.33315e-05
-0.000100546
-5.19896e-05
-0.000145656
-3.83615e-05
-2.5357e-05
-6.88448e-05
-5.12203e-05
-3.28076e-05
-0.000109225
-8.88643e-05
-4.79825e-05
-0.000112139
-4.08359e-05
-9.99609e-05
-8.20748e-05
-8.89998e-05
-0.00011096
-7.79613e-05
-5.30545e-05
-7.45666e-05
-5.62962e-05
-8.53691e-05
-4.12974e-05
-8.93526e-05
-2.95092e-05
-2.42777e-05
-3.85579e-05
-0.000130634
-7.50673e-05
-4.8536e-05
-3.58157e-05
-0.000100734
-8.12463e-05
-3.69551e-05
-0.000135078
-6.50118e-05
-6.28782e-05
-9.23854e-05
-4.45417e-05
-5.11667e-05
-6.26468e-05
-0.000104321
-0.000101296
-5.43774e-05
-2.51893e-05
-0.000130916
-6.98247e-05
-6.65233e-05
-0.000122816
-1.32956e-05
-0.000127798
-9.74161e-05
-8.66551e-05
-0.000123107
-4.76062e-05
-4.03492e-05
-1.33419e-05
-1.7559e-05
-2.5357e-05
-0.000111508
-6.37222e-05
-6.64522e-05
-2.14485e-05
-5.21717e-05
2.25324e-06
-0.000149772
-0.000107862
-8.15451e-05
-0.000118507
-2.88047e-05
-2.46386e-05
-7.02857e-06
-9.83176e-05
-4.01071e-05
-7.41735e-05
9.1954e-06
-3.64526e-05
-5.16741e-05
-1.93922e-05
-0.000137965
-6.36478e-05
-0.000108574
-5.11006e-05
0.000117752
0.000120668
0.000106158
-3.86295e-05
-0.000299347
-0.00029036
-0.000244869
-0.000105906
1.60674e-05
0.00016233
0.000245168
0.00023906
0.000232015
0.000317539
0.000377146
0.000415806
0.000412035
0.000387824
0.000285568
0.000372191
0.000322431
0.000175485
3.98396e-05
3.94537e-08
1.46181e-06
-4.52527e-05
-0.000128018
-5.87361e-05
1.13729e-05
9.90115e-05
0.000139985
0.000284268
0.000246601
0.000317326
0.000289058
0.000315076
0.000331049
0.000314526
0.00050865
0.000358941
0.000380694
0.000353558
2.60252e-05
5.83757e-05
1.4726e-05
-0.000189756
-0.000173187
-0.00012064
-0.000223382
-4.24991e-05
-3.09873e-06
1.21076e-05
9.62678e-05
8.33028e-05
3.99199e-05
0.000135135
0.000183662
0.000250665
0.000261532
0.00024314
0.000160231
0.000154307
0.000174095
6.7757e-05
-6.36801e-06
-8.05338e-05
-0.000220715
-0.000122673
-8.78198e-05
-2.85752e-05
-1.95955e-05
0.000122857
0.000121943
0.000213459
0.000195071
0.00024039
0.000197365
0.000237971
0.000223065
0.000299168
0.000200633
5.6019e-05
2.60851e-05
-9.08152e-05
-6.91978e-05
-7.81048e-05
-0.000224114
-0.000202477
-6.03267e-05
2.94186e-05
8.32497e-05
0.000110245
0.000301641
0.000202059
0.000265833
0.00039767
0.000319739
0.000425638
0.000378208
0.000276388
0.000251042
0.000256391
8.3035e-05
9.02261e-05
0.000116594
-8.83428e-05
-0.000128868
-7.14906e-05
-4.82273e-05
-2.4445e-05
6.82148e-05
0.00016829
0.000122496
0.000229208
0.000210511
0.000201875
0.000159284
0.000157704
0.000139098
0.000228949
0.000149766
6.95076e-05
8.04555e-05
2.10503e-05
-4.46525e-05
-8.29366e-06
3.01994e-05
7.66202e-05
0.000106652
0.00020557
0.000217886
0.000207153
0.000209003
8.51693e-05
9.23911e-05
0.000151116
0.000179222
0.000131575
0.000150739
3.75709e-07
-4.73581e-05
-3.67308e-05
1.82152e-05
-9.11758e-05
-2.65433e-05
5.1172e-05
0.000158568
0.000252651
0.000338879
0.000347392
0.000369015
0.000496241
0.000454173
0.000357286
0.000385383
0.000294117
0.000170283
0.000220428
9.97476e-05
-7.97516e-07
1.67579e-05
0.000104056
-2.28348e-05
7.66005e-06
0.000168388
0.000204733
0.000180295
0.00020914
0.000188258
0.000217852
0.000214044
0.000282794
0.000166292
0.000124804
0.000165969
0.000118046
-8.92769e-05
-3.40995e-05
3.64999e-05
1.01473e-05
-1.08797e-05
0.00010027
0.000124502
0.000158405
0.000101921
0.000236149
0.000149112
0.000188903
0.000206431
0.000242249
0.000143322
8.41229e-05
0.000134596
9.42364e-05
-4.11397e-05
9.10831e-06
4.59096e-05
-8.24973e-05
-5.19263e-06
2.7762e-05
9.35946e-05
7.86747e-05
0.000148988
0.000227013
0.00015752
0.000177791
0.0001628
0.000120843
2.19848e-05
6.01229e-05
5.94917e-05
-6.75286e-05
-0.000159262
-0.000123838
-0.000121025
-0.000169249
-0.00011998
7.3088e-06
4.67138e-05
7.0631e-05
7.53014e-05
0.000157534
7.54729e-05
3.1603e-05
4.98437e-06
4.49942e-05
-0.000107394
-6.31427e-05
-7.20572e-05
-5.88449e-05
-5.8978e-05
-5.60747e-05
7.65579e-05
0.00012899
9.47733e-05
0.000171287
0.000222038
0.000141066
0.000182409
0.000167756
0.000166868
0.000154189
7.02983e-05
8.64507e-05
5.16057e-05
1.43407e-05
5.54248e-06
9.32207e-05
0.000144314
0.000156717
0.000182131
0.000282615
0.0001653
0.000126889
0.000148984
0.000216462
9.29123e-05
5.03839e-05
8.82301e-05
3.86158e-05
-2.87256e-05
1.05762e-05
4.85071e-05
5.19709e-05
0.000121004
0.000146872
0.000185183
0.000128605
0.000163202
0.000147355
0.000185989
0.000114301
5.25252e-05
7.53763e-05
0.000104908
4.27404e-05
3.32999e-05
7.88541e-05
0.000134074
0.000175251
0.000107919
0.000115751
0.000196563
0.000269976
6.73474e-05
3.55621e-05
9.00816e-05
8.28529e-05
1.19479e-05
5.41736e-06
8.20116e-05
6.80766e-05
2.5695e-05
9.60328e-05
0.000172352
0.000142346
0.000142955
0.00019686
0.000107829
-1.15415e-05
4.81152e-05
0.000101204
0.000118318
7.57255e-05
2.8552e-07
6.79717e-05
0.000123225
4.98743e-05
4.94487e-05
9.04542e-05
0.000144221
0.000121433
6.14546e-05
0.000148032
8.61205e-05
9.87804e-05
1.61068e-05
7.2746e-05
0.00011975
4.15514e-05
3.42452e-05
0.000115015
0.000118481
8.41112e-05
4.41875e-05
9.47581e-05
0.000125823
0.000113326
5.95597e-05
5.1085e-05
0.000119402
9.45217e-05
5.2481e-05
0.000106952
0.000145035
6.58167e-05
6.18452e-05
9.53259e-05
5.23682e-05
4.18031e-05
3.80098e-05
3.18441e-05
8.49422e-05
7.81671e-05
-1.83674e-05
-4.78355e-06
6.44838e-05
5.16862e-05
7.31719e-06
-5.53301e-05
8.44388e-05
8.15494e-05
7.46586e-05
-2.64225e-06
3.15978e-05
0.000141597
8.34617e-05
6.12843e-05
4.56772e-05
7.15466e-05
7.88782e-05
-9.27024e-06
1.36043e-05
5.61063e-05
4.35678e-05
0.000146925
0.000190163
0.000205845
0.000217077
-3.10849e-05
4.30951e-05
8.0924e-05
0.000126762
5.71042e-05
5.06588e-06
5.01539e-05
8.61239e-05
0.00011494
2.6097e-05
2.20896e-05
3.72934e-05
8.80133e-05
4.80918e-05
-5.00557e-05
6.41613e-05
5.94858e-05
0.000101419
0.000101528
5.11153e-05
7.08932e-05
0.000159335
0.000123084
-1.59373e-05
-1.57676e-05
-8.95816e-06
-9.19311e-05
-9.91406e-05
-7.44818e-05
1.49011e-05
7.52205e-05
-5.9709e-06
-2.09234e-05
-1.7333e-05
2.50559e-05
-6.00877e-05
-5.68694e-05
-6.10935e-05
1.21154e-05
-7.14957e-05
-0.000127083
-7.9863e-05
-8.22203e-05
-0.000101017
-0.000164535
-0.000181919
-0.000110268
-0.00015972
-0.000248938
-0.00023766
-7.44488e-05
-8.98457e-05
-0.000170026
-0.000137785
-0.00013532
-0.000136106
-0.000111965
-6.69796e-05
-3.94683e-05
-4.53892e-05
-5.67098e-05
-0.000104789
-0.000126106
-0.000131882
-0.000145642
-0.000128525
-4.68227e-05
-8.54185e-05
-7.72798e-05
-7.78027e-05
-4.43884e-05
6.20394e-05
-1.31214e-05
-4.9093e-05
-6.9598e-06
-1.18043e-05
3.8689e-06
5.73215e-05
1.07645e-05
-4.04696e-05
-6.64068e-05
-5.94966e-05
-7.45944e-05
-9.74288e-05
2.58693e-05
-1.97404e-05
7.47561e-05
2.34008e-05
-1.74563e-05
-5.12701e-05
-1.21404e-06
2.90059e-06
1.74628e-05
2.40634e-05
3.13372e-05
-2.30759e-05
-6.02307e-05
5.72447e-06
-1.20664e-05
2.17376e-05
1.11746e-06
4.91011e-05
-2.26614e-05
-1.68167e-05
-7.62697e-06
4.27007e-05
-6.57986e-06
-1.98237e-05
-0.000117472
-8.4909e-05
-3.33102e-05
-6.36143e-05
7.77159e-06
1.21999e-05
-6.681e-06
9.52889e-06
-4.1125e-05
3.42896e-05
-1.46503e-05
-4.84467e-05
-1.48806e-05
1.05577e-05
9.51113e-06
2.52127e-06
-6.222e-05
-7.64068e-06
4.58423e-05
2.68293e-05
1.66899e-05
-4.55708e-05
4.55378e-05
-4.38499e-05
-4.72545e-05
-8.83346e-05
3.71206e-06
-1.04362e-05
-2.54051e-05
-5.23211e-05
1.0823e-05
-9.32529e-08
1.01423e-05
-4.58037e-05
5.90332e-05
7.78892e-05
6.06898e-05
5.48234e-05
5.01783e-05
4.31689e-05
-2.96728e-05
4.23028e-05
-7.50077e-06
3.52455e-05
-2.58999e-05
5.92942e-05
1.71722e-05
3.89034e-05
3.90384e-05
-4.1685e-05
4.41519e-05
-3.28301e-05
-1.45702e-06
1.64841e-05
2.99047e-06
1.06454e-05
3.8321e-05
4.66732e-05
4.5233e-05
4.43175e-05
-3.48091e-05
-8.88246e-06
-2.26235e-06
5.88835e-05
1.81553e-05
4.93302e-05
-2.73991e-05
7.57062e-05
-3.68365e-05
4.83174e-06
3.14758e-05
2.52041e-05
1.32286e-05
9.51214e-05
0.000118169
4.77641e-05
3.26478e-05
4.29651e-05
1.2799e-05
4.05222e-05
1.59245e-05
2.00448e-05
-3.19511e-05
4.67646e-05
5.24223e-05
0.000104122
8.7946e-05
8.48194e-05
7.08044e-05
3.79796e-05
3.16624e-06
2.18757e-06
4.22228e-05
0.000100803
7.39342e-05
4.69634e-05
1.56803e-05
4.65285e-05
7.15705e-05
3.19529e-05
5.39329e-07
3.16924e-05
-2.12539e-05
1.3556e-05
-7.86259e-06
7.14442e-05
3.63881e-05
6.68026e-05
0.000121413
-8.60493e-08
3.93459e-05
-2.76901e-06
1.66629e-06
-6.01543e-06
-2.99559e-06
2.16204e-05
5.55642e-06
3.7417e-05
3.91778e-05
6.03554e-05
4.01507e-05
2.52424e-05
2.78416e-05
-1.33587e-05
2.95116e-05
3.00771e-05
1.95826e-05
4.22752e-05
2.37317e-05
1.49302e-05
3.49825e-05
4.68634e-05
3.17282e-05
1.67079e-08
-1.40807e-05
6.15257e-06
1.11056e-05
-2.07797e-05
4.51836e-05
2.72366e-05
-4.10107e-06
3.37369e-05
2.65018e-05
-7.06734e-07
7.94171e-05
4.43153e-06
1.0465e-05
-3.91933e-05
-2.21218e-05
3.5156e-05
1.44088e-05
2.45747e-05
5.13991e-05
2.46882e-06
4.3886e-05
2.46503e-05
4.26098e-06
8.10472e-05
-2.29523e-05
7.86792e-05
5.76393e-05
8.30583e-05
6.75149e-05
9.81267e-05
0.000142595
7.85343e-05
0.000109909
0.000112208
9.8717e-05
0.000110892
9.27786e-05
0.000104115
7.38147e-05
7.0198e-05
6.18036e-05
5.60801e-05
8.29057e-05
0.000105496
8.52151e-05
7.9224e-05
0.00013113
0.000121252
8.34592e-05
8.82349e-05
4.82302e-05
8.31465e-05
4.76549e-05
9.1842e-05
4.05819e-05
0.000116459
8.06239e-05
8.3256e-05
6.2811e-05
7.78344e-05
7.11742e-05
5.01917e-05
6.9346e-05
5.59914e-05
8.74685e-05
8.4539e-05
4.25211e-05
5.85308e-05
5.60205e-05
4.39975e-05
5.31605e-05
0.000138785
8.80963e-05
0.000105694
0.000105227
0.000117138
0.000109144
0.000110218
0.000102127
0.000120879
9.76632e-05
0.000117011
0.00010394
0.000132082
0.000130291
0.000122108
0.000157012
0.000131486
0.000141449
0.000129713
0.000143201
0.0001398
0.000121534
0.000167543
0.000125796
0.000125977
9.14847e-05
0.00010766
0.000125428
0.000103769
0.000156802
0.000165784
0.00016109
0.000137423
0.000154404
0.000181773
0.000159348
0.000132194
0.000122918
0.000119195
0.000143842
5.93936e-05
7.82477e-05
9.904e-05
7.10511e-05
9.76778e-05
0.000118872
0.000122886
0.00013458
0.000106453
0.000127098
0.000126778
0.000146358
0.000117543
5.88316e-05
0.000101636
7.68437e-05
0.000124538
5.02422e-05
8.89134e-06
6.02518e-05
4.8314e-05
9.43051e-05
0.000122437
7.24095e-05
0.000129332
8.51375e-05
7.32123e-05
0.000107182
2.72599e-05
3.24225e-05
4.55778e-05
2.95246e-05
2.27621e-05
8.56193e-05
2.06855e-05
7.538e-05
7.3479e-05
7.73035e-05
7.52573e-05
8.80177e-05
0.000108163
2.93834e-05
8.98151e-05
7.87362e-05
8.02173e-05
0.000101551
5.16521e-05
4.07858e-05
2.329e-05
5.32463e-05
5.3744e-05
2.97834e-05
9.38025e-05
3.71009e-05
2.686e-05
9.47685e-05
6.3557e-05
3.12324e-05
8.83e-05
3.33979e-06
5.59761e-05
3.45096e-05
5.66479e-05
5.58745e-05
1.51601e-05
-5.01417e-05
-4.66035e-06
-2.78804e-05
-5.42061e-05
5.94641e-06
-5.23353e-05
-5.36114e-05
8.2325e-06
-3.90067e-06
9.78343e-06
-2.03791e-05
2.66382e-05
5.70593e-05
6.34866e-05
8.71395e-05
8.91025e-05
0.000107268
5.82018e-05
7.36122e-05
5.49036e-05
7.97707e-05
2.74962e-05
4.49222e-05
2.77651e-05
4.77773e-05
1.50757e-05
6.12571e-05
5.41051e-05
6.25275e-05
0.000100091
3.24175e-05
7.75828e-05
8.68511e-05
0.000120028
8.70887e-05
4.8652e-05
0.000127039
2.9041e-05
2.22756e-05
5.12822e-05
4.09009e-05
4.17166e-05
5.9008e-05
4.90488e-05
5.22609e-05
1.64991e-05
8.03181e-05
0.000108065
4.27812e-05
4.23307e-05
8.4932e-05
4.08803e-05
7.479e-05
4.06289e-05
6.85674e-05
0.000120526
5.45874e-05
0.000116283
6.00836e-05
4.75574e-05
6.31675e-05
0.000101663
2.85353e-05
0.000107779
8.04397e-05
8.4619e-05
2.60427e-06
3.18056e-05
7.60422e-05
5.77611e-05
6.46503e-05
2.18183e-05
3.0276e-05
9.44625e-05
0.000104561
7.26065e-05
5.69155e-05
6.34118e-05
0.000118822
7.29593e-05
3.97122e-05
4.76982e-05
7.96494e-05
5.36929e-05
0.000103324
0.000140751
8.11552e-05
0.000111262
4.24541e-05
0.000194641
0.000132731
9.23577e-05
4.83212e-05
1.14822e-05
4.65787e-05
7.17094e-05
7.38915e-05
4.65338e-05
9.58042e-05
8.82093e-05
1.48895e-05
5.45776e-05
1.61147e-05
2.52429e-05
4.15024e-05
1.55995e-05
5.96849e-06
3.9279e-05
-8.24016e-06
-1.31157e-05
5.25092e-06
-1.13101e-05
1.90224e-05
3.35302e-05
3.76434e-05
1.97321e-05
6.1674e-06
7.63615e-05
3.33043e-05
5.25114e-05
7.17891e-05
6.60748e-05
8.2782e-05
6.18142e-05
6.1165e-05
0.000101365
4.51818e-05
5.03058e-05
0.000106632
4.44886e-05
4.55311e-05
6.64715e-05
2.57005e-05
8.94081e-06
4.06529e-05
-4.39702e-07
2.18208e-05
3.59563e-06
4.2711e-05
6.23937e-05
2.80581e-05
4.11498e-05
1.88587e-05
7.63608e-05
0.000100532
5.98667e-05
9.85212e-05
3.45583e-05
7.37467e-05
4.39393e-05
5.22551e-05
9.83858e-05
4.87464e-05
4.08702e-05
1.59009e-05
2.61496e-05
-1.23721e-05
5.0457e-06
5.5942e-05
2.21144e-05
3.63293e-05
-3.5333e-05
2.72415e-05
8.4175e-06
0.000101762
2.71209e-05
8.81891e-05
8.7141e-05
6.29061e-05
2.20696e-05
6.38258e-05
3.93347e-05
0.000109586
0.000104024
6.30913e-05
7.0212e-05
8.3698e-05
4.14516e-05
-3.78908e-05
-4.41986e-05
-6.72641e-05
-5.13322e-05
-3.39961e-05
3.45531e-07
5.82361e-06
1.7643e-05
3.12105e-05
-1.81754e-05
-2.30911e-05
2.5992e-05
0.000111813
1.92821e-05
4.29636e-05
1.51821e-05
-6.40442e-06
-2.50455e-05
-1.83355e-05
6.35655e-05
-3.89659e-05
1.86535e-05
-1.7853e-05
-4.86651e-06
3.54075e-05
3.4652e-05
4.84772e-06
-5.03215e-05
2.558e-05
-3.23188e-05
-1.72815e-05
2.35663e-05
-2.00753e-05
-1.31671e-06
-4.14726e-05
-2.70254e-05
-4.01774e-05
-1.86797e-05
-2.5323e-05
-4.61983e-05
-4.99084e-05
-2.44814e-05
-7.74998e-05
-6.62177e-05
-2.54581e-05
-6.74531e-06
-9.7721e-05
-5.70087e-05
-3.99865e-05
-9.58785e-05
-4.61305e-05
-2.65456e-05
-6.26981e-05
-2.53956e-05
-4.02708e-05
-4.07698e-05
-8.22135e-05
-1.30937e-06
-5.50173e-05
-4.15524e-05
-3.9588e-05
-2.85328e-05
-8.31717e-05
-4.38205e-05
-5.88887e-05
-7.95098e-05
-7.49838e-05
1.02323e-05
-4.22406e-05
-6.72914e-05
-5.98902e-05
-7.6401e-05
-4.29599e-05
-3.82504e-05
-7.51183e-05
-7.54339e-05
-2.68989e-05
-4.20057e-05
-4.32923e-05
-9.94296e-05
-3.55936e-05
-2.4075e-05
-6.1684e-05
-3.82011e-05
-4.80649e-05
-2.1195e-05
-2.13634e-05
-6.06417e-05
-2.26526e-05
-2.56337e-05
-4.12227e-05
-6.10161e-05
-4.53548e-05
-8.20714e-05
-2.55593e-05
-3.70244e-05
-7.89596e-05
-9.54319e-05
-5.94203e-05
-6.53921e-05
-6.26999e-05
-2.69612e-05
-2.79437e-05
-3.58694e-05
-2.3726e-05
-5.44707e-05
1.08637e-05
-2.6769e-05
-8.02031e-05
-5.84614e-05
-4.14213e-05
-7.89039e-05
-9.91731e-05
-4.05954e-05
-6.26323e-05
-3.98607e-05
-5.57441e-05
-4.42293e-05
-3.08321e-06
-3.87494e-05
1.58189e-05
-7.54045e-05
-4.03281e-05
-7.65395e-05
-9.57835e-05
-4.00417e-05
-7.8248e-05
-6.46656e-05
-3.68732e-05
-4.63964e-05
-3.86253e-05
-7.53645e-05
-2.28969e-05
-5.63062e-05
-4.52442e-05
-3.76476e-05
-3.73779e-05
-7.68973e-05
-5.65874e-05
-2.25107e-05
-4.28395e-05
-4.34527e-05
-2.02269e-05
-6.23669e-05
-6.38455e-05
-7.52465e-05
-7.90504e-05
-7.79705e-05
-3.99714e-05
-8.00687e-05
-4.07573e-05
-3.57403e-05
-6.30161e-05
-2.20181e-05
-0.000113917
-6.2164e-05
-2.89857e-05
-6.06682e-05
-5.706e-05
1.43414e-05
-4.13296e-05
-6.2144e-05
-7.89581e-05
-5.90051e-05
-6.07294e-05
-4.48416e-05
-7.64993e-05
-9.60775e-05
-9.6597e-05
-9.34595e-05
-9.61374e-05
-6.37619e-05
-0.000115999
-9.61661e-05
-4.2034e-05
-7.72772e-05
-5.72761e-05
-9.44769e-05
-0.000115541
-6.03895e-05
-5.44935e-05
-4.23218e-05
-5.70106e-05
-6.17845e-05
-9.11195e-05
-6.03564e-05
-5.93494e-05
-5.95768e-05
-2.29303e-05
-3.76622e-05
1.10252e-05
-7.65231e-05
-9.70298e-05
-6.13127e-05
-5.83165e-05
-3.87967e-05
-7.74877e-05
-5.47894e-05
-0.000107153
-6.27178e-05
-6.41524e-05
-2.15033e-05
-2.28926e-05
-1.81045e-05
-9.12674e-05
-0.00012008
-7.99226e-05
-3.71932e-05
-6.42362e-05
-5.94235e-05
-4.07599e-05
-5.14182e-05
-7.55874e-05
-3.06008e-05
-8.19969e-05
-7.53292e-05
-0.000110847
-0.000238744
-0.000224229
-0.000228587
-0.000182272
-0.000220399
-0.000231124
-0.000278045
-0.000289084
-0.000287348
-0.000301349
-0.000357557
-0.000348223
-0.000347932
-0.00029174
-0.000310243
-0.000301338
-0.000316316
-0.000258397
-0.000213847
-0.000233547
-0.000240214
-0.000265071
-0.00026749
-0.00017937
-0.000202898
-0.000168674
-0.000211369
-0.000196076
-0.000187053
-0.000160247
-0.000102045
-5.52624e-05
-3.82703e-05
-6.621e-05
-9.53364e-05
-8.83607e-05
-0.000143365
-0.000122966
-3.92331e-05
-3.80095e-05
-0.000101202
-2.43598e-05
-7.65139e-05
-7.9656e-05
-0.000124879
-2.36808e-05
1.20318e-06
-4.7319e-05
-2.38149e-06
1.6825e-05
-8.93781e-05
-6.28949e-05
-2.18079e-05
-5.87999e-05
-5.24175e-05
-5.97021e-05
-3.14544e-05
1.14282e-05
2.44358e-05
-2.1676e-06
2.20596e-07
5.35206e-05
6.59574e-06
2.29555e-05
-5.62257e-05
-7.04788e-05
-3.12772e-05
1.2504e-05
-2.967e-06
-3.78431e-05
-1.96127e-05
-6.70753e-05
1.73898e-06
-4.60903e-07
-9.23141e-07
3.1524e-06
-3.31847e-06
2.09858e-05
-5.03159e-05
4.74767e-05
3.21561e-06
5.75591e-05
4.63027e-05
6.38329e-05
4.69482e-05
3.43709e-05
7.90155e-05
2.59929e-05
5.83085e-05
3.86117e-05
4.76201e-05
7.04223e-05
7.59283e-05
3.81539e-05
0.000107377
4.64326e-05
7.81312e-05
7.73493e-05
5.75735e-05
6.40688e-06
1.30914e-05
6.52157e-06
-4.161e-05
-1.80595e-05
-5.33212e-05
-3.83628e-05
-7.70235e-05
-9.13468e-05
-6.13917e-05
-2.98432e-05
-1.42683e-05
-4.34666e-05
-3.1826e-05
7.82304e-06
1.95901e-05
2.23637e-05
-2.87114e-05
3.14022e-05
-4.30851e-05
-1.81066e-05
-7.82475e-05
-4.34479e-06
-2.49671e-05
-1.98434e-05
-3.44876e-05
3.55314e-05
1.60347e-05
-3.8427e-05
3.27479e-05
-1.93934e-05
-1.24915e-05
-3.54578e-06
6.37868e-05
-6.73995e-05
-1.71844e-05
-2.05276e-05
-2.24498e-05
2.07838e-05
-1.57407e-05
-4.77533e-05
-3.03416e-05
-6.10478e-06
8.32918e-06
8.72136e-06
5.51563e-06
-1.0685e-05
-1.1907e-05
8.95455e-06
3.77293e-05
7.37745e-05
7.58331e-05
8.59206e-05
0.000121517
9.73597e-05
6.72186e-05
2.47428e-05
2.31957e-05
-1.02169e-05
-8.5894e-06
-1.76063e-05
2.44109e-06
-4.65225e-05
-6.12343e-05
-5.56525e-05
-2.73966e-05
-6.33524e-05
1.40567e-05
-4.16742e-05
-1.8113e-05
-4.86003e-05
-4.02482e-05
4.20028e-05
-5.12492e-05
-3.76354e-05
-2.96261e-05
1.2392e-05
-1.39722e-05
-1.12181e-05
3.64441e-06
-3.11555e-05
4.72736e-06
2.75726e-05
2.78436e-05
-1.77512e-05
4.24189e-05
6.85041e-05
3.7547e-05
3.58867e-05
1.85177e-05
5.60233e-05
5.29409e-05
1.27951e-05
-2.48402e-06
4.7851e-05
3.57524e-05
2.40307e-05
1.68499e-05
5.53234e-05
-6.26362e-06
4.19361e-05
3.44934e-05
5.8973e-06
1.64809e-05
7.95011e-06
1.14451e-05
4.30635e-05
4.9258e-05
-1.9837e-05
4.4206e-05
4.49903e-05
3.57202e-05
2.26197e-05
1.30515e-05
1.35911e-05
-4.91958e-05
-3.65378e-05
-8.18353e-06
3.41188e-05
-2.77588e-05
4.64522e-06
8.21262e-06
-5.56095e-06
0.000100171
7.15726e-05
1.07608e-05
7.13881e-06
2.08813e-05
-5.88472e-05
-2.87056e-05
-5.08572e-05
-3.05313e-06
-5.51929e-05
-2.23642e-05
-7.33349e-05
-4.9337e-05
2.78947e-05
-3.23418e-06
-2.48292e-05
-1.2246e-05
9.42713e-06
-1.18227e-07
1.93921e-05
4.81127e-05
7.31551e-05
9.91653e-05
8.41198e-05
4.84978e-05
1.98421e-05
3.69758e-07
5.22484e-05
7.44917e-05
5.86826e-05
0.000155765
9.56279e-05
9.13079e-05
6.37824e-05
9.35468e-05
3.27764e-05
1.20975e-05
8.33705e-05
2.52165e-05
5.82807e-05
3.33952e-05
3.28825e-05
6.62829e-05
1.76256e-06
-1.2145e-06
2.89112e-05
-1.00862e-05
6.41304e-05
4.89767e-05
4.89899e-05
-1.16808e-05
5.7322e-05
1.6773e-06
4.95238e-07
1.48423e-05
2.62332e-05
-1.33368e-05
-2.27289e-05
5.46288e-06
3.71918e-06
-2.49196e-05
4.58173e-05
7.55894e-06
-4.56071e-05
-3.46445e-06
-4.31419e-05
3.51709e-05
-2.13857e-05
2.52114e-05
-2.39641e-07
3.00576e-05
6.69209e-06
1.00447e-05
6.04066e-06
-3.70049e-05
-3.20881e-06
4.82089e-05
3.36199e-06
2.20375e-05
3.96461e-05
5.5778e-05
2.92477e-05
1.23777e-05
4.72559e-05
-4.0051e-05
6.36482e-05
1.73547e-05
3.93941e-05
2.74601e-05
-6.81628e-06
1.85029e-06
6.06537e-05
2.08413e-05
6.47274e-05
5.04081e-05
7.31569e-05
3.60594e-05
8.87062e-05
2.7033e-05
7.97056e-05
5.48612e-05
6.06146e-05
5.15118e-05
0.00010083
0.000113506
9.77187e-05
8.92788e-05
0.000114753
6.55422e-05
0.000116921
8.91378e-05
9.13935e-05
8.01987e-05
9.03247e-05
7.45525e-05
0.00012426
8.26044e-05
0.000151263
9.7463e-05
9.32738e-05
0.000100292
0.000112341
0.000165039
8.97544e-05
0.000123564
8.35608e-05
6.21871e-05
5.89545e-05
0.000101077
0.000166449
0.000118501
0.000125469
0.0001438
9.95786e-05
0.000156664
0.000121684
0.000124241
0.000131973
0.000180188
0.00010175
0.000136028
0.000145319
0.000169164
0.000155644
0.000142765
0.000168463
0.000175608
0.000188139
0.00017838
0.000196594
0.000174823
0.000176724
0.000139014
0.000191302
0.000185413
0.000210946
0.000222585
0.000122764
0.000179988
0.000139118
0.000125895
0.000130473
8.71232e-05
0.00011001
0.000141291
9.19578e-05
0.000120383
0.000138959
0.000160568
5.545e-05
0.000118569
6.58424e-05
4.05961e-05
7.73173e-05
4.39275e-05
9.21398e-05
6.4199e-05
3.90731e-05
5.97831e-05
6.59437e-05
7.29887e-05
4.79919e-05
-1.25598e-05
5.00367e-05
6.77672e-05
4.35821e-05
7.43039e-05
6.47185e-05
3.55727e-05
9.01377e-05
5.22798e-05
3.43498e-05
6.25788e-05
3.19587e-05
6.28665e-05
6.04674e-05
-0.00112561
-0.00212498
-0.0031846
-0.00462991
-0.00831777
-0.0102069
-0.0120346
-0.0139141
-0.0175091
-0.0193475
-0.0211264
-0.0229517
-0.0265707
-0.028407
-0.0301247
-0.0336688
-0.0353147
-0.0370582
-0.0387842
-0.042317
-0.0441746
-0.0460117
-0.0478134
0.051423
0.0531376
0.0549617
0.0567437
0.0602095
0.0620992
0.0638516
0.0673692
0.0690753
0.0708168
0.0725767
0.0761335
0.0779154
0.079699
0.0813764
0.0848752
0.0865633
0.0883422
0.0900056
0.0933964
0.0952925
0.0969422
0.100568
0.102191
0.103919
0.105648
0.109109
0.110958
0.112669
0.114492
0.117937
0.119636
0.121368
0.123136
0.126495
0.128288
0.129969
0.131588
0.134824
0.136452
0.138117
0.141549
0.143237
0.144944
0.146642
0.150129
0.151898
0.153566
0.155253
0.15875
0.160501
0.162186
0.163775
0.167152
0.168846
0.170601
0.174005
0.175625
0.177244
0.178897
0.182266
0.183869
0.185423
0.187196
0.190522
0.192251
0.193885
0.195521
0.198893
0.200635
0.202323
0.205689
0.207372
0.208991
0.21072
0.21403
0.215648
0.217262
0.218879
0.221979
0.223693
0.225277
0.226847
0.230215
0.231844
0.233535
0.235197
0.238435
0.240047
0.241722
0.245078
0.246721
0.248316
0.249866
0.25315
0.254804
0.256482
0.258055
0.261262
0.262791
0.264295
0.265932
0.269062
0.270665
0.272264
0.275517
0.277077
0.278734
0.280362
0.283682
0.285273
0.286881
0.288585
0.291863
0.293427
0.295018
0.296615
0.299684
0.301273
0.302756
0.305932
0.307417
0.308985
0.310618
0.313801
0.315345
0.316948
0.318463
0.321712
0.323273
0.324791
0.326357
0.329483
0.331092
0.332711
0.335814
0.337336
0.338821
0.340303
0.343398
0.344871
0.34646
0.34803
0.351141
0.352738
0.354262
0.355879
0.359017
0.360578
0.362139
0.363668
0.366791
0.368325
0.369899
0.37285
0.374405
0.375823
0.377294
0.380331
0.381809
0.383415
0.384953
0.387996
0.389573
0.391082
0.392515
0.395682
0.397176
0.398652
0.401729
0.403252
0.404812
0.406321
0.409259
0.410678
0.412081
0.413644
0.416541
0.418012
0.419527
0.421052
0.424261
0.42577
0.427239
0.430209
0.431623
0.433088
0.434618
0.437576
0.439136
0.440618
0.442125
0.444967
0.446454
0.447933
0.449381
0.45231
0.453729
0.455201
0.458001
0.459539
0.460975
0.462416
0.465272
0.466766
0.468261
0.469721
0.472641
0.474149
0.475508
0.476937
0.479865
0.481294
0.482799
0.485765
0.487302
0.48874
0.490194
0.4931
0.49451
0.495963
0.497404
0.500247
0.501688
0.503008
0.504385
0.507147
0.508539
0.509919
0.511231
0.513994
0.515475
0.51689
0.519706
0.521146
0.522537
0.523978
0.526895
0.528326
0.529769
0.531312
0.534153
0.535479
0.536867
0.538217
0.541058
0.542457
0.543804
0.546562
0.548031
0.549408
0.550761
0.553565
0.554925
0.55631
0.557667
0.560458
0.561805
0.563254
0.564651
0.567255
0.568696
0.569981
0.571326
0.574092
0.575399
0.57683
0.579605
0.580964
0.582338
0.583591
0.586398
0.587806
0.589195
0.590576
0.593339
0.594649
0.596004
0.597305
0.599967
0.601301
0.602734
0.605506
0.606789
0.608141
0.609477
0.612075
0.613442
0.614818
0.616192
0.618883
0.620127
0.621471
0.622743
0.625375
0.626694
0.627953
0.630701
0.632029
0.63329
0.634569
0.637191
0.638595
0.639931
0.641323
0.643976
0.645246
0.646458
0.647931
0.65039
0.651676
0.652932
0.654248
0.656837
0.658134
0.659427
0.661983
0.663304
0.664646
0.665907
0.66854
0.669853
0.671139
0.672405
0.675002
0.676256
0.677637
0.67884
0.681364
0.682664
0.683918
0.686516
0.687724
0.688938
0.6903
0.69277
0.694123
0.695362
0.696725
0.69921
0.700452
0.701746
0.702947
0.705463
0.706712
0.70799
0.710425
0.711712
0.712895
0.714094
0.716653
0.717863
0.719181
0.720484
0.722944
0.724155
0.725333
0.726607
0.72915
0.730375
0.731675
0.734167
0.735405
0.736641
0.73794
0.740465
0.741717
0.74298
0.744202
0.746596
0.747869
0.749061
0.750229
0.752617
0.753773
0.754993
0.756227
0.75865
0.759809
0.761056
0.763476
0.764628
0.765791
0.767076
0.769529
0.770839
0.772085
0.773285
0.775591
0.776742
0.777919
0.779089
0.781449
0.782761
0.783993
0.78627
0.787472
0.78871
0.789825
0.792367
0.793571
0.79483
0.796012
0.798362
0.79952
0.800736
0.801981
0.804507
0.805683
0.806907
0.8091
0.810244
0.811343
0.812563
0.814883
0.816052
0.817182
0.818338
0.82042
0.821661
0.822734
0.82396
0.826274
0.827402
0.828491
0.829701
0.832079
0.833274
0.834482
0.836853
0.837962
0.839181
0.840299
0.842639
0.843757
0.844873
0.845958
0.848253
0.849331
0.850511
0.851676
0.854011
0.855049
0.856194
0.858481
0.859619
0.860786
0.861925
0.864145
0.865274
0.866252
0.867301
0.869506
0.870656
0.871802
0.872888
0.874958
0.876069
0.877063
0.879188
0.880448
0.881541
0.882645
0.885025
0.886085
0.887109
0.888185
0.890407
0.891566
0.892655
0.893785
0.896012
0.897135
0.898282
0.899333
0.901514
0.902609
0.903705
0.905935
0.906938
0.908089
0.909026
0.911229
0.912295
0.913338
0.914526
0.916722
0.917857
0.918956
0.919979
0.922157
0.923243
0.92441
0.926579
0.92766
0.928633
0.92964
0.931701
0.932739
0.933765
0.934897
0.937036
0.938125
0.939118
0.940169
0.942292
0.94343
0.944497
0.946532
0.947565
0.948629
0.949676
0.951662
0.95269
0.953664
0.954688
0.956713
0.957714
0.958729
0.959773
0.961762
0.96276
0.963799
0.965972
0.967066
0.968197
0.969339
0.971412
0.972437
0.973438
0.974333
0.976524
0.977525
0.978513
0.979595
0.981587
0.982478
0.983456
0.9845
0.986572
0.987718
0.988667
0.990891
0.991818
0.992945
0.99394
0.995965
0.996891
0.997888
0.998865
1.00076
1.0017
1.00264
1.0036
1.00555
1.00653
1.00733
1.00936
1.01038
1.01135
1.01226
1.01421
1.01527
1.01625
1.0173
1.01938
1.02047
1.02139
1.02236
1.02418
1.02509
1.02598
1.02798
1.02884
1.02989
1.03089
1.03294
1.03391
1.03486
1.03579
1.03772
1.03874
1.03977
1.04072
1.04262
1.0436
1.0445
1.0454
1.04724
1.04817
1.04907
1.05098
1.05187
1.05284
1.05379
1.05579
1.05663
1.05752
1.05843
1.06028
1.06126
1.06227
1.06332
1.06518
1.0661
1.06704
1.06885
1.06979
1.07075
1.07177
1.07372
1.07473
1.07567
1.07666
1.0785
1.07937
1.08021
1.08109
1.08286
1.08383
1.08469
1.08648
1.08734
1.0883
1.08923
1.09105
1.09188
1.09276
1.09365
1.09551
1.09634
1.09726
1.09819
1.10006
1.10102
1.10194
1.10377
1.10465
1.10546
1.10652
1.10838
1.10927
1.11009
1.11105
1.11273
1.11354
1.1144
1.11538
1.11705
1.11797
1.11889
1.11981
1.12155
1.12239
1.12338
1.12536
1.12636
1.12731
1.12821
1.12977
1.13053
1.13138
1.13218
1.13378
1.13464
1.13549
1.13721
1.13778
1.13878
1.13971
1.14155
1.14242
1.14339
1.14424
1.14561
1.14639
1.14724
1.14801
1.14979
1.15078
1.1516
1.15331
1.15425
1.15522
1.15615
1.15765
1.15853
1.15914
1.15996
1.16143
1.16238
1.16333
1.16427
1.16602
1.16683
1.1675
1.169
1.16994
1.17053
1.17137
1.17313
1.17405
1.175
1.17611
1.17757
1.1783
1.17898
1.17982
1.18129
1.18214
1.1828
1.18379
1.18579
1.18672
1.18748
1.18871
1.18937
1.19006
1.19085
1.19265
1.19344
1.19442
1.19532
1.19685
1.19712
1.19791
1.19866
1.2004
1.20129
1.2022
1.20386
1.20469
1.20544
1.20616
1.20761
1.20827
1.20902
1.20994
1.21194
1.2126
1.21326
1.21406
1.21543
1.21613
1.21683
1.21842
1.21925
1.22022
1.22111
1.22244
1.22304
1.22374
1.22457
1.22596
1.22662
1.22717
1.22747
1.22778
1.22772
1.22773
1.22767
1.22778
1.22777
1.22779
1.22766
1.22764
1.22763
1.22776
1.22776
1.22773
1.22775
1.22773
1.22777
1.22771
1.22774
1.22783
1.22784
1.22784
1.22777
1.22782
1.22769
1.22766
1.22765
1.22758
1.22749
1.22748
1.22754
1.22758
1.2275
1.22757
1.2277
1.22769
1.22767
1.22769
1.22774
1.22773
1.22773
1.22774
1.22769
1.22765
1.22759
1.22752
1.22736
1.22734
1.22734
1.22727
1.22731
1.22734
1.22744
1.22756
1.22771
1.22779
1.22787
1.2279
1.22787
1.22784
1.22794
1.22792
1.22783
1.22779
1.22774
1.22767
1.22755
1.22746
1.22745
1.22737
1.22745
1.22748
1.22754
1.22763
1.2277
1.22767
1.22767
1.22768
1.22771
1.22775
1.22785
1.22768
1.22765
1.22762
1.22756
1.22751
1.22748
1.22734
1.22738
1.22755
1.22758
1.22764
1.22777
1.22778
1.22788
1.22789
1.22803
1.228
1.22796
1.22791
1.2278
1.22777
1.22767
1.22744
1.2274
1.22747
1.22748
1.22766
1.22769
1.22768
1.22769
1.22778
1.2278
1.22783
1.22781
1.22782
1.22766
1.22769
1.2277
1.22751
1.2275
1.22743
1.22755
1.22761
1.22765
1.22761
1.22771
1.22772
1.22774
1.22779
1.22771
1.22771
1.22759
1.22756
1.22737
1.22735
1.22729
1.22749
1.22753
1.22764
1.22768
1.2278
1.22786
1.22798
1.22798
1.22801
1.22797
1.22792
1.22782
1.22748
1.22752
1.22756
1.22771
1.22767
1.22769
1.22776
1.22786
1.22789
1.22786
1.22788
1.22761
1.22755
1.2274
1.22743
1.22735
1.22741
1.22747
1.22769
1.22775
1.22774
1.22775
1.22784
1.22789
1.22779
1.22776
1.2276
1.22752
1.22741
1.22738
1.2275
1.22762
1.22762
1.22768
1.22773
1.22783
1.22782
1.22779
1.22769
1.22764
1.22753
1.2274
1.22741
1.2275
1.22754
1.22765
1.2276
1.22771
1.22763
1.22777
1.22767
1.22773
1.22747
1.22745
1.22734
1.22741
1.22749
1.22768
1.22759
1.22768
1.22774
1.22781
1.22771
1.22771
1.22752
1.22754
1.22715
1.22742
1.22739
1.22755
1.22748
1.22769
1.22764
1.22772
1.22769
1.2276
1.22744
1.22736
1.22727
1.22731
1.22734
1.22747
1.22751
1.22763
1.22751
1.22758
1.22752
1.22747
1.22734
1.22728
1.2272
1.22726
1.22737
1.22743
1.22757
1.22762
1.22768
1.22766
1.22771
1.22761
1.22754
1.22734
1.22737
1.22738
1.22745
1.22746
1.22762
1.22756
1.22762
1.22755
1.22746
1.22737
1.22728
1.22732
1.22727
1.22745
1.2275
1.22765
1.22767
1.22762
1.22762
1.2276
1.22748
1.22736
1.22733
1.22735
1.22744
1.22749
1.22761
1.22767
1.22765
1.22754
1.22745
1.22754
1.22749
1.22743
1.22745
1.22744
1.22742
1.2274
1.22745
1.22749
1.22748
1.22746
1.22751
1.22746
1.22754
1.22755
1.2276
1.22754
1.22765
1.22762
1.22762
1.2276
1.22758
1.22761
1.22766
1.22765
1.2276
1.22762
1.22762
1.22766
1.22759
1.22755
1.22763
1.22759
1.22757
1.22761
1.22759
1.22763
1.22764
1.22762
1.22762
1.22761
1.22761
1.22765
1.22764
1.22762
1.22757
1.22762
1.2276
1.22765
1.22762
1.22767
1.22763
1.22767
1.22765
1.22769
1.22766
1.22766
1.22768
1.22765
1.22767
1.22766
1.22763
1.22763
1.22762
1.22759
1.22756
1.22758
1.22749
1.22758
1.2276
1.22761
1.22763
1.22761
1.2276
1.22759
1.22757
1.22752
1.2275
1.22753
1.22756
1.22757
1.22758
1.22758
1.22758
1.22757
1.22755
1.22763
1.2276
1.2276
1.22755
1.22755
1.22749
1.22753
1.22752
1.22756
1.22755
1.22752
1.22755
1.22761
1.22756
1.22762
1.22758
1.22758
1.22763
1.2276
1.22757
1.22757
1.22758
1.22757
1.22758
1.22758
1.22754
1.22759
1.22757
1.2276
1.22758
1.22752
1.22749
1.22751
1.2275
1.2275
1.22757
1.22753
1.22756
1.22758
1.22752
1.2276
1.22754
1.22757
1.22756
1.22759
1.2276
1.22754
1.22754
1.22754
1.22752
1.22758
1.22763
1.22758
1.22756
1.22756
1.22754
1.2276
1.22758
1.22754
1.22757
1.22751
1.22754
1.22767
1.22766
1.22757
1.22754
1.2276
1.22757
1.22758
1.22755
1.22753
1.22757
1.22765
1.22762
1.22758
1.22758
1.22763
1.22761
1.22754
1.22756
1.22753
1.22754
1.22759
1.22755
1.22759
1.22755
1.22755
1.22754
1.22752
1.22752
1.22755
1.22754
1.2275
1.22759
1.22757
1.22755
1.22762
1.22759
1.22762
1.22754
1.22757
1.22761
1.2276
1.22756
1.2276
1.22759
1.22755
1.22755
1.22761
1.22753
1.22757
1.2275
1.22756
1.22749
1.22751
1.22754
1.2275
1.22753
1.22761
1.22756
1.22751
1.2275
1.22751
1.22745
1.22747
1.22752
1.22753
1.22754
1.22752
1.22755
1.22752
1.22748
1.22745
1.22749
1.22749
1.22748
1.22744
1.22753
1.2276
1.22756
1.22747
1.22748
1.22752
1.22746
1.22748
1.22747
1.22749
1.22754
1.22753
1.22758
1.22743
1.22746
1.22752
1.22753
1.22747
1.2275
1.22746
1.22756
1.22756
1.22754
1.2275
1.22748
1.22742
1.22747
1.22748
1.22755
1.2275
1.22756
1.22751
1.22761
1.22756
1.22762
1.22753
1.22757
1.22757
1.22758
1.22766
1.22763
1.22763
1.22764
1.22766
1.22761
1.22765
1.22766
1.22764
1.22762
1.22765
1.22768
1.22763
1.2276
1.22753
1.22759
1.22758
1.22754
1.22751
1.2275
1.22756
1.22753
1.22753
1.22745
1.22747
1.22753
1.22748
1.22743
1.22747
1.22749
1.22742
1.22754
1.22744
1.22745
1.22746
1.22746
1.2275
1.2275
1.22749
1.22751
1.22748
1.22745
1.22747
1.22746
1.22751
1.22753
1.22755
1.22747
1.22751
1.2275
1.22756
1.22749
1.22752
1.22751
1.22751
1.22751
1.22746
1.22757
1.2275
1.2275
1.22745
1.22752
1.22752
1.22745
1.22748
1.22748
1.22752
1.22747
1.22751
1.2275
1.2275
1.22751
1.22749
1.22747
1.22751
1.2275
1.22751
1.2275
1.22751
1.22749
1.2275
1.2275
1.22749
1.22745
1.22751
1.22753
1.22747
1.22749
1.22747
1.22751
1.22747
1.22753
1.22752
1.22753
1.22746
1.22754
1.2275
1.22752
1.22751
1.22753
1.22752
1.2275
1.22753
1.22752
1.22751
1.2275
1.22753
1.22749
1.2275
1.22756
1.22754
1.22752
1.22749
1.2275
1.22753
1.22754
1.2275
1.22748
1.2275
1.22747
1.22753
1.22753
1.22753
1.2275
1.22747
1.22749
1.2275
1.22754
1.22747
1.22758
1.22752
1.22748
1.22749
1.22752
1.22753
1.22751
1.22751
1.22754
1.22751
1.22748
1.2275
1.22753
1.22751
1.2275
1.2275
1.2275
1.22753
1.2275
1.2275
1.22756
1.2275
1.22753
1.22753
1.22754
1.22748
1.22749
1.22749
1.22754
1.2275
1.22756
1.22752
1.22753
1.22753
1.22752
1.22752
1.22754
1.22756
1.22751
1.2275
1.22752
1.2275
1.2275
1.22754
1.22756
1.22751
1.22752
1.22749
1.22754
1.22754
1.22751
1.22753
1.22757
1.22753
1.22752
1.22756
1.22748
1.22752
1.22754
1.2275
1.22753
1.22755
1.22755
1.22753
1.22758
1.22752
1.22751
1.22752
1.22751
1.22749
1.22752
1.22751
1.22754
1.22752
1.2275
1.22749
1.22756
1.22755
1.22752
1.22756
1.22748
1.22752
1.22749
1.22751
1.2275
1.22749
1.22752
1.22748
1.22754
1.22753
1.22753
1.22753
1.22754
1.22753
1.22752
1.22758
1.22753
1.22753
1.22747
1.22754
1.22753
1.22752
1.22751
1.22751
1.22752
1.22751
1.22755
1.22755
1.22751
1.22754
1.22753
1.22753
1.22755
1.22753
1.22756
1.22759
1.22759
1.22762
1.22769
1.22774
1.22775
1.22773
1.2277
1.22772
1.2277
1.22776
1.22768
1.22771
1.22776
1.22773
1.2277
1.22774
1.22765
1.22765
1.22765
1.22767
1.22765
1.22772
1.22767
1.22772
1.2277
1.22767
1.22756
1.22755
1.22763
1.22763
1.22756
1.22762
1.22761
1.22761
1.22756
1.22758
1.22765
1.22754
1.22756
1.22759
1.22755
1.22757
1.22763
1.22761
1.22761
1.22756
1.22757
1.2276
1.22759
1.2276
1.22759
1.22762
1.22761
1.22756
1.22759
1.22759
1.22761
1.22757
1.2276
1.22756
1.22758
1.22766
1.22769
1.22759
1.22755
1.22754
1.22759
1.22761
1.22759
1.2276
1.22755
1.22759
1.22758
1.22756
1.22758
1.22749
1.22753
1.22757
1.22754
1.22755
1.2276
1.22756
1.22755
1.22757
1.2276
1.22756
1.22753
1.22755
1.22758
1.22762
1.22759
1.22754
1.22756
1.22759
1.2276
1.22754
1.22756
1.22758
1.22761
1.2276
1.22759
1.22756
1.22756
1.22754
1.22753
1.22759
1.22757
1.22757
1.22754
1.22753
1.22755
1.22757
1.22752
1.22752
1.22755
1.22757
1.22754
1.22757
1.22754
1.22746
1.2275
1.22755
1.22758
1.22749
1.2275
1.22749
1.22753
1.22752
1.22747
1.22753
1.22752
1.22751
1.22752
1.22753
1.22759
1.22754
1.22752
1.22753
1.22748
1.2275
1.22755
1.22755
1.22757
1.22753
1.22755
1.22754
1.22757
1.22758
1.22755
1.22753
1.22752
1.2275
1.22756
1.22755
1.22756
1.22754
1.22756
1.2276
1.22756
1.22762
1.22757
1.22755
1.22759
1.22754
1.2275
1.22747
1.22751
1.22756
1.22754
1.22755
1.22753
1.22755
1.22758
1.22758
1.22758
1.22749
1.22752
1.22759
1.22756
1.22754
1.22763
1.22757
1.2276
1.22759
1.22757
1.22755
1.22757
1.22756
1.22755
1.22757
1.22763
1.22758
1.22754
1.22756
1.22759
1.2276
1.22756
1.22757
1.22754
1.22755
1.22752
1.22755
1.22747
1.22756
1.22754
1.2276
1.22758
1.22763
1.22761
1.22762
1.2276
1.2276
1.2276
1.22757
1.22757
1.22762
1.2276
1.22761
1.22758
1.22758
1.22758
1.2276
1.22757
1.22757
1.2276
1.22754
1.22751
1.22758
1.2275
1.22755
1.22758
1.22754
1.22751
1.22758
1.22757
1.22759
1.22761
1.22758
1.22756
1.22755
1.22755
1.22759
1.22755
1.22761
1.22753
1.22748
1.22756
1.22754
1.22746
1.2275
1.22747
1.22752
1.22754
1.22754
1.22758
1.22756
1.22758
1.22756
1.2275
1.22756
1.22748
1.22755
1.22752
1.22755
1.22758
1.22754
1.22747
1.22753
1.22749
1.22751
1.22757
1.22756
1.22754
1.22754
1.22756
1.22758
1.22755
1.22754
1.22755
1.22755
1.22748
1.22756
1.22756
1.22752
1.22754
1.22756
1.22752
1.22745
1.22755
1.22755
1.22755
1.22749
1.22754
1.22754
1.22756
1.22761
1.22765
1.22756
1.2276
1.22739
1.22705
1.22626
1.22559
1.22471
1.22304
1.22224
1.22151
1.22081
1.21951
1.21862
1.2179
1.21721
1.21555
1.21482
1.214
1.21326
1.21156
1.2108
1.20994
1.20904
1.20748
1.20672
1.20595
1.20448
1.20374
1.20294
1.2021
1.20057
1.19972
1.19893
1.19817
1.19661
1.19584
1.19503
1.19421
1.19262
1.19188
1.1911
1.18957
1.18869
1.18784
1.18694
1.18514
1.18439
1.18354
1.18274
1.18115
1.18032
1.17954
1.17865
1.17716
1.17636
1.17559
1.17398
1.17317
1.17227
1.17137
1.16975
1.16896
1.16816
1.16732
1.16571
1.16477
1.16392
1.16308
1.16151
1.16075
1.15994
1.15819
1.15734
1.15632
1.15545
1.15377
1.15297
1.15215
1.15146
1.14976
1.14891
1.14795
1.147
1.14536
1.14453
1.14368
1.14283
1.14122
1.14025
1.13939
1.13791
1.137
1.13604
1.13523
1.13329
1.1323
1.13145
1.1307
1.12908
1.12838
1.12749
1.12663
1.12465
1.12364
1.12261
1.12106
1.12022
1.11936
1.11843
1.11643
1.11548
1.11482
1.11387
1.11239
1.11151
1.11074
1.10978
1.10785
1.10682
1.10576
1.10497
1.10325
1.10242
1.10157
1.09996
1.09904
1.098
1.0971
1.09538
1.09445
1.09361
1.09267
1.09087
1.09
1.08904
1.08808
1.08637
1.08549
1.08472
1.08281
1.08188
1.08093
1.07982
1.07775
1.07683
1.07595
1.07511
1.07338
1.07242
1.07161
1.07053
1.06871
1.06769
1.06679
1.06493
1.06402
1.06318
1.06232
1.06057
1.05962
1.05863
1.05757
1.05551
1.05455
1.05357
1.05267
1.05083
1.05
1.04902
1.0474
1.04639
1.04536
1.04437
1.04228
1.04118
1.04069
1.03945
1.03755
1.03656
1.03579
1.03486
1.03288
1.03198
1.03109
1.02904
1.02788
1.02687
1.02577
1.02377
1.02284
1.02195
1.02108
1.01917
1.01822
1.01732
1.01636
1.01428
1.01316
1.01216
1.01022
1.00929
1.00829
1.00724
1.00517
1.00412
1.0031
1.00222
1.0002
0.999009
0.997977
0.997053
0.995083
0.994049
0.993071
0.992068
0.990069
0.989117
0.988156
0.98628
0.985317
0.984346
0.983369
0.981272
0.980292
0.979183
0.978246
0.976352
0.97544
0.974541
0.972528
0.971624
0.970409
0.969429
0.967371
0.96616
0.965263
0.964339
0.962325
0.961297
0.960147
0.958981
0.956856
0.955955
0.954897
0.953847
0.951901
0.950806
0.949522
0.947147
0.946362
0.94532
0.944263
0.942094
0.941066
0.939986
0.938754
0.936603
0.935554
0.934411
0.933274
0.931277
0.930285
0.92933
0.928108
0.925864
0.924661
0.923613
0.921672
0.920799
0.919803
0.918858
0.916645
0.915573
0.914514
0.913381
0.911355
0.910324
0.909238
0.908167
0.906231
0.905084
0.903951
0.901524
0.900441
0.899326
0.898195
0.896064
0.895112
0.893992
0.893102
0.890954
0.889735
0.888576
0.88743
0.885352
0.884113
0.882911
0.881812
0.879661
0.878394
0.877314
0.876276
0.873889
0.872604
0.871333
0.869129
0.868039
0.866952
0.865882
0.863554
0.862562
0.861447
0.860372
0.858156
0.857116
0.855931
0.854869
0.852783
0.851756
0.850674
0.849626
0.847343
0.846002
0.844646
0.842197
0.841017
0.839776
0.838738
0.836584
0.835601
0.834454
0.833238
0.830714
0.82965
0.828378
0.827198
0.824942
0.823742
0.82252
0.820321
0.819203
0.818169
0.817054
0.814699
0.813538
0.812526
0.811471
0.809197
0.807907
0.806682
0.805497
0.803034
0.801855
0.800681
0.7995
0.797184
0.795951
0.79473
0.792297
0.791011
0.789709
0.788583
0.786131
0.785023
0.783947
0.782698
0.78042
0.779155
0.778138
0.7771
0.774753
0.773501
0.772258
0.769672
0.768415
0.767112
0.765996
0.76357
0.762399
0.761249
0.760031
0.757798
0.756573
0.755409
0.75432
0.751914
0.750536
0.749217
0.746777
0.745378
0.744093
0.742759
0.740158
0.739026
0.737899
0.736774
0.734492
0.733339
0.732201
0.731011
0.728587
0.727407
0.726145
0.724978
0.722319
0.720951
0.719616
0.716795
0.715503
0.714255
0.71308
0.710611
0.709376
0.708104
0.706846
0.704293
0.703035
0.701879
0.70061
0.698168
0.696706
0.695351
0.692852
0.691633
0.690542
0.689295
0.686751
0.685493
0.684205
0.682977
0.680621
0.679315
0.678112
0.676872
0.674053
0.672789
0.671387
0.668571
0.667153
0.665718
0.664452
0.661965
0.660723
0.659375
0.658057
0.655532
0.654116
0.65283
0.651581
0.648928
0.647557
0.646146
0.643479
0.642286
0.641006
0.639975
0.637493
0.636238
0.635028
0.633653
0.631205
0.629827
0.628472
0.627138
0.624316
0.622963
0.621538
0.620136
0.617323
0.61596
0.614451
0.611785
0.610504
0.609147
0.607862
0.605189
0.604034
0.6026
0.60125
0.598608
0.59728
0.595915
0.594481
0.591912
0.590533
0.589319
0.586664
0.585378
0.584024
0.582786
0.580102
0.578695
0.577403
0.575915
0.573174
0.571679
0.5703
0.568773
0.565553
0.564129
0.562742
0.559852
0.55866
0.557287
0.555827
0.553201
0.55195
0.550624
0.549038
0.5465
0.545106
0.543645
0.542254
0.53959
0.537944
0.536555
0.535178
0.53254
0.531124
0.529829
0.527143
0.525747
0.524414
0.52298
0.520047
0.518733
0.517248
0.515753
0.512789
0.511225
0.509718
0.508328
0.505344
0.503967
0.502591
0.499847
0.498433
0.497046
0.495716
0.492808
0.491331
0.489986
0.488682
0.485753
0.48432
0.482796
0.48131
0.478486
0.476973
0.475542
0.47281
0.471564
0.470185
0.4687
0.465918
0.46446
0.463086
0.461565
0.458584
0.457116
0.45565
0.453893
0.451012
0.449398
0.448033
0.446475
0.443493
0.442148
0.440604
0.437723
0.436213
0.434727
0.433319
0.430317
0.428706
0.427106
0.425467
0.422401
0.420877
0.419521
0.418088
0.415111
0.413666
0.412251
0.409325
0.407768
0.406344
0.404984
0.401904
0.400508
0.399026
0.397525
0.394279
0.39274
0.391254
0.389838
0.386798
0.385363
0.383891
0.380824
0.379326
0.377813
0.376222
0.373275
0.371567
0.369992
0.368471
0.365161
0.363587
0.36195
0.36042
0.357455
0.355776
0.354249
0.352847
0.349602
0.348121
0.346559
0.34356
0.341941
0.34044
0.338911
0.335643
0.334032
0.332495
0.330982
0.327878
0.326498
0.324948
0.323578
0.320624
0.319116
0.317569
0.315824
0.31276
0.311089
0.309518
0.307983
0.304604
0.303066
0.301469
0.298207
0.296645
0.294998
0.29352
0.290326
0.288745
0.287113
0.285485
0.282203
0.28069
0.279145
0.277452
0.273957
0.272339
0.270799
0.267552
0.266174
0.264688
0.263074
0.259931
0.25822
0.256597
0.255006
0.25176
0.250267
0.248633
0.247029
0.243652
0.242022
0.24038
0.237137
0.235577
0.233945
0.232323
0.229193
0.227526
0.225834
0.224174
0.220763
0.219161
0.217614
0.215949
0.212569
0.210806
0.209045
0.207343
0.204092
0.20243
0.200845
0.197553
0.196032
0.194367
0.192694
0.189292
0.187566
0.185922
0.184229
0.180814
0.179105
0.177333
0.175594
0.172226
0.170526
0.168878
0.165573
0.163972
0.162356
0.160699
0.157252
0.155492
0.15382
0.152196
0.148856
0.147207
0.145353
0.143665
0.140251
0.138559
0.136929
0.133488
0.131839
0.130222
0.128578
0.12509
0.123426
0.121705
0.120006
0.116548
0.114745
0.113018
0.111121
0.107608
0.105908
0.104124
0.100461
0.0988224
0.0971483
0.0955592
0.0918919
0.0900778
0.08841
0.0865366
0.0830493
0.0812391
0.0793523
0.0775469
0.0740562
0.0721199
0.0703819
0.0685419
0.0652163
0.0635465
0.0618067
0.0584496
0.0567291
0.0548938
0.0532636
0.0496396
0.0478552
-0.0460845
-0.0442119
-0.040618
-0.038746
-0.0369764
-0.0352081
-0.0315387
-0.0297128
-0.0280045
-0.024554
-0.0227742
-0.0209647
-0.0191797
-0.015557
-0.0138096
-0.0120625
-0.0103581
-0.0068114
-0.00515641
-0.0032653
-0.00189739
-0.000189664
0.000289553
0.000471757
0.000244601
0.000379911
0.000394234
0.000402706
0.000352421
0.00030446
0.000342812
0.000341669
0.000305501
0.000313018
0.000271614
0.000261028
0.000224283
0.000259067
9.63869e-05
0.00012201
6.01086e-05
1.47638e-05
-0.000117946
-0.000154929
-8.96254e-05
-0.000152606
-0.000100283
-0.000117874
-0.000204755
-0.000140796
-0.000143611
-0.000148592
-0.000128625
-0.00016989
-0.000204547
-0.000206622
-0.000210883
-0.000200024
-0.000189617
-0.000197916
-0.000191974
-0.000186151
-0.00018491
-0.000208221
-0.000203615
-0.000277948
-0.000145173
-0.000206703
-0.000163
-0.000191467
-0.000207552
-0.000185303
-0.000198551
-0.000214201
-0.000177779
-0.000192445
-0.000143404
-0.000188536
-0.000139853
-0.000112147
-0.000132926
-0.000221849
-0.000192031
-0.000144002
-0.000181273
-0.000217403
-0.000198832
-0.000185155
-0.000183642
-0.000185155
-0.000138377
-0.000122307
-0.000196135
-0.000181066
-0.00020958
-0.000132383
-0.000187586
-0.000169914
-0.000221734
-0.000176379
-0.000214653
-0.000176301
-0.000192611
-0.000204213
-9.37827e-05
-0.000178135
-0.000204357
-0.000124343
-0.000225192
-0.000140659
-0.000192423
-0.00013972
-0.000124642
-0.000113621
-0.000225898
-0.000136547
-0.000214423
-0.000124681
-0.000184816
-0.000122331
-0.000151287
-0.000139308
-0.000122032
-0.000166391
-0.000177308
-0.000124406
-0.000114129
-9.06878e-05
-0.000154367
-0.000117459
-0.000158848
-0.000222554
-0.000147247
-0.000174866
-0.000121398
-0.000182542
-9.18878e-05
-0.000181142
-0.000109976
-0.000177568
-0.000186029
-0.000137309
-0.000152029
-0.000151719
-0.00011915
-0.000162231
-0.000166147
-0.000159659
-0.000181453
-0.000131822
-0.000122313
-0.000174095
-0.000170002
-9.51808e-05
-0.0001584
-0.000124294
-0.000161975
-0.000180154
-0.000166204
-0.000124587
-0.000159797
-8.38347e-05
-0.000126388
-0.000137916
-0.000160183
-0.000222611
-0.00011043
-0.000185059
-0.000113649
-8.37583e-05
-0.000169371
-0.000109237
-0.000136215
-0.000139888
-0.000146971
-0.000116722
-0.000137025
-0.000143928
-0.00015039
-0.000102639
-0.000174473
-0.000199694
-0.000143977
-0.000235212
-0.000122257
-0.000121542
-0.000108423
-0.000189484
-9.42532e-05
-0.000234382
-0.000113902
-0.000170319
-0.000121785
-0.000127433
-0.000210651
-0.000159969
-0.000133559
-8.23409e-05
-0.000170622
-7.62631e-05
-8.74703e-05
-0.00017175
-0.000121193
-0.000143141
-0.000106138
-0.000123452
-0.000161414
-0.000127486
-0.000129245
-0.000188121
-0.000133013
-0.00014873
-0.000132664
-0.000137409
-0.00010582
-0.000159952
-0.000151621
-0.000159506
-0.000181291
-0.000124622
-0.000166889
-0.000172725
-0.000162511
-0.000132939
-0.000159073
-9.5037e-05
-0.000148092
-0.000109565
-0.000182443
-0.000185173
-0.000135634
-0.000123768
-9.91252e-05
-0.000125432
-8.37583e-05
-0.000176659
-9.34396e-05
-0.000134665
-0.000150986
-0.000176836
-0.000171239
-0.000154564
-0.000147753
-0.000106117
-0.00012525
-0.000139308
-0.000151565
-0.000169679
-0.000147329
-9.95006e-05
-0.000136215
-0.000162257
-0.000174134
-0.000165931
-0.000200684
-0.000173927
-0.000177065
-0.000170527
-0.00015063
-9.93695e-05
-0.000110229
-0.000113045
-0.000150684
-9.23608e-05
-0.000181678
-0.000109873
-0.000203893
-0.000161989
-0.000162268
-0.00011443
-6.42848e-05
-0.000166098
-7.34073e-05
-0.000180775
-0.00016788
-0.000170225
-0.000117885
-0.000126061
-0.000133144
-0.000128588
-0.000106266
-0.000109253
-0.00010623
-0.000151211
-0.00023408
-0.000133616
-0.000158848
-0.000163695
-0.000184967
-4.93344e-05
-0.00017498
-0.000182334
-0.000120348
-0.000132524
-0.000118079
-0.000190629
-0.000159563
-0.000117379
-0.00017791
-0.000127726
-0.00015878
-0.00014781
-0.000136547
-9.63302e-05
-0.000101476
-0.000140807
-0.000113267
-0.000141278
-9.85879e-05
-0.000105808
-0.000107052
-0.000125768
-0.000118533
-0.000125711
-0.000151512
-0.000131574
-0.000126107
-0.000140283
-0.000166064
-0.000126107
-0.000207163
-0.000121486
-0.000140754
-0.00020107
-0.000180672
-0.000136189
-0.000143943
-0.000221564
-0.000159038
-0.00011131
-0.000125768
-0.000207589
-0.000137128
-0.00017034
-0.000122106
-0.000129733
-0.000146887
-0.000142859
-0.000162155
-0.000185415
-0.000170714
-0.000129194
-0.000129061
-9.45719e-05
-0.000150724
-0.000172988
-9.91075e-05
-0.000188575
-0.000154331
-9.93342e-05
-0.000163151
-0.000103451
-0.000192013
-0.000203971
-0.000146615
-0.000106438
-0.000105818
-0.000128983
-0.000147104
-0.000162515
-0.000113865
-0.000188874
-0.000155428
-0.000109395
-0.000174416
-0.000162378
-0.000204132
-0.000136846
-0.000147792
-0.000129699
-0.000162004
-0.000181678
-0.0001291
-0.000136471
-0.000165689
-0.000106381
-0.000148391
-0.000125262
-0.000166938
-0.000170319
-0.000174997
-0.000183896
-0.000166448
-0.000122106
-0.000229502
-0.000162642
-0.000170865
-0.000166045
-0.000192387
-0.00014781
-0.000155185
-0.000135106
-0.000103001
-0.000158837
-0.000146541
-0.000143308
-9.51921e-05
-0.000110764
-0.00013226
-0.000135634
-0.00013589
-0.00012175
-0.000136807
-0.000109941
-0.000216449
-0.00017498
-0.000131726
-0.00014684
-0.000128551
-0.000144954
-9.50454e-05
-0.000133352
-0.000110447
-0.00011041
-0.000210894
-0.000109849
-0.000137071
-9.53994e-05
-0.000187529
-0.000154698
-8.69603e-05
-0.000188292
-0.000180785
-0.000165706
-8.3197e-05
-0.00014792
-0.000110129
-0.000167502
-0.000212325
-0.000109703
-0.000162044
-0.00011985
-0.000170094
-0.000101855
-0.000132788
-6.52771e-05
-0.000115036
-0.000112405
-9.0943e-05
-0.000110803
-0.000124587
-0.000159619
-9.42901e-05
-0.000120834
-0.000151586
-0.000150673
-0.00017387
-0.000204213
-0.000113414
-8.29524e-05
-0.000188536
-0.000160015
-0.000174416
-0.000244185
-0.000191806
-0.000155371
-0.000145754
-0.000184316
-0.000189117
-0.000144559
-0.000181132
-9.44509e-05
-0.000121767
-0.000213665
-0.000148616
-8.32694e-05
-0.000214917
-0.000137646
-0.000201191
-7.59038e-05
-0.000150966
-0.000168346
-0.000147828
-0.000118079
-0.000179571
-0.000168513
-0.000109873
-8.72696e-05
-0.000193298
-0.000154443
-0.000140098
-0.000133972
-0.000103184
-0.000140344
-0.000229657
-0.00017387
-0.000186018
-0.000181434
-0.000158809
-7.24946e-05
-0.000125205
-0.000148266
-0.000136471
-8.35334e-05
-0.000139146
-7.56577e-05
-0.000199649
-9.02773e-05
-0.000143422
-0.00011131
-9.18634e-05
-0.000221988
-0.000163321
-0.000144654
-0.000195804
-0.000150686
-0.0001551
-0.000106102
-0.000106865
-0.0001034
-0.000177326
-0.000170301
-0.000109849
-0.000121429
-0.000110522
-0.000174641
-0.000147792
-0.000222347
-0.000192932
-0.000155354
-0.000170922
-4.41415e-05
-0.000208394
-0.000106478
-0.000230585
-0.000169237
-0.000154929
-0.000154742
-0.000210313
-0.000166737
-0.000161067
-0.000181064
-0.0001559
-0.000153529
-0.000170489
-0.000144372
-0.000185697
-0.000230434
-0.000178153
-0.000121486
-0.000136169
-9.29609e-05
-0.000177044
-0.000124067
-6.54212e-05
-0.000170111
-0.000124705
-0.00012936
-0.000110467
-0.000144224
-0.00021144
-6.9038e-05
-0.000120293
-0.000110764
-0.000131445
-9.48006e-05
-0.000211084
-0.000121337
-0.000189164
-0.000234287
-7.68597e-05
-0.0001771
-0.000113941
-0.000151608
-0.000132363
-0.000150392
-0.00014781
-0.000180856
-0.00014746
-0.00013272
-0.000139089
-9.94086e-05
-0.000154967
-0.000211497
-0.000124341
-0.000133726
-0.000166637
-0.000184891
-0.000114111
-0.000179693
-0.000144351
-0.000143769
-0.000173182
-0.000162574
-8.81234e-05
-0.00016659
-0.000138977
-0.000142173
-0.000199207
-0.000159148
-0.000132869
-7.62772e-05
-0.000215806
-0.000162607
-0.000122049
-0.000207099
-0.00012952
-9.00701e-05
-0.000162893
-0.00015551
-0.000155336
-6.52733e-05
-0.000172524
-0.000185398
-0.00017306
-0.000171158
-0.000161412
-9.92014e-05
-0.000116834
-0.000147039
-0.000120949
-0.00016255
-0.00019233
-0.000191467
-0.000147552
-0.000147753
-0.00014781
-0.000176761
-0.000177976
-0.000180934
-0.000150898
-0.000117476
-0.000162625
-8.2643e-05
-0.000172432
-0.000195994
-0.000122106
-0.00013798
-0.000159993
-0.000147721
-0.000102562
-0.000181829
-0.000113959
-0.000181357
-0.000194829
-0.000128497
-0.000164233
-0.000157955
-0.000162194
-0.000113103
-0.000144108
-0.000146539
-0.000151166
-0.000124305
