-1.44083
-1.44082
-1.44082
-1.30779
-1.07799
-0.908767
-0.782142
-0.7266
-0.725906
-0.725415
-0.724984
-0.724624
-0.724277
-0.724109
-0.724098
-0.724277
-0.724636
-0.724972
-0.725451
-0.740528
-0.820223
-0.911377
-1.00977
-1.10639
-1.18814
-1.24108
-1.25348
-1.20132
-1.02648
-0.790417
-0.656915
-0.658256
-0.659909
-0.660747
-0.660735
-0.660376
-0.658795
-0.657322
-0.71544
-0.973454
-1.23921
-1.43487
-1.5212
-1.52918
-1.50078
-1.46278
-1.44083
-1.44082
-1.44081
-1.44079
-1.44078
-1.44081
-1.44082
