-0.652358
-0.652382
-0.652406
-0.519439
-0.289972
-0.12122
0.00558465
0.0608578
0.0594646
0.0580834
0.0567382
0.0554409
0.0542878
0.0538313
0.053771
0.0543597
0.0554888
0.0568341
0.0581314
0.0440664
-0.024524
-0.0855435
-0.135054
-0.164028
-0.150075
-0.0338557
0.322647
0.732894
0.75781
0.773752
0.780504
0.783219
0.786811
0.788733
0.788805
0.7877
0.784156
0.78114
0.730972
0.403128
-0.154554
-0.581866
-0.727012
-0.740504
-0.712104
-0.674693
-0.65243
-0.652406
-0.652406
-0.652418
-0.65243
-0.652406
-0.652406
