-4.90996e-05
-5.35037e-05
-5.41229e-05
-0.000250846
6.02514e-05
0.000125844
0.000115491
-2.26808e-06
1.31995e-05
8.79327e-05
0.000105288
5.97121e-05
4.18053e-05
8.50535e-06
-4.91206e-05
-6.97741e-05
4.11311e-05
3.75038e-05
8.40184e-05
-0.0462138
0.258373
0.451033
0.625321
0.782988
0.924664
1.05003
1.16176
1.22741
1.22754
1.22722
1.22757
1.22752
1.22756
1.2276
1.22762
1.22755
1.22751
1.22756
1.20305
1.09738
0.977139
0.842112
0.691513
0.524075
0.340159
0.136841
-8.84767e-05
-6.51989e-05
-0.000101518
-0.00014032
-0.00010232
-4.53536e-05
-6.88063e-05
