-1.44083 -1.94574 1.26212 -0.863555 -1.59574 -0.652358
-1.44082 -1.94572 1.26211 -0.863579 -1.59572 -0.652382
-1.44082 -1.94571 1.26211 -0.863591 -1.59572 -0.652406
-1.30779 -1.87885 1.22697 -0.892717 -1.5925 -0.519439
-1.07799 -1.71786 1.1158 -0.940003 -1.5862 -0.289972
-0.908767 -1.53359 0.944885 -0.952273 -1.58101 -0.12122
-0.782142 -1.31297 0.678971 -0.906568 -1.57662 0.00558465
-0.7266 -1.24416 0.691318 -0.987706 -1.57511 0.0608578
-0.725906 -1.34956 1.08665 -1.27801 -1.57624 0.0594646
-0.725415 -1.38052 1.36267 -1.52297 -1.57666 0.0580834
-0.724984 -1.36122 1.57457 -1.7545 -1.57656 0.0567382
-0.724624 -1.29563 1.73771 -1.98342 -1.57596 0.0554409
-0.724277 -1.18472 1.85487 -2.211 -1.57492 0.0542878
-0.724109 -1.12515 1.89054 -2.30652 -1.57438 0.0538313
-0.724098 -1.12515 1.89051 -2.3065 -1.57434 0.053771
-0.724277 -1.19305 1.84916 -2.19738 -1.57494 0.0543597
-0.724636 -1.30071 1.72905 -1.96948 -1.57599 0.0554888
-0.724972 -1.36364 1.5633 -1.74081 -1.57654 0.0568341
-0.725451 -1.38034 1.34794 -1.50878 -1.57667 0.0581314
-0.740528 -1.39166 1.18489 -1.36471 -1.54878 0.0440664
-0.820223 -1.53018 1.32463 -1.4999 -1.40217 -0.024524
-0.911377 -1.65779 1.46658 -1.62671 -1.23497 -0.0855435
-1.00977 -1.77194 1.61043 -1.74912 -1.04954 -0.135054
-1.10639 -1.86688 1.75805 -1.88075 -0.851905 -0.164028
-1.18814 -1.93171 1.91132 -2.05952 -0.652077 -0.150075
-1.24108 -1.93319 2.07109 -2.38503 -0.466756 -0.0338557
-1.25348 -1.76556 2.18719 -3.05944 -0.331962 0.322647
-1.20132 -1.56487 2.16296 -3.66692 -0.346602 0.732894
-1.02648 -1.6415 2.2366 -3.68819 -0.520848 0.75781
-0.790417 -1.66399 2.25704 -3.70079 -0.756985 0.773752
-0.656915 -1.5806 2.30694 -3.83983 -0.889205 0.780504
-0.658256 -1.35513 2.41269 -4.17275 -0.886182 0.783219
-0.659909 -1.05882 2.45297 -4.51116 -0.88371 0.786811
-0.660747 -0.877833 2.44335 -4.68386 -0.882726 0.788733
-0.660735 -0.877845 2.44335 -4.68388 -0.882774 0.788805
-0.660376 -0.98459 2.45196 -4.58565 -0.883182 0.7877
-0.658795 -1.29068 2.42855 -4.254 -0.885462 0.784156
-0.657322 -1.53507 2.33679 -3.91548 -0.888461 0.78114
-0.71544 -1.75384 2.2762 -3.56383 -0.833827 0.730972
-0.973454 -2.17235 2.27537 -2.76476 -0.631009 0.403128
-1.23921 -2.40245 2.01327 -1.71531 -0.562216 -0.154554
-1.43487 -2.34075 1.67671 -1.04372 -0.683709 -0.581866
-1.5212 -2.23015 1.46544 -0.820372 -0.875768 -0.727012
-1.52918 -2.13038 1.34151 -0.780182 -1.07509 -0.740504
-1.50078 -2.04613 1.27224 -0.796213 -1.27322 -0.712104
-1.46278 -1.97797 1.25067 -0.832883 -1.47249 -0.674693
-1.44083 -1.94575 1.26211 -0.863507 -1.59572 -0.65243
-1.44082 -1.94574 1.26211 -0.863543 -1.59572 -0.652406
-1.44081 -1.94573 1.26212 -0.863591 -1.59568 -0.652406
-1.44079 -1.94572 1.26217 -0.863579 -1.5957 -0.652418
-1.44078 -1.94571 1.26211 -0.863555 -1.59571 -0.65243
-1.44081 -1.94577 1.26211 -0.863555 -1.59571 -0.652406
-1.44082 -1.94572 1.26211 -0.863579 -1.59571 -0.652406
