-0.12 0.15 0.279991 2.19999 2.19998 -4.90996e-05
-0.120006 0.150008 0.279992 2.19997 2.20003 -5.35037e-05
-0.120007 0.150013 0.279992 2.19994 2.20005 -5.41229e-05
-0.143115 0.150025 0.279922 2.19987 2.19961 -0.000250846
-0.193105 0.150082 0.27995 2.20009 2.19961 6.02514e-05
-0.243136 0.150031 0.279943 2.19976 2.19989 0.000125844
-0.293136 0.150031 0.279876 2.19959 2.1998 0.000115491
-0.319967 0.149994 0.260729 2.1998 2.19948 -2.26808e-06
-0.319941 0.149965 0.211262 2.19997 2.19984 1.31995e-05
-0.319962 0.149996 0.161217 2.19986 2.19981 8.79327e-05
-0.319986 0.150019 0.111329 2.20007 2.20006 0.000105288
-0.320011 0.150039 0.0613552 2.20021 2.20017 5.97121e-05
-0.319982 0.149987 0.0112137 2.19986 2.19985 4.18053e-05
-0.320019 0.149995 -0.00998396 2.19997 2.20013 8.50535e-06
-0.320029 0.149987 -0.00998065 2.19989 2.2002 -4.91206e-05
-0.320028 0.150006 0.0143679 2.20013 2.20015 -6.97741e-05
-0.32001 0.150027 0.0643364 2.20003 2.20008 4.11311e-05
-0.320007 0.150009 0.114309 2.20005 2.20008 3.75038e-05
-0.319988 0.150029 0.164338 2.20009 2.20009 8.40184e-05
-0.32209 0.149976 0.203984 2.22025 2.22051 -0.0462138
-0.332295 0.149997 0.223 -2.11546 -2.11529 0.258373
-0.342434 0.149953 0.241953 -1.99953 -1.99955 0.451033
-0.352582 0.150011 0.261165 -1.8754 -1.87542 0.625321
-0.36274 0.150028 0.280119 -1.74547 -1.74508 0.782988
-0.372956 0.149933 0.299177 -1.6095 -1.60952 0.924664
-0.383078 0.149996 0.318357 -1.46881 -1.46908 1.05003
-0.393225 0.150019 0.337389 -1.32513 -1.32463 1.16176
-0.402559 0.137275 0.349947 -1.22801 -1.22724 1.22741
-0.412355 0.0881305 0.350039 -1.22758 -1.2275 1.22754
-0.422157 0.0391707 0.349974 -1.22774 -1.22745 1.22722
-0.42697 0.0149674 0.328566 -1.22737 -1.22756 1.22757
-0.426973 0.014965 0.278529 -1.22736 -1.22761 1.22752
-0.427059 0.0150591 0.228395 -1.22784 -1.22763 1.22756
-0.426999 0.014996 0.199973 -1.22768 -1.22767 1.2276
-0.426997 0.0150007 0.199978 -1.22773 -1.22761 1.22762
-0.426989 0.0150272 0.216844 -1.22712 -1.22739 1.22755
-0.426954 0.0150109 0.266889 -1.22706 -1.22733 1.22751
-0.426993 0.0150339 0.316748 -1.22757 -1.22747 1.22756
-0.417105 0.0193184 0.347601 -1.26518 -1.26541 1.20305
-0.378025 0.0363549 0.339029 -1.40974 -1.41073 1.09738
-0.339042 0.0537453 0.33001 -1.55234 -1.5526 0.977139
-0.300013 0.0708517 0.321094 -1.69006 -1.69065 0.842112
-0.260953 0.0880215 0.312081 -1.82333 -1.8232 0.691513
-0.22195 0.105294 0.30321 -1.94989 -1.94958 0.524075
-0.183257 0.122179 0.294455 -2.06816 -2.06812 0.340159
-0.144225 0.139351 0.285476 -2.17944 -2.17905 0.136841
-0.120002 0.149989 0.279992 2.19991 2.20005 -8.84767e-05
-0.120005 0.149997 0.279993 2.19993 2.20005 -6.51989e-05
-0.120019 0.150006 0.279992 2.19996 2.20009 -0.000101518
-0.120015 0.149999 0.279977 2.19988 2.20007 -0.00014032
-0.120014 0.15 0.279988 2.19986 2.2001 -0.00010232
-0.120009 0.149995 0.279998 2.19995 2.20008 -4.53536e-05
-0.120009 0.150008 0.279992 2.19995 2.20006 -6.88063e-05
