-0.12
-0.120006
-0.120007
-0.143115
-0.193105
-0.243136
-0.293136
-0.319967
-0.319941
-0.319962
-0.319986
-0.320011
-0.319982
-0.320019
-0.320029
-0.320028
-0.32001
-0.320007
-0.319988
-0.32209
-0.332295
-0.342434
-0.352582
-0.36274
-0.372956
-0.383078
-0.393225
-0.402559
-0.412355
-0.422157
-0.42697
-0.426973
-0.427059
-0.426999
-0.426997
-0.426989
-0.426954
-0.426993
-0.417105
-0.378025
-0.339042
-0.300013
-0.260953
-0.22195
-0.183257
-0.144225
-0.120002
-0.120005
-0.120019
-0.120015
-0.120014
-0.120009
-0.120009
