-1.59574
-1.59572
-1.59574
-1.59576
-1.5957
-1.59572
-1.59577
-1.59572
-1.59572
-1.59575
-1.59575
-1.59576
-1.59574
-1.59574
-1.59575
-1.59574
-1.59574
-1.59574
-1.59575
-1.59574
-1.59574
-1.59572
-1.59574
-1.59575
-1.59576
-1.59574
-1.59571
-1.59571
-1.59571
-1.59575
-1.59574
-1.59575
-1.59574
-1.59576
-1.59576
-1.59574
-1.59576
-1.59576
-1.59574
-1.59577
-1.59572
-1.59571
-1.59572
-1.59574
-1.59574
-1.59574
-1.59575
-1.59572
-1.59572
-1.59575
-1.59572
-1.59572
-1.59574
-1.59572
-1.59576
-1.59571
-1.59576
-1.59574
-1.59572
-1.59572
-1.59575
-1.59574
-1.59574
-1.59572
-1.59571
-1.59571
-1.59575
-1.59575
-1.5957
-1.59576
-1.59576
-1.59574
-1.59572
-1.59572
-1.59575
-1.59572
-1.59574
-1.59572
-1.59575
-1.59572
-1.59571
-1.59572
-1.59574
-1.59574
-1.59574
-1.59575
-1.59574
-1.59574
-1.59572
-1.59577
-1.59572
-1.59572
-1.59574
-1.59572
-1.59574
-1.59574
-1.59575
-1.59575
-1.59572
-1.59574
-1.59576
-1.59575
-1.59577
-1.59574
-1.59575
-1.59571
-1.59572
-1.59571
-1.59572
-1.59572
-1.59575
-1.59574
-1.59576
-1.59572
-1.59572
-1.59577
-1.5957
-1.59576
-1.59575
-1.59571
-1.59575
-1.59572
-1.59577
-1.59574
-1.59574
-1.59575
-1.59572
-1.59572
-1.59574
-1.59574
-1.59574
-1.59571
-1.59572
-1.59577
-1.59575
-1.59572
-1.59574
-1.59572
-1.59574
-1.59575
-1.59574
-1.5957
-1.59575
-1.59574
-1.59574
-1.59572
-1.59574
-1.59574
-1.59575
-1.59574
-1.59572
-1.59574
-1.59575
-1.59574
-1.59574
-1.59575
-1.59574
-1.59574
-1.59572
-1.59575
-1.59576
-1.59576
-1.59575
-1.59571
-1.59574
-1.59574
-1.59574
-1.59572
-1.59576
-1.59575
-1.5957
-1.59576
-1.59575
-1.59574
-1.59574
-1.59574
-1.59572
-1.59575
-1.59574
-1.59571
-1.59572
-1.59575
-1.59575
-1.59574
-1.59574
-1.59576
-1.59572
-1.59572
-1.59575
-1.59574
-1.59572
-1.59577
-1.59572
-1.59574
-1.59577
-1.59575
-1.59574
-1.59572
-1.59572
-1.59575
-1.59571
-1.59575
-1.59574
-1.59575
-1.59572
-1.59574
-1.59574
-1.59575
-1.59574
-1.59574
-1.59576
-1.59574
-1.59572
-1.59574
-1.59575
-1.59574
-1.59575
-1.59572
-1.59577
-1.59574
-1.59576
-1.59572
-1.59572
-1.59572
-1.59575
-1.59574
-1.59575
-1.59576
-1.59571
-1.59574
-1.59574
-1.59572
-1.59574
-1.59574
-1.59574
-1.59575
-1.59576
-1.59578
-1.59575
-1.59575
-1.59574
-1.59572
-1.59575
-1.59574
-1.59577
-1.59574
-1.59572
-1.59565
-1.59565
-1.59557
-1.59548
-1.59545
-1.59536
-1.59526
-1.59523
-1.59508
-1.59506
-1.59502
-1.59499
-1.59479
-1.59475
-1.59469
-1.59458
-1.59457
-1.59442
-1.59437
-1.59427
-1.59415
-1.59414
-1.59406
-1.59392
-1.59393
-1.59392
-1.59381
-1.59371
-1.59366
-1.59355
-1.59353
-1.59344
-1.59333
-1.5933
-1.59321
-1.59313
-1.59306
-1.59309
-1.59289
-1.5929
-1.59288
-1.59273
-1.59271
-1.59267
-1.59253
-1.59247
-1.59237
-1.5923
-1.59234
-1.59216
-1.59213
-1.5921
-1.59199
-1.59193
-1.59187
-1.59176
-1.59175
-1.59163
-1.59154
-1.59154
-1.59148
-1.59135
-1.59128
-1.59124
-1.59112
-1.59111
-1.59109
-1.59097
-1.59088
-1.59081
-1.59076
-1.59073
-1.59065
-1.59056
-1.59055
-1.59038
-1.59032
-1.59032
-1.59021
-1.59013
-1.59008
-1.59001
-1.58993
-1.58986
-1.58975
-1.58967
-1.58962
-1.58959
-1.58951
-1.58949
-1.58939
-1.5893
-1.5893
-1.5893
-1.5891
-1.58907
-1.58908
-1.58897
-1.58888
-1.58889
-1.5888
-1.58872
-1.58867
-1.58856
-1.58858
-1.58847
-1.58837
-1.58836
-1.58835
-1.58819
-1.58817
-1.58817
-1.58813
-1.58794
-1.58794
-1.58787
-1.58778
-1.58778
-1.58772
-1.58759
-1.58757
-1.5875
-1.58742
-1.5874
-1.58729
-1.58719
-1.58716
-1.58715
-1.58706
-1.58701
-1.58693
-1.58682
-1.58678
-1.58669
-1.58667
-1.58659
-1.5865
-1.58647
-1.58644
-1.58629
-1.58631
-1.58628
-1.58621
-1.58619
-1.5861
-1.58601
-1.58593
-1.58593
-1.58584
-1.58577
-1.58574
-1.58561
-1.58556
-1.58556
-1.58545
-1.58538
-1.58541
-1.58536
-1.58525
-1.5852
-1.5852
-1.58516
-1.58501
-1.58497
-1.58498
-1.58484
-1.58479
-1.5848
-1.58474
-1.58461
-1.5846
-1.58458
-1.5845
-1.58443
-1.58438
-1.58428
-1.58425
-1.58423
-1.58417
-1.58407
-1.58405
-1.58402
-1.58393
-1.58392
-1.58382
-1.5838
-1.5837
-1.58369
-1.58362
-1.58354
-1.58347
-1.58346
-1.5834
-1.58336
-1.58329
-1.58327
-1.58318
-1.58318
-1.58316
-1.583
-1.58294
-1.58295
-1.58292
-1.5828
-1.5828
-1.5828
-1.58265
-1.58264
-1.58257
-1.58257
-1.58243
-1.58241
-1.58241
-1.58237
-1.5822
-1.58222
-1.58216
-1.5821
-1.58205
-1.58205
-1.58195
-1.58191
-1.5819
-1.58185
-1.5818
-1.58169
-1.58169
-1.58167
-1.58157
-1.58152
-1.58151
-1.58148
-1.58142
-1.58136
-1.58131
-1.58128
-1.58118
-1.58118
-1.58114
-1.58106
-1.58101
-1.58098
-1.58091
-1.58085
-1.58082
-1.5808
-1.58073
-1.58066
-1.58066
-1.58061
-1.58049
-1.58047
-1.58043
-1.58037
-1.5803
-1.58029
-1.58023
-1.58017
-1.58014
-1.58008
-1.58008
-1.58007
-1.57999
-1.57992
-1.57984
-1.57984
-1.57976
-1.57968
-1.57965
-1.57966
-1.57957
-1.57954
-1.57951
-1.57946
-1.5794
-1.57939
-1.57934
-1.57928
-1.57922
-1.57919
-1.57918
-1.57905
-1.57901
-1.57904
-1.57903
-1.57886
-1.57887
-1.57885
-1.5788
-1.57873
-1.57868
-1.57864
-1.57861
-1.57858
-1.57853
-1.57847
-1.57846
-1.57845
-1.57843
-1.57833
-1.57829
-1.57826
-1.57822
-1.57814
-1.57812
-1.57809
-1.57803
-1.57801
-1.57796
-1.57793
-1.57785
-1.57776
-1.57776
-1.57773
-1.57772
-1.57764
-1.57764
-1.57751
-1.57752
-1.57749
-1.57748
-1.57742
-1.57737
-1.57737
-1.57736
-1.57725
-1.57724
-1.5772
-1.57714
-1.57708
-1.57702
-1.577
-1.57695
-1.57689
-1.57688
-1.5768
-1.57679
-1.57668
-1.57667
-1.57667
-1.57662
-1.57649
-1.57648
-1.57644
-1.57639
-1.57636
-1.57634
-1.57632
-1.5762
-1.57619
-1.57618
-1.57617
-1.57604
-1.57602
-1.57604
-1.576
-1.5759
-1.57587
-1.57588
-1.57588
-1.57576
-1.57572
-1.5757
-1.57567
-1.57559
-1.57557
-1.57552
-1.57548
-1.57542
-1.57536
-1.57533
-1.57531
-1.57524
-1.57517
-1.57515
-1.57513
-1.57506
-1.57503
-1.57498
-1.57495
-1.57489
-1.57483
-1.57481
-1.5748
-1.57475
-1.57469
-1.57463
-1.57457
-1.57457
-1.57444
-1.57438
-1.57434
-1.5743
-1.57424
-1.57423
-1.57426
-1.57426
-1.57428
-1.57427
-1.5743
-1.57428
-1.57427
-1.57427
-1.57427
-1.5743
-1.57432
-1.57429
-1.57433
-1.5743
-1.57434
-1.57434
-1.57435
-1.57438
-1.57444
-1.57446
-1.57445
-1.57453
-1.57457
-1.57457
-1.57462
-1.57463
-1.57468
-1.57469
-1.57476
-1.57475
-1.57475
-1.57482
-1.57482
-1.57488
-1.57489
-1.57491
-1.57495
-1.575
-1.57497
-1.575
-1.575
-1.57505
-1.5751
-1.57507
-1.57512
-1.5751
-1.57513
-1.57515
-1.57518
-1.57522
-1.57521
-1.57527
-1.57522
-1.57525
-1.57525
-1.57531
-1.57533
-1.57539
-1.57535
-1.57536
-1.57535
-1.57539
-1.5754
-1.5754
-1.5754
-1.57546
-1.57547
-1.57551
-1.57553
-1.57553
-1.57554
-1.57555
-1.57557
-1.57555
-1.57559
-1.57558
-1.57559
-1.57561
-1.57563
-1.57565
-1.57566
-1.57571
-1.57572
-1.57569
-1.57572
-1.57575
-1.57575
-1.57577
-1.57581
-1.57577
-1.57582
-1.57579
-1.57576
-1.57582
-1.57579
-1.57582
-1.57587
-1.57584
-1.57585
-1.57587
-1.5759
-1.57589
-1.57594
-1.5759
-1.5759
-1.57591
-1.57596
-1.57593
-1.57595
-1.57595
-1.57598
-1.57598
-1.576
-1.576
-1.57599
-1.57604
-1.57605
-1.57606
-1.57612
-1.57613
-1.57612
-1.57613
-1.57616
-1.57612
-1.57613
-1.57616
-1.57614
-1.57617
-1.57612
-1.57617
-1.57619
-1.57616
-1.57618
-1.57624
-1.57622
-1.57619
-1.57622
-1.57619
-1.57622
-1.57624
-1.57623
-1.57626
-1.57625
-1.57628
-1.57626
-1.57628
-1.57628
-1.57628
-1.57631
-1.57628
-1.57634
-1.57632
-1.57631
-1.57631
-1.57634
-1.57636
-1.57634
-1.57635
-1.57634
-1.57637
-1.57639
-1.57635
-1.57638
-1.57641
-1.57638
-1.57642
-1.57639
-1.57644
-1.57644
-1.57642
-1.57644
-1.57643
-1.57643
-1.57643
-1.57643
-1.57644
-1.57644
-1.57644
-1.57647
-1.57647
-1.57646
-1.57649
-1.57648
-1.57648
-1.57647
-1.57648
-1.57649
-1.57646
-1.5765
-1.57648
-1.5765
-1.57648
-1.57649
-1.57652
-1.57652
-1.57652
-1.57653
-1.57654
-1.57652
-1.57656
-1.57652
-1.57656
-1.57655
-1.57658
-1.57658
-1.57658
-1.57656
-1.57659
-1.5766
-1.57659
-1.57664
-1.5766
-1.57664
-1.57662
-1.57664
-1.57664
-1.57664
-1.57661
-1.57661
-1.57661
-1.57661
-1.57662
-1.57664
-1.57662
-1.57661
-1.57662
-1.57662
-1.57665
-1.5766
-1.57661
-1.57662
-1.57662
-1.57665
-1.5766
-1.57667
-1.57662
-1.57667
-1.57666
-1.57667
-1.57665
-1.57668
-1.57667
-1.57668
-1.57667
-1.57667
-1.57667
-1.57667
-1.57666
-1.57668
-1.57671
-1.57668
-1.57666
-1.57667
-1.57667
-1.57667
-1.57668
-1.57667
-1.57671
-1.57667
-1.57667
-1.57667
-1.5767
-1.57671
-1.57668
-1.57667
-1.57667
-1.57668
-1.5767
-1.57667
-1.5767
-1.57667
-1.5767
-1.57667
-1.57667
-1.57668
-1.57667
-1.5767
-1.57666
-1.57667
-1.57666
-1.57667
-1.57667
-1.57666
-1.57667
-1.57671
-1.57667
-1.57667
-1.57668
-1.57666
-1.57667
-1.57667
-1.57667
-1.57666
-1.57667
-1.5767
-1.57667
-1.57667
-1.57668
-1.57667
-1.57667
-1.57667
-1.57666
-1.57667
-1.57665
-1.57668
-1.57668
-1.57667
-1.57667
-1.57665
-1.57667
-1.57667
-1.57667
-1.57666
-1.57665
-1.57665
-1.57665
-1.57667
-1.57662
-1.57664
-1.57665
-1.57665
-1.57662
-1.57665
-1.5766
-1.57661
-1.57661
-1.57662
-1.57659
-1.57658
-1.57662
-1.5766
-1.57655
-1.57653
-1.57659
-1.57658
-1.57658
-1.57655
-1.57654
-1.57656
-1.57652
-1.57653
-1.57655
-1.57652
-1.57652
-1.5765
-1.57652
-1.5765
-1.5765
-1.57649
-1.57648
-1.57653
-1.57648
-1.57649
-1.57648
-1.57646
-1.57647
-1.57648
-1.57649
-1.57648
-1.57644
-1.57647
-1.57643
-1.57646
-1.57643
-1.57642
-1.57642
-1.57642
-1.57642
-1.57641
-1.57643
-1.57638
-1.57637
-1.57636
-1.57638
-1.57635
-1.57637
-1.57635
-1.57635
-1.57635
-1.57628
-1.57634
-1.57631
-1.57634
-1.5763
-1.57628
-1.5763
-1.5763
-1.57629
-1.57626
-1.57628
-1.57625
-1.57622
-1.57624
-1.57625
-1.57623
-1.57622
-1.5762
-1.57622
-1.57619
-1.57622
-1.57622
-1.57617
-1.57617
-1.57618
-1.57618
-1.57618
-1.57616
-1.57617
-1.57617
-1.57614
-1.57614
-1.57613
-1.57612
-1.57609
-1.57612
-1.57612
-1.57609
-1.57607
-1.57606
-1.57608
-1.57604
-1.57605
-1.57601
-1.57602
-1.576
-1.57601
-1.57599
-1.576
-1.57596
-1.57598
-1.57596
-1.57599
-1.57598
-1.57596
-1.57595
-1.57594
-1.57596
-1.57593
-1.5759
-1.57595
-1.57591
-1.57593
-1.57593
-1.57591
-1.5759
-1.57588
-1.57589
-1.5759
-1.57589
-1.57585
-1.57584
-1.57582
-1.57582
-1.57581
-1.57576
-1.57577
-1.57579
-1.57575
-1.57576
-1.57577
-1.57577
-1.57578
-1.57572
-1.57576
-1.57576
-1.57569
-1.57567
-1.57564
-1.57566
-1.57566
-1.57564
-1.57563
-1.57564
-1.57565
-1.57563
-1.5756
-1.5756
-1.57558
-1.57559
-1.57557
-1.57557
-1.57555
-1.57555
-1.57553
-1.57551
-1.57551
-1.57551
-1.57549
-1.57547
-1.57548
-1.57545
-1.57545
-1.57548
-1.57545
-1.57543
-1.57539
-1.57541
-1.5754
-1.57536
-1.57535
-1.57537
-1.57534
-1.57529
-1.57531
-1.57533
-1.57531
-1.57528
-1.57525
-1.57527
-1.57519
-1.57523
-1.57513
-1.57519
-1.57517
-1.57515
-1.57513
-1.57513
-1.57516
-1.57512
-1.57512
-1.57512
-1.5751
-1.57511
-1.57509
-1.57507
-1.57506
-1.57506
-1.57504
-1.57503
-1.57499
-1.57497
-1.57499
-1.57501
-1.57497
-1.57498
-1.57494
-1.57493
-1.57492
-1.57491
-1.57492
-1.57488
-1.57488
-1.57483
-1.57483
-1.57481
-1.57482
-1.57481
-1.57477
-1.57477
-1.57474
-1.57475
-1.57474
-1.57471
-1.57473
-1.57469
-1.57463
-1.57464
-1.57464
-1.57463
-1.57463
-1.57461
-1.57461
-1.57464
-1.57462
-1.57462
-1.57457
-1.57458
-1.57456
-1.57451
-1.57449
-1.57446
-1.57445
-1.57443
-1.57445
-1.57439
-1.5744
-1.57439
-1.57443
-1.57434
-1.57437
-1.5744
-1.57439
-1.57434
-1.57439
-1.57435
-1.57435
-1.57435
-1.57439
-1.57435
-1.57437
-1.57435
-1.57435
-1.57433
-1.57438
-1.57437
-1.57437
-1.57438
-1.5744
-1.57434
-1.57435
-1.57437
-1.57435
-1.57437
-1.57437
-1.57437
-1.57438
-1.57439
-1.57434
-1.57435
-1.57434
-1.57437
-1.57433
-1.57435
-1.57433
-1.57434
-1.57433
-1.57435
-1.57437
-1.57432
-1.57435
-1.57435
-1.57434
-1.57438
-1.57437
-1.57435
-1.57435
-1.57435
-1.57435
-1.57437
-1.57435
-1.57437
-1.57435
-1.57433
-1.57435
-1.57435
-1.57434
-1.57435
-1.57434
-1.57435
-1.57435
-1.57433
-1.57433
-1.57434
-1.57432
-1.57435
-1.57435
-1.57434
-1.57434
-1.57437
-1.57434
-1.57437
-1.57433
-1.57434
-1.57437
-1.5743
-1.5743
-1.57437
-1.57435
-1.57433
-1.57435
-1.57434
-1.57432
-1.57437
-1.57435
-1.57432
-1.57433
-1.57437
-1.57428
-1.57432
-1.57433
-1.57433
-1.57435
-1.57434
-1.57434
-1.57435
-1.57434
-1.57435
-1.57432
-1.57433
-1.57432
-1.57435
-1.57433
-1.57433
-1.57433
-1.57433
-1.57432
-1.57432
-1.5743
-1.57433
-1.57432
-1.57434
-1.5743
-1.57435
-1.57435
-1.57434
-1.57435
-1.57435
-1.57433
-1.57429
-1.57432
-1.57433
-1.57433
-1.5743
-1.57433
-1.57432
-1.5743
-1.57434
-1.57432
-1.5743
-1.57434
-1.57432
-1.57434
-1.57435
-1.57429
-1.57429
-1.57433
-1.57432
-1.57434
-1.57433
-1.57438
-1.57434
-1.57434
-1.57435
-1.57432
-1.57432
-1.57434
-1.57437
-1.5743
-1.57434
-1.57433
-1.57428
-1.57433
-1.57434
-1.57429
-1.57432
-1.57429
-1.57433
-1.57435
-1.57434
-1.5743
-1.57433
-1.57433
-1.5743
-1.57433
-1.57434
-1.5743
-1.5743
-1.57429
-1.57432
-1.57432
-1.57429
-1.57432
-1.57432
-1.57432
-1.57434
-1.57433
-1.57432
-1.57432
-1.57432
-1.57432
-1.57434
-1.57433
-1.57432
-1.57432
-1.57432
-1.57433
-1.5743
-1.57434
-1.5743
-1.57434
-1.57429
-1.57434
-1.57435
-1.57429
-1.57433
-1.57429
-1.57432
-1.5743
-1.57435
-1.5743
-1.57432
-1.57435
-1.57435
-1.57432
-1.57432
-1.57433
-1.57433
-1.57434
-1.57434
-1.5743
-1.57434
-1.57432
-1.57435
-1.57432
-1.57434
-1.57433
-1.57437
-1.5744
-1.57439
-1.5744
-1.57441
-1.57445
-1.57444
-1.57447
-1.57451
-1.57453
-1.57456
-1.57457
-1.57459
-1.57461
-1.57461
-1.57462
-1.57474
-1.5747
-1.57473
-1.57474
-1.5748
-1.57482
-1.57481
-1.57485
-1.57486
-1.57488
-1.57487
-1.57492
-1.57493
-1.57498
-1.57493
-1.57498
-1.57499
-1.57499
-1.57499
-1.575
-1.57505
-1.57504
-1.57507
-1.57505
-1.57506
-1.57507
-1.57509
-1.57507
-1.57512
-1.57513
-1.57515
-1.57511
-1.57515
-1.57515
-1.57521
-1.57516
-1.57519
-1.57519
-1.57527
-1.57525
-1.5753
-1.57528
-1.57529
-1.5753
-1.57528
-1.57531
-1.57534
-1.57534
-1.57539
-1.57539
-1.57537
-1.57535
-1.57539
-1.5754
-1.57542
-1.57542
-1.57543
-1.57543
-1.57548
-1.57547
-1.57548
-1.57552
-1.57549
-1.57551
-1.57551
-1.57554
-1.57557
-1.57554
-1.57552
-1.57558
-1.57557
-1.57561
-1.57558
-1.57558
-1.57559
-1.57561
-1.57563
-1.57564
-1.57561
-1.57563
-1.57569
-1.57569
-1.57566
-1.57567
-1.57569
-1.57573
-1.57575
-1.57578
-1.57576
-1.57576
-1.57581
-1.57578
-1.57579
-1.57581
-1.57581
-1.57581
-1.57582
-1.57582
-1.57585
-1.57584
-1.57587
-1.57582
-1.57591
-1.57589
-1.5759
-1.5759
-1.57591
-1.57591
-1.57591
-1.57591
-1.57595
-1.57593
-1.57598
-1.57596
-1.576
-1.57595
-1.57598
-1.57602
-1.57601
-1.57596
-1.576
-1.57605
-1.57607
-1.57604
-1.57604
-1.57604
-1.57604
-1.57605
-1.57604
-1.57608
-1.57607
-1.57613
-1.57608
-1.57612
-1.57611
-1.57613
-1.57611
-1.57617
-1.57617
-1.57616
-1.57614
-1.57618
-1.57618
-1.57618
-1.57616
-1.57618
-1.5762
-1.57619
-1.57623
-1.57625
-1.57623
-1.57623
-1.57625
-1.57625
-1.57626
-1.57623
-1.57628
-1.57626
-1.57629
-1.57624
-1.5763
-1.57629
-1.57634
-1.57629
-1.57628
-1.57631
-1.57632
-1.57628
-1.5763
-1.57636
-1.57632
-1.57631
-1.57632
-1.57632
-1.57631
-1.57632
-1.57635
-1.57638
-1.57634
-1.57639
-1.57639
-1.57639
-1.57639
-1.57642
-1.57641
-1.57641
-1.57638
-1.57641
-1.57636
-1.57643
-1.57641
-1.57644
-1.57638
-1.57642
-1.57647
-1.57646
-1.57639
-1.57643
-1.57648
-1.57647
-1.57644
-1.57647
-1.57648
-1.57646
-1.57649
-1.5765
-1.5765
-1.57648
-1.57653
-1.57648
-1.57653
-1.5765
-1.57654
-1.57652
-1.57659
-1.57653
-1.57654
-1.57655
-1.5766
-1.57655
-1.57653
-1.57659
-1.57659
-1.5766
-1.57656
-1.57659
-1.57661
-1.57656
-1.57658
-1.57661
-1.57656
-1.57664
-1.5766
-1.57664
-1.57661
-1.5766
-1.5766
-1.57661
-1.57659
-1.57662
-1.57665
-1.57664
-1.57662
-1.57662
-1.57662
-1.57662
-1.57664
-1.57661
-1.57662
-1.57662
-1.57667
-1.57661
-1.57665
-1.57664
-1.57666
-1.5766
-1.57667
-1.57662
-1.57662
-1.57665
-1.57666
-1.57667
-1.57664
-1.57664
-1.57667
-1.57665
-1.57666
-1.57667
-1.57664
-1.57666
-1.57665
-1.57667
-1.57662
-1.57664
-1.57665
-1.57667
-1.5767
-1.57665
-1.5767
-1.57667
-1.57667
-1.57664
-1.57671
-1.57662
-1.5767
-1.57662
-1.57668
-1.5767
-1.5767
-1.57666
-1.5767
-1.57668
-1.57676
-1.57667
-1.57676
-1.5767
-1.57672
-1.57667
-1.57673
-1.57671
-1.57668
-1.57667
-1.5767
-1.5767
-1.57668
-1.57667
-1.5767
-1.57672
-1.5767
-1.57673
-1.57666
-1.5767
-1.57667
-1.57672
-1.5767
-1.57671
-1.57667
-1.5767
-1.57667
-1.5767
-1.57668
-1.57665
-1.57668
-1.57666
-1.57665
-1.57666
-1.57667
-1.57666
-1.57666
-1.57661
-1.57667
-1.57662
-1.57666
-1.57662
-1.57665
-1.57664
-1.5766
-1.57662
-1.5766
-1.5766
-1.57659
-1.57662
-1.57661
-1.5766
-1.5766
-1.57658
-1.57661
-1.57658
-1.57655
-1.57654
-1.57655
-1.57654
-1.57653
-1.57655
-1.57655
-1.57656
-1.5765
-1.57656
-1.57655
-1.57652
-1.57648
-1.57652
-1.57646
-1.57648
-1.57646
-1.57649
-1.57647
-1.5765
-1.57644
-1.57648
-1.57644
-1.57644
-1.57642
-1.57646
-1.57644
-1.57647
-1.57642
-1.57641
-1.57641
-1.57639
-1.57639
-1.57638
-1.57641
-1.57638
-1.57635
-1.57636
-1.57637
-1.57635
-1.57637
-1.57617
-1.57569
-1.57511
-1.57352
-1.57246
-1.57131
-1.57021
-1.56802
-1.56694
-1.56586
-1.56477
-1.56257
-1.56151
-1.56043
-1.55824
-1.5572
-1.55613
-1.55514
-1.55305
-1.552
-1.55096
-1.54981
-1.54765
-1.54654
-1.54544
-1.54433
-1.54217
-1.5411
-1.54
-1.53777
-1.53665
-1.53553
-1.53463
-1.53237
-1.53123
-1.5301
-1.52898
-1.52676
-1.52565
-1.52452
-1.52348
-1.52127
-1.52013
-1.519
-1.51677
-1.51561
-1.51446
-1.51338
-1.51107
-1.50992
-1.5088
-1.50764
-1.50532
-1.50412
-1.50304
-1.50189
-1.49955
-1.4984
-1.49728
-1.49499
-1.49392
-1.49283
-1.49176
-1.48944
-1.48831
-1.48711
-1.48598
-1.48354
-1.48236
-1.48119
-1.47884
-1.47767
-1.47645
-1.47526
-1.47286
-1.47175
-1.4706
-1.46939
-1.46695
-1.46573
-1.46456
-1.46339
-1.46108
-1.45988
-1.45874
-1.45639
-1.45515
-1.45399
-1.45278
-1.45038
-1.4492
-1.44793
-1.44674
-1.44429
-1.44303
-1.44185
-1.44061
-1.43814
-1.43694
-1.43571
-1.43329
-1.43205
-1.43087
-1.42974
-1.42728
-1.42603
-1.42481
-1.42356
-1.42107
-1.41977
-1.41855
-1.41604
-1.41479
-1.41354
-1.41227
-1.40983
-1.40858
-1.40728
-1.40605
-1.40354
-1.40229
-1.40103
-1.39979
-1.3973
-1.3961
-1.39485
-1.39227
-1.39102
-1.38977
-1.38842
-1.38588
-1.3846
-1.38334
-1.38201
-1.37948
-1.37811
-1.3768
-1.37549
-1.37293
-1.37165
-1.37038
-1.36788
-1.36664
-1.36537
-1.36404
-1.36145
-1.36016
-1.3588
-1.35751
-1.35488
-1.35361
-1.35228
-1.34961
-1.34834
-1.34705
-1.34572
-1.34303
-1.34174
-1.34039
-1.33906
-1.3365
-1.33518
-1.3339
-1.33254
-1.32993
-1.32852
-1.32719
-1.32453
-1.32316
-1.3218
-1.32047
-1.31772
-1.31634
-1.31502
-1.31367
-1.31094
-1.30962
-1.30827
-1.30692
-1.30429
-1.30295
-1.3016
-1.29891
-1.29756
-1.29614
-1.2948
-1.29207
-1.29069
-1.2894
-1.288
-1.28524
-1.2839
-1.28251
-1.2811
-1.27826
-1.27684
-1.27548
-1.27278
-1.27141
-1.27001
-1.26865
-1.26587
-1.2645
-1.2631
-1.26168
-1.25885
-1.25743
-1.25601
-1.2546
-1.25182
-1.25041
-1.24895
-1.24615
-1.24477
-1.24333
-1.24197
-1.23919
-1.23799
-1.23646
-1.23503
-1.23221
-1.23075
-1.2294
-1.22797
-1.22517
-1.22375
-1.22238
-1.21947
-1.21806
-1.21658
-1.21511
-1.21221
-1.21079
-1.20942
-1.20797
-1.20511
-1.20364
-1.20218
-1.19925
-1.19776
-1.19632
-1.19484
-1.19198
-1.19051
-1.18905
-1.1876
-1.18467
-1.18318
-1.18176
-1.18027
-1.17743
-1.17601
-1.17458
-1.17166
-1.17022
-1.16872
-1.16726
-1.16435
-1.1629
-1.16138
-1.15996
-1.15699
-1.15542
-1.1539
-1.15241
-1.14942
-1.14793
-1.14648
-1.14357
-1.1421
-1.14061
-1.1391
-1.13608
-1.13455
-1.13306
-1.13154
-1.12858
-1.12708
-1.12557
-1.1241
-1.12105
-1.11958
-1.11804
-1.11511
-1.11357
-1.11213
-1.11063
-1.1076
-1.10611
-1.10458
-1.10306
-1.10008
-1.09855
-1.09703
-1.09397
-1.09236
-1.09084
-1.08933
-1.08624
-1.08481
-1.08327
-1.08174
-1.0787
-1.07718
-1.07561
-1.07404
-1.07093
-1.06938
-1.06783
-1.06476
-1.06322
-1.06168
-1.06015
-1.05708
-1.05555
-1.05401
-1.05248
-1.04943
-1.04793
-1.04642
-1.04487
-1.04177
-1.04021
-1.03868
-1.03563
-1.03407
-1.0325
-1.0309
-1.02772
-1.02611
-1.02455
-1.02297
-1.01992
-1.01833
-1.01686
-1.01526
-1.01209
-1.01051
-1.00894
-1.00582
-1.0043
-1.00271
-1.00116
-0.998027
-0.996467
-0.994919
-0.993347
-0.990227
-0.988679
-0.987106
-0.983986
-0.982414
-0.980842
-0.979234
-0.976078
-0.974554
-0.972982
-0.97141
-0.968158
-0.96655
-0.96493
-0.963358
-0.960154
-0.95863
-0.957082
-0.954022
-0.952402
-0.950806
-0.949199
-0.946007
-0.944434
-0.942838
-0.941447
-0.938183
-0.936575
-0.934967
-0.933383
-0.930191
-0.928572
-0.926976
-0.92388
-0.922284
-0.920724
-0.919129
-0.915973
-0.914341
-0.912793
-0.911234
-0.907982
-0.906398
-0.904778
-0.90317
-0.899895
-0.898287
-0.896692
-0.893524
-0.891952
-0.890416
-0.888761
-0.885546
-0.883914
-0.88227
-0.88071
-0.877543
-0.875912
-0.874316
-0.872721
-0.869493
-0.86785
-0.86623
-0.86311
-0.861527
-0.859919
-0.858311
-0.855133
-0.853489
-0.851881
-0.850322
-0.847154
-0.845511
-0.843831
-0.84058
-0.838913
-0.837329
-0.835698
-0.832543
-0.830947
-0.829376
-0.827792
-0.824541
-0.822874
-0.821291
-0.819695
-0.816492
-0.814885
-0.813241
-0.810039
-0.808431
-0.806847
-0.805168
-0.801954
-0.800406
-0.798787
-0.797252
-0.794073
-0.792442
-0.790834
-0.789227
-0.786096
-0.784441
-0.782786
-0.779535
-0.777904
-0.776285
-0.774665
-0.771343
-0.769771
-0.768212
-0.766641
-0.76339
-0.761783
-0.760165
-0.758545
-0.755367
-0.753735
-0.7522
-0.74895
-0.747343
-0.745735
-0.74414
-0.74089
-0.739271
-0.737688
-0.736153
-0.732986
-0.731391
-0.729808
-0.726582
-0.725083
-0.723512
-0.721845
-0.718679
-0.717036
-0.715381
-0.713774
-0.710536
-0.708905
-0.70737
-0.705787
-0.702633
-0.701026
-0.699443
-0.696193
-0.694622
-0.693051
-0.691492
-0.688327
-0.686755
-0.685184
-0.683554
-0.680364
-0.678721
-0.677222
-0.675627
-0.672569
-0.67101
-0.669476
-0.666286
-0.664738
-0.663204
-0.661609
-0.658444
-0.656861
-0.655254
-0.653636
-0.650458
-0.648863
-0.647232
-0.645721
-0.642652
-0.641094
-0.639546
-0.636393
-0.634834
-0.633263
-0.631717
-0.628695
-0.627281
-0.625626
-0.624091
-0.62095
-0.619355
-0.617784
-0.616226
-0.613192
-0.611658
-0.610147
-0.607078
-0.605543
-0.603997
-0.602486
-0.599477
-0.59799
-0.596432
-0.594885
-0.591804
-0.590209
-0.588639
-0.587116
-0.583999
-0.582464
-0.580978
-0.577921
-0.57647
-0.574936
-0.573401
-0.570332
-0.568857
-0.567383
-0.565897
-0.562948
-0.561413
-0.559939
-0.558428
-0.555347
-0.553884
-0.55235
-0.549449
-0.547987
-0.54656
-0.54511
-0.542113
-0.540651
-0.539224
-0.537738
-0.534813
-0.533351
-0.531828
-0.53033
-0.527357
-0.525871
-0.524396
-0.52146
-0.519997
-0.518595
-0.517181
-0.514304
-0.512865
-0.511427
-0.509977
-0.507111
-0.505685
-0.504283
-0.501502
-0.50016
-0.498661
-0.497259
-0.494371
-0.492956
-0.491458
-0.490043
-0.487371
-0.485957
-0.484554
-0.483236
-0.480527
-0.479101
-0.477771
-0.475002
-0.473636
-0.472222
-0.470855
-0.468122
-0.466684
-0.465319
-0.463952
-0.461207
-0.459841
-0.458475
-0.457204
-0.45458
-0.45325
-0.451919
-0.449282
-0.447953
-0.446586
-0.445352
-0.442727
-0.441421
-0.440186
-0.438893
-0.43634
-0.43501
-0.433751
-0.432433
-0.429857
-0.428598
-0.427304
-0.424859
-0.423673
-0.42245
-0.421241
-0.418844
-0.417609
-0.416435
-0.415152
-0.41278
-0.411582
-0.410371
-0.409197
-0.406765
-0.405542
-0.40438
-0.402043
-0.400833
-0.399598
-0.398472
-0.396172
-0.394997
-0.394027
-0.392841
-0.390636
-0.389521
-0.388443
-0.386202
-0.385064
-0.383998
-0.382931
-0.380846
-0.379816
-0.378749
-0.377731
-0.375634
-0.374615
-0.373561
-0.372555
-0.370457
-0.369367
-0.368445
-0.366324
-0.365389
-0.364443
-0.363448
-0.361555
-0.360657
-0.359794
-0.358835
-0.356954
-0.356044
-0.355181
-0.354235
-0.352462
-0.35161
-0.35082
-0.349083
-0.348196
-0.347369
-0.346543
-0.344806
-0.344027
-0.343176
-0.342361
-0.340792
-0.339965
-0.339198
-0.338444
-0.336958
-0.336179
-0.335484
-0.333999
-0.33334
-0.332633
-0.331962
-0.33068
-0.330033
-0.329374
-0.328751
-0.327481
-0.326906
-0.326235
-0.325037
-0.324438
-0.323851
-0.323372
-0.32227
-0.321755
-0.32124
-0.320772
-0.319825
-0.319275
-0.318771
-0.318328
-0.317454
-0.31695
-0.316543
-0.3158
-0.315465
-0.315081
-0.314626
-0.313896
-0.313572
-0.313261
-0.312961
-0.312434
-0.312123
-0.311895
-0.311655
-0.31108
-0.31084
-0.310637
-0.310242
-0.310014
-0.309846
-0.30975
-0.309439
-0.309271
-0.309104
-0.308996
-0.308828
-0.308708
-0.308684
-0.308672
-0.308672
-0.308684
-0.308672
-0.308684
-0.308696
-0.308708
-0.308792
-0.308863
-0.309056
-0.309116
-0.309187
-0.309415
-0.309511
-0.309619
-0.309822
-0.30999
-0.310074
-0.310098
-0.310002
-0.310002
-0.309978
-0.310026
-0.310649
-0.311212
-0.311907
-0.312769
-0.314962
-0.315932
-0.316963
-0.319215
-0.320305
-0.321371
-0.322461
-0.324786
-0.325911
-0.326954
-0.328032
-0.330404
-0.331531
-0.332705
-0.333903
-0.336239
-0.337377
-0.338527
-0.340923
-0.34205
-0.343188
-0.344326
-0.346614
-0.347657
-0.348783
-0.349957
-0.352282
-0.353408
-0.354474
-0.355685
-0.357949
-0.359111
-0.360321
-0.362837
-0.364048
-0.365305
-0.366588
-0.369116
-0.370422
-0.371752
-0.372974
-0.375466
-0.376664
-0.377838
-0.380223
-0.38147
-0.382751
-0.383998
-0.386562
-0.38782
-0.38909
-0.390384
-0.392985
-0.394326
-0.395656
-0.396998
-0.399719
-0.40106
-0.402391
-0.405111
-0.406441
-0.407771
-0.409053
-0.411558
-0.412912
-0.414254
-0.415596
-0.418328
-0.419635
-0.420965
-0.422355
-0.425147
-0.426549
-0.428059
-0.430947
-0.432373
-0.433859
-0.435333
-0.438162
-0.43954
-0.440942
-0.442283
-0.445124
-0.446526
-0.448013
-0.449451
-0.452303
-0.453765
-0.455263
-0.458283
-0.459829
-0.461303
-0.462873
-0.465929
-0.467475
-0.468986
-0.470484
-0.473348
-0.474834
-0.476368
-0.47789
-0.480923
-0.482433
-0.483895
-0.487036
-0.488605
-0.490271
-0.491854
-0.495162
-0.496827
-0.498482
-0.500052
-0.503133
-0.504642
-0.506201
-0.509401
-0.511055
-0.512589
-0.51416
-0.517528
-0.51917
-0.520872
-0.52261
-0.526027
-0.527681
-0.529431
-0.531121
-0.534357
-0.535963
-0.53757
-0.540962
-0.542641
-0.544259
-0.545973
-0.549342
-0.551055
-0.552841
-0.554592
-0.558236
-0.560071
-0.561833
-0.563571
-0.566976
-0.56863
-0.570369
-0.573893
-0.575631
-0.57743
-0.579192
-0.582848
-0.58467
-0.586564
-0.588459
-0.59214
-0.593998
-0.595736
-0.599201
-0.600987
-0.602822
-0.604632
-0.60824
-0.610027
-0.61185
-0.613756
-0.617544
-0.619583
-0.621454
-0.623432
-0.627172
-0.629043
-0.630818
-0.634582
-0.636417
-0.638263
-0.640158
-0.643971
-0.645961
-0.647892
-0.649882
-0.653911
-0.655925
-0.657821
-0.659751
-0.66348
-0.665434
-0.667377
-0.671226
-0.673109
-0.675063
-0.67709
-0.681107
-0.683205
-0.685329
-0.687355
-0.691312
-0.693219
-0.69521
-0.696985
-0.701074
-0.703113
-0.705079
-0.709228
-0.711351
-0.713462
-0.715524
-0.719722
-0.721665
-0.723668
-0.725587
-0.729665
-0.731704
-0.733778
-0.735721
-0.739931
-0.742029
-0.744237
-0.748614
-0.750725
-0.75274
-0.754791
-0.758905
-0.760992
-0.763079
-0.765178
-0.769411
-0.771571
-0.77379
-0.775973
-0.780434
-0.782474
-0.784573
-0.788723
-0.79087
-0.792921
-0.79502
-0.799267
-0.801414
-0.803597
-0.805768
-0.810398
-0.812606
-0.814717
-0.818988
-0.821075
-0.823258
-0.825429
-0.82976
-0.831955
-0.834186
-0.83643
-0.841012
-0.843268
-0.845403
-0.84755
-0.851845
-0.85404
-0.8562
-0.860579
-0.86275
-0.865006
-0.867225
-0.871904
-0.874196
-0.876463
-0.878659
-0.882978
-0.885234
-0.887105
-0.888521
-0.890572
-0.891053
-0.891136
-0.890956
-0.890992
-0.890944
-0.890932
-0.890753
-0.890788
-0.890728
-0.890657
-0.890512
-0.890488
-0.890488
-0.890465
-0.890381
-0.890344
-0.890261
-0.890212
-0.890236
-0.89014
-0.890117
-0.890093
-0.890045
-0.890009
-0.889961
-0.889936
-0.889936
-0.889901
-0.889864
-0.88984
-0.889829
-0.889805
-0.889793
-0.889781
-0.889733
-0.889685
-0.889636
-0.889648
-0.889612
-0.889552
-0.88948
-0.889468
-0.88948
-0.889421
-0.88936
-0.88936
-0.889289
-0.889252
-0.889217
-0.889205
-0.889217
-0.889157
-0.889097
-0.889097
-0.889073
-0.888988
-0.888953
-0.888964
-0.888881
-0.888881
-0.888821
-0.888833
-0.888713
-0.888761
-0.888677
-0.888689
-0.888605
-0.888581
-0.888545
-0.888533
-0.888509
-0.888497
-0.888461
-0.888401
-0.888413
-0.888377
-0.888329
-0.888317
-0.888269
-0.888257
-0.888257
-0.888173
-0.888161
-0.888113
-0.888089
-0.888053
-0.888065
-0.888005
-0.887957
-0.887933
-0.887909
-0.887825
-0.887825
-0.887801
-0.887753
-0.887741
-0.887633
-0.887669
-0.887597
-0.887597
-0.887549
-0.887502
-0.887477
-0.887465
-0.887441
-0.887418
-0.887357
-0.887321
-0.887297
-0.887309
-0.887249
-0.887202
-0.887189
-0.887214
-0.887118
-0.887105
-0.887081
-0.887033
-0.887021
-0.886973
-0.886961
-0.886973
-0.886937
-0.886877
-0.88683
-0.886793
-0.886817
-0.88677
-0.886758
-0.88671
-0.886649
-0.886577
-0.886626
-0.886566
-0.886577
-0.886517
-0.886482
-0.88647
-0.88647
-0.886422
-0.886361
-0.886373
-0.886373
-0.886289
-0.886229
-0.886278
-0.886205
-0.886182
-0.886145
-0.88611
-0.88605
-0.886062
-0.886013
-0.886001
-0.885941
-0.885906
-0.885894
-0.885882
-0.885798
-0.885774
-0.885762
-0.88581
-0.885725
-0.88569
-0.885653
-0.885666
-0.885594
-0.885534
-0.885522
-0.885486
-0.885498
-0.885426
-0.885438
-0.885426
-0.885426
-0.885353
-0.88533
-0.885318
-0.885234
-0.885198
-0.885222
-0.88515
-0.885126
-0.885078
-0.885102
-0.88509
-0.885018
-0.884994
-0.885006
-0.885006
-0.884958
-0.884946
-0.884886
-0.884898
-0.884838
-0.884838
-0.884777
-0.884754
-0.884706
-0.88473
-0.884634
-0.884658
-0.88461
-0.884634
-0.884598
-0.884574
-0.884538
-0.884574
-0.88449
-0.884478
-0.884454
-0.88443
-0.88449
-0.88437
-0.884382
-0.884358
-0.88437
-0.884298
-0.884358
-0.884274
-0.884238
-0.88419
-0.884226
-0.884154
-0.88419
-0.884118
-0.884106
-0.884106
-0.884058
-0.884046
-0.88401
-0.884034
-0.883986
-0.883926
-0.88389
-0.88389
-0.883878
-0.883854
-0.883806
-0.883794
-0.883734
-0.883734
-0.883674
-0.883698
-0.883662
-0.883674
-0.883638
-0.88365
-0.88365
-0.883638
-0.883578
-0.88359
-0.883494
-0.88353
-0.883446
-0.883482
-0.883446
-0.883446
-0.883398
-0.883422
-0.88341
-0.883386
-0.88335
-0.883386
-0.883314
-0.88335
-0.883278
-0.883266
-0.883254
-0.883278
-0.883266
-0.88323
-0.883254
-0.883194
-0.883158
-0.883134
-0.88317
-0.88311
-0.883087
-0.883038
-0.883074
-0.883038
-0.883026
-0.883014
-0.88305
-0.883014
-0.883062
-0.883002
-0.883038
-0.882978
-0.882942
-0.882954
-0.88293
-0.882906
-0.882918
-0.882882
-0.882894
-0.882858
-0.88287
-0.88287
-0.88287
-0.882798
-0.882786
-0.882786
-0.882822
-0.88281
-0.882774
-0.882798
-0.882786
-0.882738
-0.882774
-0.882762
-0.882726
-0.882762
-0.882738
-0.882738
-0.882774
-0.882774
-0.882786
-0.882774
-0.882798
-0.882762
-0.882762
-0.882786
-0.882774
-0.882786
-0.882774
-0.88275
-0.882774
-0.882738
-0.88275
-0.88275
-0.882774
-0.882762
-0.88275
-0.882762
-0.882762
-0.882786
-0.882786
-0.882774
-0.882762
-0.882774
-0.882774
-0.882762
-0.882774
-0.882786
-0.88275
-0.882762
-0.88281
-0.882774
-0.882774
-0.88275
-0.882774
-0.88275
-0.882798
-0.882762
-0.88275
-0.88275
-0.882786
-0.882762
-0.882786
-0.88275
-0.882762
-0.882774
-0.88275
-0.882762
-0.882786
-0.882774
-0.882762
-0.882786
-0.882762
-0.882798
-0.882774
-0.882762
-0.882774
-0.882786
-0.882762
-0.882774
-0.882762
-0.882726
-0.882786
-0.882762
-0.882786
-0.882762
-0.882762
-0.882786
-0.882738
-0.882774
-0.882762
-0.88275
-0.882786
-0.88275
-0.88275
-0.882762
-0.882762
-0.882774
-0.882774
-0.882762
-0.882774
-0.882762
-0.882762
-0.882786
-0.882786
-0.88275
-0.882786
-0.882738
-0.882798
-0.882762
-0.882774
-0.88275
-0.882774
-0.882738
-0.88275
-0.882774
-0.882762
-0.882738
-0.882762
-0.882774
-0.88275
-0.882798
-0.882738
-0.882798
-0.882798
-0.882762
-0.882726
-0.882774
-0.88275
-0.882762
-0.882774
-0.882738
-0.882798
-0.882762
-0.882762
-0.88275
-0.882774
-0.882774
-0.882786
-0.882774
-0.882762
-0.882786
-0.882762
-0.882762
-0.88275
-0.882762
-0.882762
-0.88275
-0.882786
-0.882762
-0.882786
-0.882762
-0.882798
-0.882774
-0.882762
-0.882762
-0.882762
-0.88275
-0.882774
-0.882774
-0.882774
-0.88275
-0.882774
-0.882762
-0.882822
-0.882738
-0.882774
-0.88275
-0.882762
-0.882774
-0.882774
-0.882798
-0.882774
-0.882762
-0.88275
-0.882774
-0.882762
-0.882774
-0.882762
-0.882762
-0.882774
-0.882774
-0.882762
-0.882786
-0.882786
-0.88275
-0.882762
-0.882774
-0.882774
-0.882774
-0.882774
-0.882774
-0.88275
-0.882774
-0.88275
-0.882774
-0.882774
-0.88275
-0.882762
-0.882774
-0.882774
-0.882786
-0.88275
-0.882774
-0.882786
-0.882786
-0.882738
-0.882774
-0.882726
-0.882738
-0.882762
-0.882786
-0.882774
-0.88275
-0.88275
-0.882774
-0.88275
-0.882786
-0.882798
-0.882762
-0.88281
-0.882786
-0.88281
-0.882798
-0.882822
-0.882882
-0.882858
-0.88293
-0.882906
-0.882918
-0.882954
-0.882978
-0.883038
-0.883038
-0.883038
-0.883122
-0.883134
-0.883134
-0.883134
-0.883194
-0.883182
-0.883182
-0.883206
-0.88329
-0.883278
-0.883254
-0.88329
-0.883326
-0.883374
-0.883338
-0.883398
-0.88341
-0.883446
-0.883494
-0.88347
-0.88347
-0.883494
-0.883518
-0.88359
-0.883578
-0.88365
-0.88365
-0.883662
-0.883674
-0.883662
-0.883746
-0.883734
-0.883758
-0.88377
-0.883794
-0.88377
-0.883794
-0.88383
-0.88383
-0.88389
-0.883926
-0.883926
-0.883926
-0.88395
-0.88395
-0.884022
-0.883998
-0.884034
-0.884046
-0.884106
-0.884142
-0.88413
-0.884154
-0.884238
-0.88419
-0.884238
-0.88431
-0.88431
-0.884322
-0.884298
-0.884358
-0.88437
-0.884394
-0.884394
-0.884442
-0.884454
-0.884502
-0.884502
-0.884502
-0.884526
-0.884514
-0.884646
-0.884622
-0.88461
-0.88461
-0.884658
-0.884693
-0.884706
-0.884718
-0.884826
-0.884826
-0.884838
-0.88479
-0.884838
-0.884862
-0.88491
-0.884958
-0.884958
-0.885018
-0.885053
-0.885065
-0.885114
-0.88509
-0.885138
-0.885162
-0.885198
-0.885258
-0.885282
-0.885282
-0.885318
-0.88533
-0.885402
-0.885402
-0.885414
-0.885462
-0.885462
-0.885486
-0.88551
-0.885606
-0.885606
-0.885618
-0.885653
-0.88575
-0.885774
-0.885822
-0.885798
-0.885798
-0.88581
-0.885858
-0.885882
-0.885978
-0.885966
-0.885989
-0.885978
-0.88605
-0.886133
-0.886122
-0.886133
-0.886158
-0.886145
-0.886205
-0.886289
-0.886278
-0.886338
-0.886289
-0.886361
-0.886397
-0.886433
-0.886505
-0.886494
-0.88653
-0.886505
-0.886613
-0.886638
-0.886649
-0.886649
-0.886685
-0.886758
-0.886793
-0.886793
-0.886805
-0.88683
-0.886842
-0.886914
-0.886961
-0.886937
-0.886973
-0.887033
-0.887045
-0.887069
-0.88713
-0.887142
-0.887189
-0.887214
-0.887261
-0.887297
-0.887297
-0.887333
-0.887406
-0.887406
-0.887393
-0.887465
-0.887537
-0.887549
-0.887549
-0.887585
-0.887657
-0.887681
-0.887669
-0.887705
-0.887777
-0.88779
-0.88779
-0.887873
-0.887909
-0.887933
-0.887993
-0.887993
-0.888029
-0.888029
-0.888078
-0.888078
-0.888161
-0.888137
-0.888221
-0.888233
-0.888257
-0.888269
-0.888353
-0.888341
-0.888377
-0.888401
-0.888461
-0.888485
-0.888509
-0.888509
-0.888545
-0.888569
-0.888593
-0.888665
-0.888665
-0.888689
-0.888701
-0.888809
-0.888833
-0.888857
-0.888905
-0.888892
-0.888988
-0.889025
-0.889049
-0.889061
-0.889073
-0.889097
-0.889133
-0.889169
-0.889192
-0.889229
-0.889301
-0.889324
-0.889348
-0.889372
-0.889421
-0.889505
-0.889457
-0.889468
-0.88954
-0.88954
-0.889564
-0.88966
-0.88966
-0.889685
-0.889733
-0.889781
-0.889793
-0.889829
-0.889852
-0.889829
-0.889912
-0.889948
-0.889961
-0.889973
-0.889961
-0.890009
-0.890069
-0.890117
-0.890069
-0.890105
-0.890152
-0.890249
-0.890272
-0.890236
-0.890296
-0.890332
-0.890381
-0.890405
-0.890453
-0.890477
-0.8905
-0.8905
-0.890465
-0.8905
-0.890465
-0.890488
-0.8905
-0.890152
-0.889564
-0.887489
-0.886001
-0.884226
-0.880579
-0.878767
-0.876883
-0.875036
-0.871448
-0.869565
-0.867754
-0.865918
-0.862403
-0.860615
-0.858827
-0.857028
-0.853477
-0.851749
-0.850022
-0.846375
-0.844611
-0.842788
-0.840928
-0.837305
-0.83553
-0.833743
-0.832063
-0.828489
-0.82664
-0.824889
-0.821338
-0.819551
-0.817812
-0.816013
-0.812486
-0.810674
-0.808815
-0.807051
-0.803489
-0.801738
-0.80019
-0.798391
-0.7949
-0.793137
-0.791362
-0.787944
-0.786228
-0.784429
-0.782642
-0.779019
-0.777149
-0.775409
-0.773562
-0.770191
-0.768536
-0.766797
-0.76513
-0.761616
-0.759828
-0.758149
-0.754755
-0.7531
-0.751396
-0.749694
-0.746143
-0.74438
-0.742557
-0.740902
-0.737604
-0.735985
-0.734282
-0.732519
-0.729245
-0.727578
-0.725899
-0.722697
-0.721006
-0.719314
-0.717635
-0.714254
-0.712515
-0.710848
-0.709277
-0.70611
-0.704456
-0.702933
-0.699599
-0.698004
-0.696397
-0.694826
-0.691804
-0.690245
-0.688626
-0.687055
-0.683817
-0.68227
-0.680772
-0.679224
-0.676215
-0.674716
-0.673241
-0.670207
-0.66878
-0.667353
-0.665819
-0.662964
-0.661537
-0.660075
-0.658611
-0.65559
-0.654115
-0.652664
-0.651285
-0.648431
-0.647053
-0.645685
-0.642964
-0.641585
-0.640302
-0.638911
-0.636236
-0.634954
-0.633635
-0.632316
-0.629726
-0.628432
-0.627148
-0.625949
-0.623468
-0.622232
-0.621022
-0.618516
-0.617257
-0.616046
-0.614871
-0.612641
-0.611502
-0.610387
-0.609284
-0.607078
-0.605999
-0.604872
-0.603829
-0.601718
-0.600735
-0.599753
-0.597774
-0.596743
-0.595712
-0.594765
-0.592811
-0.591852
-0.590905
-0.590029
-0.588231
-0.587308
-0.586433
-0.584742
-0.583927
-0.583076
-0.582309
-0.580738
-0.580007
-0.579215
-0.57852
-0.57701
-0.576302
-0.575535
-0.574876
-0.573545
-0.572874
-0.572286
-0.571039
-0.570476
-0.570044
-0.569481
-0.568426
-0.567887
-0.567383
-0.566916
-0.565933
-0.565513
-0.565069
-0.564686
-0.563883
-0.563475
-0.563139
-0.56248
-0.562168
-0.561868
-0.561569
-0.561125
-0.560886
-0.56061
-0.560418
-0.560083
-0.559867
-0.559735
-0.559615
-0.559375
-0.559255
-0.559195
-0.558992
-0.558992
-0.558968
-0.55898
-0.559051
-0.559111
-0.559148
-0.559183
-0.559411
-0.559615
-0.559639
-0.559758
-0.560035
-0.560214
-0.560406
-0.560777
-0.560933
-0.561197
-0.561389
-0.561893
-0.56224
-0.562504
-0.562816
-0.563487
-0.563799
-0.564206
-0.564997
-0.565393
-0.565801
-0.566268
-0.56724
-0.567719
-0.568222
-0.568738
-0.569889
-0.570464
-0.571015
-0.571603
-0.57279
-0.573401
-0.574097
-0.575355
-0.576002
-0.57671
-0.577393
-0.57876
-0.579491
-0.580234
-0.581014
-0.582585
-0.583375
-0.584215
-0.58497
-0.586624
-0.587572
-0.588471
-0.590233
-0.591109
-0.592055
-0.592931
-0.594717
-0.595556
-0.596491
-0.597427
-0.599273
-0.600232
-0.601191
-0.602174
-0.604201
-0.605183
-0.606167
-0.608252
-0.60926
-0.610351
-0.61143
-0.613708
-0.614799
-0.61595
-0.617077
-0.619451
-0.62059
-0.621753
-0.622988
-0.625326
-0.626441
-0.627568
-0.629834
-0.630986
-0.632209
-0.633384
-0.635865
-0.637076
-0.638312
-0.639546
-0.642041
-0.643311
-0.644606
-0.645901
-0.648503
-0.649858
-0.651237
-0.653899
-0.655254
-0.656597
-0.657868
-0.660435
-0.661705
-0.662988
-0.664307
-0.666993
-0.66836
-0.669656
-0.672389
-0.673745
-0.675148
-0.676575
-0.679416
-0.680903
-0.682366
-0.683793
-0.686539
-0.687954
-0.68937
-0.690749
-0.693615
-0.69497
-0.696433
-0.699311
-0.700726
-0.702201
-0.703652
-0.706567
-0.708065
-0.709516
-0.711063
-0.714169
-0.715657
-0.717192
-0.718667
-0.721521
-0.722936
-0.724399
-0.72729
-0.728765
-0.730204
-0.731667
-0.734666
-0.736117
-0.737688
-0.739259
-0.742389
-0.743985
-0.745604
-0.748782
-0.750281
-0.751745
-0.75322
-0.756194
-0.757694
-0.759265
-0.760812
-0.763823
-0.765346
-0.766881
-0.768392
-0.771523
-0.773142
-0.774761
-0.77794
-0.779619
-0.781178
-0.78269
-0.785749
-0.787236
-0.788675
-0.790211
-0.793257
-0.794804
-0.796388
-0.797923
-0.801066
-0.802662
-0.804209
-0.807544
-0.809163
-0.810794
-0.812402
-0.815412
-0.81702
-0.81852
-0.819995
-0.823186
-0.824782
-0.826293
-0.827925
-0.83102
-0.832615
-0.834186
-0.837437
-0.839105
-0.84076
-0.842428
-0.845535
-0.847106
-0.848594
-0.850166
-0.853225
-0.854773
-0.856344
-0.859536
-0.861071
-0.862655
-0.864286
-0.86755
-0.869193
-0.870909
-0.872528
-0.875756
-0.877327
-0.878875
-0.880519
-0.883602
-0.88521
-0.88671
-0.889912
-0.891508
-0.893044
-0.894688
-0.897843
-0.899535
-0.901154
-0.902847
-0.906134
-0.907658
-0.90923
-0.910765
-0.913801
-0.915361
-0.916945
-0.920076
-0.92166
-0.923268
-0.924816
-0.928068
-0.929663
-0.931355
-0.933035
-0.936287
-0.937943
-0.939478
-0.941063
-0.944146
-0.945694
-0.947314
-0.950422
-0.952066
-0.953638
-0.955246
-0.958438
-0.960058
-0.961474
-0.963238
-0.96661
-0.968242
-0.969802
-0.971398
-0.974482
-0.976006
-0.977542
-0.980638
-0.982259
-0.983867
-0.985403
-0.988631
-0.990215
-0.991835
-0.993515
-0.996875
-0.998483
-1.00008
-1.00165
-1.00478
-1.00636
-1.00788
-1.01106
-1.01266
-1.01424
-1.01587
-1.01903
-1.0207
-1.02231
-1.02391
-1.02727
-1.02901
-1.03054
-1.03216
-1.0352
-1.03682
-1.03834
-1.0414
-1.04297
-1.04448
-1.04614
-1.04931
-1.05086
-1.05251
-1.05409
-1.0574
-1.05916
-1.06075
-1.06238
-1.06554
-1.06711
-1.06868
-1.07184
-1.07341
-1.07501
-1.0766
-1.07986
-1.08138
-1.08293
-1.08461
-1.08785
-1.08946
-1.09116
-1.09277
-1.09594
-1.09747
-1.09906
-1.10217
-1.1037
-1.10526
-1.10679
-1.10999
-1.11165
-1.11319
-1.1148
-1.11805
-1.11972
-1.1214
-1.12308
-1.12631
-1.12788
-1.12948
-1.13262
-1.13417
-1.13576
-1.13732
-1.14057
-1.14222
-1.14377
-1.14537
-1.1486
-1.15026
-1.15193
-1.15522
-1.15678
-1.15839
-1.15996
-1.16308
-1.16459
-1.16606
-1.16768
-1.17081
-1.17241
-1.17404
-1.17561
-1.17881
-1.18046
-1.18219
-1.18545
-1.18706
-1.18869
-1.19027
-1.19335
-1.195
-1.19653
-1.19808
-1.20121
-1.20287
-1.20445
-1.20606
-1.20927
-1.21086
-1.21252
-1.21587
-1.21753
-1.2191
-1.22073
-1.22383
-1.2254
-1.22694
-1.22843
-1.23157
-1.23315
-1.23476
-1.23799
-1.23952
-1.24117
-1.24281
-1.24613
-1.2478
-1.24937
-1.251
-1.25414
-1.25574
-1.25731
-1.25885
-1.26198
-1.26359
-1.26517
-1.26842
-1.27
-1.27159
-1.27326
-1.27651
-1.27796
-1.27971
-1.28126
-1.28443
-1.28599
-1.28761
-1.28914
-1.2922
-1.29375
-1.29532
-1.29852
-1.30015
-1.30164
-1.30328
-1.30657
-1.30828
-1.3099
-1.31152
-1.31476
-1.31636
-1.31792
-1.31952
-1.32256
-1.32417
-1.3258
-1.32898
-1.3306
-1.33216
-1.33371
-1.33693
-1.33856
-1.34025
-1.34189
-1.34505
-1.34667
-1.34824
-1.35132
-1.35288
-1.35436
-1.35594
-1.35914
-1.36078
-1.36235
-1.36392
-1.36713
-1.3688
-1.37045
-1.37207
-1.37528
-1.37692
-1.37854
-1.38167
-1.38325
-1.38476
-1.38629
-1.38951
-1.39112
-1.39273
-1.39428
-1.39744
-1.39908
-1.40065
-1.40236
-1.40565
-1.40719
-1.40886
-1.41196
-1.41352
-1.41508
-1.41657
-1.41977
-1.42131
-1.42296
-1.42458
-1.42771
-1.42932
-1.43098
-1.43271
-1.43595
-1.43755
-1.43912
-1.44228
-1.44383
-1.44539
-1.44693
-1.45007
-1.45167
-1.45327
-1.45493
-1.45809
-1.45966
-1.46125
-1.46289
-1.4662
-1.46778
-1.4694
-1.47262
-1.47417
-1.4757
-1.47723
-1.48026
-1.48187
-1.48348
-1.48501
-1.48815
-1.48971
-1.49136
-1.49297
-1.49624
-1.49789
-1.49946
-1.50266
-1.50427
-1.50589
-1.50741
-1.51051
-1.5121
-1.51374
-1.51532
-1.51852
-1.52013
-1.52165
-1.52487
-1.52654
-1.52816
-1.52971
-1.53295
-1.53454
-1.53609
-1.53765
-1.5405
-1.54214
-1.54371
-1.54532
-1.54847
-1.55004
-1.55161
-1.55482
-1.55647
-1.55805
-1.55966
-1.56293
-1.56455
-1.56617
-1.56776
-1.57086
-1.57243
-1.57394
-1.57555
-1.57873
-1.58032
-1.58186
-1.58503
-1.58663
-1.58829
-1.58986
-1.59297
-1.59426
-1.59518
-1.59583
-1.59636
-1.59623
-1.59614
-1.59613
-1.59612
-1.59612
-1.59613
-1.59611
-1.59606
-1.59607
-1.59604
-1.59601
-1.59602
-1.59601
-1.59589
-1.59588
-1.59589
-1.59586
-1.59584
-1.59582
-1.59576
-1.59577
-1.59575
-1.59572
-1.59575
-1.5957
-1.59574
-1.59572
-1.59571
-1.59571
-1.59572
-1.59571
-1.59568
-1.59568
-1.59571
-1.59571
-1.59568
-1.59569
-1.5957
-1.59569
-1.59566
-1.59568
-1.59569
-1.59566
-1.59568
-1.59564
-1.59566
-1.5957
-1.59568
-1.59565
-1.59571
-1.59565
-1.59566
-1.59568
-1.59566
-1.59565
-1.59566
-1.59568
-1.59568
-1.59568
-1.59566
-1.59568
-1.59564
-1.59568
-1.59569
-1.59568
-1.59568
-1.59568
-1.5957
-1.59569
-1.59569
-1.59566
-1.59569
-1.59566
-1.59568
-1.59569
-1.59568
-1.59566
-1.59569
-1.59568
-1.59569
-1.59569
-1.59568
-1.59568
-1.59569
-1.59569
-1.59569
-1.59571
-1.59569
-1.59571
-1.5957
-1.59572
-1.59569
-1.59571
-1.59569
-1.59572
-1.5957
-1.59568
-1.59571
-1.59571
-1.59574
-1.5957
-1.59571
-1.5957
-1.59571
-1.59571
-1.59571
-1.59574
-1.59571
-1.59569
-1.59571
-1.59571
-1.59571
-1.5957
-1.59571
-1.5957
-1.5957
-1.59572
-1.5957
-1.5957
-1.59571
-1.59569
-1.5957
-1.59571
-1.59571
-1.5957
-1.59574
-1.5957
-1.59571
-1.59568
-1.5957
-1.59574
-1.59574
-1.5957
-1.59572
-1.5957
-1.5957
-1.5957
-1.59569
-1.59571
-1.5957
-1.59572
-1.5957
-1.59571
-1.5957
-1.59571
-1.59571
-1.59576
-1.5957
-1.59571
-1.59571
-1.59572
-1.59571
-1.59574
-1.5957
-1.59571
-1.5957
-1.59571
-1.59574
-1.59572
-1.59571
-1.5957
-1.59575
-1.59571
-1.59572
-1.59575
-1.59574
-1.59572
-1.59572
-1.5957
-1.59575
-1.59575
-1.5957
-1.59572
-1.59571
-1.59569
-1.59571
-1.5957
-1.59572
-1.5957
-1.59571
-1.59572
-1.59572
-1.59568
-1.5957
-1.5957
-1.59574
-1.59572
-1.59574
-1.5957
-1.5957
-1.59568
-1.59568
-1.59571
-1.59572
-1.59569
-1.59571
-1.59569
-1.59575
-1.59568
-1.59571
-1.5957
-1.5957
-1.59572
-1.59574
-1.5957
-1.59571
-1.59571
-1.59569
-1.5957
-1.59569
-1.59575
-1.59569
-1.59571
-1.5957
-1.59574
-1.59575
-1.59575
-1.59568
-1.59572
-1.59572
-1.59569
-1.59571
-1.5957
-1.5957
-1.59571
-1.59571
-1.59568
-1.5957
-1.59574
-1.59571
-1.59574
-1.59569
-1.59571
-1.59568
-1.59571
-1.5957
-1.59572
-1.59571
-1.59572
-1.59571
-1.5957
-1.59569
-1.59568
-1.59572
-1.59574
-1.5957
-1.59571
-1.59572
-1.5957
-1.59571
-1.59571
-1.59572
-1.59569
-1.59569
-1.59571
-1.5957
-1.5957
-1.5957
-1.59571
-1.59571
-1.59568
-1.59569
-1.59572
-1.59574
-1.59571
-1.5957
-1.59566
-1.59572
-1.59572
-1.5957
-1.59571
-1.59569
-1.59572
-1.59572
-1.5957
-1.59568
-1.59571
-1.5957
-1.59572
-1.59569
-1.59569
-1.59576
-1.59571
-1.59574
-1.59574
-1.59572
-1.59575
-1.59572
-1.59571
-1.59571
-1.59574
-1.59574
-1.5957
-1.59574
-1.5957
-1.59572
-1.59574
-1.59571
-1.5957
-1.59572
-1.59572
-1.59571
-1.59572
-1.59571
-1.5957
-1.5957
-1.59571
-1.59572
-1.59568
-1.5957
-1.59572
-1.59574
-1.59571
-1.5957
-1.5957
-1.5957
-1.59572
-1.5957
-1.59571
-1.59574
-1.59572
-1.59571
-1.5957
-1.59571
-1.59571
-1.59571
-1.59571
-1.59571
-1.59574
-1.59572
-1.59572
-1.5957
-1.59571
-1.59569
-1.59572
-1.59569
-1.59572
-1.59572
-1.5957
-1.5957
-1.5957
-1.59571
-1.59572
-1.59571
-1.59572
-1.59571
-1.59574
-1.59571
-1.59572
-1.59571
-1.59572
-1.59572
-1.5957
-1.5957
-1.59572
-1.59572
-1.59569
-1.59571
-1.59571
-1.59574
-1.59571
-1.59571
-1.59571
-1.59571
-1.5957
-1.5957
-1.59569
-1.59569
-1.59572
-1.5957
-1.59571
-1.59572
-1.59568
-1.5957
-1.59572
-1.5957
-1.59572
-1.59574
-1.59574
-1.5957
-1.59572
-1.59575
