-0.65237
-0.65237
-0.652358
-0.652334
-0.652346
-0.652406
-0.652382
-0.65237
-0.652346
-0.652346
-0.652346
-0.652346
-0.652346
-0.652346
-0.652346
-0.652358
-0.652322
-0.65237
-0.652358
-0.65237
-0.652346
-0.652358
-0.652346
-0.652382
-0.652382
-0.652358
-0.652358
-0.65237
-0.652358
-0.65237
-0.652346
-0.652346
-0.652358
-0.652394
-0.65237
-0.652358
-0.652382
-0.65237
-0.65237
-0.652358
-0.652382
-0.652346
-0.652358
-0.652358
-0.652346
-0.652382
-0.65237
-0.65237
-0.652382
-0.652346
-0.652346
-0.652346
-0.652382
-0.652346
-0.652346
-0.65237
-0.652334
-0.65237
-0.652358
-0.652334
-0.652334
-0.652346
-0.652358
-0.652358
-0.65237
-0.652346
-0.65237
-0.652346
-0.652406
-0.652334
-0.652358
-0.65237
-0.652334
-0.652358
-0.652382
-0.652346
-0.652382
-0.65237
-0.65237
-0.65237
-0.652382
-0.652334
-0.65237
-0.652358
-0.652346
-0.652394
-0.65237
-0.652346
-0.652334
-0.652334
-0.652382
-0.652346
-0.652334
-0.652358
-0.652322
-0.652358
-0.65237
-0.652346
-0.652382
-0.652382
-0.652382
-0.652394
-0.652346
-0.652346
-0.65237
-0.652358
-0.652334
-0.652334
-0.652346
-0.652358
-0.652346
-0.652382
-0.652346
-0.652346
-0.652346
-0.652382
-0.65237
-0.652406
-0.652346
-0.65237
-0.652346
-0.652358
-0.652358
-0.65237
-0.652346
-0.65237
-0.652382
-0.652346
-0.652358
-0.652358
-0.652346
-0.652382
-0.652382
-0.652358
-0.652334
-0.652382
-0.65237
-0.652394
-0.652346
-0.652382
-0.652358
-0.652322
-0.652334
-0.652358
-0.652346
-0.652382
-0.65237
-0.65237
-0.652346
-0.65237
-0.652322
-0.652382
-0.652346
-0.652382
-0.652358
-0.652358
-0.652358
-0.652334
-0.65237
-0.65237
-0.652346
-0.652358
-0.652346
-0.652358
-0.65237
-0.652334
-0.65237
-0.652346
-0.652358
-0.65237
-0.652346
-0.652382
-0.65237
-0.652394
-0.652334
-0.65237
-0.652358
-0.652358
-0.652358
-0.652382
-0.652358
-0.652346
-0.652346
-0.652346
-0.652322
-0.652358
-0.652358
-0.652382
-0.652346
-0.652346
-0.652346
-0.652346
-0.65237
-0.652382
-0.652346
-0.652358
-0.652346
-0.652358
-0.652346
-0.652358
-0.652346
-0.65237
-0.652358
-0.652382
-0.652346
-0.65237
-0.65237
-0.652382
-0.652358
-0.65237
-0.652334
-0.652346
-0.652346
-0.652382
-0.652382
-0.65237
-0.652382
-0.652406
-0.65237
-0.652334
-0.652346
-0.652346
-0.65231
-0.652358
-0.65237
-0.652346
-0.652358
-0.65237
-0.652358
-0.652358
-0.652382
-0.652346
-0.65237
-0.652346
-0.652358
-0.652358
-0.652382
-0.652346
-0.652334
-0.652334
-0.652334
-0.652358
-0.652346
-0.65237
-0.651902
-0.650943
-0.649707
-0.64594
-0.643409
-0.640806
-0.638323
-0.633357
-0.630921
-0.628534
-0.626099
-0.621276
-0.618865
-0.616513
-0.614078
-0.609208
-0.606892
-0.604493
-0.599778
-0.597474
-0.595171
-0.592892
-0.588333
-0.586029
-0.58375
-0.581398
-0.576779
-0.574499
-0.57222
-0.56994
-0.565502
-0.563269
-0.561062
-0.556682
-0.554463
-0.552183
-0.549904
-0.545392
-0.54316
-0.540905
-0.538685
-0.534437
-0.532278
-0.53013
-0.528006
-0.523722
-0.521563
-0.519427
-0.515119
-0.513031
-0.510919
-0.508796
-0.504656
-0.502508
-0.500516
-0.498356
-0.494228
-0.492128
-0.490028
-0.487868
-0.483668
-0.48164
-0.479612
-0.47558
-0.47354
-0.471608
-0.469603
-0.465655
-0.463699
-0.461695
-0.459727
-0.455683
-0.453667
-0.451662
-0.447762
-0.445806
-0.443838
-0.441881
-0.438065
-0.436133
-0.434237
-0.432329
-0.428452
-0.426508
-0.424564
-0.422631
-0.418779
-0.416918
-0.41507
-0.411373
-0.409585
-0.407761
-0.405901
-0.40218
-0.400379
-0.398495
-0.396659
-0.392962
-0.391126
-0.389277
-0.387501
-0.383937
-0.382136
-0.380384
-0.37689
-0.375054
-0.37329
-0.37149
-0.367985
-0.366208
-0.364444
-0.362572
-0.359031
-0.35729
-0.355598
-0.353857
-0.350436
-0.348744
-0.347123
-0.345431
-0.342058
-0.340401
-0.338733
-0.335384
-0.333667
-0.332035
-0.330378
-0.326933
-0.32524
-0.323644
-0.321987
-0.31877
-0.31709
-0.315505
-0.313885
-0.310656
-0.309035
-0.30745
-0.304161
-0.302588
-0.300908
-0.299276
-0.296046
-0.294485
-0.292901
-0.291376
-0.288327
-0.286838
-0.285326
-0.283813
-0.280788
-0.279216
-0.277667
-0.274593
-0.273045
-0.271509
-0.269924
-0.266886
-0.265385
-0.263837
-0.262324
-0.259383
-0.25787
-0.256406
-0.254929
-0.252035
-0.250583
-0.249154
-0.246285
-0.244808
-0.243343
-0.241878
-0.238961
-0.237449
-0.236044
-0.234543
-0.231614
-0.230233
-0.228769
-0.227399
-0.22465
-0.22327
-0.221889
-0.219187
-0.217759
-0.216474
-0.215033
-0.2125
-0.211011
-0.209595
-0.208262
-0.205416
-0.204036
-0.202679
-0.199953
-0.198608
-0.197324
-0.195967
-0.193385
-0.192041
-0.19072
-0.189459
-0.186818
-0.185497
-0.184176
-0.182855
-0.180226
-0.178941
-0.177584
-0.174942
-0.173646
-0.172349
-0.171089
-0.168531
-0.167246
-0.166034
-0.164772
-0.162311
-0.161086
-0.159849
-0.158661
-0.156164
-0.154903
-0.153702
-0.151132
-0.149872
-0.148647
-0.14741
-0.14496
-0.143723
-0.142535
-0.141298
-0.138897
-0.137671
-0.136447
-0.135294
-0.132964
-0.1318
-0.130587
-0.128294
-0.127092
-0.125928
-0.124763
-0.122409
-0.12128
-0.120091
-0.118951
-0.116586
-0.115421
-0.114231
-0.111938
-0.110785
-0.109597
-0.108444
-0.106186
-0.105033
-0.103965
-0.102836
-0.100639
-0.0995577
-0.0984643
-0.0973838
-0.0952461
-0.0941656
-0.0930613
-0.0919684
-0.0897706
-0.0886896
-0.0875853
-0.0853751
-0.0842941
-0.0832012
-0.0820969
-0.0799354
-0.0788906
-0.0777858
-0.0767286
-0.0746153
-0.0735706
-0.0725377
-0.0704845
-0.0694273
-0.0683826
-0.067386
-0.0653442
-0.0642999
-0.0632666
-0.062198
-0.0601686
-0.0591238
-0.0580905
-0.0570696
-0.0550044
-0.0539954
-0.0528906
-0.0508493
-0.0498884
-0.0487955
-0.0478347
-0.0458291
-0.0448564
-0.0438474
-0.0428751
-0.0409291
-0.0399926
-0.0390199
-0.0380471
-0.0361493
-0.0352247
-0.0342758
-0.0323427
-0.0313819
-0.0303972
-0.0294603
-0.0275267
-0.0265539
-0.025605
-0.024668
-0.0226868
-0.021786
-0.0208734
-0.0189517
-0.0180028
-0.0170782
-0.0161293
-0.0142677
-0.0133312
-0.0124181
-0.0114697
-0.00966818
-0.00880319
-0.00784237
-0.00696546
-0.00511581
-0.00419122
-0.00329048
-0.00152523
-0.000635926
0.000252043
0.00116509
0.00296647
0.00384357
0.00475586
0.00564457
0.0073864
0.00833503
0.00919977
0.0101005
0.0118782
0.012719
0.0136676
0.0153971
0.0162742
0.0171389
0.0180393
0.0197331
0.0206099
0.0214143
0.0222551
0.023937
0.0247534
0.0255942
0.026387
0.0280083
0.028885
0.0297018
0.0313114
0.0321761
0.0330529
0.0338453
0.0355512
0.0363796
0.0371844
0.0380252
0.0396824
0.0405112
0.0413523
0.0421687
0.0438143
0.0446191
0.0454116
0.0470452
0.0478137
0.0486309
0.0494357
0.051009
0.0517898
0.0525823
0.0533392
0.0548765
0.0557173
0.0564498
0.0580355
0.05878
0.0595848
0.0602335
0.0611102
0.0613622
0.0614585
0.0613742
0.0612903
0.0612903
0.0612783
0.0612783
0.0612424
0.0612664
0.0612783
0.0612664
0.0612184
0.0612544
0.0612424
0.0612184
0.0612184
0.0611944
0.0612064
0.0611821
0.0611944
0.0611342
0.0611342
0.0611102
0.0610982
0.0610858
0.0610499
0.0610499
0.0610499
0.0610379
0.0610379
0.0610259
0.0609896
0.0609297
0.0609656
0.0609417
0.0609776
0.0609177
0.0609177
0.0608817
0.0609417
0.0608218
0.0608578
0.0608698
0.0608458
0.0607975
0.0608098
0.0607855
0.0607615
0.0607615
0.0607495
0.0607615
0.0607615
0.0607016
0.0606656
0.0606776
0.0606177
0.0606656
0.0606656
0.0606537
0.0606297
0.0606054
0.0605694
0.0605574
0.0605215
0.0605215
0.0605334
0.0604975
0.0605215
0.0605095
0.0604735
0.0604496
0.0604136
0.0604136
0.0604136
0.0603776
0.0603896
0.0603297
0.0603417
0.0603417
0.0603297
0.0603537
0.0602814
0.0602694
0.0602574
0.0602335
0.0602095
0.0602095
0.0601855
0.0601855
0.0601616
0.0601616
0.0601376
0.0601252
0.0601013
0.0601013
0.0600893
0.0600773
0.0600533
0.0600413
0.0600174
0.0600413
0.0599934
0.0599575
0.0599455
0.0599455
0.0599455
0.0599455
0.0599208
0.0598968
0.0599208
0.0599208
0.0598968
0.0598129
0.0598129
0.0598369
0.059765
0.0598129
0.0597769
0.0597286
0.0597769
0.0597889
0.0597889
0.0597166
0.0597047
0.0596927
0.0597047
0.0596447
0.0596328
0.0596088
0.0596447
0.0596328
0.0595968
0.0596208
0.0595968
0.0595728
0.0595485
0.0595485
0.0595365
0.0594766
0.0594766
0.0594886
0.0594886
0.0594526
0.0594646
0.0594406
0.0594167
0.0594047
0.0594047
0.0593807
0.0593687
0.0593807
0.0593564
0.0593084
0.0592964
0.0592964
0.0592485
0.0592964
0.0592485
0.0592365
0.0592245
0.0592126
0.0591766
0.0591523
0.0591283
0.0591163
0.0591283
0.0591043
0.0590804
0.0590684
0.0590923
0.0590564
0.0590324
0.0590204
0.0590204
0.0590444
0.0590324
0.0589721
0.0589721
0.0589362
0.0589242
0.0589122
0.0589601
0.0589122
0.0589242
0.0588882
0.0589122
0.0588643
0.0588283
0.0587924
0.0588403
0.0588163
0.05878
0.0588163
0.058756
0.05878
0.05878
0.0587321
0.0586598
0.0586718
0.0586598
0.0586718
0.0586478
0.0586598
0.0586598
0.0586598
0.0585999
0.0586119
0.0585755
0.0585156
0.0585516
0.0584796
0.0584796
0.0585036
0.0585156
0.0584677
0.0584677
0.0584077
0.0584197
0.0584437
0.0584437
0.0584197
0.0583954
0.0583954
0.0583235
0.0583355
0.0582995
0.0582755
0.0582636
0.0582995
0.0582276
0.0582516
0.0582396
0.0582033
0.0582276
0.0581553
0.0581913
0.0581673
0.0581673
0.0581314
0.0580834
0.0580954
0.0580834
0.0580714
0.0580595
0.0580595
0.0580235
0.0580235
0.0580111
0.0580355
0.0579872
0.0580355
0.0579992
0.0579632
0.0579033
0.0578793
0.0579153
0.0578793
0.0578434
0.0579033
0.0578434
0.0578553
0.0578314
0.0578314
0.0577951
0.0577471
0.0577471
0.0577351
0.0576992
0.0577351
0.0577471
0.0577231
0.0577112
0.0576872
0.0576632
0.0576512
0.0576269
0.0576149
0.0575909
0.057579
0.0575909
0.057567
0.057567
0.057567
0.057567
0.0575306
0.0574707
0.0574344
0.0574344
0.0574587
0.0574707
0.0574344
0.0574224
0.0574344
0.0573984
0.0573865
0.0573984
0.0573146
0.0573385
0.0573385
0.0573265
0.0572906
0.0573146
0.0572546
0.0572423
0.0572063
0.0571704
0.0572063
0.0572063
0.0571824
0.0571943
0.0571584
0.0571464
0.0571344
0.0570985
0.0570625
0.0570502
0.0570625
0.0570745
0.0570745
0.0570502
0.0570262
0.0570625
0.0570745
0.0569902
0.0569183
0.0569423
0.0569183
0.0569423
0.0569183
0.0569303
0.0569183
0.0568824
0.056858
0.0568704
0.0568341
0.0567861
0.0567981
0.0567981
0.0567741
0.0567981
0.0567502
0.0567382
0.0567142
0.0566659
0.0567142
0.0566903
0.0566783
0.0566903
0.05663
0.0566783
0.0566539
0.056594
0.0565461
0.0565581
0.05657
0.0565461
0.0565341
0.0565461
0.0565221
0.0564981
0.0564981
0.0565221
0.0564139
0.0564139
0.0564139
0.0564019
0.0564139
0.0563899
0.0564019
0.0563416
0.0563656
0.0563656
0.0563056
0.0562937
0.0563176
0.0562813
0.0562453
0.0562214
0.0562453
0.0562334
0.0561974
0.0561854
0.0561734
0.0561614
0.0561135
0.0561135
0.0561375
0.0561255
0.0561135
0.0561015
0.0560892
0.0561015
0.0560652
0.0560532
0.0560053
0.0559693
0.0559573
0.0559334
0.0559813
0.0559933
0.0559813
0.0559693
0.0559573
0.0559094
0.0559334
0.0559094
0.0558611
0.0558491
0.0558132
0.0558491
0.0558132
0.0558491
0.0558251
0.0558371
0.0557772
0.0557772
0.0557532
0.0557532
0.0557173
0.0557293
0.0556929
0.0557049
0.055657
0.055657
0.055621
0.0555851
0.0555971
0.0555611
0.0555851
0.0555851
0.0555971
0.0555491
0.0555611
0.0555491
0.0555371
0.0555008
0.0554529
0.0554529
0.0554529
0.0554409
0.0554289
0.0554409
0.0554049
0.0554049
0.055381
0.055369
0.055345
0.0552971
0.0552851
0.0552731
0.0552851
0.0552731
0.0552851
0.0552731
0.0552731
0.0552492
0.0552248
0.0552372
0.0552372
0.0551889
0.0551649
0.0551529
0.0551166
0.0551409
0.0551046
0.0550926
0.0550926
0.0551286
0.0551166
0.0551046
0.0550686
0.0550323
0.0549964
0.0550083
0.0549484
0.0549604
0.0549484
0.0549844
0.0549484
0.0549604
0.0549364
0.0549005
0.0549005
0.0548885
0.0548645
0.0548885
0.0548645
0.0548282
0.0548645
0.0547683
0.0547923
0.0547803
0.0547683
0.0547563
0.0547323
0.0547084
0.0547443
0.0547803
0.0547563
0.0547323
0.0546844
0.0547203
0.0546604
0.0546241
0.0545642
0.0546361
0.0546121
0.0545642
0.0545881
0.0545881
0.0545762
0.0545762
0.0545762
0.0545518
0.0545518
0.0545398
0.0545159
0.0545039
0.0544799
0.0544679
0.054444
0.0544799
0.054408
0.054444
0.05442
0.0543477
0.0543721
0.0543721
0.0543357
0.0543477
0.0543477
0.0542998
0.0543118
0.0542998
0.0542758
0.0542758
0.0542998
0.0542878
0.0542638
0.0542518
0.0541919
0.0541676
0.0541799
0.0541799
0.0541799
0.0541676
0.0541676
0.0541799
0.0541799
0.0541436
0.0541556
0.0541799
0.0541077
0.0541196
0.0541196
0.0541077
0.0540597
0.0540477
0.0540357
0.0540597
0.0540477
0.0540357
0.0540477
0.0540118
0.0540118
0.0540118
0.0540118
0.0539631
0.0539271
0.0538912
0.0539391
0.0539271
0.0538792
0.0539032
0.0539032
0.0539152
0.0538912
0.0539032
0.0538792
0.0539032
0.0538912
0.0539032
0.0538912
0.0538672
0.0538552
0.0538672
0.0539032
0.0538792
0.0538792
0.0538552
0.0538552
0.0538672
0.0538552
0.0538912
0.0538672
0.0538792
0.0538552
0.0538912
0.0538433
0.0538672
0.0538672
0.0538672
0.0538792
0.0538792
0.0538193
0.0538672
0.0538672
0.0538672
0.0538672
0.0539032
0.0538672
0.0538672
0.0539032
0.0538672
0.0538672
0.0538552
0.0538552
0.0538433
0.0539032
0.0538792
0.0538792
0.0539032
0.0538672
0.0538672
0.0538672
0.0538672
0.0538552
0.0538792
0.0538552
0.0538672
0.0538672
0.0538672
0.0538912
0.0538552
0.0538912
0.0538672
0.0539152
0.0538552
0.0538672
0.0538792
0.0538552
0.0538792
0.0538552
0.0538912
0.0538672
0.0538552
0.0538912
0.0539032
0.0538552
0.0538792
0.0538672
0.0538552
0.0538792
0.0538672
0.0538792
0.0538672
0.0538672
0.0538552
0.0538552
0.0538672
0.0538792
0.0539032
0.0538672
0.0538433
0.0538672
0.0538912
0.0538672
0.0538313
0.0538672
0.0538552
0.0538672
0.0538433
0.0538672
0.0538552
0.0538792
0.0539032
0.0538672
0.0538552
0.0538193
0.0538552
0.0538672
0.0538672
0.0539032
0.0538792
0.0538552
0.0538672
0.0538552
0.0538672
0.0538672
0.0538912
0.0538912
0.0538433
0.0538433
0.0538912
0.0538552
0.0538552
0.0538552
0.0538552
0.0538672
0.0538912
0.0538313
0.0538792
0.0538792
0.0538672
0.0538672
0.0538672
0.0538792
0.0538912
0.0538912
0.0538792
0.0538552
0.0538912
0.0538433
0.0538552
0.0538672
0.0538672
0.0538552
0.0538552
0.0538433
0.0538792
0.0538672
0.0538552
0.0538912
0.0538552
0.0538552
0.0538672
0.0538672
0.0538672
0.0538792
0.0538672
0.0538912
0.0538672
0.0538792
0.0538912
0.0538672
0.0538672
0.0538672
0.0538433
0.0538672
0.0538313
0.0538792
0.0538433
0.0538552
0.0538433
0.0538672
0.0538552
0.0538792
0.0538313
0.0538672
0.0538792
0.0538313
0.0538552
0.0538552
0.0538792
0.0538792
0.0538433
0.0538792
0.0538552
0.0538552
0.0538552
0.0538672
0.0538433
0.0538433
0.0538672
0.0538552
0.0538552
0.0538792
0.0538552
0.0538912
0.0538552
0.0538552
0.0538792
0.0538313
0.0538912
0.0538433
0.0538912
0.0538552
0.0538792
0.0538552
0.0538672
0.0538552
0.0538313
0.0538672
0.0538433
0.0538672
0.0538433
0.0538792
0.0538433
0.0538672
0.0538912
0.0538672
0.0538792
0.0538672
0.0538792
0.0538552
0.0538912
0.0539032
0.0538792
0.0538912
0.0539032
0.0539271
0.0539511
0.0539511
0.0539391
0.0539631
0.0539511
0.0539751
0.0539998
0.0540357
0.0540477
0.0540717
0.0540957
0.0541077
0.0540837
0.0541077
0.0541316
0.0541316
0.0541676
0.0541676
0.0542279
0.0542159
0.0542279
0.0542159
0.0541799
0.0541919
0.0542638
0.0542399
0.0542518
0.0543477
0.0543721
0.0543237
0.0542998
0.0542998
0.0543477
0.0543357
0.0543477
0.0543721
0.0543237
0.054384
0.054444
0.054444
0.0544679
0.0544679
0.054444
0.0544679
0.0544799
0.0545039
0.0545398
0.0545159
0.0544919
0.0545881
0.0545278
0.0545642
0.0545881
0.0545881
0.0546001
0.0545881
0.0546241
0.0546964
0.0546361
0.0546604
0.0546724
0.0546481
0.0546964
0.0546844
0.0546844
0.0546844
0.0547203
0.0547084
0.0547683
0.0547803
0.0547923
0.0547443
0.0547923
0.0548042
0.0548282
0.0548162
0.0548402
0.0548885
0.0549245
0.0549005
0.0549125
0.0549364
0.0549604
0.0549604
0.0549604
0.0549724
0.0549604
0.0549964
0.0549964
0.0549844
0.0550203
0.0550447
0.0550806
0.0551166
0.0550926
0.0550686
0.0550686
0.0551286
0.0550926
0.0551166
0.0551166
0.0551286
0.0551889
0.0551529
0.0552128
0.0552248
0.0552611
0.0552372
0.0552248
0.0552492
0.0552611
0.0552372
0.0552971
0.0552971
0.0552971
0.055333
0.055357
0.0554169
0.055393
0.0554289
0.0554169
0.0554409
0.0554529
0.0554529
0.0554649
0.0554649
0.0554529
0.0554769
0.0555491
0.0555252
0.0555611
0.0555971
0.0556091
0.0555731
0.055633
0.0555971
0.055621
0.055621
0.055657
0.055669
0.055681
0.0556929
0.0557173
0.0557532
0.0557293
0.0557173
0.0557173
0.0557293
0.0557293
0.0557772
0.0558012
0.0558251
0.0558251
0.0558251
0.0558611
0.0558611
0.0558851
0.055897
0.055897
0.0559334
0.0559094
0.0559334
0.0559334
0.0559214
0.0559693
0.0559933
0.0559933
0.0560292
0.0560292
0.0560532
0.0560532
0.0561135
0.0560892
0.0560652
0.0560652
0.0561375
0.0561375
0.0561854
0.0561734
0.0561614
0.0561974
0.0561734
0.0562214
0.0562334
0.0562334
0.0562573
0.0562813
0.0563296
0.0562937
0.0563176
0.0563416
0.0563296
0.0563296
0.0563416
0.0563536
0.0563775
0.0564019
0.0564259
0.0564618
0.0564738
0.0564618
0.0565101
0.0564861
0.0565221
0.0565341
0.0565341
0.0565341
0.05657
0.056618
0.056594
0.0566539
0.056618
0.0566539
0.0566419
0.05663
0.0566539
0.0566783
0.0566903
0.0566659
0.0567382
0.0567741
0.0567262
0.0567382
0.0567142
0.0567622
0.0567622
0.0568341
0.0568221
0.0568221
0.056858
0.0568944
0.0568944
0.0569063
0.0568944
0.0568824
0.0569183
0.0569423
0.0569423
0.0569543
0.0569543
0.0570262
0.0570382
0.0570262
0.0570142
0.0570502
0.0570382
0.0570625
0.0571344
0.0571704
0.0571584
0.0571464
0.0571584
0.0571943
0.0571704
0.0571704
0.0572063
0.0572303
0.0572183
0.0572786
0.0572906
0.0572786
0.0572906
0.0572906
0.0573385
0.0573625
0.0573984
0.0573865
0.0574224
0.0574344
0.0573984
0.0573984
0.0574344
0.0574224
0.0574344
0.0574587
0.0574587
0.0574947
0.057555
0.057567
0.057555
0.057555
0.057543
0.057555
0.0575306
0.0575909
0.0576393
0.0576269
0.0576992
0.0576632
0.0576632
0.0576512
0.0576752
0.0576992
0.0576992
0.0577231
0.0577231
0.0577951
0.057807
0.057819
0.0578434
0.0578793
0.0578553
0.0578793
0.0578553
0.0578793
0.0578793
0.0579153
0.0579273
0.0579273
0.0579512
0.0579512
0.0579752
0.0579752
0.0579992
0.0580235
0.0580235
0.0580235
0.0580355
0.0580714
0.0580834
0.0580595
0.0580954
0.0581314
0.0581673
0.0581553
0.0582033
0.0581793
0.0581913
0.0582156
0.0582396
0.0582276
0.0582636
0.0582995
0.0582636
0.0582755
0.0583115
0.0583115
0.0582995
0.0583115
0.0583355
0.0583355
0.0583834
0.0584437
0.0584437
0.0584557
0.0584437
0.0584437
0.0584796
0.0584916
0.0584677
0.0584677
0.0584916
0.0585635
0.0585875
0.0586119
0.0586119
0.0585875
0.0586358
0.0586119
0.0586119
0.0586238
0.0586358
0.0586478
0.0586838
0.0587201
0.058756
0.0587321
0.0587441
0.058756
0.0588043
0.058756
0.0588043
0.05878
0.0587924
0.0588403
0.0588523
0.0589002
0.0589122
0.0589002
0.0589242
0.0589122
0.0589242
0.0589362
0.0589601
0.0590085
0.0589845
0.0590324
0.0589965
0.0590085
0.0589965
0.0590204
0.0590324
0.0590804
0.0591163
0.0591403
0.0591523
0.0591283
0.0591163
0.0591523
0.0591283
0.0591283
0.0589965
0.058768
0.0585156
0.0576632
0.0571224
0.0565581
0.0559573
0.0548402
0.0542279
0.0536272
0.0530029
0.0518018
0.0511887
0.0505884
0.0493634
0.0487627
0.0481264
0.0475616
0.0463846
0.0457842
0.0452075
0.0446551
0.043466
0.0428893
0.0423009
0.0417605
0.0406194
0.040055
0.0394663
0.0384094
0.037869
0.0372443
0.0367403
0.0355632
0.0350464
0.034494
0.0339056
0.0327402
0.0321398
0.0315874
0.0310107
0.0299059
0.0293291
0.0288251
0.0276719
0.0271431
0.0265672
0.0260144
0.0248733
0.0242609
0.0237565
0.0231801
0.022015
0.0214383
0.0208863
0.0203455
0.0192403
0.0186639
0.0180996
0.0169824
0.016406
0.0157933
0.015217
0.0141601
0.0135954
0.013007
0.0124306
0.0112895
0.0107251
0.0102087
0.00912786
0.00855149
0.00805939
0.00749463
0.00637748
0.00586141
0.00534459
0.00479219
0.00371136
0.00315859
0.00264252
0.00204181
0.000960985
0.000432556
-0.000131909
-0.00118906
-0.00170499
-0.00223381
-0.0027383
-0.00383121
-0.00437147
-0.00495989
-0.00546486
-0.00656921
-0.0070737
-0.00762636
-0.00816662
-0.00927145
-0.0098241
-0.0103882
-0.0113853
-0.0119498
-0.012502
-0.013007
-0.0141118
-0.014664
-0.0152167
-0.0157331
-0.016754
-0.0172947
-0.0178345
-0.0189274
-0.0194324
-0.0199364
-0.020489
-0.0214375
-0.0219663
-0.0225065
-0.023023
-0.0240319
-0.0245479
-0.0250648
-0.025605
-0.0266016
-0.0271304
-0.0276349
-0.0286797
-0.0292681
-0.0297602
-0.0302528
-0.031298
-0.0318144
-0.0322941
-0.0328229
-0.0339034
-0.0343483
-0.0348404
-0.0353568
-0.0363777
-0.0369185
-0.0374344
-0.0384553
-0.0389479
-0.039512
-0.0400408
-0.0410374
-0.0415419
-0.0420583
-0.0425265
-0.0435355
-0.0440519
-0.0445564
-0.0456007
-0.0461419
-0.046634
-0.0471266
-0.0481108
-0.0485795
-0.0490473
-0.0495642
-0.0506213
-0.0510891
-0.0515817
-0.0520738
-0.053047
-0.0535515
-0.0540074
-0.0550163
-0.0554484
-0.0559772
-0.0564454
-0.0574539
-0.0578864
-0.0583909
-0.0588597
-0.0598562
-0.0603607
-0.060829
-0.0613573
-0.0623062
-0.0627502
-0.0632189
-0.0641435
-0.0645755
-0.06508
-0.0655363
-0.0665334
-0.0669773
-0.0674704
-0.0679382
-0.0688751
-0.0693315
-0.0698116
-0.0702923
-0.071265
-0.0717333
-0.072214
-0.0731624
-0.0736187
-0.0740746
-0.0745552
-0.0755041
-0.0759962
-0.0764287
-0.0769208
-0.0779293
-0.0783137
-0.0788067
-0.0792626
-0.0801633
-0.0806201
-0.0811241
-0.0820606
-0.0824931
-0.0829375
-0.0833815
-0.0842465
-0.084679
-0.0851472
-0.0855678
-0.0864561
-0.0868643
-0.0873087
-0.087777
-0.08863
-0.0890735
-0.0895065
-0.0903948
-0.0908273
-0.0912955
-0.091728
-0.0926164
-0.0930613
-0.0935176
-0.0939253
-0.0947903
-0.0952461
-0.0956548
-0.0965317
-0.0969394
-0.0973719
-0.0978044
-0.0986212
-0.0990532
-0.0994971
-0.0999301
-0.10077
-0.10119
-0.101635
-0.102055
-0.102884
-0.103328
-0.103736
-0.104601
-0.105009
-0.105418
-0.105838
-0.106667
-0.107075
-0.107555
-0.10794
-0.10878
-0.109225
-0.109621
-0.110041
-0.110798
-0.111182
-0.11159
-0.112418
-0.112779
-0.113175
-0.113596
-0.114376
-0.114785
-0.115156
-0.115553
-0.116297
-0.116706
-0.117041
-0.117414
-0.118194
-0.118603
-0.118951
-0.119707
-0.120079
-0.120476
-0.120872
-0.121593
-0.121953
-0.122338
-0.122733
-0.123514
-0.123851
-0.124247
-0.124991
-0.12528
-0.125664
-0.125988
-0.126732
-0.12708
-0.127393
-0.127813
-0.128486
-0.128857
-0.129218
-0.129542
-0.130263
-0.130611
-0.130959
-0.131632
-0.131979
-0.132364
-0.132725
-0.133373
-0.133709
-0.134105
-0.134394
-0.135066
-0.135426
-0.135714
-0.136099
-0.136722
-0.13706
-0.137395
-0.138056
-0.138356
-0.13868
-0.139016
-0.139665
-0.139989
-0.140302
-0.14059
-0.141238
-0.141514
-0.141874
-0.142126
-0.142727
-0.143015
-0.143315
-0.143952
-0.144192
-0.144456
-0.144804
-0.145356
-0.145644
-0.145945
-0.146209
-0.146689
-0.146989
-0.147278
-0.147818
-0.148106
-0.148394
-0.148659
-0.149175
-0.149439
-0.149715
-0.149944
-0.150484
-0.15076
-0.150988
-0.151276
-0.151757
-0.151973
-0.152177
-0.152693
-0.152945
-0.153233
-0.153486
-0.153906
-0.154182
-0.154411
-0.154638
-0.155083
-0.155287
-0.155491
-0.155731
-0.156164
-0.156391
-0.156607
-0.156992
-0.157208
-0.157389
-0.157568
-0.158
-0.158193
-0.158409
-0.158601
-0.158985
-0.159141
-0.159297
-0.159489
-0.159849
-0.160054
-0.160198
-0.160522
-0.160678
-0.16081
-0.161002
-0.161327
-0.16147
-0.161639
-0.161795
-0.162095
-0.162179
-0.162395
-0.162515
-0.162791
-0.162899
-0.163091
-0.163308
-0.163416
-0.163464
-0.163668
-0.163824
-0.16398
-0.163992
-0.164172
-0.164352
-0.164376
-0.164437
-0.164616
-0.164772
-0.164821
-0.164881
-0.165049
-0.165085
-0.165205
-0.165265
-0.165349
-0.165433
-0.165469
-0.165481
-0.165613
-0.165625
-0.165625
-0.165709
-0.165781
-0.165757
-0.165769
-0.165829
-0.165817
-0.165793
-0.165805
-0.165793
-0.165817
-0.165842
-0.165854
-0.165854
-0.165866
-0.165842
-0.165829
-0.165842
-0.165854
-0.165817
-0.165757
-0.165709
-0.165721
-0.165674
-0.165553
-0.165505
-0.165385
-0.165361
-0.165121
-0.165097
-0.164941
-0.164785
-0.164676
-0.164676
-0.16446
-0.16434
-0.164148
-0.164148
-0.163968
-0.163716
-0.163548
-0.163464
-0.163164
-0.16296
-0.162791
-0.162587
-0.162251
-0.162035
-0.161855
-0.161662
-0.161255
-0.16099
-0.16081
-0.160558
-0.16009
-0.159873
-0.159633
-0.159153
-0.158877
-0.158661
-0.158373
-0.15782
-0.157544
-0.157208
-0.156944
-0.156368
-0.156079
-0.155779
-0.155443
-0.154806
-0.154435
-0.154086
-0.153426
-0.153089
-0.152765
-0.152369
-0.151649
-0.151276
-0.150916
-0.150508
-0.149631
-0.149247
-0.148839
-0.148382
-0.147494
-0.147074
-0.14663
-0.145741
-0.14526
-0.144768
-0.144275
-0.143291
-0.142799
-0.142282
-0.141814
-0.140745
-0.140205
-0.139641
-0.1391
-0.137996
-0.137408
-0.136855
-0.135642
-0.135054
-0.134454
-0.133865
-0.132628
-0.132016
-0.131368
-0.130683
-0.129422
-0.128713
-0.128005
-0.127321
-0.125904
-0.12522
-0.124475
-0.12295
-0.122145
-0.121425
-0.120656
-0.119083
-0.118242
-0.117414
-0.116597
-0.114916
-0.114088
-0.113151
-0.112286
-0.110497
-0.109621
-0.108672
-0.10687
-0.105958
-0.104986
-0.104049
-0.102164
-0.101202
-0.100242
-0.0992811
-0.0972756
-0.096267
-0.0952223
-0.0941413
-0.0919684
-0.0908993
-0.0897706
-0.0875371
-0.086324
-0.0851472
-0.0840061
-0.0815924
-0.0803798
-0.0791906
-0.077966
-0.0754078
-0.0741952
-0.0729578
-0.0704363
-0.0691875
-0.0678662
-0.066593
-0.0638912
-0.0625222
-0.0611289
-0.0597366
-0.056866
-0.0553888
-0.0538996
-0.0523866
-0.0493963
-0.0478347
-0.0462979
-0.0432351
-0.041674
-0.040149
-0.0385993
-0.0354407
-0.0338438
-0.032162
-0.0305412
-0.0271667
-0.0255092
-0.0237559
-0.022014
-0.0184472
-0.0165857
-0.0147718
-0.0110009
-0.00916368
-0.00728971
-0.00540477
-0.00163299
0.000311964
0.0022579
0.00423979
0.0082032
0.0103525
0.0124187
0.0145084
0.0188321
0.0209462
0.0230479
0.0272634
0.0293894
0.0315515
0.0337255
0.0382653
0.0405475
0.0428893
0.0452438
0.05006
0.0524021
0.0547923
0.0571704
0.0619629
0.0644852
0.0669596
0.0721005
0.0747909
0.0774335
0.0800996
0.085397
0.0879792
0.0906816
0.0932642
0.0987054
0.101469
0.104279
0.109984
0.112891
0.115774
0.118633
0.124507
0.127414
0.130416
0.133492
0.139762
0.142945
0.146068
0.149155
0.155354
0.158441
0.161684
0.168279
0.171618
0.174946
0.178273
0.18488
0.18822
0.191739
0.195175
0.20231
0.205902
0.209482
0.213026
0.220089
0.223741
0.227393
0.234865
0.238662
0.242326
0.246061
0.253654
0.257486
0.26145
0.265427
0.273428
0.277272
0.281212
0.285177
0.29337
0.29749
0.301623
0.309805
0.313937
0.31813
0.322419
0.331141
0.335441
0.339658
0.343887
0.352501
0.356898
0.361403
0.370258
0.374751
0.37916
0.383701
0.392988
0.397602
0.402059
0.406588
0.415815
0.420525
0.42527
0.429968
0.439279
0.444048
0.448866
0.45861
0.463415
0.468161
0.47293
0.482747
0.487648
0.492514
0.497356
0.507148
0.512181
0.517288
0.522358
0.532125
0.537123
0.542121
0.552273
0.557259
0.562234
0.567267
0.577467
0.582682
0.58774
0.592714
0.602818
0.607972
0.613162
0.618256
0.628348
0.63343
0.638692
0.649024
0.654058
0.659068
0.664198
0.674506
0.679636
0.684742
0.6898
0.699976
0.705214
0.710368
0.718802
0.721685
0.7238
0.725157
0.725265
0.725169
0.725145
0.725037
0.725061
0.725289
0.725289
0.72547
0.725854
0.726106
0.726359
0.726803
0.727055
0.727284
0.72756
0.728053
0.728305
0.728569
0.728833
0.729314
0.729566
0.729855
0.730095
0.7306
0.73084
0.731128
0.731609
0.731885
0.732125
0.732377
0.732846
0.733098
0.733363
0.733591
0.734072
0.734312
0.734552
0.734828
0.735273
0.735513
0.735741
0.73621
0.73645
0.736666
0.736931
0.737363
0.737567
0.737783
0.737999
0.738456
0.738696
0.738925
0.739405
0.739597
0.73979
0.74003
0.740487
0.740666
0.740907
0.741063
0.741544
0.741724
0.741964
0.742168
0.742553
0.742781
0.742997
0.74343
0.743682
0.74385
0.744054
0.744463
0.744691
0.744871
0.7451
0.745496
0.745676
0.745869
0.746049
0.746481
0.746661
0.746854
0.747262
0.747478
0.74767
0.747875
0.748259
0.748464
0.748632
0.748872
0.749196
0.749353
0.749581
0.749737
0.750109
0.750338
0.750482
0.75089
0.75107
0.751251
0.751443
0.751815
0.75196
0.75214
0.752332
0.752656
0.752848
0.753029
0.753197
0.753581
0.75375
0.753906
0.754278
0.754458
0.754566
0.754783
0.755119
0.755299
0.755467
0.755648
0.755996
0.756104
0.756284
0.756633
0.756765
0.756945
0.757138
0.757486
0.757546
0.75781
0.757918
0.758231
0.758315
0.758519
0.758579
0.758964
0.759107
0.759324
0.759636
0.759744
0.759973
0.760093
0.760441
0.760501
0.760717
0.76079
0.761114
0.761186
0.761426
0.76145
0.761763
0.761883
0.762111
0.762387
0.76252
0.762652
0.762844
0.763144
0.763252
0.763373
0.763565
0.763805
0.763865
0.764057
0.764297
0.76449
0.76455
0.764754
0.764982
0.765102
0.765186
0.765438
0.765655
0.765859
0.765883
0.766075
0.76628
0.766496
0.76652
0.766832
0.766916
0.767096
0.767168
0.767493
0.767517
0.767733
0.767769
0.768081
0.768141
0.76837
0.76837
0.76867
0.76873
0.768899
0.769127
0.769199
0.769295
0.769487
0.769715
0.769787
0.769932
0.77004
0.770328
0.770364
0.770508
0.770628
0.770917
0.770929
0.771061
0.771277
0.771446
0.771517
0.771698
0.771842
0.77207
0.772082
0.772142
0.772407
0.772527
0.772659
0.772731
0.772911
0.773055
0.773151
0.773415
0.773464
0.773608
0.773668
0.773932
0.773944
0.774076
0.774208
0.774485
0.774485
0.774605
0.774785
0.774989
0.775025
0.775122
0.775326
0.77541
0.775554
0.77559
0.775818
0.775867
0.776022
0.776095
0.776335
0.776311
0.776431
0.776623
0.776767
0.776791
0.776911
0.777068
0.777236
0.77732
0.777392
0.777596
0.777717
0.777837
0.777837
0.778077
0.778137
0.778293
0.778462
0.778545
0.778581
0.778726
0.778834
0.77899
0.779014
0.779074
0.779266
0.779326
0.779507
0.779411
0.779494
0.779447
0.779411
0.779362
0.779362
0.77935
0.779386
0.779398
0.779447
0.779494
0.779447
0.779531
0.779543
0.779591
0.779615
0.779627
0.779675
0.779699
0.779783
0.779795
0.779807
0.779891
0.779879
0.779891
0.779879
0.779915
0.779987
0.779987
0.779999
0.780071
0.780095
0.780143
0.780107
0.780119
0.780179
0.780131
0.780167
0.780288
0.780288
0.780263
0.780263
0.780312
0.780348
0.780396
0.780372
0.780372
0.780396
0.780396
0.780528
0.780528
0.780528
0.780528
0.780552
0.780576
0.780588
0.7806
0.780684
0.780624
0.780696
0.780756
0.780792
0.78078
0.780768
0.780816
0.7809
0.780876
0.780888
0.780936
0.780984
0.780972
0.780972
0.78102
0.781008
0.781057
0.781069
0.781176
0.781152
0.781164
0.781152
0.781212
0.781237
0.781237
0.781333
0.781345
0.781369
0.781369
0.781369
0.781393
0.781477
0.781513
0.781501
0.781477
0.781513
0.781609
0.781657
0.781657
0.781669
0.781669
0.781741
0.781777
0.781789
0.781789
0.781801
0.781825
0.781933
0.781969
0.781945
0.781993
0.78203
0.782065
0.782102
0.782089
0.782138
0.782186
0.782222
0.782222
0.782294
0.78233
0.782318
0.78239
0.782402
0.782402
0.782414
0.782474
0.782546
0.782546
0.782606
0.782606
0.78263
0.782642
0.782774
0.78281
0.782762
0.782774
0.782822
0.78281
0.782907
0.782955
0.782966
0.783014
0.783038
0.783075
0.783099
0.783099
0.783159
0.783147
0.783219
0.783291
0.783267
0.783327
0.783339
0.783351
0.783387
0.783507
0.783495
0.783495
0.783543
0.783603
0.783639
0.783651
0.783627
0.783675
0.783747
0.783819
0.783844
0.783844
0.783844
0.783844
0.784012
0.784024
0.784036
0.784072
0.784096
0.784144
0.784168
0.78424
0.784252
0.784288
0.784312
0.78442
0.784444
0.78442
0.784456
0.784552
0.784552
0.784612
0.784624
0.7846
0.784696
0.784792
0.784792
0.784756
0.784816
0.784889
0.784864
0.784889
0.784948
0.78502
0.78502
0.785056
0.785056
0.785141
0.785213
0.785189
0.785237
0.785249
0.785321
0.785381
0.785369
0.785405
0.785489
0.785525
0.785513
0.785585
0.785609
0.785657
0.785657
0.785681
0.785813
0.785753
0.785789
0.785789
0.785861
0.785909
0.785933
0.785982
0.78603
0.78603
0.786125
0.786162
0.786186
0.786198
0.786222
0.786318
0.78633
0.786366
0.78645
0.786438
0.786474
0.786534
0.786558
0.786618
0.786618
0.786618
0.786642
0.786715
0.786798
0.786823
0.786823
0.786871
0.786967
0.786931
0.786967
0.787075
0.787099
0.787063
0.787075
0.787183
0.787195
0.787231
0.787231
0.787327
0.787327
0.787363
0.787387
0.787519
0.787495
0.787507
0.787592
0.787664
0.7877
0.787688
0.787735
0.787723
0.787796
0.787808
0.787856
0.78788
0.78794
0.787964
0.787988
0.788012
0.788048
0.788132
0.788168
0.788156
0.78818
0.788252
0.788312
0.788324
0.788312
0.788384
0.788373
0.788408
0.788528
0.788492
0.788528
0.788541
0.788613
0.788649
0.788673
0.788673
0.788637
0.788685
0.788649
0.788661
0.788685
0.788673
0.788661
0.788673
0.788697
0.788673
0.788709
0.788673
0.788709
0.788661
0.788685
0.788661
0.788709
0.788697
0.788685
0.788709
0.788649
0.788673
0.788697
0.788661
0.788685
0.788649
0.788673
0.788685
0.788649
0.788673
0.788697
0.788673
0.788685
0.788661
0.788709
0.788685
0.788697
0.788697
0.788685
0.788709
0.788733
0.788697
0.788733
0.788721
0.788721
0.788757
0.788709
0.788769
0.788745
0.788721
0.788733
0.788733
0.788769
0.788733
0.788757
0.788745
0.788793
0.788721
0.788769
0.788757
0.788721
0.788757
0.788793
0.788769
0.788721
0.788745
0.788757
0.788757
0.788769
0.788769
0.788745
0.788757
0.788745
0.788769
0.788769
0.788793
0.788757
0.788781
0.788745
0.788757
0.788745
0.788769
0.788769
0.788769
0.788757
0.788781
0.788757
0.788757
0.788733
0.788769
0.788781
0.788793
0.788769
0.788769
0.788769
0.788793
0.788757
0.788769
0.788745
0.788781
0.788769
0.788757
0.788757
0.788769
0.788757
0.788781
0.788805
0.788793
0.788769
0.788793
0.788781
0.788769
0.788793
0.788793
0.788769
0.788805
0.788793
0.788805
0.788781
0.788805
0.788793
0.788793
0.788793
0.788805
0.788769
0.788781
0.788793
0.788793
0.788745
0.788805
0.788793
0.788793
0.788769
0.788793
0.788793
0.788805
0.788793
0.788793
0.788769
0.788805
0.788781
0.788745
0.788781
0.788793
0.788793
0.788769
0.788805
0.788769
0.788757
0.788769
0.788757
0.788793
0.788781
0.788769
0.788793
0.788793
0.788769
0.788805
0.788769
0.788781
0.788781
0.788769
0.788769
0.788793
0.788793
0.788757
0.788817
0.788769
0.788781
0.788805
0.788793
0.788793
0.788793
0.788769
0.788781
0.788781
0.788781
0.788793
0.788805
0.788757
0.788769
0.788817
0.788793
0.788805
0.788793
0.788781
0.788769
0.788781
0.788793
0.788805
0.788793
0.788805
0.788817
0.788817
0.788745
0.788805
0.788781
0.788781
0.788793
0.788805
0.788781
0.788817
0.788793
0.788793
0.788805
0.788829
0.788829
0.788769
0.788805
0.788757
0.788757
0.788733
0.788697
0.788709
0.788661
0.788613
0.788553
0.788516
0.78848
0.788432
0.788408
0.788373
0.788324
0.788228
0.788216
0.788204
0.78812
0.788072
0.788048
0.788048
0.787976
0.787892
0.787928
0.787868
0.787796
0.78782
0.787796
0.787712
0.787676
0.787676
0.787604
0.787555
0.787555
0.787531
0.787507
0.787483
0.787411
0.787387
0.787351
0.787315
0.787279
0.787243
0.787231
0.787171
0.787087
0.787087
0.787027
0.786991
0.787003
0.786943
0.786871
0.786847
0.786811
0.786751
0.786715
0.786727
0.786654
0.786594
0.786582
0.786582
0.786534
0.786426
0.78645
0.786402
0.786414
0.786366
0.786318
0.786246
0.78627
0.786186
0.786102
0.786125
0.786125
0.786102
0.786066
0.785933
0.785982
0.785933
0.785885
0.785825
0.785777
0.785789
0.785693
0.785621
0.785621
0.785597
0.785597
0.785537
0.785513
0.785393
0.785441
0.785393
0.785333
0.785285
0.785297
0.785285
0.785177
0.785201
0.785129
0.785093
0.785093
0.785093
0.784984
0.784924
0.784924
0.784889
0.784864
0.784864
0.784744
0.784744
0.784768
0.784672
0.784612
0.7846
0.784576
0.784564
0.784432
0.78436
0.78442
0.784312
0.784252
0.784336
0.784288
0.784132
0.784132
0.784156
0.784108
0.78406
0.784036
0.78406
0.784036
0.783928
0.783892
0.783904
0.783892
0.783856
0.783795
0.783699
0.783687
0.783687
0.783615
0.783615
0.783579
0.783555
0.783471
0.783435
0.783435
0.783435
0.783399
0.783291
0.783255
0.783267
0.783267
0.783195
0.783183
0.783147
0.783135
0.783075
0.783026
0.783014
0.782955
0.782943
0.782931
0.782883
0.782786
0.78281
0.782774
0.78275
0.78269
0.782642
0.782618
0.782594
0.782558
0.782546
0.78251
0.782498
0.782462
0.782414
0.78239
0.782342
0.78233
0.782318
0.782258
0.782246
0.782222
0.782222
0.782198
0.782126
0.782089
0.782102
0.78203
0.781981
0.781933
0.781969
0.781933
0.781909
0.781909
0.781897
0.781765
0.781753
0.781765
0.781789
0.781657
0.781705
0.781717
0.781681
0.781645
0.781621
0.781573
0.781537
0.781537
0.781513
0.781465
0.781357
0.781393
0.781417
0.781357
0.781321
0.781273
0.781261
0.7812
0.781224
0.7812
0.781128
0.781092
0.781092
0.781092
0.781092
0.78102
0.780936
0.780948
0.780936
0.780972
0.780924
0.780912
0.780876
0.780804
0.780732
0.78078
0.780732
0.780732
0.78066
0.78066
0.7806
0.780624
0.7806
0.780552
0.78054
0.780504
0.78048
0.780443
0.780468
0.78048
0.780419
0.780419
0.780372
0.780336
0.780348
0.780288
0.7803
0.7803
0.780215
0.780215
0.780155
0.780107
0.780167
0.780143
0.780095
0.780095
0.780083
0.780011
0.779999
0.780035
0.779999
0.779975
0.779999
0.779927
0.779903
0.779879
0.779891
0.779879
0.779891
0.779819
0.779807
0.779759
0.779795
0.779783
0.779771
0.779723
0.779747
0.779747
0.779747
0.779723
0.779747
0.779747
0.779735
0.779711
0.779471
0.778906
0.777236
0.776095
0.774761
0.771794
0.770316
0.768899
0.767397
0.764442
0.762964
0.761426
0.759937
0.756933
0.755383
0.753846
0.75232
0.749208
0.747658
0.746133
0.742913
0.741243
0.739609
0.73794
0.734564
0.73287
0.731128
0.729386
0.725986
0.72428
0.722526
0.719066
0.717348
0.71557
0.713768
0.71008
0.708194
0.706235
0.704337
0.700445
0.69851
0.696552
0.694618
0.690749
0.688755
0.68682
0.682724
0.68073
0.678675
0.676513
0.67226
0.670205
0.668031
0.665929
0.661639
0.659489
0.657338
0.655164
0.650767
0.648472
0.646213
0.641552
0.639197
0.636794
0.634463
0.62967
0.627303
0.62496
0.622545
0.617763
0.615204
0.61267
0.610159
0.605004
0.602469
0.599946
0.5949
0.592281
0.589698
0.587055
0.581637
0.578873
0.576086
0.573347
0.567844
0.565105
0.562378
0.556755
0.553848
0.55094
0.548032
0.542133
0.539238
0.536318
0.533338
0.527428
0.524472
0.521433
0.518285
0.511941
0.508794
0.505658
0.499398
0.496347
0.493175
0.489919
0.483335
0.480067
0.476715
0.473423
0.466803
0.463451
0.460052
0.456615
0.449635
0.446139
0.442703
0.435758
0.432262
0.428706
0.425078
0.417785
0.414206
0.410565
0.406924
0.399704
0.39604
0.392207
0.388387
0.380662
0.376854
0.373141
0.365428
0.361463
0.357499
0.353606
0.345821
0.341965
0.337976
0.334012
0.325747
0.321626
0.317541
0.313432
0.305324
0.301226
0.29701
0.288588
0.284432
0.280251
0.276095
0.267577
0.263204
0.258844
0.254519
0.245977
0.241641
0.237244
0.228414
0.22403
0.219633
0.215236
0.206335
0.201794
0.197217
0.192736
0.183715
0.17921
0.174681
0.170057
0.160891
0.156351
0.15181
0.142597
0.13784
0.133107
0.128519
0.119282
0.114597
0.109828
0.105108
0.0955465
0.0908861
0.0862493
0.0814811
0.0718117
0.0670559
0.0623715
0.0530748
0.0482586
0.0434301
0.0386974
0.0293052
0.0245972
0.019829
0.0149769
0.00532062
0.000588725
-0.00414306
-0.00892336
-0.0185197
-0.0232633
-0.0279587
-0.0373743
-0.0420702
-0.046922
-0.0517739
-0.0612853
-0.0659569
-0.070628
-0.075372
-0.0849069
-0.0895308
-0.094178
-0.098801
-0.108167
-0.112971
-0.117678
-0.126889
-0.131463
-0.136111
-0.140757
-0.150015
-0.154567
-0.159093
-0.163536
-0.172649
-0.177272
-0.181859
-0.190768
-0.195186
-0.199629
-0.20418
-0.21304
-0.217362
-0.221673
-0.225983
-0.234855
-0.239226
-0.243571
-0.247773
-0.25625
-0.260499
-0.264726
-0.273261
-0.27739
-0.281532
-0.285566
-0.293693
-0.297835
-0.301953
-0.306058
-0.314053
-0.317942
-0.321915
-0.325865
-0.333751
-0.337556
-0.341373
-0.348984
-0.352717
-0.356534
-0.360375
-0.367925
-0.371586
-0.375246
-0.378824
-0.385977
-0.389614
-0.393154
-0.396707
-0.403765
-0.407197
-0.410605
-0.417351
-0.420771
-0.424228
-0.427648
-0.434249
-0.437477
-0.440765
-0.443874
-0.450247
-0.453403
-0.456655
-0.459715
-0.465823
-0.468871
-0.471907
-0.477824
-0.480776
-0.483764
-0.486764
-0.49262
-0.495452
-0.498284
-0.501068
-0.506503
-0.509191
-0.511927
-0.514579
-0.520003
-0.522642
-0.52527
-0.530405
-0.53295
-0.535421
-0.537953
-0.542897
-0.54538
-0.547828
-0.550371
-0.555086
-0.557391
-0.559682
-0.56417
-0.566401
-0.568609
-0.570781
-0.575231
-0.577379
-0.579586
-0.581723
-0.585921
-0.587997
-0.590024
-0.59204
-0.595987
-0.597978
-0.599934
-0.603809
-0.60568
-0.607576
-0.6094
-0.613155
-0.61499
-0.616742
-0.618541
-0.622032
-0.623735
-0.625439
-0.627131
-0.630358
-0.631989
-0.633609
-0.636751
-0.638335
-0.639918
-0.641465
-0.644524
-0.646024
-0.647464
-0.648915
-0.651806
-0.653162
-0.654577
-0.657264
-0.658644
-0.659987
-0.661295
-0.663909
-0.665169
-0.666465
-0.667736
-0.670207
-0.67143
-0.67269
-0.673889
-0.676241
-0.677356
-0.678507
-0.680642
-0.681734
-0.682777
-0.683809
-0.685896
-0.686868
-0.687887
-0.688871
-0.69085
-0.691821
-0.692769
-0.693705
-0.695564
-0.696475
-0.697327
-0.699126
-0.699978
-0.700793
-0.701657
-0.703312
-0.704128
-0.704967
-0.705711
-0.70727
-0.708002
-0.708733
-0.709465
-0.710881
-0.711612
-0.712272
-0.713639
-0.714275
-0.71491
-0.715522
-0.716842
-0.717429
-0.717981
-0.718581
-0.719744
-0.720331
-0.720859
-0.721987
-0.72249
-0.72309
-0.723606
-0.724589
-0.725069
-0.725572
-0.726004
-0.726916
-0.727384
-0.727779
-0.728259
-0.729123
-0.729519
-0.729962
-0.730801
-0.731222
-0.731582
-0.731965
-0.732649
-0.732937
-0.733321
-0.73368
-0.734364
-0.7347
-0.734999
-0.735311
-0.735887
-0.736175
-0.736439
-0.736978
-0.737218
-0.73747
-0.737734
-0.73819
-0.738394
-0.738645
-0.738861
-0.739257
-0.739485
-0.739605
-0.739845
-0.740192
-0.74036
-0.740492
-0.74078
-0.741008
-0.74108
-0.741212
-0.741416
-0.741632
-0.741728
-0.741787
-0.742015
-0.742135
-0.742256
-0.742316
-0.742495
-0.742519
-0.742675
-0.742735
-0.742843
-0.742879
-0.742903
-0.742879
-0.742939
-0.743035
-0.743059
-0.743059
-0.743047
-0.743035
-0.743059
-0.743059
-0.743107
-0.743095
-0.743071
-0.743095
-0.743071
-0.743047
-0.743059
-0.743071
-0.743071
-0.743047
-0.743035
-0.742975
-0.742951
-0.742951
-0.742795
-0.742759
-0.742735
-0.742531
-0.742483
-0.742316
-0.742328
-0.742087
-0.742075
-0.742003
-0.741883
-0.741716
-0.741668
-0.741536
-0.74138
-0.741176
-0.741104
-0.740984
-0.740744
-0.740613
-0.740456
-0.740384
-0.740133
-0.739941
-0.739796
-0.739701
-0.739401
-0.739185
-0.739077
-0.738933
-0.738609
-0.738382
-0.738213
-0.737854
-0.737698
-0.73747
-0.73735
-0.737002
-0.736762
-0.73663
-0.736427
-0.736031
-0.735827
-0.735659
-0.735455
-0.735107
-0.734904
-0.734688
-0.734304
-0.734112
-0.733932
-0.733644
-0.733225
-0.733021
-0.732817
-0.732625
-0.732217
-0.731989
-0.731761
-0.731354
-0.731114
-0.730873
-0.73067
-0.730166
-0.72995
-0.729734
-0.729471
-0.729051
-0.728787
-0.728535
-0.728295
-0.727804
-0.727599
-0.72736
-0.726856
-0.72664
-0.726364
-0.726125
-0.725657
-0.725369
-0.725129
-0.724889
-0.724373
-0.724121
-0.723858
-0.723666
-0.723174
-0.722862
-0.722622
-0.722083
-0.721795
-0.721543
-0.721255
-0.720752
-0.720475
-0.720212
-0.719924
-0.719456
-0.719144
-0.718868
-0.718317
-0.718053
-0.717765
-0.717489
-0.716925
-0.716614
-0.716326
-0.716098
-0.715522
-0.715258
-0.714946
-0.714647
-0.714107
-0.713795
-0.713555
-0.712979
-0.712668
-0.712416
-0.712128
-0.711552
-0.711216
-0.710928
-0.710665
-0.710125
-0.709825
-0.709537
-0.709213
-0.708626
-0.70835
-0.708062
-0.707522
-0.707198
-0.706886
-0.706611
-0.706011
-0.705783
-0.705483
-0.705159
-0.70456
-0.704235
-0.703912
-0.703612
-0.703048
-0.702749
-0.702484
-0.701849
-0.701585
-0.701309
-0.700985
-0.70035
-0.70005
-0.699762
-0.699462
-0.698839
-0.69855
-0.698239
-0.697639
-0.697327
-0.697027
-0.696775
-0.696128
-0.69584
-0.695528
-0.695204
-0.694604
-0.694317
-0.693992
-0.693717
-0.693117
-0.692841
-0.692553
-0.691965
-0.691654
-0.69133
-0.691042
-0.69043
-0.690142
-0.689843
-0.689519
-0.688918
-0.688607
-0.688308
-0.688007
-0.68742
-0.687084
-0.68682
-0.68622
-0.685896
-0.68562
-0.685273
-0.684721
-0.684397
-0.684097
-0.683785
-0.683198
-0.682922
-0.682574
-0.682286
-0.681674
-0.681374
-0.681074
-0.680451
-0.680151
-0.679803
-0.679539
-0.678928
-0.678603
-0.67834
-0.678028
-0.677404
-0.677116
-0.676804
-0.676493
-0.675893
-0.675641
-0.675305
-0.674693
-0.674429
-0.67413
-0.673865
-0.673181
-0.672918
-0.672642
-0.672354
-0.671743
-0.671454
-0.671167
-0.670867
-0.670279
-0.669967
-0.669728
-0.669164
-0.668852
-0.668563
-0.668276
-0.667652
-0.667353
-0.667076
-0.666788
-0.666177
-0.665901
-0.665601
-0.665026
-0.664749
-0.664473
-0.664173
-0.663622
-0.663322
-0.662998
-0.662686
-0.662134
-0.661858
-0.661583
-0.661319
-0.660755
-0.660466
-0.660191
-0.659627
-0.659363
-0.659052
-0.658775
-0.658212
-0.657864
-0.657612
-0.6573
-0.656808
-0.656556
-0.65622
-0.655968
-0.655393
-0.655117
-0.654865
-0.654265
-0.653965
-0.65369
-0.653437
-0.652873
-0.652682
-0.652478
-0.652382
-0.652334
-0.652418
-0.652454
-0.652442
-0.652478
-0.65249
-0.652478
-0.65249
-0.652442
-0.652466
-0.65249
-0.652478
-0.652454
-0.652478
-0.65243
-0.652454
-0.652466
-0.652466
-0.652454
-0.652502
-0.652454
-0.65249
-0.652454
-0.652454
-0.652454
-0.652478
-0.652478
-0.652478
-0.652478
-0.652466
-0.652478
-0.652454
-0.652466
-0.652466
-0.65243
-0.652478
-0.652466
-0.652454
-0.652466
-0.65243
-0.652454
-0.652442
-0.652454
-0.652406
-0.652466
-0.652394
-0.652394
-0.652406
-0.652406
-0.652406
-0.652406
-0.652394
-0.652394
-0.652394
-0.652406
-0.652406
-0.652394
-0.652394
-0.652418
-0.652406
-0.652394
-0.65243
-0.652406
-0.652442
-0.65243
-0.65243
-0.652382
-0.652382
-0.652394
-0.652418
-0.652406
-0.652394
-0.652406
-0.652418
-0.652394
-0.652418
-0.652382
-0.652406
-0.652394
-0.652394
-0.652394
-0.652382
-0.652382
-0.652406
-0.652406
-0.652406
-0.652406
-0.652394
-0.652442
-0.652418
-0.65243
-0.65237
-0.652406
-0.652406
-0.652406
-0.652418
-0.652418
-0.652394
-0.652406
-0.652406
-0.652406
-0.652418
-0.652394
-0.652394
-0.652418
-0.65243
-0.652442
-0.65237
-0.652394
-0.652394
-0.652394
-0.652406
-0.652406
-0.652406
-0.652406
-0.652382
-0.65243
-0.652394
-0.652406
-0.652406
-0.652406
-0.65237
-0.652382
-0.652406
-0.652418
-0.65237
-0.652418
-0.65243
-0.652406
-0.652382
-0.65243
-0.652382
-0.65237
-0.65237
-0.652406
-0.652406
-0.65243
-0.652406
-0.652382
-0.652382
-0.652406
-0.652382
-0.652382
-0.652382
-0.652406
-0.652406
-0.652394
-0.65237
-0.652382
-0.652406
-0.652382
-0.652418
-0.652406
-0.652406
-0.652394
-0.652382
-0.652394
-0.652382
-0.65243
-0.652406
-0.652382
-0.652418
-0.652394
-0.65243
-0.652382
-0.652418
-0.652406
-0.652394
-0.652382
-0.652394
-0.652382
-0.652394
-0.652394
-0.652382
-0.652418
-0.652382
-0.652418
-0.65237
-0.652394
-0.652382
-0.652406
-0.652406
-0.652394
-0.652406
-0.652394
-0.65243
-0.652394
-0.652394
-0.652382
-0.652382
-0.652406
-0.652382
-0.652406
-0.652394
-0.652406
-0.652406
-0.652406
-0.652418
-0.652406
-0.652382
-0.652382
-0.65237
-0.652394
-0.652394
-0.652394
-0.652418
-0.652394
-0.65237
-0.652406
-0.652394
-0.652418
-0.652406
-0.652406
-0.652406
-0.652382
-0.652394
-0.652394
-0.652382
-0.65243
-0.652406
-0.652394
-0.652394
-0.652406
-0.652406
-0.652394
-0.652418
-0.652382
-0.652382
-0.652418
-0.652406
-0.652394
-0.652382
-0.65243
-0.652358
-0.652406
-0.652394
-0.652382
-0.652394
-0.652406
-0.652382
-0.652382
-0.652394
-0.652382
-0.652382
-0.652358
-0.652394
-0.652358
-0.652394
-0.652358
-0.652406
-0.652382
-0.65237
-0.65243
-0.652406
-0.652382
-0.652394
-0.652394
-0.652394
-0.652394
-0.652382
-0.652382
-0.65237
-0.652418
-0.652382
-0.65237
-0.652382
-0.652382
-0.652394
-0.652394
-0.652382
-0.652406
-0.652382
-0.65237
-0.652406
-0.652394
-0.65243
-0.652406
-0.65243
-0.652394
-0.652406
-0.652382
-0.652382
-0.652382
-0.652382
-0.652394
-0.652382
-0.652382
-0.65243
-0.652394
-0.652418
-0.652394
-0.652394
-0.65243
-0.652394
-0.652418
-0.652406
-0.652394
-0.652394
-0.652394
-0.652382
-0.652406
-0.652394
-0.652382
-0.652406
-0.652394
-0.652406
-0.652382
-0.65237
-0.652418
-0.65243
-0.652418
-0.65237
-0.652406
-0.65243
-0.652382
-0.652394
-0.652406
-0.652406
-0.652394
-0.652382
-0.652382
-0.652406
-0.652394
-0.652382
-0.652418
-0.652382
-0.652406
-0.652394
-0.652406
-0.652406
-0.652406
-0.652394
-0.652418
-0.65237
-0.65237
-0.652418
-0.652406
-0.652394
-0.652418
-0.652394
-0.652406
-0.65237
-0.65237
-0.652418
-0.652406
-0.652382
-0.652406
-0.652406
-0.652382
-0.652382
-0.652406
-0.652382
-0.652358
-0.652418
-0.652406
-0.652382
-0.652382
-0.652418
-0.652406
-0.652394
-0.652382
-0.652418
-0.652382
-0.652382
-0.652394
-0.652406
-0.652382
-0.65243
-0.652406
-0.652382
-0.652358
-0.65237
-0.652382
-0.652394
-0.65237
-0.652382
-0.652382
-0.65237
-0.65237
-0.652418
-0.652394
-0.652406
-0.652406
