0.149989
0.149987
0.149988
0.149983
0.14999
0.149984
0.149987
0.149996
0.149992
0.149993
0.149984
0.149989
0.149986
0.149984
0.149986
0.149982
0.149992
0.15
0.149993
0.149995
0.149994
0.149987
0.149989
0.149989
0.149982
0.149988
0.149993
0.149986
0.15
0.14999
0.149984
0.149988
0.149995
0.149994
0.149995
0.14999
0.150002
0.149994
0.150001
0.14999
0.149987
0.149993
0.149989
0.149984
0.149987
0.149993
0.149989
0.149989
0.149996
0.149993
0.149988
0.149986
0.149993
0.149986
0.149989
0.149993
0.149986
0.149987
0.149985
0.149986
0.149977
0.149991
0.149985
0.149994
0.149983
0.149994
0.149994
0.149992
0.149993
0.149987
0.149994
0.149992
0.149991
0.149983
0.14998
0.149991
0.149986
0.149992
0.149992
0.149981
0.149989
0.149981
0.149989
0.149981
0.149975
0.149993
0.149993
0.149989
0.149987
0.149994
0.149978
0.149985
0.149988
0.149985
0.15
0.14999
0.149991
0.149983
0.14999
0.149976
0.149998
0.149986
0.149986
0.149993
0.149979
0.149983
0.149982
0.149987
0.150002
0.149987
0.149984
0.149982
0.149995
0.149988
0.149999
0.149989
0.149986
0.149988
0.14999
0.149987
0.149994
0.149995
0.149996
0.149989
0.149987
0.149992
0.149998
0.149989
0.14999
0.149988
0.149986
0.149985
0.149978
0.149983
0.149994
0.149984
0.149992
0.149988
0.149978
0.15
0.149995
0.149982
0.149987
0.149984
0.14999
0.14999
0.150001
0.149987
0.149998
0.149989
0.149994
0.149983
0.149992
0.149986
0.149995
0.149995
0.149988
0.149984
0.149988
0.149979
0.149989
0.14998
0.149993
0.149986
0.149997
0.149983
0.14998
0.149985
0.149996
0.149999
0.149987
0.149992
0.149996
0.149988
0.149991
0.149988
0.149994
0.149987
0.149983
0.149988
0.149979
0.149987
0.149989
0.149994
0.149984
0.149989
0.149988
0.149994
0.149992
0.149991
0.149991
0.149985
0.149986
0.149983
0.149988
0.149983
0.149988
0.149985
0.14998
0.149987
0.149984
0.14998
0.149991
0.14999
0.149985
0.149989
0.149984
0.149989
0.14998
0.149988
0.149982
0.149982
0.14998
0.14999
0.149993
0.149994
0.14999
0.149984
0.149986
0.149989
0.149997
0.149984
0.149991
0.14999
0.149992
0.149984
0.149993
0.149983
0.149985
0.149986
0.149987
0.149989
0.149991
0.149983
0.14999
0.149987
0.149992
0.149987
0.149981
0.149988
0.149994
0.149992
0.149986
0.149993
0.149996
0.150035
0.150014
0.149986
0.15001
0.150012
0.150039
0.150032
0.15003
0.150019
0.150013
0.149984
0.149986
0.149974
0.149989
0.149987
0.149979
0.149993
0.149986
0.149971
0.149966
0.149976
0.150013
0.150016
0.150041
0.150055
0.150077
0.150069
0.150063
0.150043
0.150043
0.150032
0.150013
0.150001
0.149989
0.149997
0.149991
0.14998
0.149998
0.149993
0.150005
0.14998
0.149992
0.149979
0.14999
0.150006
0.150005
0.150029
0.150038
0.150035
0.150007
0.150016
0.149978
0.149965
0.14996
0.149951
0.149932
0.149937
0.149938
0.149944
0.14997
0.149973
0.150004
0.15002
0.150008
0.15002
0.150037
0.15003
0.15002
0.150027
0.150026
0.150013
0.150003
0.150021
0.150033
0.150012
0.149992
0.150006
0.149976
0.149963
0.149977
0.149964
0.149991
0.150002
0.150025
0.150046
0.150062
0.15007
0.150048
0.150026
0.150025
0.15001
0.149979
0.149988
0.149978
0.149961
0.149982
0.149988
0.150001
0.150008
0.150029
0.150022
0.150053
0.150062
0.150045
0.150048
0.150063
0.150056
0.150041
0.150022
0.150013
0.150013
0.15001
0.15002
0.150012
0.150018
0.149982
0.149978
0.149965
0.14996
0.149998
0.150011
0.150016
0.150035
0.150048
0.15006
0.150088
0.150071
0.150066
0.150055
0.150057
0.15001
0.149998
0.149982
0.149962
0.149943
0.149945
0.149939
0.149966
0.149979
0.149989
0.150022
0.150043
0.150065
0.150085
0.150091
0.150082
0.150075
0.150058
0.150038
0.150016
0.15001
0.15
0.149997
0.149972
0.149981
0.149997
0.149993
0.150014
0.150026
0.15003
0.150021
0.150032
0.150027
0.150012
0.149989
0.149982
0.149967
0.149961
0.149935
0.149956
0.149964
0.14996
0.149984
0.150014
0.150012
0.150041
0.150044
0.150044
0.150047
0.15004
0.150034
0.150008
0.149978
0.149974
0.149949
0.149937
0.149918
0.149934
0.149926
0.149947
0.14996
0.149969
0.14999
0.150023
0.15003
0.150074
0.150036
0.150017
0.149993
0.149984
0.149963
0.149968
0.14994
0.149943
0.149955
0.149953
0.149974
0.150001
0.150013
0.150039
0.150031
0.150039
0.15003
0.150041
0.150038
0.150006
0.149958
0.14997
0.149958
0.149942
0.149936
0.149954
0.149941
0.149949
0.149959
0.149972
0.149975
0.150002
0.15001
0.150025
0.150004
0.150025
0.150028
0.150019
0.150009
0.149999
0.150006
0.149997
0.149998
0.150031
0.150019
0.150008
0.150015
0.150021
0.150012
0.149987
0.150013
0.149998
0.149993
0.150003
0.15
0.150004
0.150008
0.150032
0.150055
0.15006
0.150044
0.150064
0.150066
0.150059
0.150058
0.150034
0.150043
0.150018
0.150023
0.150018
0.149988
0.149983
0.149982
0.14997
0.149986
0.149997
0.150029
0.150043
0.150051
0.150047
0.150058
0.15006
0.150052
0.150038
0.150006
0.150009
0.149995
0.149971
0.149977
0.149989
0.149979
0.149985
0.149982
0.149989
0.149986
0.149961
0.149959
0.149953
0.149969
0.149959
0.149958
0.149954
0.149972
0.150014
0.150018
0.150032
0.150055
0.150051
0.150055
0.150041
0.150011
0.150013
0.149989
0.149961
0.149969
0.149973
0.149962
0.150004
0.150017
0.150043
0.150034
0.150028
0.150026
0.150002
0.149999
0.150009
0.149999
0.149998
0.150011
0.15003
0.15005
0.150038
0.150061
0.150056
0.150056
0.150032
0.150013
0.149992
0.149991
0.149984
0.14998
0.149958
0.14996
0.149925
0.149954
0.14998
0.14997
0.150012
0.149999
0.149992
0.149966
0.149965
0.149953
0.149963
0.149972
0.150017
0.150035
0.15006
0.150068
0.150074
0.15007
0.150076
0.150015
0.150012
0.150008
0.150024
0.150025
0.150004
0.150016
0.150032
0.150035
0.150051
0.150002
0.149992
0.149944
0.149944
0.149913
0.149955
0.149967
0.149976
0.150016
0.150049
0.150025
0.150003
0.150017
0.150015
0.15001
0.150028
0.150038
0.150056
0.150067
0.150096
0.150064
0.150064
0.150024
0.149969
0.149966
0.149974
0.150003
0.149972
0.149984
0.150004
0.15003
0.150039
0.150077
0.150059
0.150073
0.150004
0.149991
0.149985
0.149982
0.150002
0.150002
0.149983
0.149985
0.150011
0.150016
0.149991
0.149985
0.150011
0.150017
0.149976
0.149953
0.149983
0.149984
0.149981
0.149973
0.149985
0.149991
0.150023
0.15003
0.150005
0.150013
0.150012
0.150018
0.150027
0.150016
0.149983
0.150002
0.149991
0.150022
0.150021
0.150012
0.150014
0.150037
0.150053
0.150042
0.150037
0.150025
0.150038
0.150052
0.15004
0.150048
0.150024
0.150014
0.149984
0.150004
0.149995
0.150035
0.150026
0.150025
0.150011
0.150007
0.150018
0.150008
0.150028
0.150047
0.15005
0.150041
0.150034
0.150021
0.150037
0.150029
0.150031
0.150004
0.150005
0.14999
0.149991
0.15
0.150038
0.15004
0.150043
0.15003
0.150034
0.150002
0.150005
0.150033
0.150052
0.150057
0.150073
0.150033
0.150046
0.15004
0.150048
0.150072
0.150062
0.150073
0.150081
0.150038
0.150021
0.149989
0.150016
0.150039
0.150059
0.15006
0.150048
0.150007
0.149997
0.149983
0.149994
0.150012
0.150067
0.150059
0.150064
0.150039
0.150004
0.150012
0.15001
0.150013
0.150064
0.150075
0.150079
0.150072
0.150049
0.150015
0.150014
0.150032
0.150042
0.150079
0.150078
0.150061
0.150055
0.150053
0.150031
0.150036
0.150032
0.15002
0.150042
0.15005
0.150063
0.150058
0.150037
0.150007
0.150014
0.150012
0.150018
0.150036
0.150037
0.150041
0.15005
0.15005
0.150054
0.150001
0.149993
0.150004
0.150002
0.150038
0.150041
0.150053
0.15006
0.150059
0.150052
0.150021
0.150025
0.150011
0.149991
0.150006
0.150008
0.150039
0.150041
0.150058
0.150047
0.150011
0.149994
0.150003
0.150008
0.150031
0.150034
0.150044
0.150065
0.150061
0.15009
0.150087
0.150051
0.150035
0.15002
0.150017
0.150016
0.150026
0.150048
0.150084
0.150069
0.150063
0.150036
0.150028
0.150006
0.150019
0.150016
0.150031
0.150035
0.150059
0.150057
0.150053
0.15006
0.150049
0.150039
0.150039
0.15002
0.150032
0.150037
0.150036
0.15004
0.150068
0.150077
0.150077
0.150066
0.150042
0.150034
0.150009
0.150009
0.150014
0.15002
0.150031
0.150022
0.150022
0.15005
0.150067
0.150061
0.15008
0.150063
0.150028
0.150022
0.150034
0.150016
0.150042
0.150069
0.150054
0.150081
0.150089
0.150085
0.150098
0.150072
0.150043
0.150032
0.150023
0.150024
0.149997
0.150014
0.150036
0.150017
0.150031
0.150022
0.150061
0.150054
0.150064
0.15005
0.150027
0.150004
0.150011
0.150006
0.150018
0.15005
0.150048
0.15003
0.150051
0.150056
0.150054
0.150047
0.150031
0.15001
0.149996
0.149985
0.149983
0.150017
0.150005
0.150012
0.150005
0.150024
0.150027
0.150056
0.150074
0.150075
0.150061
0.150023
0.150002
0.149991
0.149996
0.150024
0.150039
0.150029
0.150035
0.150041
0.150075
0.150067
0.150052
0.150054
0.150033
0.150001
0.150003
0.149981
0.149995
0.149996
0.150011
0.150021
0.150021
0.15003
0.150027
0.150035
0.15005
0.150041
0.150067
0.150057
0.150055
0.150029
0.150005
0.150004
0.149989
0.150014
0.150011
0.150017
0.150037
0.150035
0.15003
0.150057
0.150058
0.150069
0.150071
0.15006
0.150045
0.150039
0.150026
0.150031
0.150022
0.150016
0.150006
0.150035
0.150035
0.150029
0.150041
0.150073
0.150075
0.150094
0.150092
0.150072
0.15006
0.15004
0.150044
0.150012
0.150016
0.150023
0.150021
0.150043
0.150049
0.150048
0.150057
0.150073
0.150067
0.150063
0.150083
0.150066
0.150052
0.15004
0.150034
0.150025
0.150015
0.150017
0.150004
0.150034
0.150032
0.150047
0.150032
0.150014
0.15001
0.150037
0.150057
0.150052
0.150088
0.150055
0.150058
0.150061
0.150034
0.150017
0.150034
0.150024
0.150003
0.149975
0.150014
0.150013
0.150039
0.150032
0.150036
0.150039
0.150055
0.150083
0.150086
0.150088
0.150067
0.150051
0.150042
0.150031
0.15
0.150003
0.149998
0.149966
0.149977
0.149996
0.149984
0.149967
0.150008
0.150002
0.149995
0.150031
0.150026
0.150045
0.150046
0.150035
0.150016
0.150013
0.150015
0.149994
0.149998
0.149974
0.149959
0.149955
0.149981
0.149993
0.150005
0.15001
0.150019
0.150004
0.150018
0.150009
0.150026
0.150059
0.150056
0.150058
0.150061
0.15005
0.150052
0.150046
0.150044
0.15003
0.150019
0.150007
0.149983
0.149988
0.149977
0.149995
0.150012
0.149993
0.149987
0.149974
0.149975
0.149972
0.149987
0.150035
0.150035
0.150046
0.150036
0.150043
0.150034
0.150033
0.150065
0.150049
0.150058
0.150047
0.15002
0.150006
0.150003
0.150026
0.150034
0.150044
0.150053
0.150045
0.150031
0.150016
0.150056
0.150047
0.150042
0.150047
0.150065
0.150051
0.150051
0.150042
0.150037
0.150016
0.15003
0.15003
0.150019
0.150035
0.150037
0.150018
0.150009
0.150056
0.150028
0.150054
0.150061
0.150076
0.150057
0.150034
0.15003
0.150052
0.150039
0.150045
0.150057
0.150066
0.150062
0.150068
0.150034
0.15003
0.150031
0.15001
0.149999
0.150021
0.150001
0.150021
0.150021
0.150025
0.150042
0.150049
0.150028
0.150037
0.150049
0.150059
0.150069
0.150025
0.150015
0.150006
0.150009
0.150012
0.149991
0.149991
0.149997
0.149984
0.149972
0.149976
0.149992
0.150013
0.150016
0.150026
0.150044
0.150023
0.150042
0.150051
0.150057
0.150065
0.150066
0.150078
0.150031
0.150038
0.15005
0.15004
0.150006
0.149983
0.149975
0.149965
0.149959
0.149976
0.149986
0.149971
0.149954
0.149982
0.149986
0.150028
0.150041
0.150051
0.150038
0.150039
0.150043
0.150029
0.150045
0.150047
0.150034
0.150045
0.150057
0.150035
0.150035
0.150006
0.149944
0.14989
0.149914
0.149968
0.150023
0.150037
0.150032
0.150016
0.149996
0.150019
0.150023
0.150024
0.150013
0.149989
0.149995
0.15001
0.150014
0.149988
0.149991
0.150003
0.149995
0.149992
0.15
0.149977
0.14999
0.150007
0.150012
0.149987
0.150005
0.150017
0.150001
0.149988
0.150005
0.150003
0.149994
0.149981
0.150007
0.149997
0.150008
0.150005
0.14999
0.149984
0.149996
0.149995
0.15
0.150006
0.149983
0.15
0.150012
0.150001
0.149993
0.149999
0.15001
0.150002
0.149999
0.149995
0.149991
0.150004
0.149998
0.150009
0.149993
0.149991
0.149985
0.149987
0.149973
0.149982
0.149997
0.150002
0.149993
0.149971
0.149984
0.149984
0.150002
0.149978
0.149996
0.149995
0.149983
0.149985
0.149982
0.149978
0.149998
0.149998
0.149985
0.149988
0.149992
0.149976
0.149999
0.14998
0.14999
0.14998
0.149992
0.149983
0.149982
0.149989
0.149994
0.149996
0.149984
0.149994
0.14999
0.15
0.149993
0.14998
0.150004
0.149986
0.149993
0.149986
0.14999
0.14999
0.149988
0.149987
0.149988
0.149981
0.150005
0.150006
0.149988
0.14999
0.149996
0.149998
0.150005
0.149988
0.149992
0.149979
0.149985
0.149995
0.149992
0.149978
0.149982
0.149984
0.14999
0.149969
0.149989
0.149984
0.149982
0.149992
0.149989
0.149999
0.149991
0.149994
0.149986
0.149998
0.149984
0.149992
0.150003
0.149993
0.149986
0.149985
0.14997
0.149983
0.149976
0.149996
0.149983
0.149987
0.149981
0.149988
0.149969
0.149994
0.149996
0.149994
0.149972
0.149993
0.150005
0.149982
0.149987
0.149977
0.149993
0.149984
0.149991
0.150002
0.149977
0.149981
0.149982
0.149987
0.149978
0.149977
0.149983
0.149987
0.149987
0.149991
0.149997
0.149994
0.149972
0.149973
0.149979
0.149989
0.149984
0.149984
0.149968
0.149991
0.149987
0.149981
0.149984
0.149987
0.149992
0.149977
0.149984
0.149975
0.149978
0.149981
0.149966
0.149975
0.149991
0.149993
0.149957
0.149925
0.149844
0.149865
0.149868
0.149907
0.149945
0.149969
0.149928
0.149875
0.149857
0.149849
0.149889
0.149925
0.14991
0.149881
0.149865
0.149873
0.149888
0.149903
0.149909
0.14989
0.149897
0.149918
0.149921
0.149932
0.149937
0.149939
0.149956
0.149973
0.149993
0.149997
0.14999
0.149976
0.149977
0.14997
0.149981
0.14995
0.149929
0.149938
0.149947
0.149938
0.149948
0.149941
0.149936
0.149953
0.149968
0.149968
0.150005
0.150018
0.150001
0.150023
0.14998
0.150001
0.149996
0.150017
0.149999
0.150026
0.149991
0.149968
0.149978
0.149979
0.149966
0.149961
0.149983
0.149966
0.149991
0.150005
0.150003
0.15
0.150014
0.150029
0.150028
0.15003
0.150034
0.150021
0.150031
0.149996
0.150001
0.149977
0.149983
0.149979
0.149979
0.149998
0.14999
0.149994
0.14999
0.149979
0.149965
0.150004
0.149992
0.149983
0.150009
0.149988
0.149982
0.149971
0.149989
0.150002
0.149997
0.149982
0.149978
0.149981
0.14998
0.149981
0.149976
0.149964
0.149966
0.149958
0.149957
0.149984
0.149977
0.149983
0.149965
0.149991
0.150005
0.149982
0.14997
0.149986
0.14998
0.149993
0.149958
0.149983
0.149953
0.14997
0.149955
0.149994
0.149953
0.149949
0.149954
0.14995
0.149964
0.149968
0.149956
0.149977
0.149976
0.149984
0.149998
0.149985
0.15003
0.150009
0.150024
0.149991
0.150007
0.149974
0.149983
0.149965
0.149964
0.14995
0.149956
0.14996
0.149952
0.149954
0.14995
0.149944
0.149959
0.149949
0.149943
0.149955
0.149956
0.14996
0.14996
0.149967
0.14998
0.149977
0.149986
0.149984
0.15001
0.149985
0.149982
0.149987
0.149975
0.149949
0.149952
0.149927
0.149925
0.149943
0.149938
0.149968
0.149969
0.149986
0.149992
0.149999
0.150015
0.149999
0.150001
0.149988
0.149984
0.149976
0.149965
0.149948
0.149939
0.149957
0.149949
0.14995
0.149959
0.149967
0.149961
0.149978
0.149983
0.149971
0.149987
0.149999
0.150004
0.150004
0.149998
0.15
0.149995
0.149989
0.149986
0.149975
0.15001
0.149991
0.149997
0.150005
0.149995
0.149974
0.149995
0.149997
0.150011
0.150006
0.150033
0.150034
0.150014
0.150004
0.150004
0.149979
0.15001
0.149987
0.149974
0.149983
0.149963
0.15
0.149985
0.149997
0.149971
0.149989
0.149995
0.150017
0.150041
0.150016
0.150019
0.150008
0.149972
0.149972
0.149975
0.149973
0.150003
0.150003
0.15
0.149978
0.15
0.150001
0.149999
0.150003
0.150037
0.150011
0.150009
0.149984
0.14998
0.149979
0.149993
0.150003
0.149973
0.149975
0.15
0.150004
0.149999
0.150008
0.150008
0.150022
0.150023
0.150039
0.150034
0.150036
0.150007
0.150012
0.149981
0.149986
0.149985
0.149984
0.149976
0.149984
0.149997
0.150017
0.150007
0.150025
0.150034
0.15003
0.150041
0.149999
0.150013
0.150006
0.150022
0.15
0.149977
0.149969
0.14998
0.149989
0.149995
0.150019
0.150038
0.150022
0.149998
0.149973
0.149966
0.149966
0.149957
0.149971
0.149955
0.149965
0.14998
0.149981
0.150002
0.150012
0.150004
0.150008
0.149977
0.149992
0.149977
0.149978
0.149977
0.14995
0.149951
0.149951
0.149946
0.149976
0.149977
0.149983
0.149995
0.149953
0.149967
0.149969
0.149935
0.14994
0.14995
0.149931
0.149943
0.149941
0.149949
0.149995
0.150002
0.150014
0.150009
0.149968
0.14995
0.149957
0.149974
0.149942
0.149939
0.149943
0.149939
0.149985
0.149992
0.150008
0.15
0.149975
0.149953
0.149942
0.149944
0.149957
0.14995
0.149965
0.149951
0.149951
0.149968
0.149994
0.149996
0.149997
0.149998
0.149974
0.149989
0.149965
0.149979
0.149948
0.14997
0.149977
0.149973
0.150002
0.149992
0.150004
0.149978
0.149951
0.149957
0.149949
0.14995
0.149992
0.149975
0.149993
0.149986
0.149988
0.149998
0.149994
0.149964
0.149966
0.149965
0.149972
0.149964
0.15
0.149995
0.150024
0.149995
0.149987
0.149984
0.149976
0.14998
0.149966
0.149963
0.149973
0.149982
0.150011
0.150002
0.15
0.15001
0.149994
0.149994
0.150012
0.149976
0.150002
0.149989
0.14994
0.149931
0.149951
0.149955
0.14997
0.149966
0.14997
0.149966
0.149955
0.149952
0.149991
0.149998
0.149997
0.149979
0.149997
0.150001
0.149986
0.149982
0.149972
0.149975
0.149967
0.149974
0.149971
0.149963
0.149967
0.149984
0.149981
0.149973
0.14996
0.149995
0.14997
0.149972
0.150005
0.149987
0.149978
0.150015
0.150039
0.150016
0.150012
0.150015
0.149985
0.14999
0.149989
0.150013
0.150026
0.150018
0.150015
0.150033
0.150031
0.150043
0.150044
0.150051
0.150057
0.150061
0.150068
0.150083
0.150071
0.150076
0.150095
0.150071
0.15006
0.150055
0.150017
0.150007
0.150024
0.15003
0.150027
0.150037
0.150015
0.150042
0.150029
0.150036
0.15003
0.15003
0.150021
0.150016
0.150003
0.150021
0.150036
0.150031
0.150037
0.15003
0.15001
0.150026
0.150025
0.150031
0.150019
0.150028
0.150033
0.150032
0.150038
0.150065
0.150064
0.150056
0.150069
0.150072
0.150059
0.150065
0.150063
0.150078
0.150051
0.150051
0.150066
0.150052
0.150045
0.150046
0.150052
0.150036
0.150021
0.15001
0.150002
0.149978
0.149978
0.149957
0.149997
0.150009
0.149999
0.149985
0.15001
0.149984
0.149995
0.150038
0.150057
0.150033
0.150048
0.150064
0.150046
0.150048
0.150047
0.150056
0.150023
0.150038
0.150025
0.149999
0.149999
0.150023
0.150005
0.15002
0.150008
0.150001
0.149993
0.149992
0.149992
0.149995
0.149997
0.150019
0.150038
0.150003
0.150011
0.149998
0.149997
0.149971
0.149989
0.149975
0.149965
0.149968
0.149978
0.149994
0.149999
0.150006
0.150025
0.150034
0.150033
0.150065
0.150041
0.150059
0.150072
0.150091
0.150072
0.150055
0.15006
0.150027
0.150016
0.150033
0.149998
0.149978
0.149985
0.149968
0.14996
0.149937
0.149939
0.149949
0.149956
0.149966
0.149968
0.149993
0.149981
0.14999
0.149986
0.150015
0.150028
0.150028
0.150029
0.150011
0.150016
0.150034
0.150028
0.150003
0.150011
0.149993
0.150033
0.150023
0.150026
0.150005
0.150005
0.149993
0.149994
0.149975
0.149998
0.149979
0.149985
0.150024
0.149999
0.149976
0.149982
0.149962
0.149963
0.149952
0.149987
0.14995
0.149985
0.149985
0.150004
0.150018
0.150021
0.150066
0.150061
0.150063
0.150063
0.150075
0.150075
0.150053
0.150078
0.150077
0.150043
0.150049
0.150048
0.15005
0.150044
0.150019
0.150026
0.150007
0.149983
0.149986
0.149992
0.150018
0.14999
0.149994
0.150007
0.149976
0.149995
0.150018
0.150005
0.150013
0.150045
0.150064
0.150053
0.15005
0.15007
0.150068
0.150082
0.150099
0.150095
0.150079
0.150085
0.15009
0.150073
0.150067
0.150053
0.150089
0.150081
0.150078
0.150067
0.150063
0.150065
0.150059
0.150046
0.150027
0.150024
0.14999
0.149983
0.149972
0.149979
0.149948
0.149965
0.14995
0.149978
0.149981
0.149997
0.15001
0.150011
0.150029
0.150029
0.150023
0.150043
0.150081
0.150103
0.150085
0.150075
0.150081
0.150076
0.150028
0.150058
0.150034
0.150018
0.15
0.149964
0.149962
0.149942
0.149938
0.149935
0.149949
0.14993
0.149948
0.149941
0.14994
0.149962
0.149981
0.149987
0.149991
0.150014
0.150028
0.150025
0.150026
0.150041
0.15006
0.150059
0.150068
0.150062
0.150067
0.150032
0.150042
0.150017
0.150006
0.149999
0.149979
0.149976
0.149986
0.149977
0.149946
0.149929
0.149931
0.149895
0.149908
0.149887
0.149908
0.149894
0.1499
0.149917
0.149915
0.149939
0.149975
0.149965
0.150003
0.150006
0.15001
0.15002
0.150047
0.150045
0.150061
0.15007
0.150062
0.150051
0.150031
0.150011
0.150016
0.149997
0.149999
0.14998
0.149982
0.149959
0.149942
0.149938
0.14994
0.149956
0.149953
0.149965
0.149964
0.149997
0.149995
0.150016
0.150022
0.150023
0.150045
0.150077
0.150083
0.15006
0.150074
0.150069
0.150045
0.150074
0.150055
0.150065
0.150044
0.15006
0.150035
0.150028
0.150012
0.150022
0.150014
0.150013
0.150028
0.149974
0.14998
0.149976
0.149976
0.14995
0.149962
0.149976
0.149984
0.149964
0.149961
0.149961
0.14999
0.150021
0.150025
0.150013
0.150065
0.150062
0.150062
0.150098
0.150116
0.150109
0.150092
0.15009
0.150084
0.150079
0.150073
0.150065
0.15006
0.150071
0.150057
0.150024
0.15002
0.150003
0.149997
0.14997
0.149975
0.149979
0.149971
0.14998
0.149971
0.149984
0.14996
0.149977
0.149968
0.149979
0.150007
0.150007
0.150025
0.150014
0.150028
0.150017
0.150026
0.150003
0.150022
0.150028
0.150062
0.150041
0.150043
0.150054
0.150066
0.150082
0.150075
0.150067
0.15006
0.150056
0.150047
0.150054
0.150033
0.150009
0.150007
0.149973
0.14999
0.149973
0.149971
0.149992
0.149983
0.149962
0.149973
0.14998
0.149975
0.149979
0.149993
0.150001
0.15
0.149992
0.149974
0.14998
0.149991
0.149988
0.149967
0.149966
0.149975
0.149988
0.149991
0.149979
0.149992
0.150007
0.150018
0.150014
0.150016
0.149995
0.149989
0.149987
0.150001
0.149997
0.150017
0.150005
0.150019
0.149998
0.149986
0.149997
0.149993
0.149985
0.150001
0.149993
0.149972
0.14994
0.149959
0.149959
0.149967
0.149986
0.149983
0.150002
0.149992
0.150009
0.150008
0.150024
0.150017
0.150076
0.150047
0.150058
0.150033
0.150037
0.150039
0.150044
0.150057
0.150064
0.15007
0.150067
0.150048
0.150073
0.150095
0.150085
0.15008
0.150073
0.150096
0.150049
0.150067
0.150027
0.150035
0.149998
0.150026
0.150014
0.149995
0.150012
0.150008
0.150009
0.149991
0.149987
0.150008
0.150002
0.150019
0.150012
0.150019
0.15002
0.149998
0.149978
0.149978
0.15
0.149998
0.150024
0.150011
0.149997
0.149991
0.15002
0.150011
0.150028
0.150054
0.150035
0.150019
0.150003
0.150015
0.149992
0.150009
0.15003
0.150002
0.149989
0.149979
0.149989
0.149994
0.149999
0.150002
0.150003
0.150028
0.150048
0.150063
0.150037
0.150036
0.150028
0.150023
0.150008
0.150023
0.150021
0.150023
0.150026
0.15004
0.150023
0.150013
0.150014
0.150002
0.150031
0.150015
0.149996
0.149998
0.149994
0.149979
0.149975
0.14995
0.149935
0.14995
0.149968
0.14995
0.149953
0.149957
0.149952
0.149938
0.149924
0.149935
0.149917
0.149926
0.149936
0.149938
0.149959
0.149969
0.14997
0.149971
0.149993
0.149989
0.149987
0.150016
0.150039
0.150019
0.150036
0.150037
0.150026
0.150023
0.150005
0.149984
0.149972
0.149963
0.149964
0.149935
0.149943
0.149926
0.149942
0.149932
0.149915
0.149917
0.149946
0.149944
0.149983
0.150013
0.150035
0.150029
0.150036
0.150028
0.150031
0.150003
0.150006
0.149973
0.149963
0.149972
0.149943
0.149904
0.149909
0.149911
0.149906
0.149909
0.149917
0.149937
0.149909
0.14995
0.149946
0.149932
0.149905
0.149893
0.1499
0.149868
0.149858
0.149849
0.149866
0.14986
0.149895
0.149931
0.149954
0.149993
0.14999
0.149969
0.149971
0.149918
0.149913
0.149906
0.149908
0.149938
0.149972
0.149997
0.150032
0.150086
0.150061
0.150063
0.150005
0.150002
0.149999
0.149994
0.15003
0.150095
0.150097
0.150153
0.150149
0.150119
0.150093
0.150037
0.150004
0.150001
0.150027
0.150073
0.150095
0.150118
0.150118
0.150081
0.150003
0.149992
0.149961
0.149968
0.149996
0.150051
0.150111
0.150127
0.150104
0.150046
0.149973
0.149968
0.149988
0.150029
0.150113
0.150133
0.15013
0.150117
0.150025
0.149984
0.149981
0.150038
0.150058
0.150065
0.15011
0.150098
0.150047
0.149997
0.149972
0.149984
0.150004
0.150057
0.1501
0.150135
0.150128
0.150103
0.150016
0.150012
0.150013
0.150063
0.150122
0.150172
0.15017
0.150129
0.150016
0.150004
0.149968
0.150017
0.150056
0.150074
0.150054
0.150049
0.150043
0.150044
0.150079
0.149951
0.149767
0.149458
0.149097
0.1483
0.147825
0.147416
0.146631
0.146246
0.145815
0.145404
0.144648
0.144271
0.143876
0.143447
0.14267
0.142311
0.141957
0.141592
0.140804
0.140413
0.140043
0.1393
0.138898
0.138499
0.138088
0.137241
0.136807
0.136372
0.135984
0.13517
0.134751
0.134328
0.133944
0.133116
0.13269
0.132298
0.131577
0.131182
0.130803
0.130434
0.129687
0.129329
0.128973
0.128596
0.12781
0.127379
0.126958
0.126148
0.125738
0.12534
0.124933
0.124171
0.123764
0.123344
0.122959
0.122195
0.121818
0.121431
0.121055
0.120287
0.119932
0.119544
0.118764
0.118334
0.117918
0.117497
0.116664
0.11626
0.115844
0.115462
0.114655
0.114252
0.113831
0.11343
0.11266
0.112319
0.11197
0.111196
0.110826
0.110471
0.110109
0.109315
0.108894
0.108463
0.108051
0.107238
0.106829
0.106441
0.106045
0.105256
0.104916
0.104517
0.103788
0.103436
0.10305
0.102675
0.101935
0.101575
0.101165
0.100763
0.0998955
0.0994817
0.0991051
0.0986792
0.0978785
0.0974575
0.0970481
0.0962277
0.0958746
0.0955076
0.0951302
0.0943985
0.094021
0.0936584
0.0932645
0.092417
0.0919779
0.0915658
0.0907827
0.0904126
0.0899837
0.0895912
0.0888358
0.0884651
0.0881031
0.0877594
0.0870067
0.086653
0.0862896
0.0858851
0.0850389
0.0846135
0.0842124
0.0834065
0.0830065
0.0825797
0.0821937
0.0814014
0.0810124
0.0806536
0.080276
0.0795609
0.0792018
0.0788336
0.0784188
0.077557
0.0771501
0.0767503
0.0759477
0.0755561
0.075152
0.0747427
0.0740287
0.0736458
0.0732876
0.0729116
0.0721708
0.0718121
0.071382
0.0704862
0.070059
0.0696583
0.0692517
0.0684232
0.0680059
0.0676088
0.0672295
0.0664979
0.0661746
0.0657853
0.0654231
0.0646379
0.0642137
0.0637768
0.0629652
0.0625428
0.0621544
0.0617401
0.0609445
0.0605906
0.0601992
0.0598441
0.0591217
0.0587627
0.0583733
0.0579581
0.0571113
0.0567037
0.0563157
0.0554902
0.0550581
0.0546727
0.0542819
0.0535603
0.053208
0.0528879
0.0525059
0.0516789
0.0512401
0.0508251
0.0503566
0.0495792
0.0491918
0.0487631
0.0481074
0.0477262
0.0473645
0.0470058
0.0462526
0.0458387
0.0454106
0.0449715
0.044158
0.043762
0.0433912
0.0429331
0.0421792
0.0418011
0.0414639
0.040747
0.040358
0.0399308
0.0395083
0.0386492
0.0382529
0.0378718
0.0374439
0.0366575
0.036291
0.0359463
0.0355845
0.0348842
0.0344705
0.0340481
0.0332145
0.0327949
0.0323697
0.0319796
0.0311361
0.0307718
0.030408
0.0300252
0.0293789
0.0289779
0.0285658
0.0277461
0.0273021
0.0269087
0.0264856
0.0257077
0.0253026
0.0249437
0.0245827
0.0238766
0.0235158
0.0230904
0.0226591
0.0218111
0.0213955
0.0209838
0.020175
0.0197713
0.0193929
0.0190151
0.0183349
0.0179605
0.0175975
0.0171575
0.0162986
0.0158824
0.0154936
0.0151596
0.0149014
0.0148626
0.0148696
0.0148668
0.0148704
0.0148793
0.0148862
0.0148342
0.0148527
0.0148809
0.014844
0.0148437
0.0148497
0.0148893
0.0148675
0.0148737
0.0148763
0.0149003
0.0149113
0.0149375
0.0149354
0.0149326
0.0149812
0.0149665
0.014952
0.0149724
0.0149565
0.0149257
0.0149316
0.0148997
0.0149496
0.014907
0.0149379
0.0149456
0.0149437
0.0149302
0.0149736
0.0149624
0.0150157
0.0149951
0.0150187
0.0150011
0.0150054
0.0150156
0.0149753
0.014967
0.0149641
0.01495
0.0149285
0.0149514
0.0149522
0.0149401
0.0149615
0.0149601
0.0149668
0.0149782
0.0149733
0.0150055
0.0150004
0.0150095
0.014984
0.0149886
0.0149944
0.0149779
0.0149653
0.014962
0.0149553
0.0149627
0.0149692
0.0149781
0.0150167
0.0150166
0.0150305
0.0150511
0.0150247
0.0150307
0.0150164
0.0150054
0.0149965
0.0149703
0.0149557
0.0149657
0.0149794
0.0149617
0.0149725
0.0149898
0.0150238
0.0150343
0.0150414
0.0150666
0.0150398
0.015009
0.014997
0.0149931
0.0149769
0.014966
0.0149836
0.0149675
0.0149795
0.0149836
0.014998
0.0150305
0.0150247
0.0150174
0.0150157
0.015009
0.0149789
0.0149532
0.0149541
0.0149665
0.0149801
0.0149868
0.0149732
0.0150147
0.0150144
0.0150254
0.0150325
0.0150569
0.0150191
0.0149912
0.0149882
0.0149875
0.0149824
0.0149803
0.0149727
0.0149819
0.0150058
0.014997
0.0150337
0.015029
0.0150018
0.0149528
0.0149494
0.0149476
0.0149569
0.014937
0.0149583
0.0149523
0.0149926
0.0149927
0.014995
0.0150191
0.0149629
0.0149769
0.0149578
0.0149653
0.0149802
0.0149489
0.014969
0.0150042
0.014972
0.0149869
0.014994
0.0150153
0.0149923
0.0149809
0.0149679
0.0149889
0.014953
0.0149629
0.0149788
0.0149973
0.0150146
0.0150286
0.0150317
0.015018
0.0150133
0.0149975
0.0149739
0.0149669
0.0149544
0.0149548
0.0149895
0.0150067
0.0150454
0.0150352
0.0150161
0.0149761
0.0149793
0.0149629
0.014976
0.0149728
0.0149749
0.0149959
0.0150015
0.0149989
0.0150069
0.0149925
0.0149853
0.0149758
0.0149785
0.0149851
0.0149931
0.0149852
0.0150111
0.015032
0.0150277
0.0150169
0.0149891
0.014995
0.0149728
0.0149719
0.0149797
0.014989
0.014972
0.0150111
0.0150212
0.0150261
0.015007
0.0149854
0.0149695
0.0149808
0.0150032
0.015
0.0149977
0.0150086
0.0150498
0.01505
0.0150364
0.0150241
0.0150325
0.0149913
0.0150139
0.0150191
0.0150539
0.0150548
0.0150692
0.0150484
0.0150626
0.0150256
0.0150097
0.0150199
0.0150208
0.0150146
0.0150157
0.0150291
0.0150316
0.0150349
0.0150091
0.0149962
0.0149909
0.0149783
0.0149904
0.0149939
0.0149917
0.0150066
0.0150329
0.0150466
0.0150449
0.0150229
0.0150231
0.0150197
0.0150259
0.0150237
0.0150081
0.0150238
0.0150207
0.0150347
0.0150112
0.0150095
0.0149831
0.0150146
0.0149963
0.0150067
0.0150072
0.0150202
0.015022
0.0150103
0.0149789
0.0149877
0.0149788
0.0149946
0.0150143
0.0149958
0.0149883
0.0150093
0.0150032
0.0149985
0.0149635
0.0149524
0.0149552
0.0149627
0.0149578
0.0149388
0.0149777
0.0149728
0.014983
0.0149632
0.0149733
0.0149632
0.014956
0.0149668
0.0149854
0.0149809
0.0150014
0.0149985
0.015017
0.0149902
0.0149928
0.0149868
0.0150147
0.0150007
0.0150154
0.0149856
0.0150143
0.0150078
0.0150118
0.0149969
0.0150041
0.0149965
0.0149944
0.0150039
0.0150103
0.0149827
0.0150047
0.0150086
0.0149968
0.0150093
0.0150038
0.0150094
0.0150143
0.0150107
0.0150004
0.0149952
0.0150077
0.0149983
0.0149981
0.0150021
0.015014
0.0149984
0.0149913
0.0150003
0.0149981
0.015013
0.0149777
0.0149887
0.015008
0.0150016
0.0150054
0.0149847
0.0149945
0.0149933
0.0150018
0.0150067
0.014987
0.0150067
0.015005
0.0149998
0.0149947
0.015012
0.0149958
0.0149915
0.0150085
0.014999
0.0149948
0.0149972
0.0150083
0.0150012
0.0149878
0.0149877
0.0149956
0.0149976
0.0149993
0.0149952
0.0149918
0.0149982
0.0149983
0.0150068
0.0149895
0.0149976
0.0149834
0.0149944
0.0150174
0.0150036
0.0149962
0.014991
0.0149918
0.0150057
0.0150063
0.0149861
0.0149802
0.0149901
0.0150155
0.0150056
0.0150084
0.0149965
0.0149981
0.0149997
0.0149999
0.0149927
0.0149985
0.0150017
0.0149943
0.0150063
0.0150024
0.0149966
0.0150206
0.0149785
0.0149917
0.0149935
0.0149978
0.0150013
0.014995
0.0150031
0.0149832
0.014997
0.0149988
0.0150041
0.0149937
0.0149937
0.0150002
0.0150072
0.0149961
0.0149924
0.0150024
0.0149984
0.0150012
0.0149946
0.0150044
0.0150156
0.0150154
0.0149808
0.0149936
0.0149961
0.0149977
0.0149979
0.0150001
0.0149761
0.0149973
0.0150034
0.0149953
0.0150034
0.0149972
0.0149941
0.0149844
0.0150113
0.0150089
0.0149996
0.0149971
0.0149872
0.0150047
0.0149998
0.0150016
0.0149949
0.0149882
0.015001
0.015001
0.0150092
0.0149887
0.0150102
0.0150087
0.0149963
0.0150053
0.0149871
0.0150017
0.0150044
0.0149936
0.0149941
0.0150039
0.0150063
0.0150049
0.0150091
0.0149981
0.0150183
0.0150069
0.0149911
0.0149889
0.014979
0.014995
0.0150101
0.0150155
0.0149901
0.0150022
0.0149952
0.0149975
0.0149983
0.0149856
0.0149973
0.0149876
0.0149919
0.0149889
0.0149923
0.0150199
0.0149863
0.0149828
0.0149867
0.0150015
0.014997
0.0149925
0.0150074
0.0150144
0.0149966
0.0150136
0.0150022
0.0150133
0.0149965
0.014975
0.0149914
0.0149992
0.014996
0.0149944
0.0149908
0.0150064
0.0150102
0.0150055
0.0149989
0.0150323
0.015021
0.015005
0.0150188
0.0150349
0.0150514
0.0150187
0.0150226
0.0150424
0.015028
0.0150286
0.0150047
0.0149994
0.0149977
0.0150024
0.0150069
0.0150251
0.0150155
0.015031
0.0150247
0.0150426
0.0150122
0.0150036
0.0150305
0.0150422
0.0150651
0.0150272
0.0150409
0.0150686
0.0150691
0.0150566
0.0150271
0.0150552
0.0150415
0.0150411
0.0150352
0.0150606
0.0150699
0.0150481
0.0150276
0.0150268
0.0150467
0.0150472
0.0150605
0.015061
0.0150723
0.0150899
0.015068
0.0150642
0.0150607
0.0150529
0.0150811
0.0150657
0.0150818
0.0150676
0.015066
0.0150764
0.0150558
0.0150523
0.0150147
0.0150259
0.0150114
0.0150068
0.0150022
0.0150064
0.0149871
0.0150103
0.015042
0.0150164
0.0150021
0.0149991
0.014997
0.0150045
0.0149953
0.014986
0.0150145
0.0150205
0.0150042
0.0149996
0.0149922
0.0149947
0.0149883
0.0149673
0.0150065
0.0150238
0.0150135
0.0150193
0.0150122
0.0150106
0.0149821
0.0149992
0.0149899
0.0149857
0.0149872
0.0150045
0.015009
0.0150103
0.0150076
0.0149972
0.0150173
0.0149876
0.0149784
0.0149822
0.0150126
0.0149912
0.0149956
0.0150005
0.0150327
0.0150072
0.014987
0.0149906
0.01498
0.0149774
0.0149859
0.015007
0.0149985
0.0150091
0.0150129
0.0150312
0.0150298
0.0150179
0.0149933
0.0149986
0.0150033
0.0150195
0.0150293
0.0150212
0.0150345
0.0150364
0.0150428
0.0150225
0.0150141
0.0149899
0.0150009
0.0149891
0.0149953
0.0150247
0.0150368
0.0150379
0.0150651
0.0150583
0.0150292
0.0150409
0.015012
0.0149984
0.0149921
0.0150064
0.0150204
0.0150302
0.0150444
0.0150197
0.0150275
0.015013
0.0150291
0.0150042
0.0150252
0.0150133
0.0149994
0.0150085
0.0150429
0.0150354
0.0150421
0.0150138
0.0150436
0.0150445
0.0150377
0.0150067
0.0150055
0.0149952
0.0150019
0.0150136
0.0150146
0.0150379
0.0150525
0.0150389
0.0150594
0.0150572
0.0150235
0.0150086
0.0149981
0.0149842
0.0149987
0.0150164
0.015007
0.0150271
0.0150426
0.0150384
0.0150522
0.0150484
0.0150098
0.015028
0.0150027
0.0149944
0.0150196
0.0150259
0.0150208
0.0150161
0.0150176
0.0150245
0.0150266
0.0150602
0.0150535
0.0150384
0.015015
0.015016
0.0150258
0.0149902
0.0149718
0.0150202
0.0150096
0.0150149
0.0150421
0.0150428
0.0150393
0.0150438
0.0150201
0.0150255
0.0149949
0.0149958
0.0149761
0.0150003
0.0149869
0.0149923
0.0149858
0.0149905
0.0150074
0.0150136
0.0150143
0.0150255
0.015044
0.0150343
0.0150165
0.0150178
0.0149928
0.0149725
0.0149605
0.0149858
0.0149918
0.0149824
0.0150104
0.0150087
0.0150296
0.0150398
0.0150413
0.015045
0.0150271
0.0150323
0.0150088
0.0150282
0.0150041
0.0150056
0.0150006
0.0149882
0.015
0.015003
0.0150006
0.0150251
0.0150329
0.0150308
0.0150428
0.015039
0.015044
0.0150422
0.0150296
0.0150141
0.0149977
0.0149849
0.0150048
0.0149956
0.0149677
0.0150026
0.0149801
0.014989
0.0150044
0.0149908
0.0149972
0.0150346
0.0150252
0.0150454
0.0150284
0.0150474
0.0150261
0.0149924
0.0149951
0.0149606
0.0149767
0.014977
0.0149938
0.0149836
0.0149844
0.0149909
0.0149986
0.0150127
0.0150237
0.0150424
0.0150198
0.0150461
0.0150289
0.0150106
0.0150432
0.0150214
0.015041
0.0150287
0.0150074
0.0150262
0.0151476
0.0152411
0.0153899
0.0155995
0.0157308
0.0158718
0.0160346
0.0163923
0.0165048
0.0166096
0.0167207
0.0169585
0.0170828
0.0172247
0.0174107
0.0177921
0.0179982
0.018134
0.0183684
0.0184944
0.0186299
0.0187521
0.0190535
0.0192107
0.0193183
0.0194242
0.0195993
0.01975
0.0199114
0.020315
0.0204892
0.0206204
0.0207464
0.0209556
0.0210339
0.0211471
0.0212853
0.0216441
0.0217501
0.021951
0.0220736
0.0223387
0.0224919
0.0226551
0.0230574
0.0232149
0.0233084
0.0233964
0.0235273
0.0236384
0.0237445
0.0239061
0.0242963
0.0244708
0.0245987
0.0247467
0.0249636
0.0251118
0.0252966
0.0256156
0.0257594
0.0258443
0.0259438
0.0261205
0.026229
0.0264164
0.0266339
0.0269999
0.0271454
0.0272735
0.0273643
0.0276075
0.02776
0.0279266
0.0282535
0.0283874
0.028494
0.0285868
0.0288466
0.0290167
0.029178
0.029388
0.0296675
0.0297648
0.0298619
0.0300007
0.0301634
0.0303084
0.0305263
0.0308658
0.0309883
0.0310929
0.0311989
0.0314019
0.0315966
0.0317506
0.0319021
0.0321231
0.032239
0.0323554
0.0326146
0.0328258
0.0330319
0.0331903
0.0334961
0.0336216
0.0336916
0.0337941
0.0339742
0.0341219
0.034306
0.0344985
0.0347662
0.0348996
0.0349451
0.0352597
0.0353932
0.035557
0.0357173
0.0359394
0.0360648
0.036147
0.0362472
0.0365116
0.0366988
0.0368915
0.037058
0.0373909
0.0374949
0.0376026
0.0377814
0.0378511
0.0379939
0.0381674
0.0385389
0.0387301
0.0388679
0.0390055
0.0392718
0.0393757
0.0395051
0.0396478
0.0399054
0.0400669
0.0402153
0.0404638
0.0406085
0.0407241
0.0408665
0.0411217
0.041292
0.041458
0.0416189
0.0418958
0.0420049
0.0421059
0.0423731
0.0424972
0.0426243
0.0427613
0.0430843
0.0432518
0.0434123
0.0435393
0.0438051
0.0439125
0.0439965
0.0441368
0.0443551
0.0445012
0.0446715
0.0449812
0.0451438
0.0453265
0.0454693
0.0457596
0.0458856
0.0460177
0.0461327
0.0463596
0.0465326
0.0466707
0.046804
0.0470778
0.0472326
0.0473714
0.0476806
0.0478078
0.0479264
0.0480749
0.0483792
0.0485122
0.0486489
0.0488146
0.0491114
0.0492411
0.0493955
0.0495197
0.0497609
0.0498602
0.0499553
0.0501771
0.0503018
0.050459
0.0506107
0.0509353
0.0511039
0.0512548
0.0514149
0.0516878
0.051827
0.0519465
0.0520665
0.0523204
0.0524592
0.0526004
0.0528871
0.0529412
0.0531305
0.0532763
0.0535691
0.0537013
0.0538296
0.0539708
0.0541851
0.0543208
0.0544416
0.0546767
0.0548234
0.0549805
0.0551309
0.0554385
0.0555755
0.0557268
0.0558588
0.0561647
0.0562822
0.0563989
0.0565036
0.056757
0.0569036
0.0570297
0.0573034
0.0574706
0.0576096
0.0577484
0.0580216
0.0581561
0.0582878
0.0584102
0.0586744
0.0587859
0.0589029
0.0590283
0.0593042
0.0594448
0.0595988
0.0599263
0.0600733
0.0602236
0.0603703
0.0606644
0.0607976
0.0609194
0.0610398
0.0612784
0.0614258
0.0615604
0.061695
0.0619555
0.0620994
0.0622281
0.062599
0.0627098
0.0628606
0.0630121
0.0633694
0.06352
0.0636684
0.0637921
0.0640563
0.0641794
0.064296
0.0644417
0.0646915
0.0648242
0.064978
0.0652224
0.0653681
0.0655027
0.0656404
0.0659177
0.0660599
0.066205
0.0663381
0.0666434
0.0667665
0.0668862
0.0670266
0.0672671
0.0674093
0.0675398
0.0678033
0.0679701
0.0681093
0.0682373
0.0685357
0.068667
0.0688176
0.0689665
0.069273
0.0694299
0.0695717
0.0698579
0.0700141
0.0701385
0.0702543
0.0705045
0.070623
0.070741
0.0708672
0.0711184
0.0711901
0.0713377
0.0714795
0.0717354
0.0718902
0.0720356
0.0723225
0.0724784
0.0726169
0.0727544
0.0730338
0.0731605
0.073322
0.0734704
0.0737809
0.0739123
0.0740862
0.0742245
0.0744793
0.0746039
0.0747285
0.0749908
0.0751185
0.0752687
0.0753863
0.07563
0.0757554
0.0758812
0.0760283
0.0762746
0.0764168
0.0765363
0.0768329
0.0769835
0.0771194
0.077273
0.0775654
0.0776865
0.0778416
0.077982
0.0782803
0.0784401
0.0785784
0.0787374
0.0790097
0.079146
0.079295
0.079601
0.0797283
0.0798682
0.0799836
0.0802211
0.0803483
0.0804584
0.0805958
0.0808476
0.0809629
0.0810948
0.0812043
0.0814778
0.081621
0.0817614
0.0820245
0.0821666
0.0823134
0.0824794
0.0827327
0.0828786
0.0830168
0.0831657
0.0834799
0.0836201
0.0837601
0.0838937
0.0841903
0.0843447
0.0844781
0.0847241
0.0848739
0.085002
0.0851268
0.0853957
0.085526
0.0856698
0.0858048
0.0860916
0.0862356
0.0863584
0.0866314
0.0867644
0.0868958
0.0870263
0.0873013
0.0874388
0.0875989
0.0877373
0.0880153
0.088166
0.0882967
0.0884738
0.0887313
0.0888735
0.0889871
0.0892605
0.0894137
0.0895365
0.0896687
0.0899168
0.0900503
0.0901922
0.0903102
0.0905881
0.0907163
0.0908546
0.0909822
0.0912484
0.091395
0.0915261
0.0917921
0.0919421
0.0920881
0.092226
0.0925148
0.0926412
0.0927788
0.0929181
0.0932013
0.0933451
0.0934858
0.0936362
0.0939103
0.0940452
0.094182
0.0944694
0.0946043
0.0947386
0.0948765
0.0951729
0.0952788
0.0954013
0.0955251
0.0957766
0.0959221
0.0960505
0.0962003
0.0964652
0.0965991
0.0967263
0.0969962
0.0971289
0.0972594
0.0973888
0.0976735
0.0978247
0.0979503
0.0980898
0.098358
0.0985166
0.0986562
0.0987981
0.0990927
0.0992447
0.0993857
0.0996757
0.0998111
0.0999637
0.100101
0.100379
0.100512
0.100659
0.100808
0.101067
0.101202
0.101341
0.101475
0.101747
0.10188
0.102013
0.102291
0.102438
0.102553
0.102691
0.102998
0.103128
0.10327
0.103416
0.103716
0.103852
0.103997
0.104132
0.104419
0.104572
0.104721
0.105003
0.105136
0.105268
0.105413
0.105684
0.105821
0.105954
0.106091
0.106339
0.106473
0.106608
0.106733
0.106978
0.107102
0.107248
0.107505
0.107624
0.10776
0.107889
0.108156
0.108282
0.10841
0.10856
0.10881
0.10895
0.109094
0.109243
0.109528
0.109659
0.109809
0.110109
0.110235
0.110389
0.110539
0.110819
0.110958
0.11111
0.111238
0.111516
0.111651
0.11179
0.112041
0.112177
0.112331
0.112443
0.112716
0.112853
0.112997
0.113129
0.113388
0.113535
0.113661
0.113792
0.114055
0.114186
0.114337
0.114617
0.114751
0.114893
0.115018
0.115285
0.115397
0.11555
0.115698
0.115988
0.116137
0.116271
0.116409
0.116713
0.116843
0.116998
0.117256
0.117389
0.117528
0.117683
0.117956
0.118086
0.118214
0.118374
0.11865
0.118768
0.118896
0.119038
0.119307
0.119441
0.119586
0.119834
0.119965
0.120099
0.120223
0.120511
0.120645
0.120784
0.120907
0.1212
0.121344
0.121472
0.121756
0.121901
0.122061
0.122188
0.122485
0.122618
0.122742
0.122877
0.123164
0.123325
0.123462
0.123608
0.123874
0.124018
0.124149
0.124426
0.124564
0.124691
0.124837
0.1251
0.125239
0.125383
0.125504
0.125769
0.12589
0.126042
0.126168
0.126453
0.126581
0.126722
0.12698
0.127113
0.127253
0.1274
0.127639
0.127784
0.127919
0.128058
0.128326
0.128457
0.128584
0.12889
0.129025
0.129158
0.129296
0.129568
0.129702
0.129849
0.129974
0.130249
0.130389
0.130536
0.130687
0.13097
0.131113
0.131248
0.131515
0.131664
0.131802
0.131933
0.132208
0.132341
0.132486
0.132616
0.132891
0.133014
0.133145
0.13329
0.133564
0.13371
0.133842
0.134111
0.134235
0.134372
0.134508
0.134773
0.134913
0.135044
0.135187
0.13544
0.135598
0.135722
0.135866
0.136129
0.136287
0.136429
0.136691
0.136828
0.136984
0.137102
0.137384
0.137536
0.137678
0.137805
0.138096
0.138224
0.138371
0.138503
0.138795
0.138926
0.139069
0.139335
0.139492
0.139618
0.139763
0.140041
0.140171
0.140315
0.140446
0.140729
0.140893
0.141035
0.141145
0.141444
0.141568
0.141701
0.14197
0.142118
0.142256
0.142389
0.142656
0.142794
0.142933
0.143058
0.143315
0.143464
0.143587
0.143861
0.144006
0.144124
0.144265
0.144549
0.14468
0.14481
0.14497
0.145219
0.145343
0.145482
0.145615
0.145893
0.146026
0.146164
0.146438
0.146577
0.146725
0.14686
0.147137
0.14726
0.147403
0.147561
0.147841
0.147982
0.148116
0.148258
0.14854
0.148673
0.148813
0.149091
0.149224
0.149368
0.149495
0.149765
0.149891
0.149958
0.150011
0.15004
0.150035
0.150005
0.149995
0.149988
0.149995
0.150004
0.150001
0.149997
0.149991
0.150001
0.15
0.149992
0.149994
0.149983
0.149994
0.149977
0.149996
0.149977
0.149993
0.149976
0.149995
0.149982
0.149978
0.149985
0.149985
0.149976
0.14999
0.149989
0.14998
0.149983
0.149985
0.149987
0.149995
0.149984
0.149983
0.149984
0.149981
0.14999
0.149997
0.149988
0.149979
0.149997
0.150001
0.149992
0.149989
0.14999
0.149995
0.149991
0.150002
0.149994
0.14999
0.149991
0.149989
0.149999
0.149995
0.14999
0.149989
0.149997
0.149996
0.149989
0.149999
0.150002
0.14999
0.149992
0.150001
0.149993
0.149996
0.149999
0.149992
0.150002
0.149986
0.150004
0.149999
0.149994
0.149992
0.149994
0.149997
0.149999
0.150003
0.14999
0.150001
0.149995
0.149992
0.149999
0.149992
0.150006
0.149999
0.150006
0.149998
0.149998
0.15
0.150002
0.150001
0.149995
0.149995
0.149983
0.149996
0.149988
0.150005
0.150003
0.149993
0.150005
0.149994
0.150004
0.149994
0.150004
0.149995
0.149999
0.149999
0.149997
0.150001
0.149991
0.150001
0.15
0.150007
0.150002
0.149989
0.149996
0.150002
0.15
0.149996
0.149997
0.149998
0.150005
0.149998
0.150014
0.149988
0.150006
0.149997
0.15
0.150011
0.149999
0.149995
0.150001
0.14999
0.149993
0.150004
0.149994
0.149997
0.149993
0.149993
0.150003
0.150002
0.149997
0.149996
0.149996
0.150001
0.150002
0.150001
0.14999
0.149998
0.149993
0.15
0.150012
0.14999
0.15
0.149985
0.15
0.149994
0.149994
0.149997
0.149995
0.150001
0.14999
0.149995
0.149997
0.149997
0.15001
0.150002
0.149998
0.150006
0.150007
0.149995
0.149995
0.149999
0.149995
0.149995
0.150004
0.150001
0.150007
0.149995
0.150002
0.15
0.149999
0.149995
0.149996
0.149993
0.150004
0.15
0.150002
0.149994
0.149989
0.150004
0.149998
0.150003
0.150004
0.150003
0.150004
0.149999
0.150003
0.149993
0.150007
0.150001
0.149999
0.149994
0.150001
0.150006
0.149993
0.150007
0.14999
0.150004
0.150003
0.150007
0.15
0.150009
0.150001
0.149993
0.150006
0.149994
0.150002
0.149992
0.150001
0.150013
0.149997
0.150002
0.15
0.149992
0.150005
0.150002
0.150002
0.149997
0.15
0.150003
0.149993
0.150004
0.150001
0.150003
0.149992
0.150002
0.150008
0.149998
0.149997
0.149987
0.149998
0.149996
0.150001
0.149998
0.149993
0.149995
0.15
0.150004
0.150001
0.149999
0.150003
0.150006
0.149997
0.149996
0.14999
0.149995
0.150002
0.149994
0.149998
0.149996
0.149996
0.150002
0.149991
0.150007
0.149999
0.150003
0.149998
0.150001
0.149997
0.149996
0.150008
0.149997
0.150005
0.15
0.149999
0.150005
0.149994
0.149994
0.149993
0.15
0.149994
0.15
0.15
0.149998
0.149988
0.149994
0.149992
0.149996
0.149999
0.150006
0.149994
0.150004
0.149999
0.149999
0.150005
0.150002
0.150007
0.150007
0.150001
0.149994
0.150001
0.150007
0.149994
0.150002
0.149998
0.149995
0.149998
0.15
0.150009
0.149998
0.149999
0.150015
0.149999
0.149994
0.149994
0.149986
0.150005
0.149992
0.150002
0.150003
0.149995
0.150005
0.149995
0.149994
0.150003
0.149998
0.149999
0.149991
0.150005
0.149999
0.150001
0.150008
0.14999
0.15
0.149999
0.150005
0.150011
0.149993
0.149994
0.149997
0.150002
0.149999
0.150007
0.15
0.15001
0.150003
0.15001
0.149994
0.149992
0.150002
0.149998
0.150005
0.150003
0.15
0.15
0.149996
0.149996
0.150009
0.150005
0.150005
0.15001
0.149999
0.150002
0.150003
0.150002
0.150005
0.149989
0.150006
0.149995
0.149996
0.149991
0.149997
0.149996
0.149997
0.150009
0.150002
0.149991
0.149996
0.15
