0.27999
0.279993
0.279993
0.279991
0.279986
0.28
0.279995
0.279996
0.279994
0.279997
0.279997
0.279993
0.279984
0.279992
0.27999
0.279997
0.279984
0.279995
0.279987
0.279995
0.27999
0.279985
0.279997
0.279994
0.279999
0.279996
0.279995
0.279994
0.280002
0.279994
0.279992
0.279997
0.28
0.280004
0.279994
0.279996
0.27999
0.280005
0.279993
0.279982
0.279996
0.279994
0.279996
0.28
0.279996
0.27999
0.279991
0.279997
0.279987
0.279999
0.279992
0.279979
0.27999
0.279998
0.279988
0.279996
0.28
0.279988
0.279991
0.279992
0.280001
0.279996
0.279994
0.279987
0.279993
0.279988
0.279995
0.27999
0.279998
0.279987
0.279989
0.279987
0.279991
0.28
0.279994
0.279987
0.279988
0.279995
0.279982
0.279997
0.279996
0.279989
0.279991
0.279991
0.279995
0.279991
0.279995
0.280001
0.279987
0.279993
0.279989
0.279996
0.279994
0.279999
0.280002
0.279996
0.280001
0.279995
0.279991
0.27999
0.280005
0.279993
0.280004
0.279995
0.279995
0.279998
0.279999
0.28
0.279989
0.279999
0.279996
0.279986
0.279991
0.27999
0.279995
0.27999
0.279996
0.279988
0.279994
0.279999
0.28
0.279997
0.280002
0.279984
0.279988
0.279991
0.280001
0.279999
0.280004
0.279994
0.280004
0.279986
0.279996
0.279992
0.279997
0.279993
0.279997
0.279987
0.27998
0.280001
0.279995
0.279988
0.279974
0.279998
0.279989
0.280001
0.279994
0.279994
0.279996
0.279999
0.279985
0.279997
0.28
0.280003
0.279996
0.279998
0.279998
0.279995
0.279992
0.279988
0.279991
0.280002
0.280009
0.280006
0.279996
0.279984
0.279994
0.279988
0.279997
0.279985
0.279993
0.279993
0.279996
0.280001
0.279992
0.279994
0.279985
0.28
0.279997
0.279988
0.28
0.279999
0.279982
0.279996
0.279992
0.279997
0.279988
0.279993
0.279992
0.279989
0.279994
0.279991
0.279996
0.279997
0.279989
0.279998
0.279989
0.279996
0.279997
0.279994
0.279998
0.279997
0.279992
0.279997
0.279995
0.279989
0.279982
0.279993
0.279984
0.279998
0.279994
0.279995
0.279991
0.279985
0.279997
0.279993
0.280002
0.279995
0.280001
0.279987
0.28
0.279993
0.27999
0.279989
0.279989
0.279993
0.279988
0.279995
0.279997
0.279988
0.280001
0.279998
0.27999
0.279988
0.279989
0.28
0.279993
0.279991
0.279992
0.279994
0.279993
0.279991
0.279993
0.27999
0.28
0.280021
0.28003
0.279996
0.279986
0.279945
0.279935
0.279898
0.279929
0.279943
0.279978
0.28001
0.280018
0.280012
0.280033
0.280058
0.280048
0.280078
0.280039
0.280043
0.280028
0.280019
0.280031
0.28
0.279994
0.279979
0.279966
0.279962
0.279953
0.279969
0.28
0.280036
0.280039
0.280058
0.280056
0.280061
0.280077
0.280065
0.28008
0.280076
0.280064
0.280038
0.280035
0.280022
0.280013
0.279944
0.279919
0.279928
0.279918
0.279921
0.279933
0.279965
0.279968
0.279975
0.279992
0.279999
0.280025
0.280036
0.280046
0.280049
0.280028
0.280023
0.280026
0.280008
0.279982
0.27997
0.279964
0.279946
0.27995
0.279961
0.27997
0.280005
0.280018
0.280026
0.280019
0.280027
0.280023
0.280047
0.280047
0.280043
0.280038
0.280013
0.279979
0.279962
0.279941
0.27993
0.279912
0.279908
0.279888
0.279919
0.279936
0.279963
0.279955
0.280012
0.279997
0.280005
0.280022
0.280052
0.280061
0.280062
0.280073
0.280016
0.280003
0.279987
0.279929
0.279915
0.279926
0.279908
0.279915
0.27992
0.279923
0.279952
0.27997
0.279988
0.280003
0.280001
0.279998
0.279997
0.280012
0.279998
0.279977
0.27998
0.279966
0.279926
0.279925
0.279916
0.279929
0.279965
0.279958
0.279978
0.279989
0.280027
0.280015
0.280013
0.280017
0.279996
0.280006
0.279999
0.279988
0.279965
0.279947
0.279929
0.279882
0.279885
0.279893
0.279883
0.279942
0.279978
0.280023
0.280064
0.280095
0.280098
0.280105
0.280079
0.280068
0.280068
0.280047
0.279977
0.279963
0.279928
0.279892
0.279903
0.279876
0.279899
0.279889
0.279971
0.280011
0.280036
0.280086
0.280107
0.280106
0.280095
0.280081
0.28006
0.280054
0.280031
0.279955
0.279921
0.279898
0.279896
0.279903
0.279916
0.279943
0.280006
0.280032
0.280042
0.280054
0.280069
0.280071
0.280087
0.280079
0.280057
0.280019
0.279997
0.279918
0.279904
0.279885
0.279883
0.27988
0.279929
0.279938
0.279984
0.280044
0.280054
0.28006
0.280084
0.280074
0.28007
0.280072
0.280016
0.279972
0.279937
0.279901
0.279853
0.279869
0.279869
0.279883
0.279962
0.280007
0.280037
0.280051
0.280056
0.280074
0.280051
0.28004
0.280015
0.279996
0.279951
0.279896
0.279868
0.27986
0.279872
0.279938
0.279967
0.28002
0.280043
0.280088
0.28012
0.28012
0.280092
0.280091
0.280059
0.280032
0.279949
0.279903
0.27987
0.279855
0.279894
0.279922
0.279958
0.280017
0.280065
0.280094
0.280092
0.280065
0.280061
0.280027
0.279991
0.279904
0.279877
0.279839
0.27981
0.279819
0.279843
0.279893
0.279959
0.280055
0.280082
0.280105
0.280067
0.280051
0.280012
0.279978
0.279868
0.279837
0.279815
0.279821
0.279867
0.279905
0.279949
0.28006
0.2801
0.280125
0.280103
0.280057
0.280009
0.27996
0.279898
0.279829
0.279817
0.279817
0.279813
0.279884
0.279938
0.279994
0.280084
0.280093
0.280093
0.280048
0.27994
0.279926
0.279892
0.279881
0.279861
0.279848
0.279854
0.279867
0.279937
0.279994
0.280022
0.28002
0.280029
0.280029
0.280006
0.27998
0.279968
0.279947
0.279935
0.279878
0.279848
0.279849
0.279925
0.279982
0.280045
0.28008
0.280123
0.280113
0.280067
0.280007
0.279936
0.279875
0.279848
0.279854
0.27988
0.279982
0.280042
0.280134
0.280217
0.280206
0.280146
0.279979
0.279898
0.27984
0.279846
0.279878
0.279932
0.279989
0.280056
0.28013
0.280127
0.280117
0.280079
0.280066
0.280043
0.280008
0.279939
0.279924
0.279902
0.279932
0.280022
0.280078
0.28014
0.280188
0.280159
0.280068
0.279992
0.279821
0.279787
0.279819
0.279877
0.2801
0.280187
0.280213
0.280176
0.280079
0.279993
0.279909
0.279888
0.279854
0.279862
0.279898
0.280017
0.280074
0.280132
0.280162
0.280107
0.280022
0.279929
0.279855
0.279822
0.279889
0.279982
0.280148
0.280176
0.280152
0.280108
0.279859
0.279778
0.279779
0.279796
0.279899
0.279941
0.279945
0.279951
0.279503
0.279234
0.278897
0.278112
0.277701
0.277277
0.276793
0.275873
0.275465
0.275054
0.274648
0.273946
0.273631
0.27329
0.272927
0.272131
0.271729
0.271316
0.270435
0.270015
0.269593
0.269187
0.268384
0.268016
0.267626
0.267242
0.2665
0.266165
0.265778
0.265446
0.264604
0.264169
0.263747
0.262948
0.26253
0.262097
0.261665
0.260827
0.260438
0.260037
0.259634
0.25886
0.258484
0.258089
0.257708
0.256967
0.256586
0.256208
0.255385
0.254981
0.254539
0.254143
0.253363
0.252965
0.252549
0.252087
0.251225
0.2508
0.250423
0.249655
0.249286
0.248876
0.248451
0.247631
0.24724
0.246879
0.246498
0.245757
0.245366
0.244907
0.244492
0.24369
0.243311
0.242953
0.242194
0.241768
0.241307
0.240862
0.239991
0.239601
0.239237
0.23888
0.238105
0.237634
0.237208
0.236763
0.235937
0.235605
0.235264
0.234556
0.234163
0.233714
0.233269
0.23245
0.232057
0.231739
0.231395
0.230673
0.230241
0.229798
0.22887
0.228442
0.228058
0.227719
0.227042
0.22667
0.226284
0.225852
0.224917
0.224471
0.224062
0.223667
0.222962
0.222593
0.222212
0.221357
0.220908
0.220423
0.219983
0.21918
0.218833
0.218483
0.218118
0.217328
0.216951
0.216507
0.216093
0.215252
0.214849
0.214454
0.213749
0.213373
0.212989
0.212598
0.211773
0.211365
0.210933
0.210514
0.209717
0.209333
0.208969
0.208598
0.207834
0.207433
0.206993
0.2061
0.205688
0.205306
0.2049
0.204157
0.203793
0.203421
0.203038
0.202212
0.201797
0.201335
0.200485
0.200069
0.199671
0.199275
0.198519
0.198161
0.19776
0.197368
0.196525
0.196068
0.195659
0.195239
0.194448
0.194055
0.193672
0.192908
0.192517
0.192126
0.191737
0.19092
0.190476
0.190036
0.189628
0.188819
0.188426
0.188066
0.187698
0.186979
0.186581
0.186165
0.185299
0.184872
0.184444
0.184038
0.18325
0.182887
0.182517
0.182135
0.181346
0.180935
0.180552
0.180138
0.17932
0.178907
0.178482
0.177665
0.177287
0.176888
0.17652
0.175786
0.175396
0.175024
0.174601
0.173768
0.173312
0.172891
0.172478
0.171671
0.171289
0.170909
0.170101
0.169739
0.169363
0.168965
0.168189
0.167794
0.167358
0.16693
0.166077
0.165643
0.165258
0.164502
0.164098
0.163743
0.163342
0.162558
0.162154
0.161744
0.161318
0.160474
0.160036
0.159647
0.159223
0.158435
0.158052
0.157692
0.156883
0.156487
0.156088
0.155749
0.154955
0.154567
0.154146
0.153722
0.152876
0.152458
0.152076
0.1517
0.150962
0.150539
0.150152
0.149375
0.148982
0.148607
0.148201
0.14737
0.146949
0.146504
0.146104
0.145328
0.144934
0.144554
0.144179
0.143368
0.142967
0.142589
0.141802
0.141443
0.14104
0.140617
0.139738
0.139299
0.138856
0.138469
0.137699
0.137331
0.136924
0.13653
0.135759
0.135356
0.134963
0.134144
0.133746
0.133305
0.132878
0.132029
0.131631
0.131225
0.130835
0.130081
0.12969
0.129303
0.128491
0.128096
0.127709
0.127322
0.126566
0.126159
0.125769
0.125346
0.124507
0.124092
0.123678
0.123261
0.122474
0.122099
0.121724
0.120937
0.120551
0.12017
0.119778
0.119004
0.118611
0.118204
0.117803
0.116949
0.116559
0.116125
0.115723
0.114914
0.11453
0.114113
0.113333
0.112933
0.112531
0.112138
0.111367
0.110995
0.110608
0.110204
0.109365
0.108963
0.108535
0.108126
0.107288
0.106875
0.106479
0.106082
0.105301
0.104925
0.104522
0.10371
0.103323
0.102918
0.102518
0.101721
0.101325
0.100896
0.100463
0.0996763
0.0992318
0.0988224
0.0984281
0.0976071
0.0972222
0.0968334
0.0960404
0.0956343
0.0952078
0.0948216
0.0940473
0.0936742
0.0933001
0.0929196
0.0921185
0.0917282
0.0913075
0.0905033
0.0900882
0.0897182
0.0892989
0.0884987
0.0880853
0.0877158
0.0873316
0.0865905
0.0861784
0.0857786
0.0853971
0.0846048
0.0842342
0.0838332
0.0830222
0.082605
0.0821911
0.0817733
0.080941
0.0805104
0.0801009
0.079685
0.078868
0.0784733
0.0780892
0.0776666
0.0768472
0.076449
0.0760291
0.0752244
0.0748614
0.0744473
0.074062
0.0732488
0.0728284
0.0724177
0.0720019
0.0712141
0.070789
0.0703866
0.0699983
0.0691645
0.0688044
0.0684271
0.0676884
0.0673025
0.0669136
0.0665232
0.0657328
0.0653518
0.0649671
0.0645637
0.063799
0.06339
0.0629944
0.062191
0.0617834
0.061374
0.0609686
0.0601385
0.0597061
0.0592866
0.0588669
0.0580314
0.0576314
0.0572105
0.056819
0.0560323
0.0556066
0.0551946
0.05436
0.0539535
0.0535647
0.053171
0.0524483
0.0520833
0.0517013
0.0512981
0.0504976
0.05011
0.0497148
0.0493653
0.0485694
0.0481758
0.0477615
0.0469216
0.0465045
0.0461096
0.0457342
0.0449335
0.0445417
0.0441365
0.0437051
0.0428691
0.0424548
0.0420746
0.0416755
0.0408632
0.0404469
0.040073
0.0392179
0.0388283
0.038417
0.0380026
0.037214
0.0368285
0.0364345
0.0360406
0.0352774
0.0348977
0.0344922
0.0341019
0.0333661
0.0329469
0.0325722
0.0317879
0.0313975
0.0309919
0.030554
0.0297333
0.0293272
0.028906
0.0285296
0.0276956
0.0272948
0.02688
0.0260685
0.0256335
0.0252162
0.0248228
0.0240153
0.0236101
0.0232225
0.0228235
0.0220635
0.0216882
0.0213023
0.0209217
0.020136
0.0197275
0.0193349
0.0185665
0.0181728
0.0177873
0.0173556
0.0165223
0.0160956
0.0157035
0.0152805
0.0144431
0.0140343
0.0136193
0.0131881
0.0123796
0.011966
0.0115853
0.0108186
0.0104433
0.0100556
0.0096868
0.00892756
0.00853603
0.00816545
0.0077771
0.00697499
0.00659143
0.00619527
0.0053496
0.00492641
0.00454381
0.00410933
0.00328287
0.00283439
0.00241981
0.0020016
0.00117
0.000792559
0.000382567
-2.5059e-05
-0.000814316
-0.00117575
-0.00155987
-0.00229506
-0.00266611
-0.00304629
-0.00345996
-0.00422787
-0.0046429
-0.00503773
-0.00542803
-0.00623824
-0.00667817
-0.00708798
-0.00748088
-0.00832664
-0.00873485
-0.00918951
-0.00988302
-0.0101104
-0.0102218
-0.0102233
-0.0101064
-0.0100801
-0.0100735
-0.0100935
-0.0101141
-0.0100778
-0.0100787
-0.0100645
-0.0100722
-0.0100865
-0.010082
-0.0100474
-0.0100555
-0.0100669
-0.0100583
-0.0100442
-0.010042
-0.0100303
-0.0100108
-0.00999448
-0.00999581
-0.00998315
-0.00998905
-0.010007
-0.00997513
-0.00997374
-0.00999292
-0.00998446
-0.00998628
-0.00997689
-0.00999115
-0.00999054
-0.00997503
-0.009974
-0.0099698
-0.00998455
-0.00998552
-0.00998774
-0.0099913
-0.00997268
-0.00997773
-0.00998175
-0.0099765
-0.00996642
-0.00996519
-0.00997643
-0.00997924
-0.00998403
-0.00996114
-0.00997515
-0.00997045
-0.00998078
-0.00998018
-0.00996642
-0.00996464
-0.00996488
-0.00997253
-0.00998019
-0.00996866
-0.00998271
-0.00998459
-0.00997975
-0.00996359
-0.00996961
-0.00997923
-0.0099798
-0.00996919
-0.00998408
-0.00996655
-0.00997206
-0.00996654
-0.00997348
-0.00997484
-0.00996988
-0.00996557
-0.00998419
-0.00996741
-0.00997179
-0.00998547
-0.00996734
-0.00996099
-0.00998227
-0.00995818
-0.00997561
-0.00996575
-0.00996772
-0.00996205
-0.00997967
-0.00998615
-0.00997124
-0.00997814
-0.00996705
-0.00997607
-0.0099641
-0.00997513
-0.00996672
-0.00997783
-0.00997497
-0.00996405
-0.00998497
-0.00997122
-0.00997652
-0.00996719
-0.0099641
-0.00997637
-0.00997667
-0.00996652
-0.00997343
-0.00996164
-0.00996078
-0.00996622
-0.00998056
-0.009975
-0.0099702
-0.00997335
-0.00997469
-0.00997837
-0.00997596
-0.00998379
-0.00996244
-0.00997053
-0.00997209
-0.00998085
-0.00997636
-0.00997176
-0.00999411
-0.00997072
-0.00997745
-0.00997915
-0.00996542
-0.0099888
-0.0099719
-0.00997714
-0.00996975
-0.0099694
-0.00997851
-0.00998482
-0.00997034
-0.00997161
-0.00997324
-0.00998165
-0.00997879
-0.0099953
-0.00997327
-0.00999041
-0.00996587
-0.00997794
-0.00998012
-0.00997033
-0.0099709
-0.00998899
-0.00996848
-0.0099748
-0.00996858
-0.00997854
-0.00997804
-0.00997095
-0.00998448
-0.00998458
-0.009989
-0.00998336
-0.00997556
-0.00998461
-0.00996521
-0.00998054
-0.00996843
-0.00997979
-0.00997296
-0.00997543
-0.00998442
-0.00998261
-0.00998539
-0.00997756
-0.0099704
-0.00996629
-0.00998091
-0.00998066
-0.00998136
-0.0099779
-0.00997888
-0.00998621
-0.00995671
-0.00999223
-0.00997567
-0.00997248
-0.00998584
-0.00997797
-0.00997056
-0.00998512
-0.00998502
-0.00998755
-0.00999988
-0.00998783
-0.00999018
-0.00998412
-0.00997257
-0.00997795
-0.00998718
-0.00993148
-0.00985349
-0.00968827
-0.00906845
-0.00865332
-0.00817243
-0.00769525
-0.00683517
-0.00648282
-0.00613018
-0.00575821
-0.00494572
-0.00452064
-0.00409934
-0.00331309
-0.00295161
-0.00256673
-0.00216937
-0.00137152
-0.000963629
-0.00056223
-0.000177966
0.000640348
0.00108557
0.00148874
0.00190666
0.00272594
0.00315712
0.0035523
0.00437197
0.00478767
0.00518306
0.00557655
0.00634998
0.00674489
0.00713351
0.00753544
0.00829762
0.00867288
0.00906174
0.00984227
0.0102314
0.010644
0.0110394
0.01185
0.0122426
0.0126733
0.0130927
0.0139451
0.0143477
0.0147691
0.0151793
0.0159588
0.0163649
0.0167755
0.0175723
0.0179532
0.0183773
0.018764
0.0195198
0.0199164
0.020294
0.0206836
0.0214799
0.0218808
0.0222685
0.0226935
0.023468
0.0238891
0.0242813
0.0251153
0.0255344
0.0259537
0.0263655
0.0271858
0.0275867
0.027996
0.0283776
0.0291712
0.0295598
0.0299648
0.030341
0.0311453
0.0315773
0.0319739
0.032758
0.033154
0.0335232
0.0339106
0.0347334
0.0351249
0.0355111
0.0359259
0.0366946
0.0370995
0.037505
0.0379003
0.0387376
0.0391436
0.0395325
0.0403481
0.0407612
0.0411764
0.0415746
0.0423704
0.0427515
0.0431677
0.0435648
0.0443665
0.0447972
0.0451883
0.0459927
0.0463702
0.0467601
0.0471883
0.0479462
0.0483343
0.0487451
0.0491422
0.0499544
0.0503017
0.0506942
0.0510934
0.0518763
0.0522893
0.052694
0.0534776
0.0538794
0.0542864
0.0546975
0.0555195
0.055929
0.056351
0.0567428
0.057588
0.0579789
0.0583743
0.058775
0.0596089
0.0600007
0.0604124
0.061205
0.0615879
0.0619845
0.062368
0.0631686
0.0635261
0.0639298
0.0643177
0.0651077
0.0654797
0.0658903
0.0662852
0.067059
0.0674349
0.0678299
0.0686419
0.0690466
0.0694386
0.0698749
0.070686
0.0710933
0.071496
0.071914
0.0727459
0.073145
0.0735707
0.0743607
0.0747716
0.075164
0.0755741
0.0763489
0.0767313
0.077104
0.0775122
0.0783315
0.0787379
0.0791519
0.0795472
0.0803815
0.0807767
0.0811872
0.0820111
0.0824049
0.0828001
0.0831602
0.0839467
0.0843525
0.0847436
0.08512
0.085903
0.0862852
0.0866845
0.0870875
0.0878694
0.0882692
0.0886403
0.089464
0.0898535
0.0902592
0.0906702
0.0915045
0.0918983
0.0923099
0.0927153
0.0935173
0.0939057
0.0943023
0.0947038
0.095496
0.0959115
0.0963143
0.0971144
0.0975225
0.0979306
0.098326
0.0991408
0.0995582
0.099984
0.100393
0.101209
0.101615
0.101987
0.102375
0.103171
0.103564
0.103978
0.104761
0.105154
0.105556
0.105932
0.106747
0.107155
0.107531
0.10794
0.10876
0.109157
0.109585
0.110396
0.110782
0.11117
0.111553
0.112307
0.112707
0.113096
0.11349
0.114319
0.114717
0.115117
0.115506
0.116312
0.116709
0.1171
0.117923
0.118337
0.118718
0.119102
0.119877
0.120274
0.120662
0.121064
0.121863
0.122252
0.122674
0.123069
0.123883
0.124285
0.124713
0.125521
0.125932
0.126357
0.12676
0.127555
0.127935
0.128307
0.128707
0.1295
0.129889
0.130296
0.131085
0.131493
0.131887
0.132314
0.133135
0.133541
0.133959
0.134359
0.135167
0.135576
0.135939
0.136344
0.137136
0.137518
0.137908
0.1387
0.139099
0.139508
0.139926
0.140757
0.141171
0.141598
0.141999
0.142776
0.143129
0.143505
0.143893
0.144696
0.145071
0.145482
0.146292
0.146693
0.147099
0.147491
0.148328
0.148743
0.149127
0.149513
0.150269
0.15065
0.151047
0.151437
0.15222
0.152644
0.15304
0.153846
0.154246
0.154678
0.155095
0.155893
0.156266
0.156686
0.157065
0.157822
0.158229
0.15865
0.159028
0.159881
0.160287
0.160703
0.161537
0.161964
0.162372
0.162799
0.163571
0.163936
0.164319
0.164724
0.165525
0.165933
0.166341
0.166744
0.167598
0.168027
0.168462
0.169272
0.169641
0.170003
0.170375
0.171147
0.171563
0.171964
0.172369
0.173192
0.173582
0.173986
0.174788
0.175196
0.17558
0.175963
0.176714
0.177109
0.177507
0.177914
0.178678
0.179084
0.179524
0.179926
0.180754
0.18116
0.181559
0.182308
0.18271
0.183077
0.18349
0.184303
0.184734
0.18514
0.185556
0.186374
0.186763
0.187165
0.187567
0.18832
0.188712
0.189083
0.189931
0.190341
0.190765
0.1912
0.19205
0.19243
0.192813
0.193187
0.193952
0.194354
0.194732
0.195131
0.195947
0.196392
0.196813
0.197624
0.19801
0.198433
0.198788
0.199551
0.199829
0.200016
0.200165
0.200149
0.2001
0.200069
0.20005
0.200077
0.200126
0.200172
0.200358
0.200485
0.200635
0.200814
0.20109
0.201269
0.201401
0.201506
0.201833
0.202005
0.202142
0.202522
0.202701
0.202839
0.202976
0.203298
0.203463
0.203612
0.203773
0.204119
0.20426
0.204384
0.204534
0.204826
0.204982
0.205093
0.205433
0.205581
0.205748
0.205918
0.206265
0.206407
0.206585
0.206748
0.207083
0.20721
0.207369
0.20749
0.207772
0.207954
0.2081
0.20837
0.208524
0.208687
0.208832
0.209135
0.209268
0.209414
0.209552
0.209883
0.210043
0.210215
0.210383
0.210705
0.21085
0.211023
0.211304
0.211457
0.211613
0.211734
0.212043
0.212224
0.212362
0.212523
0.212838
0.212981
0.213116
0.213261
0.213548
0.213684
0.213837
0.214141
0.214283
0.214444
0.214637
0.21499
0.215147
0.215318
0.215473
0.215772
0.215888
0.216057
0.216345
0.216495
0.216647
0.216818
0.217092
0.217248
0.217395
0.217541
0.217828
0.217999
0.218114
0.21828
0.218593
0.218765
0.218936
0.219261
0.21941
0.219576
0.219744
0.220052
0.220223
0.22036
0.220481
0.220806
0.22095
0.221102
0.221393
0.22156
0.221677
0.221852
0.222112
0.222229
0.222382
0.222545
0.222865
0.22299
0.223172
0.223361
0.22366
0.223812
0.223995
0.224303
0.224447
0.224592
0.224755
0.225025
0.225186
0.22537
0.225525
0.225832
0.225998
0.226152
0.22627
0.226568
0.226706
0.226841
0.227142
0.227301
0.227454
0.227572
0.227881
0.228023
0.228125
0.228308
0.228665
0.228824
0.228968
0.22928
0.229426
0.229568
0.229761
0.230096
0.230238
0.230373
0.230503
0.230827
0.230942
0.231077
0.231247
0.231549
0.231688
0.231826
0.232141
0.232278
0.232421
0.232585
0.232908
0.233087
0.233251
0.2334
0.233727
0.233874
0.23405
0.234228
0.234553
0.234694
0.234855
0.235136
0.235287
0.235441
0.235575
0.235877
0.236021
0.236128
0.236252
0.236522
0.236672
0.236815
0.236946
0.237265
0.23744
0.237592
0.237947
0.238128
0.23831
0.238466
0.238797
0.238939
0.239073
0.239246
0.239575
0.239731
0.239883
0.240074
0.240312
0.240445
0.240585
0.240821
0.240951
0.241081
0.241244
0.241476
0.241612
0.241815
0.241984
0.242328
0.242552
0.242736
0.24292
0.243245
0.243401
0.243549
0.243878
0.244064
0.24425
0.244399
0.244658
0.244771
0.244887
0.245016
0.245284
0.245433
0.245567
0.245816
0.245955
0.246103
0.246258
0.246598
0.246747
0.246914
0.247097
0.247402
0.247563
0.247755
0.247944
0.248278
0.248461
0.248599
0.2489
0.249032
0.249219
0.249363
0.249637
0.249775
0.249904
0.249996
0.250291
0.250443
0.250584
0.250735
0.251033
0.251196
0.25135
0.251651
0.251803
0.251971
0.252143
0.252513
0.252683
0.25284
0.253014
0.25329
0.253436
0.253595
0.253748
0.254014
0.254163
0.254319
0.254611
0.254747
0.254912
0.255076
0.255352
0.255518
0.255663
0.255756
0.25605
0.25623
0.256395
0.256722
0.256885
0.257047
0.257151
0.257416
0.257586
0.257708
0.257868
0.258175
0.258312
0.25848
0.258646
0.259009
0.259176
0.259373
0.259682
0.259847
0.259986
0.26015
0.260445
0.260604
0.260757
0.260893
0.261157
0.26127
0.261396
0.261507
0.261804
0.261989
0.26212
0.262408
0.262555
0.262724
0.262865
0.26323
0.263382
0.263572
0.263754
0.264052
0.264204
0.264369
0.264558
0.264926
0.265078
0.265253
0.265527
0.265651
0.265809
0.26597
0.266198
0.266335
0.266484
0.266607
0.266891
0.267042
0.267186
0.267475
0.267644
0.267778
0.267941
0.268276
0.268452
0.268608
0.268775
0.26909
0.269226
0.269391
0.269529
0.269855
0.270011
0.270137
0.27042
0.270531
0.270711
0.270889
0.271263
0.27144
0.2716
0.27173
0.272031
0.272181
0.27236
0.272503
0.272806
0.273
0.273132
0.27334
0.273462
0.273593
0.273725
0.274023
0.274175
0.274282
0.274407
0.274718
0.274838
0.275008
0.275201
0.275531
0.275717
0.275866
0.276206
0.276388
0.276533
0.276741
0.277058
0.277218
0.277388
0.277531
0.277827
0.278
0.278168
0.278306
0.278569
0.278708
0.278829
0.279133
0.279292
0.279465
0.279582
0.279873
0.280017
0.28016
0.280289
0.280629
0.280822
0.281002
0.281318
0.281464
0.281596
0.281727
0.282015
0.282145
0.282272
0.282378
0.282662
0.282845
0.282993
0.283185
0.283519
0.283667
0.283844
0.284167
0.284332
0.284494
0.2847
0.285061
0.285195
0.285353
0.28547
0.28573
0.285875
0.286025
0.286172
0.286406
0.286569
0.286709
0.287003
0.287175
0.287341
0.287479
0.287785
0.287929
0.288061
0.288205
0.288603
0.288749
0.288907
0.289079
0.289355
0.289499
0.289635
0.289937
0.290065
0.290198
0.290329
0.290636
0.290815
0.290982
0.291152
0.291479
0.291601
0.291789
0.292095
0.29222
0.29242
0.292594
0.292901
0.293085
0.29325
0.293391
0.293704
0.293876
0.29401
0.294152
0.294407
0.294563
0.294711
0.295034
0.295179
0.295308
0.295449
0.295742
0.295906
0.296073
0.296242
0.296575
0.296735
0.296866
0.297045
0.297294
0.297432
0.297575
0.297834
0.297932
0.298033
0.298189
0.298518
0.298696
0.298875
0.299045
0.299353
0.29953
0.299691
0.299848
0.300189
0.300352
0.300523
0.300791
0.300939
0.301111
0.301247
0.301505
0.301634
0.301778
0.301907
0.302218
0.302413
0.302566
0.302731
0.303048
0.303172
0.303319
0.303671
0.30386
0.304027
0.304201
0.304482
0.304606
0.304786
0.304929
0.305256
0.305388
0.305519
0.305629
0.305937
0.306108
0.306283
0.306589
0.306726
0.306881
0.307062
0.307398
0.307551
0.307715
0.307864
0.308176
0.308318
0.308461
0.308581
0.308874
0.309027
0.309166
0.309428
0.309558
0.309696
0.309844
0.31014
0.310324
0.310462
0.310647
0.31099
0.311144
0.311319
0.311508
0.31182
0.31199
0.31214
0.312461
0.312609
0.312727
0.312871
0.31314
0.313275
0.313429
0.313569
0.313914
0.314059
0.314196
0.314529
0.314658
0.314851
0.315022
0.315307
0.315486
0.315637
0.315787
0.316058
0.31622
0.316365
0.316488
0.31672
0.316898
0.31704
0.317361
0.317527
0.317688
0.317837
0.318181
0.318357
0.318519
0.318704
0.319019
0.319194
0.319381
0.319506
0.319829
0.319988
0.320125
0.32036
0.320499
0.320639
0.320787
0.32112
0.321265
0.321418
0.321545
0.321812
0.32196
0.322096
0.322258
0.322582
0.322734
0.32288
0.323191
0.323304
0.323461
0.323594
0.323886
0.324039
0.324162
0.324343
0.324648
0.324799
0.324949
0.325117
0.325462
0.325626
0.325777
0.326138
0.326298
0.326459
0.326637
0.32695
0.327083
0.327186
0.327333
0.327575
0.327706
0.327855
0.328173
0.328314
0.328475
0.328655
0.328976
0.329126
0.3293
0.329469
0.329835
0.329985
0.330148
0.330288
0.330567
0.330694
0.330789
0.331096
0.331258
0.331416
0.331573
0.331914
0.332118
0.332284
0.332458
0.332808
0.332974
0.33308
0.333246
0.333487
0.333608
0.333702
0.333944
0.33411
0.334303
0.334496
0.334867
0.335046
0.335229
0.335357
0.335633
0.335753
0.335851
0.33594
0.336266
0.336432
0.3366
0.336975
0.337169
0.337332
0.337478
0.337788
0.337868
0.337993
0.338108
0.338409
0.338601
0.338833
0.339232
0.339394
0.339543
0.339629
0.339874
0.339971
0.340075
0.340197
0.34056
0.340777
0.34095
0.341151
0.34141
0.341521
0.34151
0.341785
0.341943
0.342143
0.342371
0.342781
0.342955
0.343068
0.343182
0.343391
0.34351
0.343649
0.343837
0.344283
0.344475
0.344621
0.344847
0.344947
0.345054
0.345174
0.345519
0.345706
0.345917
0.346105
0.34639
0.346499
0.346616
0.346698
0.346961
0.347145
0.347348
0.347775
0.34794
0.3481
0.348202
0.3484
0.348526
0.34869
0.348879
0.349399
0.349539
0.34969
0.349875
0.349891
0.349918
0.349998
0.349988
0.349988
0.350003
0.349968
0.349919
0.349907
0.349961
0.349981
0.349976
0.349998
0.350024
0.349991
0.349991
0.34999
0.349988
0.349967
0.349946
0.349942
0.349909
0.349893
0.349898
0.349876
0.349858
0.349895
0.349881
0.349884
0.34988
0.349892
0.3499
0.349906
0.349952
0.349956
0.349978
0.349993
0.349995
0.35002
0.350006
0.350015
0.350034
0.350055
0.350071
0.350052
0.350049
0.350064
0.350061
0.350032
0.350028
0.350018
0.350029
0.349993
0.350017
0.349994
0.349949
0.349947
0.349945
0.349949
0.34993
0.349949
0.349963
0.349951
0.349971
0.349969
0.349964
0.34995
0.349986
0.349988
0.350013
0.350022
0.35002
0.350036
0.350052
0.350071
0.350068
0.350075
0.350071
0.350092
0.350094
0.350109
0.35012
0.350098
0.350085
0.350083
0.350063
0.350049
0.350078
0.350059
0.35004
0.35003
0.350023
0.350003
0.349997
0.349975
0.349981
0.34996
0.34995
0.349948
0.349952
0.349943
0.349936
0.349945
0.349968
0.349947
0.349954
0.349944
0.349961
0.34997
0.349987
0.349981
0.35
0.349996
0.350048
0.350046
0.350043
0.350039
0.350043
0.350025
0.350057
0.350047
0.350042
0.350056
0.350061
0.350075
0.350079
0.350118
0.35007
0.350066
0.350051
0.350049
0.350045
0.350045
0.350034
0.350011
0.350029
0.350028
0.350008
0.349998
0.349987
0.35
0.34998
0.349971
0.349966
0.349918
0.349948
0.349961
0.349989
0.349965
0.349941
0.349942
0.349937
0.349956
0.349928
0.349923
0.349945
0.350002
0.349988
0.349976
0.349973
0.349964
0.349962
0.349975
0.349954
0.349954
0.349945
0.34997
0.349962
0.349989
0.349952
0.349954
0.349959
0.349984
0.349989
0.34999
0.349995
0.349996
0.349964
0.349984
0.350002
0.350003
0.350038
0.350065
0.350075
0.350075
0.350047
0.350052
0.350041
0.350045
0.350035
0.350057
0.350045
0.350049
0.350043
0.350048
0.350022
0.350041
0.350058
0.350039
0.350039
0.350056
0.350057
0.350042
0.350067
0.35004
0.350046
0.350054
0.350034
0.350034
0.350048
0.349999
0.350013
0.350012
0.350013
0.35001
0.349989
0.349993
0.349978
0.350023
0.350013
0.350011
0.349982
0.349994
0.349999
0.350005
0.350002
0.349983
0.349976
0.349975
0.349973
0.349978
0.350003
0.350008
0.349981
0.349999
0.349982
0.349994
0.349978
0.34995
0.349929
0.3499
0.349877
0.349903
0.349872
0.349897
0.349887
0.349915
0.349876
0.349868
0.349882
0.349856
0.349867
0.349881
0.34988
0.349876
0.34987
0.349846
0.349827
0.349844
0.349883
0.349876
0.34992
0.349902
0.349915
0.349918
0.349971
0.349985
0.349991
0.349966
0.349983
0.349972
0.349968
0.350021
0.350015
0.350016
0.350023
0.350074
0.350061
0.350065
0.350088
0.350027
0.35
0.349995
0.349985
0.349969
0.34997
0.349931
0.349693
0.349409
0.349109
0.348682
0.347805
0.347426
0.347068
0.346674
0.345889
0.345484
0.345025
0.344169
0.343772
0.343335
0.342932
0.342072
0.341634
0.341203
0.340801
0.340108
0.33971
0.339302
0.33855
0.338145
0.337748
0.337373
0.336553
0.336158
0.335758
0.335321
0.334495
0.334058
0.33363
0.333232
0.332397
0.331997
0.33162
0.330875
0.330525
0.330107
0.329774
0.328962
0.328573
0.32819
0.327765
0.326935
0.326485
0.32607
0.325609
0.324768
0.324375
0.323967
0.323179
0.322827
0.322478
0.322117
0.321395
0.321007
0.320645
0.320274
0.319461
0.319058
0.318622
0.317721
0.317271
0.316841
0.316427
0.315572
0.315188
0.314818
0.314457
0.313717
0.313355
0.312966
0.312563
0.311768
0.31135
0.310946
0.310098
0.30962
0.309188
0.308783
0.307969
0.307591
0.307259
0.306924
0.306181
0.305821
0.305458
0.305044
0.304238
0.303783
0.303334
0.302409
0.301985
0.301528
0.301142
0.300381
0.299999
0.299649
0.299297
0.29854
0.298138
0.297744
0.297344
0.296487
0.296084
0.295629
0.29478
0.29439
0.293999
0.293631
0.292916
0.292545
0.292169
0.291769
0.290967
0.290562
0.290128
0.289201
0.288767
0.288322
0.28791
0.287211
0.286875
0.286535
0.28617
0.285354
0.284941
0.284504
0.284082
0.283211
0.282723
0.282317
0.281518
0.281238
0.280858
0.280524
0.2798
0.2794
0.279019
0.278582
0.277776
0.277329
0.276861
0.276425
0.275642
0.275274
0.274952
0.274221
0.273832
0.273456
0.273061
0.272206
0.271721
0.271281
0.270849
0.270025
0.269695
0.26938
0.26895
0.268265
0.267846
0.267432
0.266541
0.266125
0.265675
0.265234
0.264405
0.264078
0.263699
0.263364
0.262619
0.262186
0.26176
0.260889
0.260456
0.260001
0.25956
0.25878
0.258444
0.258112
0.257771
0.256972
0.256541
0.256112
0.25571
0.254845
0.254381
0.253942
0.253194
0.252877
0.25253
0.25214
0.25134
0.25094
0.250525
0.250105
0.249221
0.248779
0.248383
0.24801
0.247325
0.246964
0.246552
0.245751
0.245293
0.244833
0.244366
0.243501
0.243123
0.242799
0.24246
0.241748
0.241375
0.240974
0.240522
0.239662
0.239197
0.238747
0.237941
0.237601
0.237281
0.23696
0.236175
0.235721
0.235331
0.234904
0.233985
0.233534
0.233146
0.232478
0.232157
0.231768
0.2314
0.23053
0.23011
0.229682
0.229223
0.228336
0.227952
0.227612
0.227307
0.226583
0.226168
0.22571
0.224889
0.224425
0.223978
0.223529
0.222796
0.222489
0.222147
0.221786
0.22091
0.220475
0.220054
0.219713
0.218724
0.218338
0.217977
0.217311
0.216947
0.216544
0.216142
0.215293
0.21484
0.214373
0.213933
0.213137
0.212805
0.212474
0.212134
0.211359
0.210927
0.210512
0.209641
0.209217
0.208769
0.208368
0.207689
0.207351
0.206956
0.206569
0.205728
0.20529
0.204859
0.204392
0.203549
0.203222
0.20287
0.202166
0.2018
0.201422
0.200997
0.200231
0.200022
0.199932
0.199871
0.199794
0.199829
0.199835
0.199832
0.199812
0.199832
0.199843
0.199857
0.199836
0.199858
0.199857
0.199853
0.199855
0.199856
0.199872
0.199879
0.199888
0.199926
0.199956
0.199954
0.199969
0.199956
0.199963
0.199979
0.199979
0.19998
0.199975
0.199974
0.199962
0.199981
0.199975
0.199974
0.199979
0.199984
0.199976
0.199978
0.199977
0.199989
0.199972
0.19999
0.199977
0.199972
0.199988
0.19997
0.199969
0.199964
0.199977
0.199988
0.199966
0.199987
0.199984
0.199977
0.199972
0.199987
0.19997
0.199983
0.199988
0.19998
0.199972
0.199981
0.199971
0.199981
0.19997
0.199965
0.199976
0.199974
0.19997
0.199985
0.199974
0.199984
0.19997
0.199991
0.199989
0.199985
0.199987
0.199983
0.199966
0.199978
0.199985
0.199979
0.199988
0.199977
0.199983
0.199972
0.199981
0.199974
0.199985
0.199983
0.199963
0.199987
0.199985
0.199986
0.19998
0.199979
0.199975
0.199977
0.199974
0.199987
0.19999
0.199993
0.199976
0.199985
0.199999
0.199989
0.199977
0.199993
0.199987
0.199974
0.199976
0.19998
0.199985
0.199978
0.199987
0.199978
0.199987
0.199977
0.199976
0.199988
0.199991
0.199982
0.2
0.199987
0.199995
0.199985
0.199985
0.199995
0.199991
0.200002
0.199972
0.199999
0.199986
0.199972
0.19998
0.199978
0.2
0.200008
0.200002
0.199996
0.199978
0.199997
0.199988
0.199998
0.199984
0.200001
0.199969
0.199988
0.199994
0.199969
0.199981
0.199983
0.200002
0.199978
0.199989
0.199983
0.199963
0.199995
0.199991
0.199991
0.199998
0.199995
0.199968
0.200002
0.200004
0.199989
0.199999
0.199989
0.199978
0.199994
0.199984
0.199984
0.199982
0.199987
0.199995
0.19998
0.199993
0.199994
0.199997
0.20001
0.199995
0.199985
0.199997
0.199995
0.199991
0.199995
0.199991
0.199997
0.199991
0.199993
0.199997
0.199995
0.199989
0.199989
0.199993
0.199984
0.199993
0.199991
0.2
0.199997
0.200002
0.20004
0.200122
0.200411
0.201172
0.201562
0.201941
0.202372
0.203072
0.203382
0.203764
0.204173
0.205119
0.205422
0.205884
0.206701
0.207111
0.207471
0.207836
0.208572
0.208995
0.209423
0.209899
0.210771
0.211183
0.211575
0.211927
0.212637
0.213026
0.2134
0.214248
0.214716
0.215156
0.215593
0.216389
0.216777
0.217152
0.217507
0.218213
0.21861
0.219021
0.219475
0.220391
0.22082
0.221194
0.221976
0.222321
0.222701
0.223067
0.22385
0.224273
0.224742
0.225175
0.226014
0.226401
0.226779
0.227147
0.227873
0.228238
0.228614
0.229495
0.230008
0.23039
0.230797
0.231574
0.231911
0.2323
0.232629
0.233355
0.233768
0.234212
0.23466
0.235549
0.235946
0.23633
0.23707
0.23743
0.237811
0.238176
0.238994
0.239436
0.239906
0.240353
0.241184
0.241545
0.241913
0.242635
0.243005
0.2434
0.243809
0.244693
0.245177
0.245599
0.24601
0.246794
0.247172
0.247534
0.247919
0.248692
0.249098
0.24954
0.250449
0.250859
0.251255
0.251611
0.252385
0.25278
0.253142
0.253525
0.254292
0.254742
0.255188
0.25562
0.256454
0.256829
0.257205
0.257992
0.258362
0.258726
0.259092
0.259922
0.26038
0.260806
0.261226
0.262085
0.262501
0.262868
0.263619
0.26397
0.264316
0.2647
0.265514
0.265945
0.266429
0.266865
0.267546
0.267968
0.268361
0.268743
0.269416
0.269787
0.27017
0.271007
0.271475
0.27191
0.272366
0.273145
0.273547
0.273904
0.274289
0.274997
0.275366
0.275794
0.27619
0.277065
0.277498
0.277959
0.278785
0.279173
0.279529
0.279906
0.280687
0.28107
0.281456
0.281811
0.2826
0.283043
0.283501
0.28438
0.284795
0.285185
0.285586
0.286341
0.286711
0.287061
0.287419
0.288165
0.288596
0.289034
0.289502
0.290386
0.290794
0.291197
0.291942
0.292319
0.292709
0.293088
0.293834
0.29422
0.294617
0.295038
0.295922
0.296361
0.296774
0.297159
0.297929
0.298316
0.298743
0.299459
0.299863
0.300232
0.300654
0.301461
0.301881
0.302329
0.302739
0.303663
0.304067
0.304433
0.304834
0.305588
0.305936
0.30635
0.307047
0.307389
0.307825
0.30823
0.309031
0.309479
0.309925
0.310371
0.311222
0.31161
0.311976
0.312795
0.313194
0.313573
0.313912
0.314685
0.315077
0.315478
0.31586
0.316683
0.317099
0.317557
0.317967
0.318814
0.319206
0.319567
0.320337
0.320722
0.321067
0.321456
0.322202
0.32258
0.322986
0.323377
0.324258
0.32464
0.325068
0.325478
0.326324
0.326746
0.327175
0.328015
0.328416
0.328791
0.329171
0.329912
0.330272
0.330651
0.331059
0.331828
0.332239
0.332636
0.333059
0.333901
0.334334
0.334761
0.335571
0.335985
0.336371
0.336754
0.337569
0.337965
0.338366
0.338722
0.339502
0.339881
0.340244
0.341037
0.341425
0.341832
0.342253
0.343138
0.343545
0.343968
0.34435
0.345141
0.345539
0.345956
0.346352
0.347105
0.347503
0.347894
0.348698
0.3491
0.349472
0.349787
0.350072
0.350099
0.350074
0.349998
0.350019
0.350044
0.350074
0.349974
0.349817
0.349921
0.349911
0.349855
0.349849
0.349716
0.349484
0.349115
0.349053
0.349051
0.349055
0.349041
0.349019
0.348878
0.348761
0.348483
0.348399
0.34836
0.348369
0.348366
0.348282
0.34817
0.347814
0.347678
0.34765
0.34764
0.347679
0.347658
0.347504
0.347162
0.347053
0.346976
0.346979
0.346989
0.346995
0.346924
0.346783
0.346327
0.346295
0.34627
0.346266
0.346271
0.34621
0.346077
0.345737
0.345627
0.345558
0.345568
0.345601
0.345615
0.345523
0.345388
0.345014
0.344951
0.344896
0.344904
0.344894
0.344815
0.344646
0.344323
0.344277
0.344247
0.344232
0.344202
0.344115
0.344006
0.343846
0.343636
0.343612
0.343617
0.34363
0.343572
0.343404
0.343238
0.342962
0.342961
0.342941
0.342977
0.342934
0.342808
0.342611
0.342477
0.342274
0.342219
0.34226
0.342221
0.342101
0.341919
0.341787
0.341522
0.341479
0.341543
0.3416
0.341511
0.341369
0.341206
0.341088
0.341134
0.341088
0.341078
0.340964
0.340828
0.340677
0.340539
0.34036
0.34039
0.340402
0.340389
0.340295
0.340163
0.340004
0.339855
0.33976
0.339719
0.339687
0.3396
0.339527
0.339377
0.339259
0.33905
0.338993
0.338999
0.339021
0.338907
0.338824
0.338678
0.338557
0.338335
0.338267
0.338269
0.338248
0.338215
0.338132
0.337984
0.337698
0.337585
0.337512
0.337506
0.337365
0.337324
0.337286
0.337222
0.337062
0.33696
0.336861
0.336737
0.336675
0.336645
0.336606
0.33648
0.336393
0.336261
0.336142
0.335975
0.335924
0.33587
0.335764
0.335745
0.335725
0.335675
0.335517
0.335391
0.335263
0.335134
0.334979
0.334903
0.334857
0.334804
0.334721
0.334681
0.334651
0.334542
0.334447
0.334311
0.334187
0.334005
0.333907
0.333853
0.333782
0.333665
0.333623
0.33361
0.333557
0.333461
0.333383
0.333256
0.33306
0.332953
0.332882
0.332779
0.332624
0.332571
0.332543
0.332459
0.332275
0.332164
0.332048
0.331969
0.331862
0.331823
0.331794
0.331715
0.33162
0.331548
0.331474
0.331247
0.331158
0.33105
0.330968
0.330853
0.330799
0.33077
0.330694
0.330528
0.330404
0.330304
0.330169
0.330136
0.330079
0.330033
0.329911
0.329795
0.329723
0.329622
0.329479
0.329418
0.329365
0.329293
0.329252
0.329187
0.329089
0.328862
0.328788
0.328711
0.328664
0.328532
0.328487
0.328432
0.328359
0.328191
0.328095
0.32799
0.327864
0.327853
0.327799
0.327747
0.327622
0.327531
0.327433
0.327313
0.327197
0.327145
0.327102
0.327078
0.326932
0.326826
0.32671
0.326511
0.326448
0.326376
0.326321
0.326243
0.326191
0.326109
0.326012
0.325846
0.325761
0.325709
0.325656
0.325527
0.325495
0.325441
0.325366
0.325228
0.325123
0.325014
0.324834
0.324772
0.32472
0.324696
0.324562
0.324479
0.324377
0.324251
0.324039
0.323981
0.323933
0.323861
0.323831
0.323779
0.323727
0.323555
0.323485
0.323398
0.323295
0.323175
0.323137
0.323073
0.323025
0.32292
0.32284
0.322737
0.322559
0.322452
0.322359
0.322312
0.322183
0.322127
0.322067
0.322017
0.321899
0.321814
0.321754
0.321558
0.321466
0.321372
0.321302
0.321174
0.321111
0.321065
0.321001
0.320894
0.320806
0.32074
0.320659
0.320482
0.320437
0.320373
0.320232
0.320177
0.320115
0.320064
0.319933
0.319868
0.319775
0.319674
0.319447
0.319349
0.319262
0.319193
0.319086
0.319025
0.318956
0.318877
0.318817
0.318772
0.318716
0.318575
0.318513
0.318427
0.318331
0.318167
0.318081
0.317981
0.317831
0.31777
0.317713
0.317669
0.317564
0.317489
0.317422
0.317349
0.317179
0.317089
0.316985
0.316908
0.316752
0.316692
0.316627
0.316478
0.316402
0.316338
0.316291
0.316159
0.316101
0.316043
0.315968
0.315828
0.315738
0.315655
0.315597
0.315456
0.315407
0.315341
0.315169
0.315103
0.315039
0.314977
0.314872
0.314792
0.314724
0.314648
0.314469
0.314384
0.31431
0.314232
0.314083
0.314019
0.313932
0.313785
0.313705
0.313644
0.313561
0.313454
0.313397
0.313358
0.313299
0.31316
0.313109
0.313039
0.312904
0.312821
0.312737
0.312643
0.312474
0.312393
0.312313
0.312233
0.312069
0.311995
0.311928
0.311855
0.311759
0.311689
0.31164
0.31149
0.311407
0.311338
0.311261
0.311131
0.311043
0.310961
0.310878
0.310714
0.310672
0.310599
0.310538
0.310434
0.310383
0.310302
0.310175
0.31012
0.310047
0.30998
0.309843
0.30977
0.309694
0.309602
0.309442
0.309344
0.30926
0.309191
0.309045
0.308962
0.308879
0.308741
0.308647
0.30858
0.308514
0.308409
0.308324
0.308277
0.308191
0.308027
0.307963
0.307913
0.307852
0.307747
0.307699
0.307627
0.307511
0.307443
0.307363
0.307271
0.307124
0.307052
0.306972
0.306886
0.3067
0.306621
0.306522
0.306443
0.306306
0.306245
0.306189
0.306065
0.305989
0.305912
0.305834
0.30571
0.305626
0.305582
0.305512
0.305375
0.305308
0.305258
0.305171
0.305051
0.304979
0.304916
0.304798
0.304728
0.304666
0.304589
0.304455
0.304381
0.30428
0.304196
0.304047
0.303963
0.303881
0.303804
0.303642
0.303577
0.303508
0.303361
0.3033
0.303212
0.303157
0.303
0.302947
0.302884
0.30281
0.302682
0.302619
0.302548
0.302489
0.302347
0.302283
0.302222
0.302102
0.302019
0.301953
0.301884
0.301733
0.301656
0.30159
0.301513
0.301358
0.301268
0.301173
0.301098
0.300925
0.300869
0.300797
0.300669
0.300583
0.3005
0.300438
0.300295
0.30023
0.30015
0.300078
0.299925
0.29986
0.299783
0.29962
0.299564
0.299489
0.299433
0.299299
0.299249
0.299211
0.299148
0.299017
0.298948
0.298864
0.298793
0.298666
0.298587
0.298499
0.298354
0.298297
0.298219
0.298132
0.297993
0.29791
0.297843
0.29778
0.297656
0.29755
0.29747
0.29738
0.297233
0.297165
0.297093
0.29693
0.296829
0.296771
0.296693
0.296563
0.296491
0.296428
0.29636
0.296236
0.296174
0.2961
0.296033
0.295891
0.295823
0.295758
0.2956
0.295524
0.295479
0.295396
0.295256
0.295202
0.295139
0.295079
0.294956
0.29489
0.294808
0.294664
0.294611
0.294536
0.294457
0.29433
0.294255
0.294156
0.29407
0.293923
0.293862
0.293795
0.293724
0.293588
0.293528
0.293451
0.293299
0.293211
0.29314
0.293067
0.29291
0.292838
0.292781
0.29271
0.292553
0.292484
0.292416
0.292346
0.29224
0.292164
0.292083
0.29195
0.291875
0.291808
0.291748
0.291598
0.291516
0.291453
0.291376
0.291231
0.291144
0.291068
0.290953
0.290869
0.290799
0.290726
0.290557
0.290475
0.290407
0.290341
0.290203
0.29013
0.290057
0.28999
0.289834
0.289749
0.28968
0.289531
0.289479
0.289405
0.289332
0.289186
0.289112
0.289042
0.288973
0.288828
0.288751
0.288673
0.288607
0.288472
0.288401
0.288333
0.288197
0.288135
0.28807
0.288018
0.287874
0.287821
0.287751
0.287676
0.287547
0.287465
0.287386
0.287297
0.287152
0.287088
0.287023
0.286867
0.286796
0.286711
0.286629
0.286492
0.286425
0.286346
0.286273
0.286128
0.286051
0.285965
0.28589
0.285762
0.285669
0.285612
0.285465
0.285402
0.285328
0.285268
0.285143
0.285078
0.285028
0.284959
0.28482
0.284761
0.284694
0.284611
0.284496
0.284427
0.28436
0.284224
0.28416
0.284084
0.284016
0.28387
0.283805
0.28373
0.283658
0.283514
0.283454
0.283387
0.283252
0.283176
0.283113
0.283039
0.282907
0.282831
0.282758
0.282698
0.282554
0.282478
0.282412
0.282342
0.282175
0.282098
0.282028
0.281887
0.281814
0.281754
0.281663
0.281513
0.281425
0.281351
0.281276
0.281148
0.281086
0.281016
0.280934
0.280791
0.280704
0.28063
0.280473
0.280405
0.280335
0.280241
0.280114
0.280049
0.279991
0.27995
0.279955
0.27996
0.279979
0.279988
0.279997
0.279988
0.279996
0.27999
0.279991
0.279983
0.279979
0.279984
0.279986
0.279989
0.279983
0.279989
0.279982
0.279985
0.279974
0.279986
0.279977
0.279987
0.279978
0.279981
0.279981
0.279981
0.279986
0.279976
0.279982
0.279983
0.279978
0.279992
0.279972
0.279981
0.279989
0.279987
0.279985
0.279979
0.27998
0.279983
0.27998
0.279983
0.279976
0.279992
0.279988
0.279983
0.279982
0.279982
0.27999
0.279987
0.279984
0.279991
0.279992
0.279983
0.279998
0.279988
0.279987
0.279984
0.279989
0.279981
0.279982
0.279991
0.279989
0.279983
0.279986
0.279991
0.279988
0.279986
0.279987
0.279982
0.27999
0.279976
0.279992
0.28
0.279998
0.279984
0.279986
0.279998
0.279979
0.279989
0.279987
0.279979
0.279991
0.279982
0.279986
0.279988
0.279996
0.279989
0.279991
0.279993
0.279975
0.27999
0.279987
0.27999
0.279982
0.279979
0.279979
0.280006
0.279971
0.279988
0.279992
0.279977
0.279986
0.279983
0.279988
0.279984
0.279997
0.27998
0.27999
0.279991
0.279983
0.27999
0.279987
0.27999
0.279986
0.279986
0.279987
0.279986
0.279991
0.279987
0.279985
0.279993
0.27998
0.279988
0.27998
0.279989
0.279981
0.279984
0.279983
0.279989
0.28
0.279989
0.279988
0.27999
0.27999
0.279986
0.279982
0.279985
0.279992
0.279985
0.279985
0.279989
0.28
0.279992
0.279995
0.279985
0.279982
0.279991
0.279988
0.279987
0.279968
0.27998
0.279987
0.279986
0.279995
0.279988
0.279992
0.279988
0.279984
0.279985
0.27999
0.279989
0.279992
0.279992
0.279991
0.279993
0.27999
0.279985
0.279985
0.279987
0.27999
0.279994
0.279994
0.279991
0.279992
0.279987
0.279992
0.279985
0.279996
0.279984
0.279981
0.27998
0.279985
0.279989
0.279991
0.279987
0.279988
0.279986
0.27999
0.279992
0.279991
0.27999
0.279988
0.279985
0.279979
0.279995
0.27999
0.27999
0.279988
0.279989
0.279995
0.279991
0.280003
0.279995
0.279988
0.279982
0.279988
0.279991
0.279999
0.279994
0.27999
0.279989
0.279991
0.279989
0.27999
0.279989
0.279992
0.279996
0.279989
0.279979
0.279984
0.279989
0.279996
0.279988
0.279988
0.279991
0.279986
0.279995
0.279994
0.279984
0.27999
0.279998
0.279977
0.279999
0.279988
0.27999
0.28
0.279987
0.279984
0.279994
0.279984
0.279994
0.279988
0.27999
0.279998
0.279986
0.279993
0.279991
0.279989
0.279993
0.279986
0.279991
0.279989
0.279994
0.279985
0.279984
0.279985
0.27999
0.279979
0.279988
0.279987
0.279988
0.279988
0.279981
0.279981
0.279979
0.279977
0.279997
0.279989
0.279989
0.279979
0.279982
0.27999
0.279985
0.279989
0.279986
0.279991
0.279987
0.27999
0.279993
0.279995
0.279994
0.279984
0.279999
0.279992
0.279989
0.279984
0.27999
0.279978
0.279984
0.279985
0.279984
0.279971
0.279992
0.279994
0.279988
0.28
0.279993
0.279988
0.279995
0.279989
0.279989
0.279992
0.279993
0.279984
0.279981
0.279985
0.279997
0.279985
0.27999
0.279988
0.279985
0.279988
0.279989
0.279991
0.279989
0.279993
0.279986
0.279985
0.279978
0.279989
0.279999
0.27999
0.279989
0.27999
0.279994
0.279991
0.279991
0.279982
0.279987
0.279981
0.279991
0.279991
0.279989
0.279997
0.279984
0.279995
0.279992
0.279987
0.279994
0.27999
0.27999
0.279988
0.279993
0.279993
0.279982
0.279991
0.279989
0.279993
0.279987
0.279987
0.279985
0.279982
0.279993
0.279987
0.279999
0.279988
0.279992
0.279984
0.279978
0.279996
0.279986
0.279988
0.279991
0.279995
0.279991
0.279991
0.279993
0.27999
0.279994
0.279985
0.279992
0.27999
0.279983
0.27999
0.279989
0.279989
0.279993
0.280002
0.279982
0.279987
0.279988
0.279986
