2.19998
2.20003
2.2
2.19999
2.19996
2.2001
2.20006
2.20003
2.19998
2.19999
2.2
2.20001
2.19994
2.19999
2.19996
2.20003
2.19993
2.20003
2.19997
2.2
2.19998
2.19998
2.20001
2.20004
2.20005
2.20002
2.20001
2.20007
2.20002
2.20002
2.2
2.20004
2.20007
2.20006
2.20002
2.2
2.19998
2.20001
2.20004
2.19996
2.20007
2.20003
2.20001
2.20004
2.20001
2.20003
2.20001
2.20006
2.19998
2.20002
2.20003
2.19993
2.20003
2.20001
2.19995
2.20006
2.20003
2.2
2.20003
2.20003
2.20004
2.20004
2.20006
2.19997
2.20005
2.2
2.20001
2.2
2.20009
2.19994
2.20001
2.20001
2.19995
2.20003
2.20006
2.19998
2.20003
2.20003
2.19999
2.20007
2.20004
2.19999
2.20002
2.2
2.20002
2.20006
2.20003
2.2
2.19995
2.19995
2.20006
2.20004
2.2
2.20001
2.19996
2.20001
2.20001
2.20002
2.20002
2.20004
2.20005
2.20006
2.20001
2.20001
2.20002
2.20007
2.2
2.20006
2.20002
2.20004
2.20004
2.20001
2.19997
2.19996
2.20002
2.20004
2.20006
2.20004
2.19999
2.20006
2.20004
2.19998
2.20001
2.20002
2.19998
2.2
2.20004
2.20002
2.20003
2.20003
2.20006
2.20005
2.20008
2.19998
2.2
2.20007
2.20002
2.20005
2.19997
2.20006
2.19998
2.20001
2.19989
2.20005
2.19999
2.20011
2.2
2.20004
2.20002
2.20004
2.19994
2.20006
2.2
2.20006
2.20002
2.20004
2.20002
2.2
2.19998
2.20002
2.19998
2.20006
2.20004
2.20008
2.20006
2.19996
2.20005
2.19999
2.20002
2.19998
2.2
2.20003
2.2
2.20007
2.19997
2.20004
2.19998
2.20001
2.20004
2.20002
2.20001
2.20004
2.19999
2.20002
2.19996
2.20001
2.19998
2.20005
2.19999
2.19997
2.19998
2.19999
2.20005
2.20006
2.19997
2.20006
2.19999
2.20005
2.20003
2.20003
2.20003
2.20006
2.20001
2.20006
2.20001
2.20003
2.2
2.20002
2.2
2.20002
2.19998
2.20003
2.2
2.20004
2.20002
2.20003
2.20007
2.20009
2.20003
2.19992
2.20001
2.20003
2.19997
2.2
2.19999
2.20002
2.2
2.20005
2.20001
2.20002
2.20007
2.19999
2.20003
2.20002
2.2
2.2
2.20003
2.19996
2.2
2.19999
2.19998
2.20004
2.2
2.20002
2.19978
2.19975
2.19985
2.19979
2.19951
2.19934
2.19913
2.19892
2.19906
2.19926
2.19944
2.19965
2.1997
2.19967
2.19969
2.19964
2.1996
2.19969
2.19965
2.19976
2.19992
2.19992
2.20006
2.19995
2.19992
2.19977
2.19963
2.19963
2.19955
2.19967
2.19995
2.20011
2.20021
2.20041
2.20034
2.20029
2.20024
2.2
2.19997
2.19994
2.19988
2.20006
2.20013
2.20016
2.20014
2.19989
2.19976
2.19973
2.19957
2.19956
2.19961
2.19967
2.19994
2.19993
2.20009
2.20008
2.20023
2.20016
2.20013
2.20003
2.1998
2.1998
2.19976
2.19986
2.19977
2.19988
2.1999
2.19991
2.19996
2.20001
2.20005
2.19997
2.19999
2.19991
2.19975
2.19986
2.19985
2.19994
2.20014
2.20013
2.20013
2.20011
2.19988
2.1998
2.19967
2.19953
2.1993
2.19937
2.19934
2.19963
2.19972
2.19999
2.20001
2.20014
2.20017
2.20004
2.20008
2.20004
2.20001
2.19989
2.19992
2.19985
2.1998
2.19986
2.19983
2.19972
2.19978
2.1997
2.19976
2.19976
2.1997
2.19961
2.19956
2.19953
2.19961
2.19958
2.19964
2.19972
2.19993
2.19994
2.19988
2.19994
2.19993
2.19979
2.19971
2.19968
2.19969
2.19962
2.19948
2.19967
2.19967
2.19996
2.19991
2.19999
2.20009
2.20002
2.20005
2.20014
2.2
2.19992
2.1997
2.19955
2.19926
2.19921
2.19925
2.19924
2.19953
2.19978
2.19999
2.20029
2.20046
2.2004
2.20051
2.20043
2.2004
2.20036
2.2002
2.19991
2.19991
2.1997
2.1995
2.1996
2.19956
2.19967
2.19968
2.20004
2.20019
2.20028
2.20046
2.20045
2.20044
2.20034
2.20026
2.19999
2.20004
2.19988
2.19954
2.19944
2.19934
2.19945
2.19955
2.19966
2.19978
2.20012
2.20017
2.20032
2.20034
2.20071
2.20048
2.20049
2.2005
2.20026
2.2001
2.20005
2.19962
2.1996
2.19948
2.19949
2.19963
2.1998
2.19983
2.20004
2.20019
2.20021
2.20023
2.20032
2.20022
2.20019
2.20012
2.1998
2.19966
2.19953
2.1994
2.19926
2.1992
2.19928
2.1994
2.19976
2.19998
2.20008
2.2002
2.20024
2.20026
2.20027
2.20015
2.20006
2.20004
2.1999
2.19968
2.19957
2.19951
2.19954
2.19965
2.19967
2.19984
2.19993
2.20018
2.20035
2.20036
2.20035
2.20026
2.20022
2.2002
2.19996
2.19986
2.19984
2.19977
2.19985
2.19981
2.19997
2.20009
2.20024
2.20015
2.2001
2.19996
2.19992
2.19989
2.1998
2.19961
2.19969
2.19951
2.19946
2.19959
2.19974
2.19983
2.20008
2.20033
2.20044
2.20054
2.20031
2.20023
2.20017
2.19995
2.19956
2.1995
2.19939
2.1994
2.19949
2.19959
2.19977
2.20015
2.20033
2.20038
2.20044
2.20034
2.20027
2.20011
2.19991
2.19975
2.19973
2.19971
2.19969
2.19983
2.20002
2.20005
2.2002
2.20028
2.20016
2.2001
2.19976
2.19966
2.19955
2.19951
2.19953
2.19961
2.19963
2.1997
2.19992
2.20011
2.2002
2.20022
2.20024
2.20023
2.20028
2.20018
2.20017
2.20008
2.20009
2.1998
2.19975
2.19979
2.19984
2.19995
2.20015
2.20018
2.2003
2.20022
2.20006
2.19994
2.19974
2.19969
2.19958
2.19965
2.19965
2.19992
2.20013
2.20039
2.20069
2.20068
2.20055
2.20003
2.19982
2.19968
2.19972
2.19976
2.1999
2.19997
2.20013
2.20024
2.20027
2.20009
2.20002
2.19996
2.1999
2.19977
2.1996
2.19953
2.19952
2.19964
2.19985
2.20006
2.20024
2.20046
2.20051
2.20028
2.20013
2.19975
2.19963
2.19958
2.19983
2.20028
2.20061
2.20068
2.20059
2.20034
2.20012
2.19981
2.19975
2.19962
2.19961
2.19973
2.19995
2.20013
2.20022
2.20028
2.20017
2.20001
2.1998
2.19964
2.19942
2.19953
2.19991
2.20035
2.20057
2.20048
2.20042
2.19978
2.19957
2.19963
2.19975
2.20006
2.20016
2.20024
2.20044
2.20015
2.20005
2.19998
2.20005
2.20012
2.20004
2.19983
2.19948
2.19958
2.19953
2.19953
2.19975
2.19991
2.20015
2.20019
2.20011
2.20009
2.20012
2.19986
2.1998
2.19974
2.19976
2.19968
2.19978
2.19987
2.19991
2.2
2.20014
2.20016
2.2004
2.20016
2.2001
2.20002
2.2002
2.20005
2.19998
2.19987
2.19988
2.19984
2.19989
2.19991
2.19999
2.20004
2.19999
2.20004
2.20026
2.20031
2.20037
2.20024
2.20019
2.20008
2.20007
2.20019
2.20018
2.20014
2.19999
2.1999
2.19983
2.19989
2.19997
2.19999
2.19997
2.19997
2.19989
2.19989
2.20008
2.20005
2.20018
2.20018
2.20012
2.20007
2.20008
2.2001
2.20014
2.20032
2.20029
2.20006
2.20002
2.1998
2.19985
2.19992
2.20007
2.20014
2.19997
2.19989
2.19976
2.19973
2.19981
2.19999
2.20016
2.20025
2.2001
2.19999
2.19978
2.1999
2.2001
2.20023
2.20046
2.20039
2.20023
2.19992
2.19987
2.19987
2.19996
2.20035
2.20051
2.20052
2.20041
2.20014
2.19992
2.1999
2.19992
2.20005
2.20016
2.20019
2.20016
2.20007
2.19984
2.19969
2.19974
2.19989
2.20001
2.20003
2.20011
2.20024
2.20005
2.20004
2.19995
2.19991
2.19991
2.20008
2.20018
2.20019
2.20017
2.20008
2.20015
2.2
2.19998
2.19998
2.20006
2.20015
2.20027
2.20035
2.20028
2.20025
2.19999
2.19992
2.19999
2.2
2.20009
2.20026
2.20037
2.20041
2.20032
2.20028
2.20017
2.19999
2.19993
2.19996
2.19995
2.20007
2.20019
2.20019
2.20023
2.20015
2.20002
2.20001
2.19987
2.19993
2.19993
2.20003
2.20017
2.20015
2.20022
2.20018
2.20017
2.20005
2.19995
2.19986
2.19987
2.19994
2.20009
2.20007
2.20023
2.20033
2.20016
2.20012
2.20001
2.19994
2.19995
2.20001
2.2001
2.20012
2.20019
2.20023
2.20021
2.20019
2.20016
2.20017
2.20007
2.20006
2.20009
2.20009
2.20011
2.20019
2.20035
2.20034
2.20044
2.20036
2.2003
2.2001
2.20003
2.19998
2.19995
2.20006
2.20007
2.20008
2.20022
2.20024
2.20034
2.20036
2.20034
2.20028
2.20021
2.20001
2.19994
2.19998
2.20019
2.20014
2.20022
2.20024
2.20026
2.20035
2.20022
2.20021
2.20006
2.19994
2.19996
2.19993
2.19986
2.19994
2.20003
2.20001
2.19999
2.20001
2.20017
2.20023
2.20031
2.20018
2.20016
2.19998
2.19993
2.20002
2.20009
2.20021
2.20016
2.20023
2.20028
2.20026
2.20035
2.20038
2.20018
2.20011
2.20002
2.19992
2.2001
2.2001
2.2002
2.20029
2.20022
2.20021
2.20033
2.20034
2.20046
2.20041
2.20035
2.20013
2.20004
2.2
2.20008
2.20012
2.20019
2.20012
2.20014
2.2002
2.20014
2.20021
2.2001
2.20011
2.20004
2.19997
2.19984
2.19987
2.19988
2.19989
2.20001
2.2001
2.20012
2.20012
2.20013
2.20015
2.20016
2.20019
2.20021
2.20017
2.20013
2.20006
2.20011
2.20007
2.19999
2.19996
2.20002
2.20014
2.20011
2.20009
2.20014
2.20016
2.20034
2.20032
2.20031
2.20033
2.20019
2.20015
2.2001
2.20011
2.2001
2.20015
2.20016
2.2002
2.20016
2.20015
2.20017
2.20019
2.20035
2.20041
2.20042
2.2003
2.20025
2.20018
2.2002
2.20005
2.20007
2.19999
2.20002
2.20007
2.20018
2.20019
2.20014
2.20016
2.20014
2.20014
2.20013
2.20021
2.20012
2.19998
2.20011
2.19995
2.19992
2.19997
2.19991
2.19995
2.19999
2.19999
2.19995
2.19988
2.19993
2.20004
2.20004
2.20014
2.20018
2.20014
2.20017
2.20006
2.20011
2.20011
2.20016
2.20008
2.20013
2.19999
2.2001
2.20013
2.20028
2.20024
2.20021
2.20027
2.20026
2.20034
2.20043
2.20043
2.20036
2.20034
2.20021
2.20011
2.20002
2.2
2.19996
2.1999
2.19987
2.19996
2.19997
2.19996
2.19998
2.19984
2.19986
2.19989
2.19992
2.19994
2.20001
2.19995
2.19994
2.19983
2.19985
2.19972
2.19976
2.19982
2.19973
2.19983
2.19991
2.20009
2.20004
2.2001
2.2001
2.20008
2.20006
2.20017
2.20013
2.20024
2.20019
2.20027
2.20031
2.20031
2.20021
2.20023
2.20015
2.20006
2.20003
2.19996
2.19985
2.19983
2.19981
2.19986
2.19993
2.19991
2.19985
2.19977
2.19967
2.19969
2.1997
2.19995
2.20006
2.20004
2.20001
2.19995
2.20006
2.20007
2.20022
2.20024
2.20028
2.20023
2.20011
2.20002
2.20006
2.20011
2.20018
2.20022
2.20022
2.20011
2.20009
2.20004
2.20009
2.20007
2.20009
2.20002
2.20011
2.19997
2.20001
2.19997
2.19987
2.19988
2.1999
2.19992
2.19991
2.2001
2.20012
2.20007
2.2001
2.20028
2.20025
2.20031
2.20033
2.20029
2.20031
2.2002
2.20022
2.20015
2.20013
2.20023
2.2002
2.20014
2.20012
2.2001
2.19998
2.19996
2.19996
2.19993
2.19983
2.19992
2.19988
2.19998
2.20007
2.20007
2.20017
2.20017
2.20017
2.20008
2.20029
2.2003
2.20031
2.2002
2.20013
2.20002
2.20005
2.2
2.19991
2.19995
2.19991
2.19979
2.19978
2.19972
2.1998
2.19985
2.19992
2.19996
2.20004
2.20019
2.20012
2.20022
2.20023
2.20027
2.20029
2.20025
2.20015
2.20011
2.20015
2.2
2.2
2.19988
2.19983
2.1998
2.19978
2.19988
2.19983
2.1998
2.19976
2.19985
2.19992
2.20002
2.2001
2.20011
2.20003
2.20016
2.20011
2.20017
2.20019
2.20017
2.20014
2.20009
2.20009
2.20004
2.20001
2.19989
2.19961
2.19945
2.19949
2.19961
2.2
2.20004
2.20007
2.19996
2.19986
2.19998
2.19996
2.20004
2.20002
2.19996
2.19995
2.20003
2.20001
2.2
2.20003
2.19997
2.20002
2.19999
2.19999
2.20013
2.20009
2.20012
2.20015
2.2
2.20016
2.20013
2.20004
2.2001
2.20008
2.20009
2.20004
2.20008
2.20011
2.20015
2.2001
2.20008
2.20008
2.20007
2.20007
2.20006
2.2001
2.20006
2.20019
2.20013
2.20015
2.20005
2.20012
2.20009
2.20015
2.20007
2.20009
2.2001
2.20007
2.20012
2.2001
2.20014
2.2001
2.20008
2.20019
2.20007
2.20006
2.20005
2.20009
2.20011
2.20008
2.20005
2.20015
2.2001
2.20011
2.20016
2.20009
2.20008
2.2001
2.20013
2.20013
2.20012
2.20013
2.20007
2.20007
2.20008
2.20015
2.20012
2.20014
2.20011
2.20016
2.20017
2.20009
2.20013
2.20005
2.20011
2.20004
2.20009
2.20006
2.20007
2.20007
2.20016
2.20011
2.20009
2.20011
2.20004
2.20003
2.20007
2.2001
2.20009
2.20006
2.20007
2.2001
2.20007
2.20007
2.20012
2.2001
2.20002
2.20007
2.20006
2.20007
2.20008
2.20006
2.20002
2.20006
2.20008
2.20007
2.20009
2.20005
2.20006
2.20004
2.19997
2.20008
2.20003
2.20005
2.20008
2.20004
2.20006
2.20006
2.20007
2.20011
2.20004
2.20004
2.20005
2.20005
2.20006
2.20001
2.20005
2.2
2.20006
2.20006
2.20008
2.20007
2.20006
2.20007
2.20004
2.20003
2.20008
2.20001
2.20007
2.20006
2.20009
2.20004
2.20012
2.2
2.20005
2.20004
2.2001
2.20004
2.20008
2.20005
2.20013
2.20003
2.20001
2.20014
2.20004
2.20006
2.2
2.20002
2.20012
2.20004
2.20007
2.2001
2.20008
2.20005
2.20007
2.20004
2.20014
2.20006
2.20006
2.20008
2.20006
2.20002
2.2001
2.20002
2.20005
2.20006
2.19999
2.20007
2.20001
2.20005
2.20009
2.20007
2.2
2.20003
2.19975
2.19962
2.19966
2.19971
2.19993
2.20005
2.20033
2.20008
2.1999
2.19981
2.19989
2.19997
2.19999
2.20008
2.19995
2.19996
2.19995
2.19997
2.19993
2.1999
2.19992
2.19993
2.20008
2.20006
2.20012
2.20008
2.20024
2.20018
2.20024
2.20018
2.20014
2.20013
2.20012
2.20001
2.20005
2.19998
2.19987
2.1998
2.19973
2.19972
2.19969
2.19982
2.19987
2.19992
2.1997
2.19991
2.19993
2.20013
2.19997
2.20017
2.20016
2.20013
2.20012
2.20024
2.20018
2.20012
2.20025
2.20025
2.20009
2.19996
2.19992
2.19993
2.19998
2.19989
2.19993
2.19996
2.19991
2.19996
2.20004
2.20002
2.20017
2.20009
2.20018
2.20022
2.20025
2.20027
2.20024
2.20008
2.20009
2.20008
2.20006
2.2001
2.20024
2.20019
2.20023
2.20024
2.20016
2.20007
2.20017
2.20015
2.20009
2.20013
2.20002
2.20011
2.20012
2.2001
2.20018
2.20023
2.20015
2.20022
2.20016
2.20025
2.20027
2.20025
2.20011
2.20019
2.20022
2.2002
2.2003
2.20035
2.20029
2.20026
2.20012
2.20019
2.20014
2.20019
2.20019
2.20016
2.20028
2.20015
2.20006
2.20017
2.20007
2.20017
2.20001
2.19998
2.19998
2.19999
2.20008
2.20007
2.20012
2.20021
2.20003
2.2002
2.20025
2.20013
2.20014
2.20018
2.20028
2.20017
2.20027
2.20014
2.20022
2.20009
2.20015
2.2
2.20009
2.20001
2.19991
2.19994
2.19999
2.19991
2.19987
2.19985
2.19982
2.19996
2.19993
2.19992
2.19999
2.19999
2.19996
2.2
2.20001
2.20015
2.20014
2.20027
2.20014
2.20021
2.20012
2.20016
2.2001
2.2
2.19991
2.2
2.20001
2.20005
2.20004
2.20008
2.20023
2.20009
2.20021
2.20026
2.20036
2.20033
2.20019
2.20005
2.20016
2.20004
2.20005
2.19997
2.19996
2.19992
2.2
2.19996
2.20001
2.19974
2.2
2.19988
2.19993
2.1999
2.2
2.20008
2.20002
2.20005
2.20008
2.20007
2.19998
2.19997
2.19999
2.20009
2.20003
2.20009
2.20002
2.2001
2.19997
2.20007
2.20009
2.20021
2.2002
2.20027
2.20022
2.2002
2.20017
2.20016
2.2001
2.20017
2.20011
2.20009
2.20002
2.20006
2.19999
2.20009
2.20002
2.20011
2.20019
2.20014
2.20024
2.20023
2.20032
2.20008
2.2001
2.2
2.20005
2.19999
2.20003
2.2001
2.20007
2.20005
2.20006
2.20004
2.20002
2.19999
2.20004
2.20009
2.20013
2.19998
2.19989
2.20002
2.19995
2.19993
2.19991
2.19991
2.20002
2.19999
2.20002
2.20005
2.2
2.19999
2.19993
2.20012
2.20002
2.20015
2.20008
2.20006
2.20005
2.19996
2.19989
2.19997
2.19992
2.19987
2.19994
2.19999
2.20007
2.2
2.20011
2.20003
2.20024
2.2001
2.20009
2.20011
2.2001
2.20009
2.20008
2.20004
2.19994
2.19996
2.2001
2.20012
2.20009
2.20019
2.20027
2.20019
2.20008
2.20008
2.19993
2.19993
2.19984
2.19988
2.19995
2.19989
2.19993
2.19994
2.20007
2.2001
2.20008
2.20005
2.1999
2.19983
2.19988
2.19979
2.19976
2.19976
2.19983
2.19985
2.19995
2.19994
2.20005
2.19996
2.19997
2.19993
2.19995
2.19985
2.19979
2.19979
2.19985
2.2
2.2
2.20001
2.20007
2.2002
2.2002
2.20024
2.20016
2.20011
2.20002
2.2
2.19999
2.20005
2.19997
2.20005
2.20018
2.20022
2.2003
2.20034
2.20029
2.20024
2.20012
2.20007
2.20017
2.20014
2.20014
2.20018
2.20017
2.20011
2.2002
2.20027
2.20025
2.20013
2.20003
2.20003
2.20009
2.20009
2.19983
2.19984
2.1999
2.19995
2.20007
2.20015
2.20018
2.20003
2.19999
2.19992
2.2
2.20008
2.20009
2.20002
2.20012
2.20026
2.20008
2.20011
2.20024
2.20013
2.20002
2.2
2.20011
2.20018
2.20017
2.20028
2.20036
2.20029
2.20022
2.20022
2.20015
2.20017
2.20002
2.20008
2.20014
2.20026
2.20022
2.20032
2.20033
2.20035
2.20013
2.20021
2.20031
2.2003
2.2003
2.20019
2.20003
2.20001
2.19999
2.20017
2.20053
2.20083
2.20195
2.20263
2.20348
2.20434
2.20582
2.20668
2.2074
2.20813
2.20976
2.21057
2.21128
2.21308
2.21398
2.21481
2.21546
2.21717
2.21804
2.21884
2.21958
2.22131
-2.22062
-2.21991
-2.2191
-2.21741
-2.21668
-2.21596
-2.21406
-2.21325
-2.2125
-2.21158
-2.20976
-2.20895
-2.20805
-2.20718
-2.20558
-2.20479
-2.20391
-2.2031
-2.20141
-2.20056
-2.19968
-2.19807
-2.1972
-2.19632
-2.19552
-2.19386
-2.19309
-2.19221
-2.19141
-2.18969
-2.18885
-2.188
-2.18705
-2.18533
-2.18453
-2.1837
-2.18212
-2.18136
-2.18053
-2.17978
-2.17802
-2.17715
-2.17639
-2.17549
-2.17383
-2.17298
-2.17215
-2.1713
-2.16971
-2.16881
-2.16802
-2.16627
-2.16535
-2.16449
-2.16355
-2.16168
-2.16085
-2.15986
-2.15907
-2.15729
-2.15648
-2.15562
-2.15389
-2.15296
-2.1521
-2.15109
-2.14943
-2.14862
-2.14775
-2.14687
-2.14523
-2.14427
-2.1435
-2.14257
-2.1409
-2.14003
-2.13912
-2.13727
-2.13641
-2.13554
-2.13461
-2.13292
-2.13204
-2.13123
-2.1304
-2.12862
-2.12772
-2.12693
-2.12513
-2.12416
-2.12333
-2.12249
-2.12065
-2.11989
-2.11897
-2.11796
-2.1161
-2.1153
-2.11432
-2.11334
-2.11157
-2.11066
-2.10972
-2.10784
-2.10709
-2.10615
-2.1052
-2.10351
-2.10261
-2.10157
-2.10073
-2.09894
-2.09799
-2.09709
-2.09626
-2.09448
-2.09368
-2.0928
-2.09104
-2.09007
-2.08915
-2.08841
-2.08651
-2.08565
-2.08481
-2.08383
-2.08186
-2.081
-2.08011
-2.07823
-2.07736
-2.07642
-2.07542
-2.0735
-2.07251
-2.07157
-2.07069
-2.06887
-2.06805
-2.06714
-2.06616
-2.0643
-2.06343
-2.06252
-2.06068
-2.05979
-2.05892
-2.0579
-2.05609
-2.05508
-2.05414
-2.05323
-2.05138
-2.05053
-2.04953
-2.04859
-2.04671
-2.04575
-2.04477
-2.04287
-2.04193
-2.04097
-2.04008
-2.03819
-2.03719
-2.03636
-2.03543
-2.03362
-2.03266
-2.03165
-2.03075
-2.02887
-2.02786
-2.02695
-2.02493
-2.02398
-2.02293
-2.02207
-2.02016
-2.01924
-2.0183
-2.0174
-2.01552
-2.01452
-2.01361
-2.01253
-2.01074
-2.00988
-2.00897
-2.00723
-2.00627
-2.00533
-2.0043
-2.00251
-2.00156
-2.00054
-1.99946
-1.99742
-1.99631
-1.9952
-1.99423
-1.99224
-1.99126
-1.99029
-1.98829
-1.98735
-1.98629
-1.98531
-1.98349
-1.98256
-1.98171
-1.98072
-1.97886
-1.97795
-1.97698
-1.97516
-1.97423
-1.97325
-1.97227
-1.97022
-1.96933
-1.96835
-1.9673
-1.96538
-1.96432
-1.96329
-1.96228
-1.96028
-1.95921
-1.95819
-1.95624
-1.95528
-1.95424
-1.95326
-1.95131
-1.9503
-1.94938
-1.9485
-1.94655
-1.94557
-1.94464
-1.94369
-1.94172
-1.94063
-1.93968
-1.93779
-1.93681
-1.93583
-1.93484
-1.93278
-1.93176
-1.93079
-1.92977
-1.92784
-1.92686
-1.92583
-1.92481
-1.92288
-1.92188
-1.92086
-1.91883
-1.9178
-1.91682
-1.91579
-1.91377
-1.91274
-1.91177
-1.91086
-1.90891
-1.90777
-1.90675
-1.90477
-1.90367
-1.90267
-1.90169
-1.89981
-1.89874
-1.89773
-1.89679
-1.89476
-1.89388
-1.89283
-1.89181
-1.88975
-1.88871
-1.88761
-1.88559
-1.88453
-1.88359
-1.88256
-1.88049
-1.87944
-1.87847
-1.8774
-1.87538
-1.87442
-1.8734
-1.87247
-1.87038
-1.86929
-1.8683
-1.86629
-1.86529
-1.86423
-1.8633
-1.86119
-1.86018
-1.85914
-1.85805
-1.85611
-1.85507
-1.85407
-1.85302
-1.85095
-1.84992
-1.84886
-1.84694
-1.84588
-1.84486
-1.84385
-1.84181
-1.84077
-1.83973
-1.83871
-1.83656
-1.83548
-1.83452
-1.83239
-1.83136
-1.83034
-1.82925
-1.82709
-1.82607
-1.82502
-1.82394
-1.82184
-1.82084
-1.81979
-1.81883
-1.81666
-1.81564
-1.81459
-1.81259
-1.81157
-1.81058
-1.80957
-1.80737
-1.80637
-1.80529
-1.80435
-1.80219
-1.80114
-1.79999
-1.79899
-1.79684
-1.79578
-1.79476
-1.79268
-1.79163
-1.79057
-1.78954
-1.78747
-1.7864
-1.78544
-1.78434
-1.78229
-1.78118
-1.78016
-1.77907
-1.77697
-1.77592
-1.77488
-1.7727
-1.77165
-1.77061
-1.7695
-1.76747
-1.76639
-1.76528
-1.76426
-1.7622
-1.76103
-1.76
-1.75889
-1.75683
-1.75573
-1.75473
-1.75254
-1.75142
-1.75029
-1.74932
-1.74709
-1.74607
-1.74496
-1.74392
-1.74178
-1.74062
-1.73953
-1.7374
-1.73635
-1.73529
-1.73424
-1.73217
-1.73106
-1.73004
-1.72901
-1.72688
-1.7258
-1.72474
-1.72365
-1.72159
-1.72048
-1.71934
-1.71723
-1.71619
-1.71509
-1.71391
-1.71179
-1.71067
-1.70959
-1.7085
-1.7063
-1.70521
-1.70414
-1.70309
-1.70095
-1.6999
-1.69879
-1.6967
-1.69561
-1.69456
-1.6934
-1.69128
-1.69022
-1.68921
-1.68812
-1.68592
-1.68485
-1.68374
-1.6827
-1.68049
-1.67945
-1.67833
-1.67622
-1.67518
-1.67417
-1.6731
-1.67093
-1.66981
-1.66883
-1.66767
-1.66553
-1.66448
-1.66339
-1.66119
-1.66014
-1.65905
-1.65788
-1.65569
-1.65451
-1.65341
-1.65232
-1.65008
-1.64889
-1.64784
-1.64676
-1.64456
-1.64345
-1.64234
-1.64013
-1.63904
-1.63797
-1.63682
-1.63461
-1.63353
-1.63241
-1.63134
-1.62916
-1.62805
-1.62698
-1.62586
-1.62369
-1.62259
-1.6215
-1.61933
-1.61827
-1.6172
-1.61607
-1.61391
-1.61276
-1.61168
-1.61059
-1.60837
-1.60722
-1.6061
-1.60498
-1.60276
-1.60169
-1.60055
-1.59833
-1.59717
-1.59604
-1.59493
-1.59273
-1.59156
-1.59045
-1.58935
-1.58716
-1.58601
-1.58487
-1.58375
-1.58153
-1.5804
-1.57929
-1.57709
-1.57601
-1.57486
-1.57375
-1.57154
-1.57047
-1.56936
-1.56819
-1.56608
-1.56485
-1.56378
-1.56265
-1.56048
-1.5593
-1.55821
-1.55597
-1.55482
-1.55375
-1.55261
-1.55042
-1.54931
-1.54815
-1.54706
-1.5448
-1.54369
-1.54249
-1.54139
-1.53912
-1.53808
-1.53688
-1.53466
-1.53353
-1.53237
-1.53129
-1.52909
-1.528
-1.52686
-1.52577
-1.52351
-1.52238
-1.52125
-1.52013
-1.51784
-1.51671
-1.51556
-1.51329
-1.51204
-1.51093
-1.50983
-1.50756
-1.5064
-1.50525
-1.50409
-1.50179
-1.50069
-1.49954
-1.49731
-1.49622
-1.4951
-1.49403
-1.49175
-1.49063
-1.48948
-1.48831
-1.48607
-1.4849
-1.48372
-1.48254
-1.4803
-1.47914
-1.47801
-1.47578
-1.47459
-1.4735
-1.47241
-1.47018
-1.46903
-1.46791
-1.46681
-1.46458
-1.46349
-1.46228
-1.46114
-1.4589
-1.4577
-1.45655
-1.45418
-1.45304
-1.45191
-1.45077
-1.44857
-1.44742
-1.4463
-1.44513
-1.44285
-1.4416
-1.44046
-1.43931
-1.4369
-1.43577
-1.43465
-1.43242
-1.43128
-1.43021
-1.42906
-1.42677
-1.42563
-1.42446
-1.4233
-1.42097
-1.41986
-1.41873
-1.41762
-1.4154
-1.4142
-1.41307
-1.41072
-1.40951
-1.40833
-1.40717
-1.40483
-1.40371
-1.40254
-1.40142
-1.39912
-1.39798
-1.39683
-1.39453
-1.39331
-1.39219
-1.39106
-1.3888
-1.3877
-1.3865
-1.38537
-1.38306
-1.38185
-1.3807
-1.37958
-1.37736
-1.37626
-1.37509
-1.37273
-1.37154
-1.37038
-1.36926
-1.36705
-1.36594
-1.36473
-1.36362
-1.3612
-1.36002
-1.35882
-1.3577
-1.35542
-1.35421
-1.35304
-1.35058
-1.34938
-1.34832
-1.34718
-1.34493
-1.34378
-1.34256
-1.34134
-1.33891
-1.33775
-1.33659
-1.33542
-1.33297
-1.33181
-1.3306
-1.3284
-1.32725
-1.32608
-1.32491
-1.32245
-1.32116
-1.32005
-1.31884
-1.31655
-1.31544
-1.31425
-1.31202
-1.3109
-1.30977
-1.30853
-1.30607
-1.30484
-1.30369
-1.30254
-1.30025
-1.29917
-1.29797
-1.29685
-1.29458
-1.29337
-1.29197
-1.28953
-1.2883
-1.28719
-1.28616
-1.28391
-1.28276
-1.28159
-1.28038
-1.27795
-1.2767
-1.27544
-1.27422
-1.27213
-1.27102
-1.26985
-1.26737
-1.26619
-1.26506
-1.2638
-1.26141
-1.2602
-1.25914
-1.25806
-1.25574
-1.25452
-1.25323
-1.25197
-1.24957
-1.24839
-1.24716
-1.24493
-1.2438
-1.24269
-1.24143
-1.23896
-1.23765
-1.23648
-1.2354
-1.2332
-1.23198
-1.23083
-1.22886
-1.22808
-1.22755
-1.22729
-1.22732
-1.22733
-1.22737
-1.22732
-1.22721
-1.2271
-1.2273
-1.22738
-1.22741
-1.22758
-1.22763
-1.22759
-1.22756
-1.22766
-1.22766
-1.22756
-1.22751
-1.22752
-1.22757
-1.22751
-1.22746
-1.22736
-1.22729
-1.22729
-1.22728
-1.22723
-1.22713
-1.22714
-1.22717
-1.22719
-1.22733
-1.22743
-1.22752
-1.22752
-1.22756
-1.22762
-1.22771
-1.22767
-1.22779
-1.22786
-1.22786
-1.22772
-1.22772
-1.22768
-1.2276
-1.22752
-1.22744
-1.22737
-1.22736
-1.22736
-1.22744
-1.22751
-1.22757
-1.22763
-1.22768
-1.2277
-1.22764
-1.2277
-1.22774
-1.22776
-1.2277
-1.22767
-1.22763
-1.2276
-1.22756
-1.22749
-1.22748
-1.22741
-1.22746
-1.22751
-1.22758
-1.22774
-1.22774
-1.2278
-1.22776
-1.22782
-1.22785
-1.22792
-1.22794
-1.22789
-1.22781
-1.2277
-1.22764
-1.22759
-1.2275
-1.22744
-1.22746
-1.22754
-1.22761
-1.22765
-1.22776
-1.22782
-1.22779
-1.22782
-1.22786
-1.22773
-1.22777
-1.22762
-1.22755
-1.22754
-1.22749
-1.22737
-1.22732
-1.22736
-1.22736
-1.22758
-1.22762
-1.22758
-1.22765
-1.22766
-1.22773
-1.22781
-1.22782
-1.22775
-1.22771
-1.22765
-1.22752
-1.22746
-1.22737
-1.22739
-1.22751
-1.22764
-1.22768
-1.22768
-1.22765
-1.22773
-1.22775
-1.22764
-1.22766
-1.22754
-1.22745
-1.22739
-1.22736
-1.22725
-1.22732
-1.22741
-1.22753
-1.22753
-1.22756
-1.22761
-1.22765
-1.22768
-1.22769
-1.22774
-1.22762
-1.22763
-1.22744
-1.22738
-1.22729
-1.22738
-1.22754
-1.2276
-1.22757
-1.22761
-1.22763
-1.22767
-1.22766
-1.22751
-1.22749
-1.22742
-1.22734
-1.22725
-1.22724
-1.22729
-1.22757
-1.22758
-1.22765
-1.22765
-1.22777
-1.22782
-1.22788
-1.22777
-1.22768
-1.22747
-1.22751
-1.2274
-1.22743
-1.22745
-1.22761
-1.22763
-1.22773
-1.22772
-1.22781
-1.22777
-1.22773
-1.22768
-1.22766
-1.22745
-1.22741
-1.22736
-1.22746
-1.2276
-1.22767
-1.22764
-1.22774
-1.22786
-1.22786
-1.2278
-1.22767
-1.22763
-1.22742
-1.22743
-1.22748
-1.22764
-1.22768
-1.22788
-1.22782
-1.2279
-1.22796
-1.22772
-1.22763
-1.22758
-1.2275
-1.22745
-1.22747
-1.22756
-1.22772
-1.22773
-1.22778
-1.2277
-1.22785
-1.22778
-1.22774
-1.22762
-1.22741
-1.22743
-1.22748
-1.22758
-1.22767
-1.22773
-1.22772
-1.22776
-1.22771
-1.22771
-1.22759
-1.22751
-1.22731
-1.22743
-1.22753
-1.22762
-1.22772
-1.22776
-1.22782
-1.2279
-1.22791
-1.22782
-1.22782
-1.22747
-1.22752
-1.22758
-1.22765
-1.22776
-1.2278
-1.22787
-1.22793
-1.22788
-1.22777
-1.22773
-1.22749
-1.22743
-1.22748
-1.2276
-1.22769
-1.22772
-1.22774
-1.22782
-1.22784
-1.22784
-1.22779
-1.2275
-1.22744
-1.2274
-1.2275
-1.2276
-1.22765
-1.22771
-1.22789
-1.22778
-1.22778
-1.22777
-1.22786
-1.22787
-1.22785
-1.22784
-1.22783
-1.2278
-1.22771
-1.22786
-1.22787
-1.22783
-1.22769
-1.22772
-1.2277
-1.22768
-1.22772
-1.22773
-1.2277
-1.22775
-1.22773
-1.22773
-1.22782
-1.22785
-1.22782
-1.22767
-1.2277
-1.22768
-1.22764
-1.22757
-1.22761
-1.22755
-1.22756
-1.22754
-1.22764
-1.22758
-1.22758
-1.22756
-1.22764
-1.22764
-1.2277
-1.2277
-1.22764
-1.22765
-1.22761
-1.22763
-1.22759
-1.22757
-1.22752
-1.22753
-1.22755
-1.22758
-1.22764
-1.22767
-1.2277
-1.22775
-1.22773
-1.22773
-1.22769
-1.22767
-1.22763
-1.22759
-1.22754
-1.2275
-1.2275
-1.22748
-1.22748
-1.22746
-1.22752
-1.22756
-1.22761
-1.22764
-1.22761
-1.2277
-1.22763
-1.2276
-1.2276
-1.22755
-1.22753
-1.22753
-1.22751
-1.2275
-1.22756
-1.22755
-1.22759
-1.22765
-1.22766
-1.22764
-1.22763
-1.22766
-1.22766
-1.2276
-1.22748
-1.22745
-1.22743
-1.22743
-1.22749
-1.22751
-1.22756
-1.2277
-1.2277
-1.22778
-1.22776
-1.22767
-1.22763
-1.22766
-1.22763
-1.22758
-1.22756
-1.22752
-1.22753
-1.22762
-1.22754
-1.2276
-1.22769
-1.22762
-1.22758
-1.22764
-1.22756
-1.22754
-1.22753
-1.22751
-1.22752
-1.22752
-1.22758
-1.22767
-1.22774
-1.22772
-1.22775
-1.22764
-1.22762
-1.22761
-1.22756
-1.22755
-1.2276
-1.22759
-1.22766
-1.22768
-1.22773
-1.22776
-1.22773
-1.22767
-1.22762
-1.22759
-1.22752
-1.22746
-1.22746
-1.22751
-1.22744
-1.22758
-1.22762
-1.22765
-1.22757
-1.22758
-1.22755
-1.22749
-1.22742
-1.22746
-1.22746
-1.22752
-1.22759
-1.22755
-1.22757
-1.2276
-1.22759
-1.22748
-1.22761
-1.22742
-1.22747
-1.2275
-1.22761
-1.22759
-1.22762
-1.22759
-1.22761
-1.22758
-1.22762
-1.22753
-1.22747
-1.2275
-1.22755
-1.22766
-1.2276
-1.22768
-1.22769
-1.22769
-1.22766
-1.2276
-1.22749
-1.22752
-1.22756
-1.22758
-1.22758
-1.22763
-1.22767
-1.22772
-1.22769
-1.22765
-1.22757
-1.22763
-1.22763
-1.22755
-1.22759
-1.22761
-1.22768
-1.22769
-1.22767
-1.22766
-1.22761
-1.22755
-1.22755
-1.22753
-1.22757
-1.22766
-1.22771
-1.22774
-1.22771
-1.22761
-1.22759
-1.22748
-1.22754
-1.22748
-1.22752
-1.22756
-1.22759
-1.22763
-1.2277
-1.2276
-1.22758
-1.22752
-1.2275
-1.22757
-1.22752
-1.22758
-1.22769
-1.22771
-1.2277
-1.22761
-1.22753
-1.22753
-1.2275
-1.22759
-1.22764
-1.22767
-1.22769
-1.22773
-1.22769
-1.22766
-1.22756
-1.22744
-1.22751
-1.22757
-1.22758
-1.22765
-1.22771
-1.22779
-1.22767
-1.22759
-1.22753
-1.22753
-1.22754
-1.22761
-1.22762
-1.22755
-1.22771
-1.2277
-1.2277
-1.22758
-1.22752
-1.22749
-1.22751
-1.22753
-1.22763
-1.22769
-1.22773
-1.22773
-1.22767
-1.22763
-1.22759
-1.22756
-1.22759
-1.22759
-1.22769
-1.22763
-1.22773
-1.22771
-1.2276
-1.22751
-1.22752
-1.22754
-1.22757
-1.22759
-1.22763
-1.22762
-1.22771
-1.22761
-1.22761
-1.22751
-1.22746
-1.22739
-1.22744
-1.22765
-1.22771
-1.22763
-1.22763
-1.22772
-1.22773
-1.22771
-1.22773
-1.22778
-1.22774
-1.22771
-1.22778
-1.22775
-1.22775
-1.22778
-1.22775
-1.22776
-1.22775
-1.22774
-1.22772
-1.22776
-1.22772
-1.22766
-1.2277
-1.22767
-1.2277
-1.22767
-1.22766
-1.2277
-1.22767
-1.22767
-1.22765
-1.22772
-1.22769
-1.22764
-1.22766
-1.22764
-1.22767
-1.22767
-1.22766
-1.22764
-1.22763
-1.22767
-1.22763
-1.22763
-1.22764
-1.22765
-1.22759
-1.22765
-1.22767
-1.22763
-1.22763
-1.22765
-1.22762
-1.22761
-1.22764
-1.22765
-1.22765
-1.22764
-1.22762
-1.22765
-1.22764
-1.22763
-1.22763
-1.22766
-1.22761
-1.22765
-1.22765
-1.22765
-1.22764
-1.2276
-1.22761
-1.22765
-1.22763
-1.22764
-1.22759
-1.2276
-1.22763
-1.22767
-1.22763
-1.22763
-1.22761
-1.2276
-1.22763
-1.22762
-1.22763
-1.22762
-1.22764
-1.22765
-1.22762
-1.22763
-1.2276
-1.22764
-1.22762
-1.22758
-1.22763
-1.22765
-1.22763
-1.22764
-1.22762
-1.22763
-1.22761
-1.22765
-1.22761
-1.22764
-1.22759
-1.2276
-1.22761
-1.22763
-1.22758
-1.22763
-1.22765
-1.22761
-1.22761
-1.22763
-1.22762
-1.22759
-1.22759
-1.22757
-1.22765
-1.22762
-1.2276
-1.22761
-1.22762
-1.2276
-1.22766
-1.2276
-1.2276
-1.22765
-1.22757
-1.2276
-1.22759
-1.22767
-1.22757
-1.22759
-1.2276
-1.22761
-1.22763
-1.22759
-1.22757
-1.22759
-1.22764
-1.22764
-1.2276
-1.22761
-1.22759
-1.22762
-1.22758
-1.22763
-1.22761
-1.2276
-1.22764
-1.22761
-1.22761
-1.22761
-1.22762
-1.22761
-1.22759
-1.22764
-1.22758
-1.2276
-1.22756
-1.2276
-1.22761
-1.22765
-1.22764
-1.22758
-1.2276
-1.22756
-1.22761
-1.22762
-1.22761
-1.22761
-1.22762
-1.22763
-1.22762
-1.22762
-1.22762
-1.22761
-1.22763
-1.22756
-1.22758
-1.22763
-1.22763
-1.22759
-1.22761
-1.22762
-1.22759
-1.22757
-1.2276
-1.22757
-1.22759
-1.22755
-1.22759
-1.22767
-1.22761
-1.2276
-1.22761
-1.2276
-1.22761
-1.22758
-1.22756
-1.22757
-1.22763
-1.22765
-1.22757
-1.22743
-1.22744
-1.22744
-1.22741
-1.22755
-1.22764
-1.22762
-1.22763
-1.22748
-1.22763
-1.2276
-1.22758
-1.22758
-1.22763
-1.22764
-1.22771
-1.22765
-1.22769
-1.22756
-1.22752
-1.22755
-1.22752
-1.22756
-1.22758
-1.22768
-1.22772
-1.22756
-1.2275
-1.2275
-1.22749
-1.22741
-1.22748
-1.22754
-1.22757
-1.22762
-1.22764
-1.22765
-1.22762
-1.22747
-1.22739
-1.22746
-1.22743
-1.2275
-1.2275
-1.22752
-1.22756
-1.22754
-1.22749
-1.22749
-1.22736
-1.22742
-1.22739
-1.22745
-1.22754
-1.22758
-1.22764
-1.22751
-1.22742
-1.22744
-1.22744
-1.22747
-1.22758
-1.22756
-1.22767
-1.22771
-1.22766
-1.22763
-1.22761
-1.22749
-1.22751
-1.22752
-1.22762
-1.22767
-1.22766
-1.2277
-1.22765
-1.22758
-1.22752
-1.22748
-1.22747
-1.22755
-1.22753
-1.22758
-1.22764
-1.22765
-1.22763
-1.22756
-1.22754
-1.22747
-1.22747
-1.22748
-1.22753
-1.22753
-1.22758
-1.22757
-1.22758
-1.22759
-1.2274
-1.22743
-1.22745
-1.22754
-1.22748
-1.22753
-1.22756
-1.22756
-1.22749
-1.22754
-1.22753
-1.22752
-1.22749
-1.22751
-1.22747
-1.22747
-1.22753
-1.2275
-1.22756
-1.22752
-1.22746
-1.22746
-1.22746
-1.22742
-1.22742
-1.22738
-1.22746
-1.22754
-1.22752
-1.22757
-1.22757
-1.22755
-1.22745
-1.22744
-1.22755
-1.22754
-1.22752
-1.22746
-1.22763
-1.22768
-1.22763
-1.22756
-1.22751
-1.22747
-1.2275
-1.22753
-1.22754
-1.22758
-1.22757
-1.22761
-1.22763
-1.22767
-1.22768
-1.2276
-1.2275
-1.22748
-1.22749
-1.22753
-1.22759
-1.22756
-1.22753
-1.22757
-1.22756
-1.22768
-1.22766
-1.22761
-1.22755
-1.2275
-1.22749
-1.2275
-1.22751
-1.22755
-1.22756
-1.22759
-1.22763
-1.22773
-1.22766
-1.22761
-1.22758
-1.22751
-1.22752
-1.22755
-1.22757
-1.22757
-1.22764
-1.22762
-1.22764
-1.22765
-1.22763
-1.22761
-1.22757
-1.2275
-1.22752
-1.22754
-1.22755
-1.22756
-1.22751
-1.22763
-1.22765
-1.22771
-1.22762
-1.22756
-1.22757
-1.22752
-1.22754
-1.22741
-1.22738
-1.22747
-1.22746
-1.22748
-1.22754
-1.2275
-1.22757
-1.22764
-1.2276
-1.22757
-1.22763
-1.22754
-1.22754
-1.2275
-1.22752
-1.22746
-1.2275
-1.22747
-1.2275
-1.22753
-1.22758
-1.22761
-1.22761
-1.22761
-1.22764
-1.22761
-1.22759
-1.2275
-1.22751
-1.22752
-1.22757
-1.22755
-1.22758
-1.22759
-1.22763
-1.22764
-1.22765
-1.22768
-1.2277
-1.22768
-1.22759
-1.22758
-1.22762
-1.22757
-1.22757
-1.22754
-1.2275
-1.22748
-1.22748
-1.22751
-1.22754
-1.22757
-1.22759
-1.22761
-1.2276
-1.22762
-1.22757
-1.22761
-1.2276
-1.22755
-1.22754
-1.22752
-1.2275
-1.22751
-1.22759
-1.22756
-1.22751
-1.22751
-1.22751
-1.22758
-1.22763
-1.22759
-1.22766
-1.22761
-1.22766
-1.22766
-1.22761
-1.22756
-1.22755
-1.2276
-1.22758
-1.22757
-1.22752
-1.22753
-1.22757
-1.22761
-1.22755
-1.22754
-1.22754
-1.22753
-1.22754
-1.22743
-1.22749
-1.22758
-1.22752
-1.2276
-1.22757
-1.22752
-1.2278
-1.22839
-1.22994
-1.23078
-1.23182
-1.23424
-1.23542
-1.23671
-1.23811
-1.24063
-1.24189
-1.24308
-1.2442
-1.24645
-1.24762
-1.24888
-1.25001
-1.25234
-1.25337
-1.25447
-1.2567
-1.2578
-1.25902
-1.26031
-1.26293
-1.26414
-1.26531
-1.26645
-1.2687
-1.26981
-1.27104
-1.27336
-1.27448
-1.27563
-1.27674
-1.27899
-1.28023
-1.28154
-1.2828
-1.28547
-1.28665
-1.28759
-1.2887
-1.29082
-1.29199
-1.29315
-1.2955
-1.29664
-1.29792
-1.29913
-1.30156
-1.30272
-1.304
-1.30523
-1.30755
-1.30861
-1.30972
-1.31076
-1.31302
-1.3142
-1.3154
-1.3179
-1.31904
-1.32025
-1.32138
-1.32383
-1.32509
-1.32621
-1.32733
-1.3295
-1.33064
-1.33173
-1.33289
-1.33526
-1.3365
-1.33769
-1.33998
-1.34111
-1.34219
-1.34329
-1.3456
-1.34681
-1.3481
-1.34919
-1.35154
-1.35272
-1.35374
-1.35622
-1.35743
-1.3587
-1.35976
-1.36202
-1.36314
-1.3642
-1.36531
-1.36772
-1.36882
-1.37003
-1.37127
-1.37357
-1.37474
-1.37584
-1.37815
-1.37915
-1.38024
-1.38145
-1.38374
-1.3848
-1.38603
-1.38717
-1.38964
-1.39086
-1.39201
-1.39316
-1.39546
-1.39658
-1.39783
-1.39996
-1.40112
-1.4023
-1.40351
-1.40602
-1.40715
-1.40832
-1.40944
-1.41164
-1.41271
-1.41389
-1.41506
-1.4174
-1.4186
-1.41967
-1.422
-1.42332
-1.42452
-1.42566
-1.42783
-1.42881
-1.42995
-1.43101
-1.43339
-1.4346
-1.43577
-1.43695
-1.4393
-1.44042
-1.44161
-1.44396
-1.44502
-1.4461
-1.44715
-1.44945
-1.45059
-1.45175
-1.45293
-1.45517
-1.45636
-1.45757
-1.45982
-1.4609
-1.46199
-1.46311
-1.46531
-1.46649
-1.46767
-1.46888
-1.4712
-1.47238
-1.47359
-1.47471
-1.47702
-1.47806
-1.47906
-1.48126
-1.48244
-1.48362
-1.48477
-1.48699
-1.48819
-1.4894
-1.4906
-1.49301
-1.49403
-1.49505
-1.49621
-1.49854
-1.49963
-1.50075
-1.50288
-1.5041
-1.50536
-1.50649
-1.50867
-1.50979
-1.51091
-1.51201
-1.51433
-1.51539
-1.51645
-1.51762
-1.51995
-1.52113
-1.52231
-1.52455
-1.52564
-1.5268
-1.52794
-1.53013
-1.53116
-1.5322
-1.53326
-1.53564
-1.53677
-1.53788
-1.53902
-1.54132
-1.54253
-1.5437
-1.54584
-1.54711
-1.54814
-1.54924
-1.55141
-1.55255
-1.55367
-1.5547
-1.5571
-1.55825
-1.55946
-1.5617
-1.56277
-1.5638
-1.56499
-1.56716
-1.56817
-1.56919
-1.57029
-1.57265
-1.57384
-1.57506
-1.57615
-1.57841
-1.57949
-1.58067
-1.58293
-1.58394
-1.58508
-1.58609
-1.5882
-1.58936
-1.59053
-1.59168
-1.59403
-1.59513
-1.59634
-1.59744
-1.59974
-1.60084
-1.6019
-1.60395
-1.60503
-1.60612
-1.60728
-1.60949
-1.61052
-1.61165
-1.61276
-1.61496
-1.6161
-1.6172
-1.61832
-1.6206
-1.62165
-1.62272
-1.6248
-1.62587
-1.62701
-1.62817
-1.63028
-1.63133
-1.6325
-1.63356
-1.63582
-1.63698
-1.63823
-1.6393
-1.64151
-1.6426
-1.64364
-1.64578
-1.6468
-1.64793
-1.64902
-1.65123
-1.65228
-1.65332
-1.65439
-1.6564
-1.6575
-1.65864
-1.65974
-1.66211
-1.66324
-1.66443
-1.66665
-1.6677
-1.66877
-1.66987
-1.67192
-1.67304
-1.67405
-1.67521
-1.67731
-1.67835
-1.67938
-1.68144
-1.68248
-1.68353
-1.68466
-1.68698
-1.68814
-1.68937
-1.69048
-1.69265
-1.69393
-1.6949
-1.69593
-1.69807
-1.69912
-1.7002
-1.70234
-1.70333
-1.70441
-1.70547
-1.70762
-1.70878
-1.70979
-1.71094
-1.71313
-1.71421
-1.71525
-1.71636
-1.71843
-1.71951
-1.7206
-1.72268
-1.7238
-1.72483
-1.72595
-1.72811
-1.72916
-1.73027
-1.73134
-1.73358
-1.73463
-1.73577
-1.73787
-1.73894
-1.73997
-1.74096
-1.74299
-1.74406
-1.74512
-1.74622
-1.74831
-1.74932
-1.7504
-1.75143
-1.75362
-1.75472
-1.75585
-1.75794
-1.75911
-1.76019
-1.76122
-1.76334
-1.76432
-1.76534
-1.76637
-1.7685
-1.76956
-1.77062
-1.7717
-1.77382
-1.77492
-1.77593
-1.77821
-1.7793
-1.78036
-1.78142
-1.78348
-1.78457
-1.78558
-1.78653
-1.7886
-1.78964
-1.79063
-1.79177
-1.79375
-1.79478
-1.79582
-1.798
-1.79907
-1.80015
-1.80125
-1.80335
-1.80438
-1.80529
-1.80633
-1.80829
-1.80931
-1.81037
-1.8125
-1.81346
-1.81458
-1.81563
-1.81776
-1.81882
-1.81993
-1.82094
-1.82304
-1.82411
-1.82511
-1.82618
-1.82825
-1.82928
-1.83031
-1.83246
-1.83352
-1.83452
-1.83559
-1.83768
-1.83871
-1.83974
-1.84091
-1.84303
-1.84405
-1.84506
-1.84607
-1.84802
-1.84901
-1.85001
-1.85209
-1.85305
-1.85407
-1.85507
-1.85715
-1.85817
-1.85929
-1.86039
-1.86249
-1.86358
-1.86453
-1.86552
-1.86751
-1.86853
-1.86953
-1.87149
-1.8726
-1.87353
-1.8746
-1.87649
-1.87764
-1.87851
-1.87962
-1.88178
-1.88287
-1.88389
-1.88486
-1.88682
-1.88777
-1.88882
-1.89075
-1.8918
-1.89281
-1.89379
-1.89569
-1.89672
-1.89781
-1.89886
-1.90095
-1.90194
-1.90293
-1.90391
-1.90587
-1.90686
-1.9078
-1.90976
-1.91082
-1.91177
-1.91277
-1.91478
-1.91585
-1.91682
-1.91781
-1.91998
-1.92104
-1.922
-1.92304
-1.92488
-1.92593
-1.92692
-1.92874
-1.92971
-1.93061
-1.93173
-1.93359
-1.93459
-1.93566
-1.93657
-1.9386
-1.93976
-1.94071
-1.94171
-1.94374
-1.94473
-1.9457
-1.94763
-1.94862
-1.94957
-1.9506
-1.95262
-1.95353
-1.9545
-1.95556
-1.95756
-1.95848
-1.95954
-1.96056
-1.9625
-1.9634
-1.96435
-1.96624
-1.96723
-1.96812
-1.96909
-1.97105
-1.97209
-1.97303
-1.97401
-1.976
-1.97704
-1.97811
-1.97906
-1.98107
-1.982
-1.98296
-1.9849
-1.98589
-1.98688
-1.9877
-1.98969
-1.99065
-1.9916
-1.99262
-1.99462
-1.99561
-1.99658
-1.99863
-1.99958
-2.00048
-2.00149
-2.00328
-2.00419
-2.00505
-2.00599
-2.00791
-2.00881
-2.00977
-2.01073
-2.0126
-2.01369
-2.01465
-2.01659
-2.01757
-2.01857
-2.0195
-2.02144
-2.02241
-2.02327
-2.02424
-2.02606
-2.02705
-2.02799
-2.02905
-2.03096
-2.03186
-2.03284
-2.03485
-2.0358
-2.0368
-2.03771
-2.03958
-2.04051
-2.04145
-2.04222
-2.04414
-2.04505
-2.04596
-2.04684
-2.04872
-2.04965
-2.05059
-2.05253
-2.05348
-2.05436
-2.05535
-2.05713
-2.05811
-2.05898
-2.05986
-2.06165
-2.06259
-2.06357
-2.06541
-2.06623
-2.0672
-2.06817
-2.06999
-2.07081
-2.07187
-2.07281
-2.0747
-2.07554
-2.07652
-2.07732
-2.07912
-2.07999
-2.08089
-2.08278
-2.0837
-2.08455
-2.08548
-2.08742
-2.08845
-2.08936
-2.09026
-2.09212
-2.09299
-2.09384
-2.09475
-2.09644
-2.09732
-2.09831
-2.10009
-2.10102
-2.10194
-2.10269
-2.10458
-2.10552
-2.10649
-2.10738
-2.10913
-2.11007
-2.11101
-2.11265
-2.11354
-2.11442
-2.11528
-2.11711
-2.11806
-2.11893
-2.11985
-2.12165
-2.12259
-2.12348
-2.1244
-2.1262
-2.12718
-2.12811
-2.1299
-2.13067
-2.13152
-2.13242
-2.13422
-2.13515
-2.13602
-2.13687
-2.13859
-2.13949
-2.1404
-2.14132
-2.1431
-2.14385
-2.1448
-2.1465
-2.14734
-2.14821
-2.14899
-2.15078
-2.15155
-2.15245
-2.15328
-2.15503
-2.1559
-2.15675
-2.15772
-2.15946
-2.1603
-2.16105
-2.16286
-2.16371
-2.16448
-2.16538
-2.16707
-2.16785
-2.16878
-2.16964
-2.17129
-2.17219
-2.17305
-2.17394
-2.17563
-2.17664
-2.1774
-2.17914
-2.18003
-2.18081
-2.18166
-2.18313
-2.18403
-2.18487
-2.1857
-2.18737
-2.1881
-2.18894
-2.18988
-2.19154
-2.19241
-2.19327
-2.19501
-2.19578
-2.19661
-2.19744
-2.19906
-2.19988
-2.20075
-2.20156
-2.20323
-2.20405
-2.20483
-2.20653
-2.20736
-2.20826
-2.20912
-2.21075
-2.21158
-2.21234
-2.21305
-2.21458
-2.21544
-2.21623
-2.21708
-2.21874
-2.21959
-2.22043
2.22056
2.21975
2.21904
2.21814
2.21655
2.21566
2.21485
2.21401
2.21259
2.21182
2.21105
2.21031
2.20868
2.20783
2.20709
2.20541
2.20459
2.20383
2.203
2.20147
2.20078
2.20021
2.1998
2.19964
2.19974
2.19989
2.19987
2.19997
2.19993
2.19992
2.19993
2.19992
2.19991
2.19992
2.19992
2.19998
2.19997
2.19994
2.19997
2.20002
2.19999
2.2
2.20008
2.20006
2.20006
2.20005
2.20003
2.20004
2.20008
2.2001
2.20009
2.20007
2.20009
2.20007
2.20009
2.20009
2.20008
2.20006
2.20013
2.20009
2.20006
2.20005
2.20006
2.2001
2.20004
2.20006
2.20005
2.20011
2.20004
2.20001
2.2
2.20004
2.20006
2.2
2.20007
2.20009
2.20008
2.20007
2.20008
2.20002
2.20006
2.20008
2.20003
2.20002
2.20003
2.20006
2.20008
2.20004
2.20012
2.20005
2.20003
2.20004
2.20006
2.20006
2.2
2.20008
2.20011
2.20008
2.20006
2.20001
2.20008
2.2
2.20008
2.20006
2.19999
2.20004
2.20005
2.20002
2.20008
2.20006
2.20002
2.20009
2.20011
2.20002
2.20003
2.20003
2.20006
2.20001
2.2
2.20005
2.20009
2.20002
2.20003
2.20003
2.20003
2.20001
2.20003
2.20005
2.20003
2.20015
2.19997
2.20005
2.20002
2.20002
2.20006
2.20005
2.20006
2.20001
2.20001
2.20006
2.20004
2.20006
2.20003
2.20006
2.20002
2.19998
2.20002
2.20003
2.20002
2.2
2.20009
2.20002
2.20004
2.20013
2.2
2.19998
2.20001
2.20005
2.20004
2.20006
2.20002
2.20002
2.19999
2.20006
2.20001
2.20004
2.20001
2.20003
2.20002
2.19999
2.20001
2.20002
2.20003
2.19997
2.20001
2.20005
2.2
2.20003
2.20001
2.20004
2.20005
2.20006
2.20003
2.20004
2.20008
2.20002
2.20008
2.20002
2.20007
2.20001
2.19999
2.2
2.20001
2.20002
2.20001
2.20003
2.20003
2.20005
2.20003
2.20012
2.2
2.20005
2.2
2.20001
2.20002
2.20003
2.20004
2.20003
2.20005
2.20003
2.20001
2.19999
2.20002
2.20008
2.20002
2.20008
2.20002
2.20004
2.20005
2.20003
2.20006
2.2
2.20004
2.20002
2.20005
2.2001
2.20006
2.2
2.20004
2.20006
2.2
2.20014
2.20004
2.2001
2.20004
2.20007
2.20005
2.20004
2.20005
2.20001
2.20004
2.20008
2.2
2.19999
2.20003
2.20003
2.20002
2.20003
2.20009
2.19999
2.20005
2.20008
2.2
2.20003
2.20004
2.20006
2.20005
2.20004
2.20002
2.20006
2.2
2.20004
2.19999
2.19999
2.20006
2.2
2.2001
2.19999
2.20003
2.20002
2.20003
2.19998
2.20006
2.19999
2.20003
2.19997
2.20007
2.20007
2.20004
2.2
2.20001
2.20003
2.20003
2.19999
2.20003
2.20004
2.20001
2.19999
2.19998
2.20001
2.20007
2.20003
2.19999
2.20002
2.2
2.20005
2.20002
2.20001
2.20007
2.20005
2.20008
2.20006
2.20003
2.20004
2.20008
2.20003
2.20004
2.20002
2.2
2.19999
2.20008
2.20003
2.20009
2.20003
2.19997
2.20003
2.20006
2.20004
2.20004
2.20009
2.20002
2.20002
2.20004
2.20004
2.20003
2.20003
2.20007
2.2
2.20002
2.20002
2.20001
2.20002
2.20009
2.20004
2.20001
2.20003
2.20008
2.20001
2.20002
2.20009
2.20006
2.20003
2.20003
2.2
2.20007
2.20003
2.20004
2.20005
2.20005
2.20007
2.20007
2.20001
2.2
2.20001
2.20003
2.20007
2.20001
2.20003
2.20004
2.20011
2.20005
2.20007
2.20007
2.20004
2.20002
2.20003
2.20006
2.20007
2.20001
2.20004
2.20003
2.20003
2.19999
2.20003
2.20001
2.19999
2.20002
2.2
2.20005
2.20003
2.20007
2.20003
2.20001
2.20006
2.20003
2.2
2.20003
2.20004
2.20005
2.20006
2.20009
2.20006
2.20004
2.20004
2.20003
2.20001
2.20003
2.20005
2.20003
2.20006
2.2
2.20005
2.20003
2.20004
2.20004
2.20007
