-0.863495
-0.863519
-0.863519
-0.863519
-0.863507
-0.863519
-0.863519
-0.863543
-0.86353
-0.86353
-0.863519
-0.86353
-0.863507
-0.863507
-0.863483
-0.863507
-0.863519
-0.863543
-0.863519
-0.86353
-0.86353
-0.863519
-0.863519
-0.863519
-0.863507
-0.863519
-0.86353
-0.86353
-0.863543
-0.86353
-0.863519
-0.863543
-0.863543
-0.86353
-0.863543
-0.863507
-0.863543
-0.863543
-0.863567
-0.863519
-0.86353
-0.86353
-0.86353
-0.863519
-0.863507
-0.86353
-0.863519
-0.863543
-0.863519
-0.863543
-0.86353
-0.863507
-0.86353
-0.863519
-0.863507
-0.863543
-0.86353
-0.863507
-0.863519
-0.86353
-0.863507
-0.863519
-0.86353
-0.86353
-0.863507
-0.863543
-0.86353
-0.86353
-0.86353
-0.863507
-0.863543
-0.86353
-0.863519
-0.863495
-0.863507
-0.863519
-0.863507
-0.86353
-0.86353
-0.863519
-0.863519
-0.863507
-0.863519
-0.863495
-0.863483
-0.86353
-0.86353
-0.863507
-0.86353
-0.863519
-0.863495
-0.86353
-0.86353
-0.863519
-0.86353
-0.86353
-0.863519
-0.863519
-0.863519
-0.863483
-0.863543
-0.863519
-0.863507
-0.863543
-0.863507
-0.86353
-0.863507
-0.863543
-0.863579
-0.863519
-0.86353
-0.863495
-0.86353
-0.863507
-0.863567
-0.86353
-0.86353
-0.863519
-0.863519
-0.863519
-0.863543
-0.863519
-0.86353
-0.86353
-0.863519
-0.863543
-0.863543
-0.86353
-0.86353
-0.86353
-0.86353
-0.863519
-0.863519
-0.863495
-0.863543
-0.863519
-0.86353
-0.863507
-0.863495
-0.863567
-0.863507
-0.863519
-0.863495
-0.863519
-0.86353
-0.863555
-0.863555
-0.863507
-0.863555
-0.86353
-0.86353
-0.863507
-0.863519
-0.863519
-0.863543
-0.863543
-0.86353
-0.863519
-0.863507
-0.863519
-0.863519
-0.863507
-0.863543
-0.863543
-0.863519
-0.863507
-0.863507
-0.863507
-0.863555
-0.863543
-0.86353
-0.86353
-0.863543
-0.863519
-0.863507
-0.86353
-0.86353
-0.863519
-0.863519
-0.863519
-0.863495
-0.86353
-0.86353
-0.863543
-0.863507
-0.863519
-0.863507
-0.863543
-0.86353
-0.863519
-0.863507
-0.863519
-0.863519
-0.863507
-0.863519
-0.86353
-0.863507
-0.86353
-0.863507
-0.863519
-0.863519
-0.863495
-0.86353
-0.86353
-0.863519
-0.86353
-0.863507
-0.863519
-0.863483
-0.863507
-0.863495
-0.863519
-0.863495
-0.86353
-0.863519
-0.863543
-0.86353
-0.86353
-0.863519
-0.863507
-0.863543
-0.863519
-0.86353
-0.863519
-0.863519
-0.863519
-0.86353
-0.863519
-0.863507
-0.86353
-0.863519
-0.863519
-0.86353
-0.863507
-0.86353
-0.863507
-0.86353
-0.863507
-0.863507
-0.863519
-0.86353
-0.863543
-0.863519
-0.86353
-0.863591
-0.863926
-0.864153
-0.864919
-0.865458
-0.865997
-0.866548
-0.867589
-0.868164
-0.868702
-0.869253
-0.870258
-0.870833
-0.8713
-0.871887
-0.872952
-0.873395
-0.873958
-0.874975
-0.875478
-0.876017
-0.87652
-0.877597
-0.878064
-0.878627
-0.879129
-0.880147
-0.880638
-0.881129
-0.881607
-0.882625
-0.883128
-0.883631
-0.884612
-0.885055
-0.885594
-0.886072
-0.887006
-0.887509
-0.888
-0.888515
-0.889449
-0.889963
-0.890395
-0.890886
-0.891831
-0.892286
-0.892777
-0.893747
-0.894225
-0.894632
-0.895099
-0.896021
-0.896464
-0.896942
-0.897433
-0.898295
-0.898786
-0.899253
-0.899696
-0.900642
-0.901085
-0.901564
-0.902498
-0.902892
-0.903335
-0.903814
-0.904664
-0.905059
-0.905526
-0.905969
-0.906831
-0.907274
-0.907717
-0.908579
-0.90901
-0.909417
-0.909907
-0.910757
-0.911129
-0.91156
-0.911943
-0.912781
-0.913176
-0.913643
-0.91405
-0.914816
-0.915271
-0.915594
-0.916408
-0.916803
-0.917258
-0.917569
-0.918407
-0.91879
-0.91909
-0.919544
-0.920322
-0.920706
-0.921053
-0.921484
-0.922178
-0.922573
-0.922992
-0.92365
-0.923997
-0.924428
-0.92474
-0.925446
-0.925793
-0.926104
-0.926428
-0.927146
-0.927517
-0.92784
-0.9282
-0.928846
-0.929181
-0.929516
-0.92984
-0.930534
-0.930857
-0.931192
-0.931814
-0.93215
-0.932449
-0.932832
-0.933419
-0.933706
-0.934041
-0.934365
-0.934939
-0.935238
-0.935538
-0.935849
-0.936364
-0.936651
-0.936938
-0.937537
-0.937824
-0.938052
-0.938363
-0.938901
-0.939153
-0.9395
-0.93974
-0.940254
-0.940565
-0.940817
-0.941104
-0.941547
-0.941799
-0.942086
-0.942564
-0.942768
-0.943019
-0.943259
-0.94363
-0.943941
-0.944109
-0.944276
-0.944707
-0.944935
-0.945162
-0.945354
-0.945797
-0.946
-0.946108
-0.946515
-0.946623
-0.946874
-0.947054
-0.947425
-0.947569
-0.947843
-0.947975
-0.948358
-0.948478
-0.948633
-0.948873
-0.949125
-0.949316
-0.949448
-0.949711
-0.949855
-0.949963
-0.950094
-0.950394
-0.950477
-0.950609
-0.950764
-0.951004
-0.951076
-0.951291
-0.951412
-0.951555
-0.951722
-0.951722
-0.951914
-0.952022
-0.952105
-0.952129
-0.952345
-0.952357
-0.952429
-0.952548
-0.952608
-0.952692
-0.952788
-0.952836
-0.952944
-0.952967
-0.952967
-0.953087
-0.953099
-0.953159
-0.953171
-0.953218
-0.953314
-0.95329
-0.953302
-0.953278
-0.953338
-0.953314
-0.95329
-0.95329
-0.953326
-0.953314
-0.953302
-0.953302
-0.953278
-0.953254
-0.953254
-0.953218
-0.953206
-0.953123
-0.953051
-0.953063
-0.952979
-0.952788
-0.952752
-0.952632
-0.952572
-0.952357
-0.952285
-0.952261
-0.952046
-0.952034
-0.951818
-0.95183
-0.951567
-0.951531
-0.95134
-0.951244
-0.950944
-0.950848
-0.950705
-0.950513
-0.95019
-0.95013
-0.949867
-0.949711
-0.949376
-0.949292
-0.949005
-0.948933
-0.94855
-0.948298
-0.948119
-0.947628
-0.947365
-0.947222
-0.946934
-0.946479
-0.946276
-0.946036
-0.945761
-0.945294
-0.945054
-0.944827
-0.944324
-0.944013
-0.943774
-0.943474
-0.942864
-0.942636
-0.942313
-0.941942
-0.941308
-0.940973
-0.940649
-0.94029
-0.939596
-0.939297
-0.938985
-0.938303
-0.937944
-0.937585
-0.937213
-0.936423
-0.936053
-0.935645
-0.935262
-0.934472
-0.934089
-0.933682
-0.933275
-0.932389
-0.931994
-0.931527
-0.930594
-0.93015
-0.929684
-0.929229
-0.928295
-0.927828
-0.927337
-0.926811
-0.925781
-0.925242
-0.92474
-0.92365
-0.923148
-0.922597
-0.922034
-0.920909
-0.920334
-0.919724
-0.919149
-0.91794
-0.917353
-0.916755
-0.916085
-0.914744
-0.914122
-0.913523
-0.912266
-0.911572
-0.910878
-0.910195
-0.908614
-0.90792
-0.907226
-0.906472
-0.905023
-0.904317
-0.903515
-0.902736
-0.901229
-0.900438
-0.899576
-0.89796
-0.897182
-0.896344
-0.895482
-0.893806
-0.892945
-0.892058
-0.891245
-0.889269
-0.888359
-0.887401
-0.886468
-0.884589
-0.883535
-0.882565
-0.880471
-0.879453
-0.878375
-0.877238
-0.875095
-0.873982
-0.872916
-0.871767
-0.869469
-0.868295
-0.867002
-0.865901
-0.863543
-0.862298
-0.861053
-0.858538
-0.857174
-0.855809
-0.854528
-0.851775
-0.850386
-0.848961
-0.847573
-0.844376
-0.842939
-0.84143
-0.838318
-0.836821
-0.835158
-0.8339
-0.831853
-0.831326
-0.831099
-0.831171
-0.831207
-0.831326
-0.831315
-0.832093
-0.835457
-0.838126
-0.841442
-0.849284
-0.853199
-0.857078
-0.860813
-0.868056
-0.871839
-0.875478
-0.879082
-0.886072
-0.88952
-0.893004
-0.896356
-0.902952
-0.906281
-0.909584
-0.916013
-0.919221
-0.922406
-0.925577
-0.931803
-0.934963
-0.938075
-0.941116
-0.947222
-0.950178
-0.95323
-0.956248
-0.96197
-0.964938
-0.967823
-0.973677
-0.976513
-0.979387
-0.982176
-0.987898
-0.990627
-0.993417
-0.996169
-1.00178
-1.00454
-1.00728
-1.00998
-1.01538
-1.01802
-1.0207
-1.02587
-1.02855
-1.03112
-1.03376
-1.03902
-1.0416
-1.04417
-1.04674
-1.05187
-1.05433
-1.05692
-1.06201
-1.06454
-1.06707
-1.06954
-1.07444
-1.0769
-1.07944
-1.08184
-1.08669
-1.08918
-1.09156
-1.09404
-1.09885
-1.1013
-1.10367
-1.10851
-1.11092
-1.11321
-1.11557
-1.12019
-1.1226
-1.12495
-1.12734
-1.13208
-1.13435
-1.13665
-1.13893
-1.14357
-1.1458
-1.1481
-1.15268
-1.15504
-1.15724
-1.15945
-1.16372
-1.1661
-1.16838
-1.17063
-1.17521
-1.17746
-1.17958
-1.184
-1.18621
-1.18842
-1.19061
-1.19517
-1.19733
-1.19955
-1.20167
-1.20603
-1.20816
-1.21027
-1.21238
-1.21672
-1.21897
-1.22111
-1.2255
-1.22761
-1.22969
-1.23181
-1.23611
-1.23825
-1.24042
-1.24255
-1.24675
-1.2489
-1.25103
-1.25311
-1.25733
-1.25937
-1.26146
-1.26561
-1.26772
-1.26979
-1.27184
-1.27599
-1.27805
-1.28013
-1.2822
-1.28632
-1.28843
-1.29049
-1.29256
-1.29669
-1.29874
-1.30086
-1.30483
-1.3068
-1.30892
-1.31089
-1.31501
-1.31709
-1.31916
-1.32119
-1.3252
-1.32717
-1.32923
-1.33319
-1.33516
-1.33714
-1.3391
-1.3431
-1.34516
-1.34721
-1.34927
-1.35327
-1.35523
-1.35717
-1.35917
-1.36316
-1.36513
-1.36717
-1.37114
-1.3731
-1.3751
-1.37716
-1.38112
-1.38304
-1.38498
-1.38689
-1.3908
-1.39278
-1.39476
-1.3967
-1.40064
-1.40258
-1.40449
-1.40844
-1.41037
-1.4123
-1.41426
-1.41809
-1.42008
-1.42197
-1.424
-1.42788
-1.4298
-1.4317
-1.43362
-1.43749
-1.43942
-1.44135
-1.44525
-1.44715
-1.44902
-1.45093
-1.45484
-1.45674
-1.45863
-1.46052
-1.4643
-1.46621
-1.46808
-1.47001
-1.47384
-1.47582
-1.4777
-1.48144
-1.48341
-1.48529
-1.48728
-1.49103
-1.49301
-1.49484
-1.49673
-1.5005
-1.50241
-1.50426
-1.50812
-1.51004
-1.51187
-1.5138
-1.51754
-1.51946
-1.52136
-1.52322
-1.52693
-1.52878
-1.53067
-1.53255
-1.53613
-1.5381
-1.54006
-1.54371
-1.54562
-1.54743
-1.54942
-1.55314
-1.55506
-1.55688
-1.55873
-1.56239
-1.56436
-1.56619
-1.56812
-1.57189
-1.57375
-1.57555
-1.57926
-1.58115
-1.58302
-1.5849
-1.58853
-1.59038
-1.59222
-1.59402
-1.59781
-1.59973
-1.60161
-1.60346
-1.60715
-1.609
-1.61092
-1.61469
-1.61659
-1.61841
-1.62025
-1.62392
-1.62574
-1.62757
-1.62947
-1.63319
-1.63506
-1.63686
-1.63868
-1.64236
-1.64425
-1.64611
-1.64971
-1.65158
-1.65339
-1.65519
-1.65895
-1.66076
-1.66266
-1.66453
-1.66819
-1.67011
-1.67192
-1.67564
-1.67751
-1.67935
-1.68118
-1.68477
-1.68669
-1.68845
-1.6903
-1.694
-1.69587
-1.69772
-1.69951
-1.7032
-1.70502
-1.7069
-1.71055
-1.71236
-1.71417
-1.71599
-1.71972
-1.7216
-1.72346
-1.72531
-1.72901
-1.73082
-1.73266
-1.73454
-1.73822
-1.74006
-1.74186
-1.74554
-1.74736
-1.74918
-1.75101
-1.75472
-1.75659
-1.75849
-1.76031
-1.76393
-1.76576
-1.76753
-1.76945
-1.77306
-1.77492
-1.77673
-1.77853
-1.78216
-1.78402
-1.78589
-1.78958
-1.79141
-1.79322
-1.79505
-1.79873
-1.80061
-1.80243
-1.80421
-1.80788
-1.80967
-1.81149
-1.8134
-1.81701
-1.8189
-1.82074
-1.82439
-1.82619
-1.82802
-1.82977
-1.83351
-1.83532
-1.83715
-1.83901
-1.84257
-1.84444
-1.84627
-1.84996
-1.85179
-1.85366
-1.85546
-1.85911
-1.86075
-1.86273
-1.86455
-1.86826
-1.87006
-1.87186
-1.87369
-1.87734
-1.87922
-1.88107
-1.88478
-1.88654
-1.88834
-1.89014
-1.89382
-1.89557
-1.8974
-1.89925
-1.90278
-1.90461
-1.90651
-1.90832
-1.91199
-1.9139
-1.91571
-1.91934
-1.92121
-1.92308
-1.92492
-1.92865
-1.93045
-1.93224
-1.93402
-1.93768
-1.93946
-1.94131
-1.94317
-1.94682
-1.94864
-1.95047
-1.95415
-1.95593
-1.95777
-1.95963
-1.96326
-1.96503
-1.96686
-1.96869
-1.97243
-1.97426
-1.97613
-1.97984
-1.98163
-1.98344
-1.98528
-1.98892
-1.9908
-1.99261
-1.99442
-1.99797
-1.9998
-2.00164
-2.00342
-2.00717
-2.00899
-2.01082
-2.01445
-2.01627
-2.01804
-2.01989
-2.02364
-2.02544
-2.02722
-2.02903
-2.03266
-2.03452
-2.03636
-2.0382
-2.04191
-2.04378
-2.04557
-2.04927
-2.0511
-2.05295
-2.05478
-2.05844
-2.06028
-2.0621
-2.06392
-2.06756
-2.06936
-2.07125
-2.07307
-2.07671
-2.07851
-2.08035
-2.08401
-2.08583
-2.08765
-2.08938
-2.09301
-2.09484
-2.09667
-2.09852
-2.10223
-2.10406
-2.10587
-2.10767
-2.1114
-2.11318
-2.11506
-2.1187
-2.12053
-2.12229
-2.12409
-2.12774
-2.12962
-2.13139
-2.13321
-2.13686
-2.13871
-2.14049
-2.14408
-2.14588
-2.14775
-2.14956
-2.15312
-2.15487
-2.15675
-2.15852
-2.1622
-2.16403
-2.16586
-2.16776
-2.17137
-2.17318
-2.17498
-2.17868
-2.18053
-2.18228
-2.18391
-2.18754
-2.18933
-2.19109
-2.19296
-2.19658
-2.19842
-2.20023
-2.20196
-2.20557
-2.20736
-2.20924
-2.21286
-2.21464
-2.21645
-2.2182
-2.22188
-2.22366
-2.22548
-2.22729
-2.23101
-2.23279
-2.23458
-2.23815
-2.23996
-2.24184
-2.24359
-2.24714
-2.24893
-2.25069
-2.25249
-2.2561
-2.25793
-2.25974
-2.26155
-2.26503
-2.26682
-2.26868
-2.27225
-2.27411
-2.27583
-2.27762
-2.28114
-2.28292
-2.28471
-2.28656
-2.29013
-2.29193
-2.29376
-2.29552
-2.29914
-2.30087
-2.30269
-2.30525
-2.30606
-2.30662
-2.30692
-2.30692
-2.30696
-2.30687
-2.30684
-2.3068
-2.30679
-2.30681
-2.30682
-2.30678
-2.30674
-2.30669
-2.30675
-2.30673
-2.30673
-2.30668
-2.30663
-2.30661
-2.3066
-2.30655
-2.30655
-2.30658
-2.30658
-2.3066
-2.30651
-2.30656
-2.30656
-2.30654
-2.30657
-2.30655
-2.30655
-2.30656
-2.30656
-2.30657
-2.30655
-2.30654
-2.30654
-2.30654
-2.30654
-2.30657
-2.30654
-2.30654
-2.30654
-2.30655
-2.30652
-2.30654
-2.3065
-2.30654
-2.30656
-2.30654
-2.3065
-2.30652
-2.30654
-2.30652
-2.30652
-2.30655
-2.30652
-2.3065
-2.30652
-2.30651
-2.30651
-2.30648
-2.3065
-2.3065
-2.3065
-2.30654
-2.30646
-2.30651
-2.30652
-2.30652
-2.30649
-2.30651
-2.30649
-2.30649
-2.30652
-2.30651
-2.30649
-2.30651
-2.30648
-2.30649
-2.3065
-2.30651
-2.3065
-2.30651
-2.30654
-2.30654
-2.30648
-2.30649
-2.30654
-2.30649
-2.30649
-2.30646
-2.30649
-2.30648
-2.30649
-2.30649
-2.30654
-2.30649
-2.30648
-2.30652
-2.30646
-2.30649
-2.30649
-2.30649
-2.30648
-2.30648
-2.30649
-2.3065
-2.30648
-2.30652
-2.30648
-2.30649
-2.30649
-2.30649
-2.30646
-2.30649
-2.30648
-2.3065
-2.30649
-2.30649
-2.30648
-2.30648
-2.3065
-2.30649
-2.30648
-2.30646
-2.30644
-2.30651
-2.30646
-2.30648
-2.30651
-2.30649
-2.30648
-2.3065
-2.30651
-2.30648
-2.3065
-2.30645
-2.30646
-2.30648
-2.30644
-2.30648
-2.30644
-2.30646
-2.30646
-2.30646
-2.30646
-2.30649
-2.30648
-2.30646
-2.30646
-2.30645
-2.3065
-2.30646
-2.30649
-2.30645
-2.30646
-2.30649
-2.30649
-2.30648
-2.30645
-2.30649
-2.30649
-2.30649
-2.30648
-2.30648
-2.30648
-2.30645
-2.30645
-2.30649
-2.30646
-2.30646
-2.30646
-2.30644
-2.30648
-2.30646
-2.3065
-2.30645
-2.30646
-2.30648
-2.30648
-2.30645
-2.30646
-2.30646
-2.30646
-2.30649
-2.30648
-2.30645
-2.3065
-2.30646
-2.30649
-2.30649
-2.30646
-2.30649
-2.30649
-2.30645
-2.30645
-2.30649
-2.30645
-2.30615
-2.30542
-2.30431
-2.30171
-2.29996
-2.29815
-2.29633
-2.2928
-2.29085
-2.28896
-2.28714
-2.28351
-2.28182
-2.28006
-2.27654
-2.2747
-2.27296
-2.27113
-2.26754
-2.2657
-2.26389
-2.26217
-2.25849
-2.25671
-2.25491
-2.25311
-2.24944
-2.24773
-2.24592
-2.2424
-2.24057
-2.23876
-2.23695
-2.2333
-2.23148
-2.22971
-2.22788
-2.2242
-2.22236
-2.22057
-2.21704
-2.21521
-2.2135
-2.21166
-2.20805
-2.20618
-2.20447
-2.20264
-2.19933
-2.19734
-2.19551
-2.1937
-2.19001
-2.18823
-2.18646
-2.18288
-2.18102
-2.17926
-2.17744
-2.1738
-2.17188
-2.17012
-2.16829
-2.16458
-2.16276
-2.16098
-2.15914
-2.15563
-2.15378
-2.15202
-2.14838
-2.14659
-2.14471
-2.14294
-2.1393
-2.13748
-2.13568
-2.13385
-2.13017
-2.12822
-2.12644
-2.12463
-2.12097
-2.11927
-2.11739
-2.11377
-2.11193
-2.11013
-2.1082
-2.10466
-2.1028
-2.10089
-2.0991
-2.0954
-2.09363
-2.09182
-2.09002
-2.08641
-2.08463
-2.08277
-2.07911
-2.07722
-2.07543
-2.07368
-2.06997
-2.06806
-2.06627
-2.06443
-2.0608
-2.05903
-2.05722
-2.05357
-2.05174
-2.04987
-2.04808
-2.0444
-2.04257
-2.04073
-2.03885
-2.03525
-2.03336
-2.03157
-2.02976
-2.02617
-2.02432
-2.0225
-2.01873
-2.01696
-2.01508
-2.0133
-2.00963
-2.00779
-2.00592
-2.00407
-2.00042
-1.99863
-1.99679
-1.99492
-1.99139
-1.98956
-1.98767
-1.98397
-1.98215
-1.98027
-1.97844
-1.97472
-1.97288
-1.97104
-1.96927
-1.9656
-1.96382
-1.96203
-1.96021
-1.95653
-1.95472
-1.95288
-1.94928
-1.94747
-1.94563
-1.94379
-1.94007
-1.93822
-1.93643
-1.93457
-1.93098
-1.92916
-1.92741
-1.92361
-1.92182
-1.91994
-1.91811
-1.91442
-1.91259
-1.91069
-1.90889
-1.90527
-1.9034
-1.90165
-1.89988
-1.89624
-1.89435
-1.89253
-1.88888
-1.88712
-1.88529
-1.88343
-1.87967
-1.87788
-1.87597
-1.87418
-1.87048
-1.86872
-1.86692
-1.8651
-1.86141
-1.85961
-1.85769
-1.85425
-1.85237
-1.85048
-1.84862
-1.84499
-1.84321
-1.84134
-1.83955
-1.83592
-1.83415
-1.83226
-1.83041
-1.82674
-1.82509
-1.82318
-1.81952
-1.81763
-1.81581
-1.81383
-1.81024
-1.8084
-1.80666
-1.80481
-1.80119
-1.7993
-1.79748
-1.7956
-1.79196
-1.79007
-1.78832
-1.78459
-1.78273
-1.78094
-1.7791
-1.77549
-1.77362
-1.77189
-1.76999
-1.76632
-1.76446
-1.7627
-1.75905
-1.7572
-1.75528
-1.75349
-1.74973
-1.74794
-1.74609
-1.74433
-1.74071
-1.73886
-1.73701
-1.73511
-1.73147
-1.72961
-1.72779
-1.72406
-1.72227
-1.72044
-1.71855
-1.7148
-1.7131
-1.7112
-1.70942
-1.70579
-1.7039
-1.7021
-1.70027
-1.69663
-1.69473
-1.69278
-1.6891
-1.68727
-1.68548
-1.6836
-1.68002
-1.6782
-1.67632
-1.67448
-1.67067
-1.66883
-1.667
-1.66332
-1.66139
-1.65962
-1.65777
-1.65408
-1.65219
-1.65044
-1.6486
-1.64501
-1.6431
-1.64123
-1.63942
-1.6357
-1.63397
-1.63206
-1.62825
-1.62632
-1.62446
-1.6227
-1.61896
-1.61709
-1.61529
-1.61346
-1.60963
-1.60777
-1.60593
-1.60406
-1.60031
-1.59842
-1.59659
-1.59286
-1.59096
-1.58906
-1.5873
-1.58363
-1.58174
-1.57988
-1.57798
-1.57429
-1.57242
-1.57062
-1.56868
-1.56491
-1.56293
-1.56115
-1.55733
-1.55559
-1.55367
-1.55184
-1.54808
-1.54613
-1.54427
-1.54244
-1.53866
-1.53669
-1.53483
-1.53301
-1.52927
-1.52732
-1.52546
-1.52176
-1.51991
-1.51801
-1.51612
-1.51231
-1.51046
-1.50854
-1.50672
-1.50282
-1.50092
-1.49898
-1.49711
-1.4934
-1.49147
-1.48966
-1.4858
-1.48386
-1.48199
-1.48004
-1.47623
-1.47437
-1.47241
-1.47053
-1.46669
-1.46478
-1.46284
-1.45913
-1.45728
-1.45535
-1.45344
-1.44958
-1.44769
-1.44576
-1.44387
-1.43983
-1.43791
-1.43595
-1.43405
-1.43023
-1.42838
-1.42646
-1.42254
-1.42051
-1.41863
-1.4167
-1.41287
-1.41102
-1.40891
-1.40702
-1.40315
-1.40111
-1.39922
-1.39734
-1.39345
-1.3914
-1.38948
-1.38563
-1.38363
-1.38173
-1.37972
-1.37579
-1.3737
-1.37172
-1.36981
-1.36589
-1.36393
-1.36188
-1.35987
-1.35597
-1.35391
-1.35194
-1.34793
-1.34599
-1.34399
-1.34189
-1.33822
-1.33703
-1.33601
-1.33538
-1.33517
-1.33501
-1.33505
-1.33513
-1.33537
-1.33595
-1.33654
-1.33829
-1.33942
-1.34066
-1.3418
-1.34422
-1.34538
-1.34653
-1.34766
-1.35002
-1.35115
-1.35221
-1.35452
-1.35565
-1.35682
-1.35785
-1.36017
-1.36133
-1.36245
-1.36356
-1.36582
-1.36697
-1.368
-1.36912
-1.3714
-1.37245
-1.37357
-1.37586
-1.3769
-1.37802
-1.37914
-1.38148
-1.38251
-1.38359
-1.38474
-1.38696
-1.3881
-1.3892
-1.39029
-1.39254
-1.39358
-1.3947
-1.39688
-1.39798
-1.39905
-1.40012
-1.40229
-1.40344
-1.40448
-1.40561
-1.40787
-1.40897
-1.41007
-1.41118
-1.41339
-1.41445
-1.41557
-1.41768
-1.41879
-1.41986
-1.42096
-1.4232
-1.42428
-1.42536
-1.42648
-1.42866
-1.42975
-1.4308
-1.43302
-1.43406
-1.4351
-1.43615
-1.43839
-1.43944
-1.4405
-1.44162
-1.44388
-1.44494
-1.44599
-1.44707
-1.44921
-1.45024
-1.45134
-1.45346
-1.45454
-1.45561
-1.45672
-1.45879
-1.45985
-1.46089
-1.46193
-1.46402
-1.46512
-1.46618
-1.46724
-1.4694
-1.47048
-1.47157
-1.47368
-1.47477
-1.47587
-1.4769
-1.479
-1.48006
-1.4811
-1.48216
-1.48426
-1.48537
-1.48639
-1.48855
-1.48962
-1.49064
-1.4917
-1.49382
-1.49479
-1.49582
-1.49685
-1.49899
-1.49999
-1.50105
-1.50214
-1.50422
-1.50526
-1.50633
-1.50853
-1.50945
-1.51046
-1.51158
-1.51346
-1.51461
-1.51563
-1.51665
-1.51874
-1.51981
-1.52084
-1.52181
-1.52386
-1.52487
-1.52587
-1.52792
-1.529
-1.53008
-1.53105
-1.53318
-1.53422
-1.5352
-1.53622
-1.5384
-1.53941
-1.54041
-1.54239
-1.54345
-1.54446
-1.54549
-1.54753
-1.5486
-1.54962
-1.55065
-1.55271
-1.55364
-1.55465
-1.55568
-1.55775
-1.55871
-1.55968
-1.56181
-1.56275
-1.56381
-1.56484
-1.56686
-1.56786
-1.56895
-1.56995
-1.57198
-1.5729
-1.57393
-1.57495
-1.57698
-1.57799
-1.579
-1.58102
-1.58202
-1.58299
-1.58394
-1.58601
-1.587
-1.58794
-1.58892
-1.5909
-1.5919
-1.59293
-1.59392
-1.59598
-1.59699
-1.59797
-1.60006
-1.60105
-1.60206
-1.60299
-1.60503
-1.60597
-1.60693
-1.60799
-1.60998
-1.61093
-1.61196
-1.61305
-1.61501
-1.61597
-1.61694
-1.61895
-1.61988
-1.62083
-1.62186
-1.62377
-1.62477
-1.62582
-1.6268
-1.62878
-1.62981
-1.63086
-1.63188
-1.63383
-1.63481
-1.63576
-1.63769
-1.63865
-1.63972
-1.64067
-1.64255
-1.6436
-1.64455
-1.64551
-1.64747
-1.64844
-1.64945
-1.65136
-1.6523
-1.65321
-1.65424
-1.6563
-1.65724
-1.65822
-1.65924
-1.66122
-1.66216
-1.66319
-1.6642
-1.66618
-1.66712
-1.6681
-1.67001
-1.67097
-1.672
-1.67297
-1.67494
-1.67595
-1.67691
-1.67784
-1.67977
-1.68077
-1.68174
-1.68271
-1.68459
-1.68566
-1.68658
-1.68851
-1.68951
-1.69049
-1.69146
-1.69345
-1.69443
-1.69544
-1.69644
-1.69835
-1.6993
-1.70026
-1.70125
-1.70316
-1.70415
-1.70512
-1.70704
-1.70791
-1.70891
-1.70991
-1.7118
-1.71279
-1.71382
-1.7147
-1.71661
-1.71767
-1.71868
-1.72061
-1.72163
-1.72267
-1.72361
-1.72555
-1.72659
-1.72756
-1.72849
-1.73044
-1.73144
-1.73238
-1.73338
-1.73534
-1.7363
-1.73732
-1.73931
-1.74032
-1.74122
-1.74218
-1.74415
-1.74512
-1.74611
-1.74706
-1.74907
-1.75007
-1.75101
-1.75205
-1.75405
-1.75513
-1.75611
-1.75815
-1.75915
-1.76013
-1.76108
-1.76306
-1.76405
-1.76513
-1.76602
-1.76798
-1.769
-1.76999
-1.77102
-1.77301
-1.77397
-1.77497
-1.77695
-1.77793
-1.77893
-1.77998
-1.78194
-1.78295
-1.78404
-1.78507
-1.78702
-1.7881
-1.78914
-1.79116
-1.7922
-1.79317
-1.79418
-1.79627
-1.79725
-1.7983
-1.79934
-1.80142
-1.80247
-1.80348
-1.8045
-1.80657
-1.80761
-1.80866
-1.81066
-1.81176
-1.81278
-1.81379
-1.81594
-1.81703
-1.81813
-1.81915
-1.82128
-1.82232
-1.82337
-1.8244
-1.8265
-1.82764
-1.82869
-1.83075
-1.83184
-1.83297
-1.83397
-1.83611
-1.83725
-1.83824
-1.83932
-1.84147
-1.84254
-1.84363
-1.84477
-1.84699
-1.84813
-1.84919
-1.85142
-1.85255
-1.85361
-1.8548
-1.85694
-1.85803
-1.85923
-1.86029
-1.86255
-1.86369
-1.86491
-1.86601
-1.86825
-1.86934
-1.87046
-1.87272
-1.87391
-1.87512
-1.87621
-1.87862
-1.87977
-1.88092
-1.88204
-1.88446
-1.88566
-1.88677
-1.88919
-1.89031
-1.89149
-1.89264
-1.89507
-1.89623
-1.89744
-1.89861
-1.90097
-1.90217
-1.90324
-1.90454
-1.907
-1.90824
-1.90954
-1.91207
-1.91338
-1.91456
-1.91589
-1.91839
-1.91962
-1.92094
-1.92222
-1.92473
-1.92604
-1.92735
-1.92867
-1.93122
-1.9325
-1.93379
-1.93632
-1.9377
-1.93901
-1.9404
-1.9431
-1.94442
-1.94574
-1.94711
-1.94987
-1.95125
-1.95257
-1.95394
-1.95671
-1.95811
-1.95947
-1.9623
-1.96366
-1.96505
-1.96645
-1.96931
-1.97076
-1.97225
-1.97378
-1.97672
-1.97817
-1.97961
-1.9826
-1.98403
-1.98559
-1.9871
-1.99012
-1.99168
-1.99317
-1.99462
-1.99763
-1.99919
-2.0007
-2.00228
-2.00542
-2.00701
-2.00864
-2.01186
-2.01345
-2.01506
-2.01665
-2.01991
-2.02157
-2.02325
-2.0248
-2.02814
-2.02981
-2.03151
-2.03319
-2.03663
-2.03834
-2.04014
-2.04361
-2.04533
-2.04706
-2.04881
-2.05246
-2.05429
-2.05611
-2.05789
-2.06147
-2.06332
-2.06514
-2.06705
-2.0708
-2.07274
-2.07464
-2.07835
-2.08028
-2.08219
-2.08414
-2.088
-2.08996
-2.09191
-2.09387
-2.09783
-2.09992
-2.10198
-2.10401
-2.10815
-2.11017
-2.11219
-2.11649
-2.11856
-2.12073
-2.12286
-2.12711
-2.12926
-2.13147
-2.13368
-2.13813
-2.14031
-2.14258
-2.1447
-2.14926
-2.15148
-2.15375
-2.15837
-2.16072
-2.16311
-2.16551
-2.17028
-2.1727
-2.17518
-2.1776
-2.18257
-2.18501
-2.1874
-2.18991
-2.19496
-2.19755
-2.20007
-2.20522
-2.2078
-2.21039
-2.213
-2.21827
-2.22099
-2.22369
-2.22645
-2.23194
-2.23473
-2.23752
-2.24033
-2.24567
-2.24868
-2.25149
-2.2573
-2.26023
-2.26313
-2.26603
-2.27195
-2.27495
-2.27793
-2.28089
-2.28709
-2.29021
-2.29333
-2.2997
-2.30281
-2.30604
-2.30929
-2.31564
-2.31899
-2.32226
-2.3256
-2.33215
-2.33558
-2.33894
-2.34234
-2.34916
-2.35274
-2.35621
-2.36335
-2.36696
-2.37053
-2.37408
-2.38138
-2.38499
-2.38869
-2.39241
-2.39996
-2.40367
-2.40742
-2.41132
-2.41915
-2.42305
-2.42702
-2.43496
-2.43887
-2.4429
-2.44705
-2.45524
-2.45936
-2.46356
-2.46773
-2.47614
-2.48043
-2.48468
-2.4891
-2.49781
-2.50217
-2.50663
-2.51557
-2.52006
-2.52461
-2.52913
-2.53833
-2.54301
-2.54766
-2.55244
-2.56196
-2.56669
-2.57154
-2.57645
-2.58612
-2.59107
-2.59593
-2.60608
-2.61109
-2.61622
-2.62143
-2.63161
-2.63687
-2.64204
-2.64732
-2.6579
-2.66322
-2.66874
-2.67976
-2.68528
-2.69073
-2.69636
-2.70754
-2.7132
-2.7188
-2.72449
-2.7361
-2.74189
-2.74778
-2.75356
-2.76536
-2.77127
-2.77726
-2.78918
-2.79534
-2.80151
-2.80767
-2.81983
-2.82608
-2.83232
-2.83864
-2.85112
-2.85752
-2.86396
-2.87048
-2.88317
-2.88968
-2.89624
-2.90914
-2.91576
-2.92252
-2.92922
-2.94254
-2.94938
-2.95612
-2.96283
-2.97649
-2.98334
-2.99022
-2.9972
-3.01094
-3.01797
-3.02486
-3.03888
-3.04594
-3.05312
-3.06036
-3.07447
-3.08164
-3.08866
-3.09583
-3.11026
-3.11758
-3.12483
-3.13935
-3.14666
-3.154
-3.16118
-3.17587
-3.18326
-3.1905
-3.19785
-3.21261
-3.22
-3.22737
-3.23491
-3.24981
-3.25708
-3.26361
-3.27889
-3.28617
-3.29363
-3.30115
-3.3161
-3.32357
-3.33109
-3.33842
-3.35316
-3.36066
-3.36807
-3.37547
-3.39022
-3.39759
-3.40498
-3.41957
-3.42698
-3.43432
-3.44159
-3.45618
-3.4634
-3.47063
-3.4778
-3.49244
-3.49972
-3.50671
-3.51383
-3.52806
-3.5351
-3.54225
-3.55655
-3.5635
-3.57041
-3.57746
-3.59122
-3.59808
-3.605
-3.61192
-3.62564
-3.6323
-3.63912
-3.6505
-3.65426
-3.65701
-3.65874
-3.659
-3.65877
-3.65885
-3.65856
-3.65861
-3.65861
-3.65891
-3.65905
-3.65949
-3.65981
-3.66006
-3.66056
-3.66078
-3.66106
-3.66133
-3.6619
-3.66214
-3.66235
-3.66264
-3.6632
-3.66349
-3.66372
-3.66398
-3.66456
-3.66485
-3.6651
-3.66563
-3.66589
-3.66614
-3.66638
-3.66691
-3.66717
-3.66744
-3.66768
-3.66819
-3.66842
-3.66867
-3.66892
-3.66937
-3.66963
-3.66991
-3.67037
-3.6706
-3.67082
-3.67106
-3.67155
-3.67174
-3.67198
-3.67215
-3.67257
-3.67277
-3.67299
-3.67337
-3.67361
-3.67382
-3.67402
-3.67443
-3.67467
-3.67485
-3.67505
-3.67548
-3.67564
-3.67589
-3.67602
-3.6764
-3.67655
-3.67674
-3.67712
-3.67733
-3.67752
-3.67768
-3.67804
-3.67822
-3.67835
-3.67858
-3.67889
-3.67905
-3.67923
-3.67939
-3.67973
-3.6799
-3.68007
-3.68039
-3.6805
-3.68073
-3.68088
-3.68123
-3.68136
-3.68155
-3.68166
-3.68202
-3.68208
-3.68225
-3.68238
-3.68264
-3.6828
-3.68294
-3.68318
-3.68335
-3.68341
-3.6836
-3.68386
-3.68399
-3.68413
-3.68429
-3.68455
-3.68477
-3.68483
-3.685
-3.68526
-3.68538
-3.68548
-3.68581
-3.68591
-3.68601
-3.68615
-3.68639
-3.68647
-3.68659
-3.68673
-3.68694
-3.68711
-3.68714
-3.68741
-3.68743
-3.68766
-3.68771
-3.68795
-3.68802
-3.68817
-3.68829
-3.68849
-3.68859
-3.68863
-3.68883
-3.68906
-3.68916
-3.68921
-3.68949
-3.68958
-3.68973
-3.68974
-3.69004
-3.69007
-3.69029
-3.69037
-3.69057
-3.6907
-3.69075
-3.69093
-3.69108
-3.69127
-3.69134
-3.69156
-3.69165
-3.69171
-3.69187
-3.69199
-3.69212
-3.69219
-3.69225
-3.69248
-3.69254
-3.6927
-3.69286
-3.69304
-3.69304
-3.69316
-3.69332
-3.69349
-3.69358
-3.69361
-3.69383
-3.69391
-3.69406
-3.69412
-3.69433
-3.69437
-3.69453
-3.69471
-3.69483
-3.69491
-3.69499
-3.69523
-3.69529
-3.69543
-3.69549
-3.69575
-3.69583
-3.69596
-3.69604
-3.69629
-3.69637
-3.69644
-3.69665
-3.6968
-3.69687
-3.69695
-3.69722
-3.6972
-3.69739
-3.69742
-3.69761
-3.69766
-3.69779
-3.69794
-3.69812
-3.69813
-3.69825
-3.69844
-3.69856
-3.69869
-3.69869
-3.69891
-3.69894
-3.69916
-3.69923
-3.69951
-3.69954
-3.69969
-3.69978
-3.70007
-3.7001
-3.70022
-3.70038
-3.70048
-3.70065
-3.70066
-3.70097
-3.70104
-3.7012
-3.70125
-3.70152
-3.70152
-3.70176
-3.7018
-3.70199
-3.7021
-3.70209
-3.70241
-3.7024
-3.70258
-3.70265
-3.70289
-3.70301
-3.70313
-3.70321
-3.70339
-3.70357
-3.70363
-3.70386
-3.70392
-3.70403
-3.70414
-3.70429
-3.7044
-3.70464
-3.7047
-3.70493
-3.70498
-3.7051
-3.70531
-3.70548
-3.70567
-3.70571
-3.70591
-3.70604
-3.70614
-3.70621
-3.70649
-3.70652
-3.70666
-3.7068
-3.70702
-3.70718
-3.70722
-3.70732
-3.70736
-3.70729
-3.70724
-3.70723
-3.70715
-3.70724
-3.70751
-3.70982
-3.71142
-3.71345
-3.71577
-3.72077
-3.72326
-3.72574
-3.72819
-3.73318
-3.73575
-3.73819
-3.74311
-3.74549
-3.74799
-3.75046
-3.75531
-3.75761
-3.76018
-3.76257
-3.76758
-3.77008
-3.77258
-3.77744
-3.77985
-3.78239
-3.78486
-3.78981
-3.79227
-3.79476
-3.79736
-3.80242
-3.8048
-3.80733
-3.80981
-3.81485
-3.81724
-3.81972
-3.82477
-3.82743
-3.82987
-3.83248
-3.83747
-3.84005
-3.84249
-3.84509
-3.85009
-3.85265
-3.85514
-3.85774
-3.86289
-3.86549
-3.86795
-3.8731
-3.87571
-3.87823
-3.88078
-3.88592
-3.88848
-3.89112
-3.89371
-3.8989
-3.90154
-3.90406
-3.90925
-3.91183
-3.91438
-3.91702
-3.92229
-3.92483
-3.92758
-3.93012
-3.93533
-3.93801
-3.94065
-3.9432
-3.94843
-3.951
-3.95375
-3.9591
-3.96162
-3.96431
-3.96696
-3.97225
-3.97488
-3.97755
-3.9803
-3.98568
-3.98827
-3.99111
-3.99371
-3.99907
-4.0017
-4.00433
-4.00955
-4.01225
-4.01488
-4.01764
-4.02301
-4.02568
-4.02834
-4.03113
-4.03652
-4.03914
-4.04188
-4.04461
-4.0501
-4.05281
-4.05547
-4.06081
-4.06362
-4.06622
-4.0689
-4.07429
-4.07709
-4.07977
-4.08253
-4.08797
-4.09076
-4.09346
-4.09888
-4.10153
-4.10428
-4.10693
-4.11248
-4.11536
-4.11811
-4.1208
-4.12628
-4.12902
-4.13175
-4.13437
-4.13986
-4.14263
-4.14538
-4.15082
-4.15353
-4.15636
-4.15914
-4.16463
-4.16731
-4.17019
-4.17287
-4.17854
-4.18123
-4.18399
-4.1867
-4.19217
-4.19492
-4.19767
-4.20322
-4.20594
-4.20873
-4.21151
-4.21705
-4.21966
-4.22254
-4.22524
-4.23074
-4.23344
-4.23636
-4.23876
-4.24458
-4.24725
-4.25008
-4.25544
-4.25819
-4.26089
-4.26367
-4.26917
-4.27195
-4.27472
-4.27751
-4.28312
-4.28582
-4.28854
-4.294
-4.29684
-4.29956
-4.30234
-4.30772
-4.31054
-4.3132
-4.31603
-4.3214
-4.32418
-4.32684
-4.32966
-4.33526
-4.33798
-4.3406
-4.34603
-4.34879
-4.35156
-4.35421
-4.3597
-4.36254
-4.36524
-4.36805
-4.3734
-4.37609
-4.37878
-4.38148
-4.38689
-4.38965
-4.3923
-4.39778
-4.4004
-4.40312
-4.40573
-4.41109
-4.41373
-4.41649
-4.41913
-4.42466
-4.42738
-4.43011
-4.43269
-4.43801
-4.44071
-4.44331
-4.44854
-4.45109
-4.45379
-4.45648
-4.46183
-4.46433
-4.46708
-4.4697
-4.47497
-4.47752
-4.48017
-4.48546
-4.48816
-4.49076
-4.49347
-4.49853
-4.50112
-4.50366
-4.50624
-4.51126
-4.51388
-4.51638
-4.51908
-4.52432
-4.52681
-4.52923
-4.53445
-4.53701
-4.53955
-4.54195
-4.54701
-4.54968
-4.55225
-4.55481
-4.55969
-4.56222
-4.56471
-4.56722
-4.57204
-4.57454
-4.57704
-4.5821
-4.58451
-4.5871
-4.58944
-4.59433
-4.59673
-4.5992
-4.60154
-4.6064
-4.60881
-4.61135
-4.61381
-4.61873
-4.62098
-4.62348
-4.6282
-4.63062
-4.6328
-4.63523
-4.63992
-4.64232
-4.64464
-4.64704
-4.65165
-4.65399
-4.65629
-4.65856
-4.66312
-4.66539
-4.66769
-4.6723
-4.67464
-4.67693
-4.67921
-4.6824
-4.6835
-4.68428
-4.6846
-4.68438
-4.68438
-4.68439
-4.68434
-4.68422
-4.68422
-4.68421
-4.68419
-4.68412
-4.6841
-4.68402
-4.68403
-4.68394
-4.68389
-4.68392
-4.68391
-4.68392
-4.68394
-4.68391
-4.6839
-4.6839
-4.6839
-4.68389
-4.6839
-4.68391
-4.6839
-4.6839
-4.6839
-4.68391
-4.68395
-4.68392
-4.68392
-4.68392
-4.68392
-4.68391
-4.68392
-4.6839
-4.68392
-4.6839
-4.68388
-4.68394
-4.68388
-4.68394
-4.6839
-4.68391
-4.68391
-4.68392
-4.68392
-4.68389
-4.68392
-4.68391
-4.6839
-4.68389
-4.68394
-4.6839
-4.6839
-4.6839
-4.68389
-4.6839
-4.6839
-4.6839
-4.6839
-4.68391
-4.68385
-4.68389
-4.68389
-4.6839
-4.6839
-4.68388
-4.6839
-4.68388
-4.68392
-4.68394
-4.68391
-4.68392
-4.6839
-4.68385
-4.6839
-4.6839
-4.68392
-4.68391
-4.68389
-4.6839
-4.68391
-4.6839
-4.68388
-4.68389
-4.68392
-4.68386
-4.6839
-4.68389
-4.68392
-4.68388
-4.68391
-4.6839
-4.6839
-4.68389
-4.68388
-4.68391
-4.68389
-4.6839
-4.68394
-4.68391
-4.68391
-4.68389
-4.68392
-4.6839
-4.68386
-4.68388
-4.6839
-4.68388
-4.6839
-4.6839
-4.68388
-4.6839
-4.68389
-4.68389
-4.6839
-4.68389
-4.68389
-4.68392
-4.6839
-4.68389
-4.6839
-4.6839
-4.68392
-4.68391
-4.68394
-4.68388
-4.6839
-4.68389
-4.6839
-4.68391
-4.6839
-4.68391
-4.68394
-4.6839
-4.68389
-4.68391
-4.68389
-4.68388
-4.68389
-4.68391
-4.6839
-4.68386
-4.6839
-4.6839
-4.68389
-4.68391
-4.6839
-4.6839
-4.68389
-4.68388
-4.68389
-4.68386
-4.6839
-4.68392
-4.6839
-4.6839
-4.6839
-4.6839
-4.6839
-4.6839
-4.68389
-4.68391
-4.6839
-4.68386
-4.68391
-4.68389
-4.6839
-4.68391
-4.68388
-4.68392
-4.68388
-4.68389
-4.6839
-4.68389
-4.68394
-4.6839
-4.68389
-4.68389
-4.68388
-4.68391
-4.68388
-4.6839
-4.6839
-4.68389
-4.6839
-4.68391
-4.68388
-4.6839
-4.68389
-4.68389
-4.6839
-4.68389
-4.6839
-4.68394
-4.6839
-4.68391
-4.6835
-4.68245
-4.68142
-4.67804
-4.67572
-4.67321
-4.67094
-4.6663
-4.66396
-4.66163
-4.65931
-4.65474
-4.65241
-4.65009
-4.64536
-4.64301
-4.6406
-4.63824
-4.63352
-4.63119
-4.62878
-4.62639
-4.62171
-4.61932
-4.61694
-4.6144
-4.60952
-4.60713
-4.60472
-4.59988
-4.59751
-4.59508
-4.59267
-4.58779
-4.58533
-4.58277
-4.5803
-4.57531
-4.57278
-4.57035
-4.5679
-4.56297
-4.5605
-4.55795
-4.55298
-4.55036
-4.54788
-4.54524
-4.54029
-4.53775
-4.53523
-4.53267
-4.52759
-4.52506
-4.52251
-4.51986
-4.51468
-4.51211
-4.50953
-4.50449
-4.50227
-4.4995
-4.49689
-4.49177
-4.48906
-4.48651
-4.48376
-4.4785
-4.4759
-4.47329
-4.47068
-4.46546
-4.46283
-4.46022
-4.45481
-4.45216
-4.44955
-4.44691
-4.44165
-4.43902
-4.43641
-4.43372
-4.42842
-4.42558
-4.4229
-4.41745
-4.41481
-4.41212
-4.4095
-4.40414
-4.40149
-4.39881
-4.39611
-4.39063
-4.38794
-4.38517
-4.38253
-4.37714
-4.37441
-4.37168
-4.36631
-4.36354
-4.3608
-4.35799
-4.35258
-4.34989
-4.34719
-4.34449
-4.339
-4.33622
-4.33353
-4.33065
-4.32518
-4.32244
-4.31979
-4.31439
-4.31161
-4.30889
-4.30616
-4.30063
-4.29784
-4.2951
-4.29232
-4.28691
-4.28415
-4.28138
-4.27581
-4.27308
-4.27028
-4.2674
-4.26192
-4.25922
-4.25657
-4.25383
-4.24835
-4.24559
-4.24281
-4.24012
-4.23443
-4.23161
-4.22885
-4.22337
-4.22072
-4.21789
-4.21519
-4.20969
-4.20688
-4.20408
-4.20129
-4.19582
-4.19311
-4.1904
-4.18761
-4.1821
-4.17931
-4.17661
-4.17096
-4.16818
-4.16541
-4.16275
-4.15732
-4.15454
-4.15185
-4.14904
-4.14338
-4.14067
-4.13786
-4.13251
-4.12975
-4.12705
-4.12435
-4.11882
-4.11608
-4.1133
-4.11047
-4.10496
-4.1022
-4.09956
-4.09687
-4.09145
-4.08867
-4.08598
-4.08039
-4.07768
-4.07495
-4.07229
-4.06694
-4.06427
-4.06155
-4.05888
-4.05352
-4.05073
-4.04797
-4.04524
-4.03979
-4.03713
-4.03451
-4.02905
-4.02643
-4.02367
-4.0211
-4.01562
-4.01289
-4.0103
-4.00759
-4.00243
-3.99976
-3.99702
-3.99439
-3.98903
-3.98625
-3.98364
-3.97823
-3.97554
-3.97298
-3.9704
-3.96501
-3.96245
-3.9598
-3.95719
-3.95188
-3.9492
-3.94657
-3.94144
-3.93884
-3.93621
-3.93355
-3.92832
-3.92574
-3.923
-3.9204
-3.91516
-3.91258
-3.91005
-3.90754
-3.90227
-3.89971
-3.89709
-3.89182
-3.88931
-3.88662
-3.8841
-3.87904
-3.87649
-3.87394
-3.87134
-3.86655
-3.86386
-3.86122
-3.85862
-3.85356
-3.85097
-3.84852
-3.84357
-3.84096
-3.83842
-3.83588
-3.8308
-3.8282
-3.82567
-3.82317
-3.81818
-3.81575
-3.81325
-3.81075
-3.80577
-3.80326
-3.80079
-3.79564
-3.79311
-3.79065
-3.78814
-3.78334
-3.7809
-3.7784
-3.77592
-3.77099
-3.76857
-3.76599
-3.7611
-3.75868
-3.75621
-3.75387
-3.74906
-3.74659
-3.74417
-3.74166
-3.73676
-3.73423
-3.73187
-3.72939
-3.72455
-3.72226
-3.71987
-3.71506
-3.71264
-3.71058
-3.70914
-3.70721
-3.70679
-3.70684
-3.70694
-3.70691
-3.70711
-3.70646
-3.70486
-3.69981
-3.69638
-3.69216
-3.68345
-3.67913
-3.67473
-3.6701
-3.6611
-3.65675
-3.65228
-3.64778
-3.63872
-3.63421
-3.62965
-3.62516
-3.61585
-3.61119
-3.60635
-3.59705
-3.59248
-3.58773
-3.58294
-3.5731
-3.56829
-3.56358
-3.55864
-3.54903
-3.54403
-3.53892
-3.52881
-3.52369
-3.51863
-3.51351
-3.50338
-3.49832
-3.49317
-3.48798
-3.47718
-3.47194
-3.46678
-3.46144
-3.45081
-3.44536
-3.44005
-3.42906
-3.4236
-3.41794
-3.4124
-3.40144
-3.39588
-3.39031
-3.38459
-3.37317
-3.36744
-3.36167
-3.3558
-3.34433
-3.33858
-3.33258
-3.32055
-3.31467
-3.30883
-3.30285
-3.29072
-3.28466
-3.27865
-3.27245
-3.26005
-3.25393
-3.2477
-3.24151
-3.22897
-3.22259
-3.21625
-3.20334
-3.19689
-3.19047
-3.18413
-3.17112
-3.16455
-3.15787
-3.15124
-3.13777
-3.13106
-3.12455
-3.1111
-3.10423
-3.0973
-3.09054
-3.0767
-3.06962
-3.06276
-3.05592
-3.04179
-3.03473
-3.02767
-3.02045
-3.00708
-2.99947
-2.99231
-2.97777
-2.9705
-2.96321
-2.95576
-2.94089
-2.93359
-2.92614
-2.91877
-2.90381
-2.89624
-2.88863
-2.88088
-2.86581
-2.85813
-2.85035
-2.83497
-2.82727
-2.81943
-2.81166
-2.79585
-2.78786
-2.7801
-2.77223
-2.75631
-2.74844
-2.74043
-2.73229
-2.71611
-2.70797
-2.69992
-2.68382
-2.67562
-2.66741
-2.65908
-2.64261
-2.63433
-2.62603
-2.61791
-2.6011
-2.5928
-2.5845
-2.57612
-2.55936
-2.55084
-2.54233
-2.52541
-2.51687
-2.50838
-2.49985
-2.48287
-2.47427
-2.46576
-2.45712
-2.43997
-2.43148
-2.42278
-2.40542
-2.39682
-2.3882
-2.37956
-2.36226
-2.35353
-2.34475
-2.33616
-2.31869
-2.31006
-2.30134
-2.29259
-2.2752
-2.26647
-2.25785
-2.24052
-2.23176
-2.22292
-2.21423
-2.1969
-2.18817
-2.17961
-2.17082
-2.1534
-2.14486
-2.13617
-2.12747
-2.11012
-2.1015
-2.09277
-2.07566
-2.06698
-2.05848
-2.04991
-2.0327
-2.02429
-2.01569
-2.0071
-1.99017
-1.98154
-1.97292
-1.9645
-1.94772
-1.93942
-1.93109
-1.9144
-1.90596
-1.89782
-1.88955
-1.87304
-1.86491
-1.85662
-1.84842
-1.83233
-1.82428
-1.81628
-1.80834
-1.79235
-1.78434
-1.77646
-1.76076
-1.75298
-1.74522
-1.7375
-1.72199
-1.71434
-1.70681
-1.69919
-1.68409
-1.67656
-1.66903
-1.65414
-1.64685
-1.63953
-1.63233
-1.61772
-1.61038
-1.60316
-1.59604
-1.58204
-1.57493
-1.56807
-1.56099
-1.54719
-1.54033
-1.53353
-1.52006
-1.5134
-1.5068
-1.50015
-1.48703
-1.4805
-1.47404
-1.4675
-1.45499
-1.44859
-1.44236
-1.4361
-1.42384
-1.41764
-1.4116
-1.39947
-1.3936
-1.38763
-1.38182
-1.37011
-1.3644
-1.3586
-1.35293
-1.34162
-1.33608
-1.33062
-1.32514
-1.31423
-1.30887
-1.30354
-1.29357
-1.28804
-1.28279
-1.27765
-1.26755
-1.26257
-1.25763
-1.25265
-1.24279
-1.23794
-1.23309
-1.22828
-1.21876
-1.21412
-1.20958
-1.20048
-1.19601
-1.19152
-1.18707
-1.17829
-1.17399
-1.16962
-1.16534
-1.15696
-1.15282
-1.14868
-1.14468
-1.13659
-1.13263
-1.12872
-1.12088
-1.11705
-1.11325
-1.10946
-1.10198
-1.09829
-1.09455
-1.09092
-1.08386
-1.08038
-1.07691
-1.06998
-1.06666
-1.06317
-1.0598
-1.05326
-1.04999
-1.04678
-1.04354
-1.0373
-1.0342
-1.03106
-1.02801
-1.02199
-1.01914
-1.01622
-1.01047
-1.0076
-1.00478
-1.00194
-0.996361
-0.993656
-0.991022
-0.988377
-0.983098
-0.98044
-0.977927
-0.975437
-0.970433
-0.967954
-0.965465
-0.960736
-0.95839
-0.956127
-0.953853
-0.949232
-0.946982
-0.944743
-0.942552
-0.938135
-0.935993
-0.933813
-0.92966
-0.927697
-0.925626
-0.923638
-0.919688
-0.917736
-0.915881
-0.913966
-0.910302
-0.908423
-0.906544
-0.904736
-0.901157
-0.899409
-0.897721
-0.894417
-0.892717
-0.891125
-0.889449
-0.88618
-0.884636
-0.883032
-0.881464
-0.878471
-0.876891
-0.875358
-0.873874
-0.871024
-0.869684
-0.868284
-0.86553
-0.864213
-0.862908
-0.861675
-0.85903
-0.857784
-0.856479
-0.855223
-0.852792
-0.851559
-0.85041
-0.849284
-0.846938
-0.845813
-0.844675
-0.842448
-0.841395
-0.840329
-0.839276
-0.837277
-0.836259
-0.835289
-0.834356
-0.832416
-0.83153
-0.830608
-0.828836
-0.827879
-0.827017
-0.826071
-0.824347
-0.823533
-0.822755
-0.821905
-0.8203
-0.819534
-0.818732
-0.818038
-0.816481
-0.815715
-0.814961
-0.813477
-0.812842
-0.812136
-0.811417
-0.81016
-0.809526
-0.808855
-0.808245
-0.80706
-0.806473
-0.805887
-0.805288
-0.80415
-0.803647
-0.803072
-0.802031
-0.801504
-0.801001
-0.800487
-0.799541
-0.79905
-0.798571
-0.798116
-0.797147
-0.796704
-0.796273
-0.795818
-0.79498
-0.794537
-0.794142
-0.793352
-0.792945
-0.792574
-0.79225
-0.791628
-0.791209
-0.790861
-0.790502
-0.789784
-0.789592
-0.789245
-0.788982
-0.788419
-0.788132
-0.787844
-0.787294
-0.787078
-0.786779
-0.786492
-0.786037
-0.785833
-0.78557
-0.785378
-0.784875
-0.784696
-0.78448
-0.784253
-0.783881
-0.783738
-0.783522
-0.783211
-0.783044
-0.782888
-0.782721
-0.782481
-0.78229
-0.78217
-0.78211
-0.781822
-0.781714
-0.781655
-0.781487
-0.78126
-0.781212
-0.781116
-0.780972
-0.780888
-0.780745
-0.780757
-0.780613
-0.780565
-0.780529
-0.780422
-0.780374
-0.780398
-0.780338
-0.780266
-0.78023
-0.780266
-0.780242
-0.780194
-0.780182
-0.780146
-0.780135
-0.780135
-0.780122
-0.78011
-0.780122
-0.780086
-0.780098
-0.78011
-0.780135
-0.780122
-0.780135
-0.780182
-0.780266
-0.780278
-0.780278
-0.780278
-0.780433
-0.780457
-0.780482
-0.780577
-0.780637
-0.780733
-0.780841
-0.780913
-0.78108
-0.781104
-0.781236
-0.781487
-0.781499
-0.781631
-0.781714
-0.781906
-0.78199
-0.782145
-0.78223
-0.782457
-0.782517
-0.782649
-0.782804
-0.782984
-0.783103
-0.783199
-0.78345
-0.783594
-0.783774
-0.783906
-0.784145
-0.784361
-0.784457
-0.784588
-0.784816
-0.785031
-0.785199
-0.785486
-0.785689
-0.785833
-0.785929
-0.786264
-0.786372
-0.786551
-0.786755
-0.787078
-0.787294
-0.787437
-0.787617
-0.788012
-0.788167
-0.788383
-0.78873
-0.788874
-0.78909
-0.789269
-0.789652
-0.789855
-0.790011
-0.790239
-0.790682
-0.790838
-0.791005
-0.791436
-0.791652
-0.791831
-0.792083
-0.792454
-0.792645
-0.792933
-0.793088
-0.793531
-0.793759
-0.793998
-0.794177
-0.794668
-0.79492
-0.795111
-0.795554
-0.795782
-0.796057
-0.796237
-0.796764
-0.796991
-0.797207
-0.797398
-0.797877
-0.79814
-0.798392
-0.798643
-0.799062
-0.799338
-0.799577
-0.80008
-0.800307
-0.800559
-0.80081
-0.801253
-0.801528
-0.801828
-0.802043
-0.802534
-0.802774
-0.803049
-0.8033
-0.803875
-0.804127
-0.804414
-0.804929
-0.805192
-0.805491
-0.805779
-0.806294
-0.806593
-0.80688
-0.807144
-0.807646
-0.807934
-0.808173
-0.808832
-0.809107
-0.809382
-0.809622
-0.810244
-0.810484
-0.810795
-0.81107
-0.811609
-0.811872
-0.812196
-0.812518
-0.813129
-0.813393
-0.813716
-0.814278
-0.814614
-0.814913
-0.81526
-0.815871
-0.816158
-0.816481
-0.816793
-0.817427
-0.817655
-0.817966
-0.818265
-0.818911
-0.819259
-0.819534
-0.820157
-0.820468
-0.820803
-0.821151
-0.821773
-0.822096
-0.822419
-0.822755
-0.823354
-0.823749
-0.824012
-0.824371
-0.824993
-0.825413
-0.825772
-0.826418
-0.826729
-0.827112
-0.8274
-0.828094
-0.82843
-0.828801
-0.829112
-0.829842
-0.830153
-0.830513
-0.830836
-0.831566
-0.831866
-0.832225
-0.832907
-0.833278
-0.833589
-0.833984
-0.834703
-0.835002
-0.835421
-0.83578
-0.836474
-0.836905
-0.837301
-0.837588
-0.83839
-0.838713
-0.839073
-0.839826
-0.840257
-0.840569
-0.840988
-0.841718
-0.842113
-0.842496
-0.84282
-0.843561
-0.843993
-0.844316
-0.845118
-0.845561
-0.845884
-0.84634
-0.847153
-0.847536
-0.84792
-0.848375
-0.849117
-0.849464
-0.849883
-0.850266
-0.851092
-0.851499
-0.851906
-0.85272
-0.853103
-0.853558
-0.853929
-0.85478
-0.855151
-0.855546
-0.856
-0.856839
-0.857246
-0.857701
-0.858143
-0.858993
-0.859401
-0.85982
-0.860693
-0.8611
-0.861532
-0.861927
-0.862789
-0.863136
-0.863339
-0.863483
-0.863567
-0.863543
-0.863471
-0.863459
-0.863459
-0.863459
-0.863483
-0.863483
-0.863483
-0.863471
-0.863471
-0.863459
-0.863483
-0.863483
-0.863447
-0.863459
-0.863459
-0.863483
-0.863435
-0.863507
-0.863447
-0.863483
-0.863471
-0.863447
-0.863471
-0.863471
-0.863459
-0.863495
-0.863483
-0.863459
-0.863471
-0.863471
-0.863495
-0.863519
-0.863483
-0.863483
-0.863483
-0.863471
-0.863483
-0.86353
-0.863495
-0.863459
-0.863507
-0.863543
-0.863519
-0.863507
-0.863507
-0.863519
-0.863519
-0.863555
-0.863507
-0.86353
-0.86353
-0.863519
-0.86353
-0.86353
-0.863507
-0.863543
-0.863543
-0.863519
-0.863507
-0.86353
-0.863543
-0.863507
-0.863507
-0.863567
-0.86353
-0.86353
-0.863543
-0.86353
-0.863555
-0.863495
-0.863555
-0.863543
-0.863543
-0.863543
-0.86353
-0.86353
-0.86353
-0.863579
-0.86353
-0.863555
-0.86353
-0.86353
-0.86353
-0.86353
-0.863567
-0.86353
-0.863579
-0.863543
-0.86353
-0.863555
-0.863543
-0.863555
-0.863519
-0.863519
-0.863507
-0.863555
-0.863507
-0.863567
-0.863555
-0.863519
-0.863543
-0.863519
-0.863555
-0.863507
-0.863579
-0.863519
-0.863543
-0.86353
-0.863555
-0.863555
-0.863519
-0.863543
-0.86353
-0.863579
-0.863555
-0.86353
-0.86353
-0.863555
-0.863555
-0.863543
-0.86353
-0.86353
-0.863567
-0.863543
-0.863579
-0.863519
-0.863567
-0.863543
-0.863579
-0.863567
-0.863543
-0.863543
-0.863543
-0.863519
-0.863519
-0.863555
-0.86353
-0.86353
-0.863543
-0.863543
-0.863555
-0.863555
-0.86353
-0.863519
-0.863519
-0.863543
-0.863543
-0.863543
-0.863519
-0.86353
-0.86353
-0.86353
-0.863579
-0.863519
-0.863543
-0.863519
-0.863555
-0.863519
-0.863555
-0.863543
-0.86353
-0.863555
-0.863519
-0.86353
-0.863519
-0.86353
-0.863567
-0.863543
-0.863543
-0.863555
-0.863555
-0.86353
-0.86353
-0.863543
-0.863555
-0.863543
-0.863555
-0.863555
-0.863555
-0.86353
-0.863555
-0.863543
-0.863555
-0.86353
-0.863543
-0.863543
-0.863543
-0.863543
-0.863567
-0.863519
-0.86353
-0.863579
-0.863555
-0.863543
-0.863555
-0.863555
-0.86353
-0.863567
-0.863555
-0.863543
-0.863567
-0.863567
-0.86353
-0.86353
-0.863567
-0.863567
-0.863567
-0.863567
-0.86353
-0.863555
-0.863555
-0.863567
-0.863555
-0.863579
-0.863555
-0.863543
-0.863555
-0.863519
-0.863543
-0.863519
-0.863543
-0.863567
-0.863543
-0.863567
-0.863543
-0.86353
-0.863555
-0.86353
-0.863543
-0.863555
-0.863543
-0.863579
-0.86353
-0.863555
-0.863567
-0.863543
-0.86353
-0.863543
-0.863555
-0.863555
-0.86353
-0.863543
-0.86353
-0.86353
-0.863555
-0.863543
-0.86353
-0.86353
-0.863543
-0.863579
-0.863555
-0.863555
-0.863567
-0.863579
-0.86353
-0.863519
-0.86353
-0.863555
-0.863543
-0.863543
-0.86353
-0.863543
-0.86353
-0.863555
-0.86353
-0.863579
-0.863543
-0.863555
-0.86353
-0.863555
-0.863543
-0.86353
-0.863567
-0.86353
-0.863555
-0.863555
-0.863555
-0.863555
-0.863543
-0.863555
-0.86353
-0.863567
-0.86353
-0.863543
-0.863543
-0.863555
-0.863543
-0.86353
-0.863507
-0.863519
-0.863555
-0.863567
-0.86353
-0.863555
-0.863567
-0.863555
-0.863567
-0.863567
-0.863567
-0.863567
-0.863555
-0.863543
-0.863543
-0.863567
-0.86353
-0.863555
-0.86353
-0.863543
-0.863543
-0.863543
-0.863567
-0.863543
-0.863543
-0.863579
-0.863543
-0.86353
-0.86353
-0.86353
-0.863555
-0.863543
-0.863543
-0.863543
-0.86353
-0.863579
-0.863543
-0.863543
-0.863543
-0.86353
-0.863543
-0.863543
-0.863567
-0.863555
-0.863567
-0.863567
-0.863543
-0.863567
-0.863543
-0.863579
-0.863579
-0.863543
-0.863555
-0.863543
-0.863567
-0.863543
-0.863567
-0.863543
-0.863579
-0.863555
-0.863567
-0.86353
-0.86353
-0.863543
-0.86353
-0.863567
-0.863567
-0.863555
-0.863555
-0.863543
-0.863555
-0.863579
-0.863555
-0.863567
-0.863579
-0.863567
-0.863567
-0.863567
-0.863555
-0.863567
-0.863543
-0.863579
-0.86353
-0.863543
-0.863543
-0.863543
-0.863567
-0.86353
-0.863579
-0.863555
-0.863519
-0.86353
-0.863579
