-1.94573
-1.94575
-1.94575
-1.94575
-1.94572
-1.94578
-1.94574
-1.94574
-1.94575
-1.94575
-1.94578
-1.94574
-1.94574
-1.94575
-1.94572
-1.94577
-1.94572
-1.94572
-1.94572
-1.94574
-1.94573
-1.94574
-1.94574
-1.94574
-1.94578
-1.94575
-1.94574
-1.94575
-1.94574
-1.94575
-1.94577
-1.94577
-1.94573
-1.94575
-1.94574
-1.94574
-1.94572
-1.94579
-1.94573
-1.94572
-1.94577
-1.94572
-1.94577
-1.94578
-1.94574
-1.94573
-1.94574
-1.94577
-1.94572
-1.94575
-1.94574
-1.94573
-1.94573
-1.94577
-1.94573
-1.94574
-1.94577
-1.94573
-1.94574
-1.94574
-1.94579
-1.94572
-1.94575
-1.94573
-1.94574
-1.94573
-1.94574
-1.94573
-1.94574
-1.94574
-1.94573
-1.94573
-1.94574
-1.94575
-1.94577
-1.94572
-1.94573
-1.94574
-1.94572
-1.94578
-1.94575
-1.94575
-1.94574
-1.94575
-1.94577
-1.94572
-1.94574
-1.94575
-1.94577
-1.94573
-1.94574
-1.94577
-1.94575
-1.94579
-1.94573
-1.94577
-1.94577
-1.94577
-1.94574
-1.94575
-1.94575
-1.94575
-1.94577
-1.94575
-1.94579
-1.94578
-1.94578
-1.94577
-1.94572
-1.94575
-1.94577
-1.94574
-1.94573
-1.94574
-1.94574
-1.94574
-1.94577
-1.94574
-1.94574
-1.94575
-1.94574
-1.94574
-1.94574
-1.94573
-1.94574
-1.94577
-1.94575
-1.94577
-1.94578
-1.94575
-1.94578
-1.94573
-1.94579
-1.94575
-1.94574
-1.94575
-1.94575
-1.94571
-1.94574
-1.94575
-1.94572
-1.94574
-1.94571
-1.94577
-1.94574
-1.94577
-1.94574
-1.94573
-1.94573
-1.94577
-1.94572
-1.94577
-1.94574
-1.94578
-1.94574
-1.94573
-1.94578
-1.94577
-1.94575
-1.94578
-1.94574
-1.94578
-1.94578
-1.9458
-1.94573
-1.94574
-1.94577
-1.94573
-1.94575
-1.94571
-1.94577
-1.94574
-1.94575
-1.94577
-1.94572
-1.94575
-1.94572
-1.94578
-1.94578
-1.94574
-1.94579
-1.94577
-1.94572
-1.94574
-1.94575
-1.94575
-1.94573
-1.94574
-1.94574
-1.94573
-1.94573
-1.94575
-1.94575
-1.94577
-1.94574
-1.94578
-1.94572
-1.94577
-1.94577
-1.94574
-1.94577
-1.94575
-1.94574
-1.94575
-1.94577
-1.94574
-1.94573
-1.94575
-1.94572
-1.94575
-1.94575
-1.94577
-1.94575
-1.94572
-1.94574
-1.94574
-1.94577
-1.94578
-1.94578
-1.94574
-1.94574
-1.94575
-1.94573
-1.94573
-1.94573
-1.94575
-1.94572
-1.94577
-1.94577
-1.94575
-1.94577
-1.94577
-1.94573
-1.94573
-1.94574
-1.94577
-1.94574
-1.94574
-1.94575
-1.94574
-1.94573
-1.94573
-1.94575
-1.94573
-1.94562
-1.94524
-1.94472
-1.94304
-1.94187
-1.9406
-1.93943
-1.93713
-1.9361
-1.93501
-1.93395
-1.93178
-1.93069
-1.92958
-1.92847
-1.92629
-1.92512
-1.92398
-1.92159
-1.92047
-1.91926
-1.91804
-1.91561
-1.91435
-1.91314
-1.91191
-1.90949
-1.90834
-1.90722
-1.90611
-1.90379
-1.90274
-1.90166
-1.89938
-1.89826
-1.89711
-1.89599
-1.89368
-1.89247
-1.89129
-1.89004
-1.88762
-1.88637
-1.88512
-1.88389
-1.88132
-1.88009
-1.87883
-1.87646
-1.87534
-1.87422
-1.87305
-1.8707
-1.86953
-1.8684
-1.86725
-1.86487
-1.86374
-1.86256
-1.8613
-1.85876
-1.85751
-1.8562
-1.85359
-1.8523
-1.85093
-1.84963
-1.84712
-1.8459
-1.84467
-1.84346
-1.84118
-1.84001
-1.83875
-1.83633
-1.83515
-1.83395
-1.83274
-1.8303
-1.82904
-1.82773
-1.82642
-1.82376
-1.82237
-1.82103
-1.81967
-1.81704
-1.81572
-1.81443
-1.81198
-1.81078
-1.80959
-1.80832
-1.8059
-1.80461
-1.8034
-1.80214
-1.79965
-1.79835
-1.79707
-1.79577
-1.79299
-1.79156
-1.79019
-1.78743
-1.78606
-1.78476
-1.7834
-1.78085
-1.77963
-1.77837
-1.77712
-1.77459
-1.77336
-1.7721
-1.77078
-1.76822
-1.76688
-1.76558
-1.76421
-1.7614
-1.75998
-1.75858
-1.75576
-1.7544
-1.75299
-1.75166
-1.74912
-1.74781
-1.74654
-1.74526
-1.74276
-1.74142
-1.74011
-1.73881
-1.7361
-1.73474
-1.73332
-1.73051
-1.72906
-1.72761
-1.72614
-1.72325
-1.72184
-1.72046
-1.71904
-1.71643
-1.71516
-1.7139
-1.71261
-1.70997
-1.70864
-1.70727
-1.70448
-1.7031
-1.7017
-1.70024
-1.69728
-1.69582
-1.6943
-1.69281
-1.69005
-1.68849
-1.68717
-1.68577
-1.68319
-1.68187
-1.6805
-1.67782
-1.6765
-1.67507
-1.67362
-1.67076
-1.66926
-1.66776
-1.66625
-1.6632
-1.66167
-1.66014
-1.65872
-1.65584
-1.65445
-1.65312
-1.65042
-1.64904
-1.64766
-1.64624
-1.64343
-1.64195
-1.64052
-1.639
-1.63601
-1.63439
-1.63287
-1.62971
-1.6282
-1.62669
-1.62522
-1.62234
-1.62103
-1.61961
-1.61824
-1.6154
-1.61397
-1.61249
-1.61101
-1.60793
-1.60641
-1.60485
-1.60167
-1.60005
-1.59849
-1.5969
-1.59386
-1.59239
-1.59092
-1.58949
-1.58671
-1.58527
-1.5838
-1.58236
-1.57926
-1.57777
-1.57616
-1.573
-1.57138
-1.56977
-1.56813
-1.56488
-1.56331
-1.56174
-1.56027
-1.55736
-1.5559
-1.55446
-1.55295
-1.54993
-1.5484
-1.54681
-1.54353
-1.54192
-1.54025
-1.53861
-1.53521
-1.53357
-1.53192
-1.53031
-1.52728
-1.52579
-1.5243
-1.5213
-1.51972
-1.51817
-1.51656
-1.51323
-1.51155
-1.50983
-1.50813
-1.50464
-1.50294
-1.50124
-1.49959
-1.49644
-1.49486
-1.49335
-1.49183
-1.48872
-1.48714
-1.48552
-1.48213
-1.48044
-1.47866
-1.47693
-1.47332
-1.47157
-1.46982
-1.46813
-1.46488
-1.4633
-1.4617
-1.45857
-1.45693
-1.45532
-1.45356
-1.45011
-1.44829
-1.44647
-1.44463
-1.44097
-1.43919
-1.43743
-1.43567
-1.43239
-1.43075
-1.42917
-1.42587
-1.42417
-1.42243
-1.42057
-1.41681
-1.41496
-1.41309
-1.41123
-1.40752
-1.40568
-1.4039
-1.40213
-1.39881
-1.39715
-1.39545
-1.39191
-1.39008
-1.38822
-1.38629
-1.38241
-1.3805
-1.37854
-1.37666
-1.37291
-1.37103
-1.36923
-1.36575
-1.36399
-1.36224
-1.36043
-1.35665
-1.35471
-1.35268
-1.35063
-1.34665
-1.34461
-1.34263
-1.34071
-1.3369
-1.3352
-1.33335
-1.32971
-1.32777
-1.32582
-1.3237
-1.31943
-1.31723
-1.31503
-1.313
-1.3089
-1.30698
-1.30512
-1.30326
-1.2994
-1.2974
-1.2953
-1.29099
-1.28878
-1.28658
-1.28432
-1.27998
-1.27785
-1.27574
-1.27367
-1.26963
-1.26754
-1.26548
-1.26329
-1.25881
-1.25643
-1.25406
-1.24924
-1.2469
-1.24469
-1.24254
-1.23846
-1.23633
-1.23411
-1.2318
-1.22682
-1.22424
-1.22164
-1.21917
-1.21435
-1.21206
-1.20977
-1.20513
-1.20271
-1.20031
-1.19785
-1.1927
-1.18994
-1.18715
-1.18441
-1.17923
-1.17675
-1.17434
-1.16939
-1.16669
-1.16385
-1.16145
-1.1579
-1.15686
-1.15637
-1.1564
-1.15662
-1.15666
-1.15668
-1.15723
-1.15946
-1.16123
-1.16335
-1.1682
-1.17048
-1.17277
-1.17499
-1.17911
-1.18118
-1.18335
-1.18554
-1.1898
-1.19187
-1.19394
-1.19607
-1.2
-1.2018
-1.20355
-1.20707
-1.20883
-1.2105
-1.21215
-1.21545
-1.21715
-1.21888
-1.22058
-1.22388
-1.22554
-1.2271
-1.22881
-1.23186
-1.23329
-1.23464
-1.23744
-1.23887
-1.24027
-1.24163
-1.24422
-1.24552
-1.24685
-1.24818
-1.25097
-1.25231
-1.25362
-1.25494
-1.25751
-1.25881
-1.26012
-1.2626
-1.26376
-1.26485
-1.26594
-1.26827
-1.26945
-1.27062
-1.27169
-1.27371
-1.27469
-1.27574
-1.27796
-1.27911
-1.28022
-1.28119
-1.28323
-1.28423
-1.2853
-1.28634
-1.2885
-1.28956
-1.29039
-1.29137
-1.29317
-1.29406
-1.29507
-1.29701
-1.29794
-1.29874
-1.29958
-1.30119
-1.30199
-1.30286
-1.30379
-1.30556
-1.30635
-1.30711
-1.30786
-1.30937
-1.31025
-1.31113
-1.31292
-1.31374
-1.31454
-1.31527
-1.31674
-1.31748
-1.31833
-1.31914
-1.32073
-1.32145
-1.3222
-1.32345
-1.3241
-1.3248
-1.32555
-1.32699
-1.32768
-1.32843
-1.32905
-1.33023
-1.3308
-1.3314
-1.33201
-1.3333
-1.33396
-1.33458
-1.33578
-1.33632
-1.33684
-1.33737
-1.33848
-1.33911
-1.33968
-1.34032
-1.34143
-1.34206
-1.34259
-1.34317
-1.3442
-1.3447
-1.34526
-1.34642
-1.34696
-1.34748
-1.348
-1.34903
-1.34957
-1.35003
-1.35048
-1.35139
-1.35182
-1.35233
-1.3528
-1.35379
-1.35427
-1.35468
-1.35552
-1.35594
-1.35638
-1.35677
-1.35761
-1.35806
-1.35847
-1.35886
-1.35962
-1.36001
-1.36038
-1.36107
-1.36145
-1.3618
-1.36212
-1.36287
-1.36327
-1.3636
-1.36396
-1.3646
-1.36492
-1.36523
-1.36556
-1.36615
-1.36645
-1.36678
-1.36738
-1.36766
-1.36796
-1.36824
-1.36885
-1.36912
-1.3694
-1.36969
-1.37021
-1.37049
-1.37077
-1.37104
-1.37163
-1.37185
-1.37213
-1.37256
-1.37278
-1.373
-1.37321
-1.37366
-1.37391
-1.37418
-1.37439
-1.37479
-1.37496
-1.37517
-1.37536
-1.37575
-1.37596
-1.37613
-1.37643
-1.37661
-1.37676
-1.37699
-1.3773
-1.37746
-1.37764
-1.37778
-1.37807
-1.37815
-1.37826
-1.37839
-1.37863
-1.37877
-1.37891
-1.37911
-1.37927
-1.37935
-1.3794
-1.37964
-1.37973
-1.37976
-1.37988
-1.38001
-1.37998
-1.38008
-1.38019
-1.38018
-1.38037
-1.38032
-1.38043
-1.38045
-1.38051
-1.38053
-1.3806
-1.3806
-1.38068
-1.38063
-1.3807
-1.38073
-1.38077
-1.38079
-1.38075
-1.3807
-1.3808
-1.3808
-1.38077
-1.38074
-1.38074
-1.38069
-1.38062
-1.3806
-1.38058
-1.38058
-1.38049
-1.38046
-1.38033
-1.38032
-1.38028
-1.38025
-1.38009
-1.38002
-1.37988
-1.37989
-1.37973
-1.3796
-1.37957
-1.37948
-1.37929
-1.37915
-1.37904
-1.37877
-1.37871
-1.3786
-1.37845
-1.37812
-1.37797
-1.37777
-1.37765
-1.37735
-1.37721
-1.37704
-1.37687
-1.3766
-1.37636
-1.37621
-1.37587
-1.37569
-1.37549
-1.3753
-1.37487
-1.37469
-1.37449
-1.37432
-1.37397
-1.37376
-1.37358
-1.37314
-1.37291
-1.37268
-1.37246
-1.37209
-1.37182
-1.37165
-1.37136
-1.37088
-1.37064
-1.37039
-1.37012
-1.3696
-1.36935
-1.36914
-1.36861
-1.36836
-1.36806
-1.36778
-1.36724
-1.36698
-1.36669
-1.36641
-1.36575
-1.36551
-1.36517
-1.36489
-1.36423
-1.36393
-1.36358
-1.36292
-1.36259
-1.36224
-1.36188
-1.36121
-1.36087
-1.36053
-1.36018
-1.35944
-1.3591
-1.3587
-1.35834
-1.35759
-1.3572
-1.3568
-1.35638
-1.35563
-1.35527
-1.35488
-1.35401
-1.35361
-1.3532
-1.35279
-1.35195
-1.35161
-1.35113
-1.35066
-1.34986
-1.34937
-1.34891
-1.34853
-1.34755
-1.3471
-1.34666
-1.34579
-1.34533
-1.34484
-1.34439
-1.34344
-1.343
-1.34258
-1.34211
-1.34123
-1.34075
-1.34026
-1.33931
-1.33884
-1.33841
-1.33792
-1.33694
-1.33641
-1.33592
-1.33547
-1.33452
-1.33396
-1.33343
-1.33288
-1.3318
-1.3313
-1.33071
-1.32961
-1.32905
-1.32849
-1.32791
-1.32674
-1.32616
-1.32555
-1.32494
-1.32381
-1.32321
-1.32263
-1.32199
-1.32076
-1.32011
-1.31949
-1.31826
-1.31767
-1.31702
-1.31637
-1.31508
-1.31443
-1.31381
-1.31316
-1.31195
-1.31132
-1.31067
-1.3101
-1.30881
-1.30825
-1.30759
-1.30642
-1.30579
-1.30514
-1.30449
-1.30321
-1.30255
-1.30192
-1.30119
-1.29983
-1.29916
-1.29846
-1.29707
-1.29635
-1.29564
-1.2949
-1.29341
-1.29265
-1.29192
-1.29118
-1.28963
-1.28891
-1.28812
-1.28733
-1.28587
-1.28506
-1.28429
-1.28268
-1.28195
-1.28119
-1.28041
-1.27895
-1.27827
-1.27754
-1.27676
-1.27525
-1.27452
-1.27377
-1.27305
-1.27149
-1.27075
-1.26994
-1.2683
-1.26748
-1.26666
-1.26588
-1.26417
-1.26334
-1.26247
-1.26158
-1.25982
-1.25896
-1.25808
-1.25723
-1.25547
-1.25454
-1.2537
-1.25188
-1.25102
-1.25016
-1.24926
-1.24757
-1.24673
-1.24591
-1.24507
-1.24339
-1.24258
-1.24174
-1.24089
-1.2392
-1.23828
-1.23743
-1.23556
-1.23466
-1.23373
-1.23275
-1.23081
-1.22985
-1.22886
-1.22795
-1.22594
-1.22495
-1.22394
-1.22195
-1.22097
-1.21997
-1.219
-1.21709
-1.21611
-1.21515
-1.21424
-1.21237
-1.21146
-1.21056
-1.20963
-1.20768
-1.20671
-1.20575
-1.2038
-1.20277
-1.20176
-1.20074
-1.19858
-1.19752
-1.19649
-1.19538
-1.19323
-1.19216
-1.19105
-1.18994
-1.18784
-1.18675
-1.18568
-1.18365
-1.18265
-1.1816
-1.18061
-1.17868
-1.17762
-1.17658
-1.17554
-1.17337
-1.17234
-1.17125
-1.16899
-1.16782
-1.16676
-1.16558
-1.16335
-1.16211
-1.16096
-1.1598
-1.15744
-1.15634
-1.15519
-1.15406
-1.15188
-1.1508
-1.14971
-1.14762
-1.14655
-1.14544
-1.14429
-1.14206
-1.14087
-1.13973
-1.13854
-1.13616
-1.13487
-1.13365
-1.13247
-1.12995
-1.12875
-1.12744
-1.12552
-1.12494
-1.12457
-1.12449
-1.12467
-1.12476
-1.12477
-1.12475
-1.12471
-1.12477
-1.1248
-1.12482
-1.12481
-1.12481
-1.12481
-1.12488
-1.12487
-1.12487
-1.12488
-1.12492
-1.12495
-1.125
-1.12506
-1.12511
-1.1251
-1.12511
-1.1251
-1.1251
-1.12512
-1.12513
-1.12511
-1.12513
-1.12511
-1.12517
-1.12511
-1.12515
-1.12515
-1.12515
-1.12517
-1.12513
-1.12512
-1.12513
-1.12512
-1.12519
-1.12515
-1.12516
-1.12515
-1.12518
-1.12516
-1.12516
-1.12516
-1.12515
-1.12517
-1.12517
-1.12517
-1.12515
-1.12516
-1.12518
-1.12518
-1.12517
-1.12517
-1.12516
-1.12517
-1.12515
-1.12518
-1.12518
-1.1252
-1.12517
-1.12516
-1.12518
-1.12519
-1.12515
-1.12518
-1.12518
-1.12519
-1.12517
-1.12518
-1.12518
-1.1252
-1.12515
-1.12518
-1.12517
-1.12513
-1.12519
-1.12519
-1.12518
-1.12522
-1.12517
-1.12518
-1.1252
-1.1252
-1.12516
-1.12516
-1.12519
-1.12517
-1.1252
-1.12518
-1.1252
-1.12518
-1.12517
-1.12516
-1.12519
-1.12518
-1.12516
-1.12519
-1.12517
-1.1252
-1.12522
-1.12518
-1.12517
-1.1252
-1.12518
-1.1252
-1.12519
-1.12522
-1.12518
-1.12518
-1.12519
-1.12517
-1.12519
-1.12517
-1.1252
-1.12518
-1.1252
-1.12518
-1.1252
-1.12518
-1.12518
-1.12518
-1.12517
-1.12518
-1.12518
-1.1252
-1.1252
-1.12516
-1.12519
-1.12516
-1.12519
-1.12519
-1.12517
-1.12517
-1.12519
-1.12519
-1.12518
-1.12518
-1.12518
-1.12517
-1.12519
-1.12513
-1.1252
-1.12516
-1.12517
-1.12519
-1.12519
-1.12516
-1.12518
-1.12518
-1.12519
-1.12518
-1.12515
-1.12519
-1.12515
-1.12516
-1.12516
-1.12516
-1.12518
-1.12515
-1.1252
-1.12517
-1.1252
-1.12517
-1.1252
-1.12518
-1.12517
-1.12516
-1.12516
-1.12517
-1.12518
-1.1252
-1.12515
-1.12516
-1.12517
-1.12519
-1.12518
-1.12516
-1.12522
-1.12515
-1.12517
-1.12518
-1.12515
-1.12518
-1.12519
-1.12516
-1.12515
-1.12517
-1.12512
-1.12515
-1.12515
-1.12518
-1.12518
-1.12516
-1.12515
-1.12535
-1.12571
-1.12631
-1.12817
-1.12937
-1.13072
-1.13208
-1.13452
-1.13563
-1.13676
-1.13788
-1.14022
-1.14139
-1.14258
-1.14482
-1.14589
-1.14701
-1.14815
-1.15036
-1.15149
-1.15261
-1.15373
-1.15602
-1.15722
-1.15837
-1.15953
-1.16184
-1.16303
-1.16407
-1.16634
-1.16749
-1.16856
-1.16964
-1.17178
-1.17288
-1.1739
-1.17501
-1.17711
-1.17816
-1.17916
-1.18125
-1.18228
-1.18336
-1.18439
-1.18654
-1.1876
-1.1887
-1.18979
-1.19202
-1.19305
-1.19411
-1.19516
-1.19724
-1.19824
-1.19926
-1.20131
-1.20226
-1.20331
-1.20429
-1.20622
-1.2072
-1.20814
-1.20911
-1.21103
-1.21199
-1.21296
-1.21393
-1.21583
-1.21686
-1.21782
-1.21982
-1.22082
-1.22189
-1.22286
-1.22482
-1.22578
-1.22677
-1.2277
-1.2296
-1.23052
-1.23148
-1.23233
-1.23419
-1.23512
-1.23607
-1.23779
-1.23868
-1.23953
-1.24042
-1.24215
-1.24302
-1.24387
-1.24481
-1.24649
-1.24739
-1.2483
-1.24915
-1.251
-1.25187
-1.25276
-1.25453
-1.25544
-1.25634
-1.25719
-1.25887
-1.25971
-1.26057
-1.26141
-1.26311
-1.26397
-1.26477
-1.26643
-1.26718
-1.26796
-1.2688
-1.27031
-1.27106
-1.27188
-1.27262
-1.27422
-1.27491
-1.27567
-1.27645
-1.27797
-1.2788
-1.27956
-1.2811
-1.2819
-1.28266
-1.28347
-1.28504
-1.28578
-1.28659
-1.28732
-1.28887
-1.28957
-1.29029
-1.29101
-1.2925
-1.29318
-1.29393
-1.29532
-1.29599
-1.29669
-1.29738
-1.29877
-1.29937
-1.30006
-1.30074
-1.30209
-1.30271
-1.30338
-1.30406
-1.30531
-1.30591
-1.30654
-1.30789
-1.30854
-1.30916
-1.30987
-1.31117
-1.31183
-1.31244
-1.31312
-1.31445
-1.3151
-1.31575
-1.31704
-1.3177
-1.3183
-1.31894
-1.32013
-1.3207
-1.32127
-1.32188
-1.32309
-1.32365
-1.32424
-1.32481
-1.32597
-1.32654
-1.32707
-1.32822
-1.32875
-1.32933
-1.32979
-1.33088
-1.33141
-1.33195
-1.33247
-1.33352
-1.33397
-1.3345
-1.33504
-1.33597
-1.33647
-1.33695
-1.33795
-1.33844
-1.33893
-1.33942
-1.34046
-1.34093
-1.34143
-1.34196
-1.34294
-1.34342
-1.34391
-1.34435
-1.34532
-1.34579
-1.34628
-1.34716
-1.34766
-1.3481
-1.3486
-1.34944
-1.34989
-1.35034
-1.35078
-1.35158
-1.35201
-1.3524
-1.35278
-1.35361
-1.35404
-1.35443
-1.35527
-1.35563
-1.35601
-1.35636
-1.35718
-1.35756
-1.35787
-1.35826
-1.35898
-1.35929
-1.35968
-1.3604
-1.36069
-1.36104
-1.36137
-1.36201
-1.36236
-1.36271
-1.36301
-1.36366
-1.36396
-1.36429
-1.36456
-1.36516
-1.36545
-1.36574
-1.36631
-1.36661
-1.36689
-1.36718
-1.36771
-1.36801
-1.36825
-1.36854
-1.36904
-1.36934
-1.36961
-1.36987
-1.37039
-1.37062
-1.3709
-1.37136
-1.37164
-1.37188
-1.37214
-1.37258
-1.37278
-1.37298
-1.3732
-1.37367
-1.37385
-1.37405
-1.37442
-1.37464
-1.3748
-1.37502
-1.37537
-1.37558
-1.37576
-1.37595
-1.37626
-1.37646
-1.37663
-1.37681
-1.37712
-1.37724
-1.3774
-1.3777
-1.37785
-1.37796
-1.37808
-1.37834
-1.37848
-1.37863
-1.37873
-1.37897
-1.37905
-1.37912
-1.37923
-1.37942
-1.37943
-1.37957
-1.37973
-1.37977
-1.37985
-1.37984
-1.38003
-1.38013
-1.38016
-1.38022
-1.38024
-1.38028
-1.38036
-1.38038
-1.38045
-1.38051
-1.38055
-1.3806
-1.38053
-1.38063
-1.38065
-1.38068
-1.38065
-1.38073
-1.38069
-1.38067
-1.38065
-1.3807
-1.38063
-1.3807
-1.38064
-1.38065
-1.38057
-1.38055
-1.38051
-1.38057
-1.3805
-1.38043
-1.38034
-1.38033
-1.38027
-1.38018
-1.38014
-1.38002
-1.3799
-1.37983
-1.3798
-1.37965
-1.37954
-1.37939
-1.37928
-1.379
-1.37886
-1.37873
-1.37861
-1.37838
-1.37819
-1.37803
-1.37771
-1.37758
-1.37739
-1.37725
-1.37688
-1.37673
-1.37657
-1.3764
-1.37602
-1.37579
-1.37564
-1.37546
-1.37505
-1.37487
-1.37466
-1.37425
-1.37408
-1.37382
-1.37363
-1.37318
-1.37297
-1.37274
-1.3725
-1.37202
-1.37178
-1.37153
-1.3713
-1.37078
-1.37054
-1.37021
-1.36976
-1.36946
-1.36916
-1.36891
-1.36842
-1.36809
-1.36782
-1.3675
-1.36686
-1.36651
-1.36619
-1.36586
-1.36521
-1.36491
-1.3646
-1.36389
-1.36351
-1.36321
-1.3628
-1.36217
-1.36195
-1.36181
-1.36172
-1.3616
-1.36156
-1.36151
-1.36147
-1.36169
-1.36205
-1.36256
-1.36418
-1.36528
-1.36645
-1.36768
-1.36987
-1.37111
-1.3723
-1.37341
-1.37583
-1.3771
-1.3783
-1.38086
-1.38209
-1.38325
-1.38447
-1.38682
-1.38804
-1.38922
-1.39034
-1.39264
-1.39379
-1.39487
-1.396
-1.39821
-1.39937
-1.40041
-1.40271
-1.40386
-1.40502
-1.40616
-1.40855
-1.40971
-1.41092
-1.41213
-1.41454
-1.41568
-1.41687
-1.41796
-1.42023
-1.4214
-1.42253
-1.4247
-1.42581
-1.42693
-1.42805
-1.43024
-1.4313
-1.4324
-1.43345
-1.43568
-1.43685
-1.43797
-1.43913
-1.44149
-1.44264
-1.44379
-1.44613
-1.44727
-1.44844
-1.44951
-1.45177
-1.45288
-1.454
-1.45512
-1.45729
-1.45837
-1.45943
-1.46154
-1.46264
-1.46373
-1.46483
-1.46697
-1.46811
-1.46922
-1.47037
-1.47272
-1.47387
-1.47504
-1.47614
-1.47847
-1.47956
-1.48066
-1.48285
-1.48395
-1.48503
-1.48612
-1.48824
-1.4893
-1.49034
-1.49141
-1.49352
-1.49461
-1.49564
-1.4967
-1.49891
-1.50001
-1.5011
-1.50338
-1.50451
-1.50565
-1.50681
-1.50901
-1.51017
-1.51125
-1.51229
-1.5145
-1.51557
-1.51665
-1.51867
-1.51976
-1.52077
-1.52185
-1.52387
-1.52491
-1.52595
-1.52698
-1.52907
-1.53013
-1.53122
-1.53236
-1.53452
-1.53568
-1.53678
-1.53896
-1.54011
-1.54114
-1.54221
-1.54437
-1.54541
-1.54649
-1.54752
-1.54964
-1.55062
-1.55165
-1.55264
-1.55472
-1.55566
-1.55668
-1.55876
-1.5598
-1.56088
-1.56186
-1.56403
-1.56506
-1.56601
-1.56723
-1.5694
-1.57047
-1.57151
-1.57367
-1.57468
-1.57569
-1.57677
-1.57884
-1.57987
-1.58083
-1.58184
-1.58386
-1.58484
-1.58581
-1.58681
-1.58882
-1.5898
-1.59084
-1.59289
-1.59392
-1.59495
-1.596
-1.59813
-1.59925
-1.60029
-1.60133
-1.60339
-1.60444
-1.60551
-1.60654
-1.60857
-1.60954
-1.6106
-1.61251
-1.61352
-1.6145
-1.61546
-1.6174
-1.61838
-1.61933
-1.62029
-1.62225
-1.62327
-1.62427
-1.62524
-1.6273
-1.62832
-1.62939
-1.63142
-1.63245
-1.63354
-1.63456
-1.63656
-1.63762
-1.63855
-1.63956
-1.64147
-1.64247
-1.6434
-1.64435
-1.64628
-1.64723
-1.64814
-1.65001
-1.65098
-1.65194
-1.65289
-1.65482
-1.65578
-1.65676
-1.65775
-1.65979
-1.66085
-1.66187
-1.66289
-1.66489
-1.66587
-1.66683
-1.6688
-1.66982
-1.67079
-1.67174
-1.67364
-1.67455
-1.67544
-1.67636
-1.67819
-1.67917
-1.68006
-1.68186
-1.68278
-1.68374
-1.68462
-1.68653
-1.68747
-1.68841
-1.6894
-1.69136
-1.6923
-1.69327
-1.69427
-1.69623
-1.69721
-1.69813
-1.70008
-1.70102
-1.70189
-1.70285
-1.70466
-1.70555
-1.70645
-1.70733
-1.70913
-1.70999
-1.71085
-1.71175
-1.71354
-1.71442
-1.71534
-1.71713
-1.71804
-1.71894
-1.71985
-1.72176
-1.72275
-1.7237
-1.72465
-1.7265
-1.72743
-1.72835
-1.72928
-1.7311
-1.73197
-1.73289
-1.73466
-1.73554
-1.73641
-1.73731
-1.73906
-1.7399
-1.74074
-1.74153
-1.7432
-1.74405
-1.7449
-1.74668
-1.74757
-1.74844
-1.74926
-1.75102
-1.75192
-1.75283
-1.75374
-1.75555
-1.75641
-1.75731
-1.75822
-1.76
-1.76089
-1.76181
-1.76358
-1.76443
-1.76526
-1.76616
-1.76779
-1.76861
-1.76945
-1.7703
-1.77191
-1.77267
-1.77349
-1.77428
-1.77593
-1.77679
-1.77762
-1.77926
-1.78006
-1.78091
-1.78175
-1.78341
-1.7843
-1.78521
-1.78611
-1.78777
-1.78858
-1.78945
-1.79024
-1.792
-1.79286
-1.79371
-1.79534
-1.79612
-1.79695
-1.79772
-1.79932
-1.80012
-1.80091
-1.80166
-1.80319
-1.80394
-1.80468
-1.80619
-1.80699
-1.80775
-1.80854
-1.81011
-1.81091
-1.81166
-1.81244
-1.81402
-1.81479
-1.81562
-1.81641
-1.81801
-1.81885
-1.8196
-1.82122
-1.82191
-1.82275
-1.82354
-1.82521
-1.82596
-1.82669
-1.82746
-1.82894
-1.82966
-1.83038
-1.83109
-1.83256
-1.83329
-1.83399
-1.83534
-1.83594
-1.83667
-1.83743
-1.83885
-1.8396
-1.84036
-1.84104
-1.84244
-1.84317
-1.84388
-1.8446
-1.84608
-1.84686
-1.84759
-1.84909
-1.84984
-1.85054
-1.85127
-1.85277
-1.85345
-1.85424
-1.85489
-1.85636
-1.85707
-1.85777
-1.85848
-1.8598
-1.8605
-1.86111
-1.86248
-1.86311
-1.86379
-1.86446
-1.86566
-1.86628
-1.86689
-1.86747
-1.86876
-1.86948
-1.87015
-1.87143
-1.8721
-1.87273
-1.8733
-1.87458
-1.87525
-1.87585
-1.87649
-1.87777
-1.87843
-1.87909
-1.87974
-1.88105
-1.88167
-1.88231
-1.88355
-1.88414
-1.88477
-1.88544
-1.88676
-1.88737
-1.88797
-1.88859
-1.88972
-1.89033
-1.89086
-1.89148
-1.89262
-1.89318
-1.89371
-1.89483
-1.89537
-1.89591
-1.89645
-1.89752
-1.89804
-1.89853
-1.89908
-1.90019
-1.90076
-1.9013
-1.90185
-1.90293
-1.90347
-1.90401
-1.90504
-1.90556
-1.90607
-1.90658
-1.9076
-1.90816
-1.90868
-1.90924
-1.91029
-1.91077
-1.91131
-1.91229
-1.91274
-1.91325
-1.91372
-1.91469
-1.91525
-1.91573
-1.91623
-1.91716
-1.91765
-1.91811
-1.91859
-1.91948
-1.91991
-1.92032
-1.92114
-1.9216
-1.92196
-1.92239
-1.92318
-1.9236
-1.92399
-1.92443
-1.92523
-1.92561
-1.92596
-1.92639
-1.92708
-1.92747
-1.92779
-1.92853
-1.92888
-1.92917
-1.92954
-1.93025
-1.93063
-1.93098
-1.93134
-1.93203
-1.93238
-1.93268
-1.93302
-1.93365
-1.93395
-1.93428
-1.93489
-1.93519
-1.9355
-1.93572
-1.93633
-1.93658
-1.93686
-1.93711
-1.93763
-1.93793
-1.93819
-1.93844
-1.93896
-1.93914
-1.9394
-1.93985
-1.94014
-1.94032
-1.9405
-1.94096
-1.94116
-1.94137
-1.9415
-1.94193
-1.94211
-1.94227
-1.94238
-1.94266
-1.94282
-1.943
-1.94329
-1.94338
-1.94347
-1.94364
-1.9438
-1.94387
-1.94397
-1.94405
-1.9442
-1.94425
-1.94433
-1.94429
-1.94438
-1.9444
-1.94446
-1.94443
-1.9445
-1.94444
-1.94447
-1.94441
-1.94444
-1.94438
-1.94441
-1.94437
-1.94425
-1.94425
-1.94421
-1.94409
-1.94398
-1.94399
-1.94373
-1.94364
-1.94358
-1.94349
-1.94318
-1.94299
-1.94286
-1.94266
-1.94233
-1.94211
-1.94187
-1.94148
-1.9412
-1.94102
-1.94078
-1.94022
-1.93998
-1.93968
-1.9394
-1.93878
-1.93848
-1.93816
-1.93784
-1.93711
-1.93677
-1.9364
-1.93565
-1.93524
-1.93484
-1.93446
-1.93364
-1.9332
-1.93274
-1.93229
-1.93132
-1.93086
-1.9304
-1.92985
-1.92881
-1.92827
-1.92768
-1.92649
-1.92593
-1.9253
-1.9247
-1.92341
-1.9227
-1.92201
-1.92131
-1.9198
-1.91904
-1.91826
-1.91747
-1.91589
-1.91507
-1.91422
-1.91252
-1.91164
-1.91081
-1.90992
-1.90815
-1.90726
-1.90635
-1.90549
-1.90366
-1.9027
-1.90172
-1.90073
-1.89876
-1.89771
-1.89673
-1.89458
-1.89346
-1.89234
-1.89119
-1.88876
-1.88755
-1.88625
-1.88488
-1.88225
-1.88095
-1.87964
-1.87695
-1.87564
-1.87437
-1.87305
-1.87039
-1.86899
-1.86762
-1.86624
-1.86335
-1.86182
-1.86025
-1.85868
-1.85536
-1.85363
-1.85185
-1.84858
-1.84678
-1.84512
-1.84341
-1.84008
-1.83848
-1.83675
-1.83505
-1.83154
-1.82973
-1.82777
-1.82584
-1.82179
-1.81973
-1.81764
-1.81356
-1.81157
-1.8096
-1.80765
-1.80371
-1.80169
-1.79965
-1.79747
-1.79302
-1.7907
-1.78832
-1.78587
-1.78131
-1.7791
-1.7769
-1.77247
-1.77027
-1.76797
-1.76552
-1.76061
-1.75799
-1.75544
-1.75288
-1.74794
-1.74554
-1.74324
-1.73841
-1.7359
-1.73334
-1.73064
-1.72512
-1.72237
-1.71964
-1.71699
-1.71191
-1.70946
-1.70686
-1.70429
-1.69873
-1.69582
-1.69292
-1.68713
-1.68444
-1.68183
-1.67923
-1.67391
-1.67112
-1.66816
-1.66522
-1.65925
-1.65633
-1.6535
-1.6508
-1.64551
-1.64281
-1.63996
-1.634
-1.63099
-1.62797
-1.62505
-1.61949
-1.61686
-1.61413
-1.61139
-1.60558
-1.60256
-1.59957
-1.59655
-1.59084
-1.58812
-1.58548
-1.58011
-1.57731
-1.5745
-1.57148
-1.56555
-1.5627
-1.55996
-1.55729
-1.55244
-1.54965
-1.54692
-1.54206
-1.54038
-1.53915
-1.5385
-1.53835
-1.53848
-1.53845
-1.53843
-1.53875
-1.5392
-1.53984
-1.5406
-1.54233
-1.54323
-1.54411
-1.54578
-1.54664
-1.54744
-1.54828
-1.54991
-1.55069
-1.55151
-1.55227
-1.55388
-1.55464
-1.5554
-1.55615
-1.55778
-1.55853
-1.5593
-1.56085
-1.56165
-1.56243
-1.56324
-1.56487
-1.56564
-1.56641
-1.56722
-1.56877
-1.56959
-1.57029
-1.57108
-1.57262
-1.57342
-1.57417
-1.57561
-1.57634
-1.57713
-1.57786
-1.57926
-1.58
-1.58067
-1.58139
-1.58276
-1.58351
-1.58418
-1.5855
-1.58618
-1.58682
-1.58755
-1.58891
-1.58961
-1.59035
-1.591
-1.59239
-1.59309
-1.59377
-1.59443
-1.59585
-1.5965
-1.59721
-1.59864
-1.59928
-1.6
-1.60068
-1.60198
-1.60264
-1.60329
-1.60395
-1.60523
-1.60592
-1.60657
-1.60722
-1.60843
-1.60901
-1.60963
-1.61085
-1.61142
-1.61207
-1.61262
-1.61377
-1.61432
-1.61492
-1.61548
-1.61659
-1.61715
-1.61772
-1.61826
-1.61936
-1.61996
-1.6205
-1.62165
-1.62214
-1.62272
-1.62328
-1.62437
-1.62492
-1.62542
-1.626
-1.62705
-1.62758
-1.62814
-1.62867
-1.62972
-1.6303
-1.63076
-1.63182
-1.63229
-1.63279
-1.63325
-1.63425
-1.63474
-1.63523
-1.63568
-1.63667
-1.63714
-1.63764
-1.63856
-1.63898
-1.6394
-1.63979
-1.6407
-1.6411
-1.6415
-1.64192
-1.64269
-1.64311
-1.64355
-1.64391
-1.64472
-1.64504
-1.64548
-1.64622
-1.64657
-1.64695
-1.64725
-1.64797
-1.64834
-1.6487
-1.64904
-1.64972
-1.65005
-1.6504
-1.65077
-1.65143
-1.65174
-1.6521
-1.65275
-1.65303
-1.65332
-1.65366
-1.65423
-1.65454
-1.65482
-1.65512
-1.65567
-1.6559
-1.65617
-1.65669
-1.65702
-1.65724
-1.65748
-1.65798
-1.65824
-1.65844
-1.65873
-1.65915
-1.65938
-1.65957
-1.65979
-1.66021
-1.6604
-1.6606
-1.66099
-1.66113
-1.6613
-1.66144
-1.66181
-1.66198
-1.66211
-1.66223
-1.66253
-1.66264
-1.66277
-1.66291
-1.66312
-1.66321
-1.66334
-1.66355
-1.66363
-1.66373
-1.66383
-1.66398
-1.66401
-1.6641
-1.66412
-1.66427
-1.66433
-1.66434
-1.66437
-1.66447
-1.66442
-1.66447
-1.66448
-1.66454
-1.66453
-1.66453
-1.66452
-1.66454
-1.66455
-1.66454
-1.66453
-1.66446
-1.66447
-1.66451
-1.66441
-1.66439
-1.66431
-1.66423
-1.66417
-1.66411
-1.66405
-1.66392
-1.66385
-1.66369
-1.66366
-1.66348
-1.66342
-1.66322
-1.66309
-1.66283
-1.66266
-1.66255
-1.66225
-1.6621
-1.66194
-1.66176
-1.66146
-1.66125
-1.66109
-1.66088
-1.66052
-1.6603
-1.66009
-1.6597
-1.65951
-1.65929
-1.65902
-1.65853
-1.65836
-1.65811
-1.65787
-1.65738
-1.65712
-1.65688
-1.65659
-1.6561
-1.65582
-1.65559
-1.65503
-1.65476
-1.65445
-1.65418
-1.65365
-1.65331
-1.653
-1.65268
-1.65216
-1.65178
-1.65153
-1.65139
-1.65102
-1.65091
-1.65091
-1.65096
-1.65095
-1.65095
-1.65076
-1.64983
-1.64898
-1.648
-1.64682
-1.64444
-1.64323
-1.64204
-1.64081
-1.63832
-1.63697
-1.63562
-1.633
-1.63168
-1.63037
-1.62909
-1.62644
-1.62517
-1.62391
-1.62266
-1.6203
-1.61903
-1.61776
-1.61538
-1.61402
-1.61271
-1.6114
-1.60869
-1.60733
-1.60587
-1.60442
-1.60155
-1.60007
-1.59865
-1.5972
-1.59436
-1.59297
-1.59162
-1.58895
-1.58757
-1.58616
-1.58483
-1.58203
-1.5806
-1.57915
-1.57768
-1.57466
-1.5731
-1.57151
-1.56991
-1.56674
-1.56519
-1.56367
-1.56065
-1.55918
-1.55777
-1.5563
-1.55337
-1.55183
-1.55031
-1.54876
-1.54559
-1.54394
-1.54227
-1.53889
-1.53717
-1.53552
-1.53382
-1.5305
-1.52894
-1.52737
-1.52583
-1.52271
-1.52109
-1.51948
-1.51787
-1.51441
-1.5127
-1.5109
-1.50726
-1.50542
-1.50356
-1.50179
-1.49825
-1.49658
-1.49497
-1.49333
-1.48996
-1.48831
-1.48652
-1.48473
-1.48115
-1.47918
-1.47732
-1.47346
-1.47152
-1.46962
-1.46781
-1.46424
-1.46253
-1.46078
-1.45901
-1.45537
-1.45351
-1.45159
-1.44968
-1.44567
-1.44371
-1.44166
-1.4377
-1.43577
-1.43391
-1.43208
-1.42845
-1.42651
-1.42463
-1.4227
-1.41869
-1.41667
-1.41456
-1.41032
-1.40825
-1.40617
-1.40417
-1.40033
-1.39847
-1.39657
-1.39463
-1.39057
-1.38852
-1.38635
-1.38422
-1.37988
-1.37766
-1.37552
-1.37136
-1.36967
-1.36757
-1.36557
-1.36159
-1.35949
-1.35738
-1.35518
-1.35072
-1.34847
-1.34623
-1.34399
-1.33971
-1.33766
-1.33566
-1.33148
-1.32935
-1.32716
-1.32497
-1.3204
-1.31805
-1.31566
-1.31338
-1.3089
-1.30681
-1.30473
-1.30265
-1.29835
-1.29609
-1.29382
-1.28913
-1.28681
-1.28437
-1.28197
-1.2774
-1.27529
-1.27307
-1.27099
-1.26645
-1.26408
-1.26174
-1.25689
-1.25448
-1.252
-1.24959
-1.24502
-1.24285
-1.24065
-1.23842
-1.2338
-1.23141
-1.22894
-1.22651
-1.22147
-1.21896
-1.21654
-1.21188
-1.20972
-1.20751
-1.20513
-1.20029
-1.19788
-1.19543
-1.1929
-1.18783
-1.18533
-1.18294
-1.18064
-1.17609
-1.17377
-1.17133
-1.16637
-1.16381
-1.16122
-1.15861
-1.15351
-1.15116
-1.14886
-1.14658
-1.1418
-1.13936
-1.13685
-1.13426
-1.12911
-1.12645
-1.1239
-1.11897
-1.11666
-1.11434
-1.11202
-1.10704
-1.10446
-1.10195
-1.09933
-1.09401
-1.09143
-1.08894
-1.08424
-1.08192
-1.07941
-1.07693
-1.07178
-1.06919
-1.06656
-1.06389
-1.05868
-1.05619
-1.0538
-1.0515
-1.04656
-1.04404
-1.0414
-1.03618
-1.03348
-1.03086
-1.02821
-1.02335
-1.02104
-1.01861
-1.01614
-1.01099
-1.00838
-1.00576
-1.00336
-0.997844
-0.995342
-0.992911
-0.988134
-0.985679
-0.983129
-0.980591
-0.975346
-0.972652
-0.969934
-0.967288
-0.962247
-0.959828
-0.957446
-0.955015
-0.949951
-0.947364
-0.944718
-0.939401
-0.936743
-0.934133
-0.931583
-0.926781
-0.924362
-0.921848
-0.919322
-0.914113
-0.911419
-0.908761
-0.906067
-0.900882
-0.898536
-0.896105
-0.891243
-0.888741
-0.886238
-0.883604
-0.879533
-0.878228
-0.877474
-0.877102
-0.877031
-0.87715
-0.87715
-0.877174
-0.877186
-0.877258
-0.87727
-0.877342
-0.877294
-0.87739
-0.877425
-0.877414
-0.877462
-0.877509
-0.877509
-0.877558
-0.877581
-0.877665
-0.877773
-0.877785
-0.877809
-0.877797
-0.877809
-0.877845
-0.877857
-0.877833
-0.877833
-0.877809
-0.877809
-0.877809
-0.877833
-0.877809
-0.877833
-0.877845
-0.877821
-0.877809
-0.877821
-0.877833
-0.877845
-0.877868
-0.877821
-0.877833
-0.877845
-0.877821
-0.877797
-0.877809
-0.877821
-0.877845
-0.877809
-0.877857
-0.877833
-0.877821
-0.877833
-0.877857
-0.877821
-0.877845
-0.877857
-0.877857
-0.877833
-0.877845
-0.877809
-0.877845
-0.877833
-0.877833
-0.877857
-0.877845
-0.877833
-0.877857
-0.877845
-0.877868
-0.877833
-0.877857
-0.877857
-0.877845
-0.877857
-0.877857
-0.877821
-0.877845
-0.877845
-0.877821
-0.877845
-0.877821
-0.877845
-0.877833
-0.877845
-0.877845
-0.877857
-0.877845
-0.877821
-0.877857
-0.877857
-0.877868
-0.877857
-0.877833
-0.877821
-0.877833
-0.877845
-0.877868
-0.877857
-0.87788
-0.877845
-0.877833
-0.877893
-0.877857
-0.877833
-0.877868
-0.877857
-0.877857
-0.877857
-0.877857
-0.877868
-0.877845
-0.877857
-0.877845
-0.877857
-0.877868
-0.877845
-0.87788
-0.877868
-0.877857
-0.877868
-0.877868
-0.87788
-0.877857
-0.877857
-0.877868
-0.87788
-0.87788
-0.877833
-0.877905
-0.877868
-0.877833
-0.877845
-0.877857
-0.877893
-0.877893
-0.877893
-0.87788
-0.877845
-0.877893
-0.877893
-0.87788
-0.877857
-0.877905
-0.877857
-0.87788
-0.877868
-0.877845
-0.877833
-0.877833
-0.877893
-0.877845
-0.87788
-0.877845
-0.877821
-0.87788
-0.877868
-0.87788
-0.87788
-0.877893
-0.877809
-0.877905
-0.877893
-0.877868
-0.877905
-0.877857
-0.877857
-0.877857
-0.877868
-0.877868
-0.877857
-0.877868
-0.87788
-0.877868
-0.87788
-0.877868
-0.877905
-0.877917
-0.87788
-0.877857
-0.877905
-0.877905
-0.877868
-0.877905
-0.877868
-0.877893
-0.87788
-0.87788
-0.87788
-0.87788
-0.87788
-0.877868
-0.87788
-0.877868
-0.877893
-0.87788
-0.87788
-0.877893
-0.877893
-0.878276
-0.879138
-0.880563
-0.88479
-0.887292
-0.889879
-0.892453
-0.897386
-0.899769
-0.902283
-0.904893
-0.910341
-0.912628
-0.915406
-0.920627
-0.923165
-0.925632
-0.92811
-0.933068
-0.935654
-0.938288
-0.94103
-0.946262
-0.94886
-0.951375
-0.953865
-0.958786
-0.961289
-0.963744
-0.968952
-0.971647
-0.974305
-0.976951
-0.982063
-0.984577
-0.987092
-0.989535
-0.99442
-0.99697
-0.999521
-1.00219
-1.00758
-1.01019
-1.0127
-1.01768
-1.02014
-1.02258
-1.02507
-1.03006
-1.03266
-1.03537
-1.03801
-1.04318
-1.04569
-1.04818
-1.05065
-1.05557
-1.05799
-1.06049
-1.06572
-1.06839
-1.071
-1.07356
-1.07852
-1.08095
-1.08342
-1.08581
-1.09067
-1.09322
-1.09584
-1.09849
-1.10371
-1.10617
-1.10863
-1.11348
-1.11587
-1.11825
-1.12068
-1.12572
-1.12832
-1.13094
-1.13355
-1.13855
-1.14102
-1.14337
-1.14812
-1.1505
-1.15295
-1.15539
-1.16049
-1.16311
-1.16561
-1.16808
-1.17293
-1.17527
-1.17764
-1.18001
-1.18472
-1.18717
-1.18966
-1.19472
-1.19724
-1.19965
-1.20201
-1.20666
-1.20902
-1.21132
-1.21361
-1.21833
-1.22084
-1.22331
-1.22586
-1.23067
-1.233
-1.23531
-1.23988
-1.2421
-1.24435
-1.24663
-1.25131
-1.25377
-1.25618
-1.25861
-1.26329
-1.26563
-1.26784
-1.27231
-1.2745
-1.27669
-1.27897
-1.2836
-1.28592
-1.2883
-1.29068
-1.29491
-1.29725
-1.29946
-1.30159
-1.30589
-1.30806
-1.31024
-1.31474
-1.31712
-1.31946
-1.32177
-1.32614
-1.32836
-1.33049
-1.33261
-1.33677
-1.3388
-1.34098
-1.34314
-1.3476
-1.34986
-1.35213
-1.35647
-1.35858
-1.36065
-1.36267
-1.36673
-1.36879
-1.37081
-1.37288
-1.37711
-1.37928
-1.38153
-1.38577
-1.38787
-1.38991
-1.39192
-1.39592
-1.39787
-1.39979
-1.40178
-1.40573
-1.4078
-1.40983
-1.41201
-1.41619
-1.41822
-1.42018
-1.42409
-1.42597
-1.42784
-1.42972
-1.43345
-1.43535
-1.43722
-1.43923
-1.44323
-1.44524
-1.44722
-1.44913
-1.45288
-1.45475
-1.45663
-1.46019
-1.46198
-1.46376
-1.46563
-1.46935
-1.47119
-1.47311
-1.47503
-1.47883
-1.48063
-1.48247
-1.48427
-1.48772
-1.48945
-1.49119
-1.49452
-1.49621
-1.49797
-1.49971
-1.50326
-1.50505
-1.50692
-1.50869
-1.51226
-1.51392
-1.51558
-1.51889
-1.52051
-1.52212
-1.52368
-1.5269
-1.52846
-1.53013
-1.53169
-1.53509
-1.53679
-1.53851
-1.54014
-1.5435
-1.54508
-1.54663
-1.54972
-1.55123
-1.55274
-1.55421
-1.55713
-1.55861
-1.56013
-1.56164
-1.56471
-1.56627
-1.56791
-1.56944
-1.57254
-1.57407
-1.57559
-1.57852
-1.57994
-1.58139
-1.58279
-1.58554
-1.58695
-1.5883
-1.58974
-1.59251
-1.59394
-1.59533
-1.59677
-1.59973
-1.60116
-1.60259
-1.60543
-1.60683
-1.60817
-1.60948
-1.61213
-1.61342
-1.6147
-1.61594
-1.61844
-1.61969
-1.62098
-1.62351
-1.62479
-1.62602
-1.62736
-1.63007
-1.63135
-1.63268
-1.63395
-1.63647
-1.63773
-1.639
-1.6402
-1.64254
-1.64372
-1.64483
-1.64714
-1.64827
-1.64926
-1.64999
-1.65091
-1.65109
-1.65103
-1.65101
-1.65098
-1.65101
-1.65148
-1.65256
-1.65633
-1.65919
-1.66254
-1.66948
-1.67276
-1.67585
-1.67888
-1.68503
-1.68818
-1.69159
-1.69509
-1.70193
-1.7052
-1.70833
-1.71146
-1.71772
-1.721
-1.72445
-1.73141
-1.73482
-1.73805
-1.74124
-1.74748
-1.75065
-1.75408
-1.75758
-1.7646
-1.76799
-1.77119
-1.77744
-1.78071
-1.78408
-1.78758
-1.79466
-1.79804
-1.80132
-1.80451
-1.81056
-1.81401
-1.81744
-1.821
-1.82809
-1.83142
-1.83461
-1.84096
-1.84425
-1.84767
-1.85127
-1.85846
-1.8619
-1.86519
-1.86841
-1.87479
-1.8782
-1.88172
-1.88532
-1.89235
-1.8957
-1.89888
-1.90537
-1.9088
-1.91235
-1.91599
-1.92308
-1.9264
-1.92961
-1.9328
-1.93946
-1.94293
-1.94658
-1.95021
-1.95713
-1.96034
-1.96354
-1.9701
-1.97359
-1.97726
-1.98092
-1.98791
-1.99117
-1.99435
-1.99758
-2.00437
-2.00786
-2.01155
-2.01854
-2.02179
-2.02503
-2.02826
-2.035
-2.03852
-2.04217
-2.0457
-2.05245
-2.05558
-2.05874
-2.06199
-2.0688
-2.07238
-2.07592
-2.08255
-2.0857
-2.08878
-2.09195
-2.09857
-2.10205
-2.10554
-2.10895
-2.11543
-2.11847
-2.12153
-2.12459
-2.13114
-2.1345
-2.13791
-2.14436
-2.14743
-2.15045
-2.15341
-2.15964
-2.16283
-2.16612
-2.16943
-2.17563
-2.17853
-2.18136
-2.18433
-2.19022
-2.19329
-2.19642
-2.20274
-2.20572
-2.20858
-2.21135
-2.21682
-2.21966
-2.22254
-2.22552
-2.2313
-2.23422
-2.23696
-2.23967
-2.2449
-2.24752
-2.25017
-2.25561
-2.25834
-2.26114
-2.26385
-2.26904
-2.27154
-2.27395
-2.2763
-2.28115
-2.28359
-2.2861
-2.29108
-2.29361
-2.29606
-2.29839
-2.30285
-2.30495
-2.30706
-2.30918
-2.31341
-2.31558
-2.31775
-2.31995
-2.32431
-2.32641
-2.32845
-2.33228
-2.33414
-2.33591
-2.33764
-2.34122
-2.34295
-2.3447
-2.34648
-2.35002
-2.35172
-2.35348
-2.35514
-2.35843
-2.35997
-2.36145
-2.36425
-2.36562
-2.36695
-2.36821
-2.37078
-2.37207
-2.37329
-2.37458
-2.37697
-2.37819
-2.37933
-2.38046
-2.38275
-2.38384
-2.3849
-2.38695
-2.38796
-2.38886
-2.38979
-2.3914
-2.3922
-2.39294
-2.39367
-2.39507
-2.39571
-2.39633
-2.39693
-2.39808
-2.3986
-2.39909
-2.40007
-2.40052
-2.40092
-2.40133
-2.40212
-2.40247
-2.40278
-2.40305
-2.4036
-2.40387
-2.40408
-2.40454
-2.40468
-2.40485
-2.40495
-2.40508
-2.40517
-2.4052
-2.40521
-2.40517
-2.40515
-2.40509
-2.4051
-2.40489
-2.40478
-2.40466
-2.40444
-2.40424
-2.40403
-2.40386
-2.40346
-2.4032
-2.40292
-2.40271
-2.40205
-2.40172
-2.4014
-2.40109
-2.40031
-2.3999
-2.39953
-2.39861
-2.39813
-2.39775
-2.39725
-2.39625
-2.39579
-2.39527
-2.39473
-2.39364
-2.39303
-2.39249
-2.3919
-2.39072
-2.3901
-2.3895
-2.38826
-2.38759
-2.38689
-2.38617
-2.3847
-2.38402
-2.38329
-2.38261
-2.38126
-2.38052
-2.37976
-2.37904
-2.37756
-2.3768
-2.37607
-2.37466
-2.37398
-2.37325
-2.37255
-2.3711
-2.37035
-2.36954
-2.36875
-2.36718
-2.36642
-2.36566
-2.36487
-2.36324
-2.36244
-2.3616
-2.35992
-2.35903
-2.35819
-2.35734
-2.3556
-2.3547
-2.35379
-2.35288
-2.35112
-2.35022
-2.34932
-2.34751
-2.3466
-2.34574
-2.34488
-2.34319
-2.34239
-2.34154
-2.34069
-2.33902
-2.33818
-2.33734
-2.33643
-2.33471
-2.33381
-2.33292
-2.33114
-2.3302
-2.32935
-2.32842
-2.32666
-2.32577
-2.32481
-2.32385
-2.32189
-2.32093
-2.31997
-2.31904
-2.31723
-2.31628
-2.31535
-2.31364
-2.31273
-2.31186
-2.31101
-2.30935
-2.30848
-2.3076
-2.3067
-2.30495
-2.30406
-2.30321
-2.30143
-2.30053
-2.29961
-2.29867
-2.29688
-2.29598
-2.29514
-2.29418
-2.2923
-2.29131
-2.29037
-2.28938
-2.28753
-2.28664
-2.28571
-2.28388
-2.28298
-2.28208
-2.28124
-2.27958
-2.27877
-2.27793
-2.277
-2.27531
-2.27445
-2.27354
-2.27273
-2.27101
-2.27014
-2.26924
-2.26753
-2.26664
-2.26576
-2.26486
-2.26312
-2.26221
-2.26131
-2.26034
-2.25846
-2.25755
-2.25669
-2.25579
-2.25396
-2.25308
-2.25216
-2.25053
-2.24964
-2.24884
-2.24802
-2.24639
-2.24554
-2.24472
-2.24392
-2.24218
-2.24137
-2.24052
-2.23886
-2.23799
-2.23715
-2.23629
-2.23454
-2.23371
-2.23284
-2.23196
-2.23021
-2.22927
-2.22838
-2.22744
-2.22573
-2.22484
-2.22406
-2.22229
-2.2214
-2.2206
-2.21976
-2.2182
-2.21741
-2.21658
-2.2158
-2.2142
-2.21342
-2.21258
-2.21178
-2.21017
-2.20938
-2.20857
-2.20693
-2.20609
-2.20525
-2.20443
-2.20275
-2.20196
-2.20113
-2.20028
-2.1985
-2.19762
-2.19675
-2.19592
-2.19424
-2.19336
-2.19255
-2.19085
-2.19003
-2.18925
-2.18842
-2.18691
-2.18616
-2.18543
-2.18465
-2.1831
-2.18234
-2.18155
-2.18074
-2.17924
-2.17843
-2.17767
-2.17606
-2.17535
-2.17454
-2.1737
-2.17214
-2.17128
-2.1705
-2.16974
-2.16811
-2.16722
-2.16638
-2.16557
-2.1639
-2.16312
-2.16231
-2.16074
-2.15994
-2.15912
-2.15836
-2.15688
-2.15611
-2.15539
-2.15466
-2.15318
-2.15246
-2.15177
-2.15098
-2.14947
-2.14875
-2.14801
-2.14652
-2.14575
-2.145
-2.14431
-2.14268
-2.142
-2.14119
-2.14039
-2.13886
-2.13816
-2.13736
-2.13656
-2.13494
-2.13419
-2.13338
-2.13186
-2.13112
-2.13038
-2.12961
-2.12815
-2.12738
-2.12663
-2.12592
-2.12453
-2.12383
-2.12314
-2.12245
-2.12107
-2.12036
-2.11963
-2.11827
-2.11755
-2.11679
-2.11609
-2.11471
-2.11394
-2.11327
-2.11249
-2.11109
-2.11034
-2.10959
-2.10888
-2.10738
-2.10667
-2.10593
-2.10443
-2.10367
-2.10289
-2.10216
-2.1007
-2.10001
-2.09927
-2.09857
-2.09713
-2.09641
-2.09575
-2.09437
-2.09372
-2.09298
-2.09236
-2.09102
-2.09036
-2.08971
-2.08906
-2.08774
-2.0871
-2.08643
-2.08575
-2.08443
-2.08379
-2.08312
-2.08171
-2.08111
-2.08035
-2.0797
-2.07832
-2.07771
-2.07702
-2.0763
-2.07491
-2.0742
-2.07352
-2.07281
-2.07139
-2.07074
-2.07005
-2.06877
-2.0681
-2.0674
-2.06668
-2.06538
-2.06475
-2.0641
-2.06342
-2.06217
-2.06157
-2.06097
-2.05972
-2.05911
-2.05849
-2.05788
-2.05668
-2.05606
-2.05554
-2.05493
-2.05364
-2.05302
-2.05241
-2.05182
-2.05056
-2.0499
-2.04928
-2.04802
-2.04742
-2.04672
-2.04611
-2.04487
-2.04424
-2.04363
-2.04297
-2.04166
-2.041
-2.04037
-2.03976
-2.03849
-2.03791
-2.03734
-2.03612
-2.03548
-2.03491
-2.0343
-2.03306
-2.0325
-2.03193
-2.03139
-2.03021
-2.0297
-2.02906
-2.02852
-2.0274
-2.02687
-2.02627
-2.02517
-2.02463
-2.02406
-2.02352
-2.02244
-2.02184
-2.0213
-2.02074
-2.0196
-2.01905
-2.01845
-2.01733
-2.01674
-2.01615
-2.01561
-2.01448
-2.01389
-2.0133
-2.01275
-2.01162
-2.01105
-2.01049
-2.00991
-2.00879
-2.00816
-2.00765
-2.00655
-2.00606
-2.00548
-2.00498
-2.0039
-2.00336
-2.00282
-2.00232
-2.00129
-2.00077
-2.00025
-1.99971
-1.99873
-1.99822
-1.99772
-1.9967
-1.99625
-1.99576
-1.99526
-1.99428
-1.9938
-1.99332
-1.99283
-1.99187
-1.99135
-1.99086
-1.99034
-1.98938
-1.98888
-1.98845
-1.98742
-1.9869
-1.98637
-1.9859
-1.98489
-1.98438
-1.98388
-1.98343
-1.98244
-1.98195
-1.98141
-1.98093
-1.98
-1.97943
-1.97899
-1.97805
-1.97749
-1.97706
-1.97659
-1.97567
-1.9752
-1.9748
-1.97435
-1.97337
-1.9729
-1.97249
-1.97204
-1.97114
-1.97073
-1.97031
-1.96944
-1.96904
-1.96856
-1.96815
-1.96726
-1.96684
-1.96641
-1.96601
-1.96519
-1.96477
-1.96437
-1.96354
-1.96316
-1.96276
-1.96233
-1.96153
-1.96112
-1.96073
-1.96029
-1.95949
-1.95911
-1.95872
-1.95833
-1.95748
-1.95707
-1.95665
-1.95584
-1.95542
-1.955
-1.95457
-1.95379
-1.95338
-1.95295
-1.9525
-1.95172
-1.95135
-1.95099
-1.95056
-1.94978
-1.94938
-1.94896
-1.9482
-1.94783
-1.9474
-1.947
-1.94629
-1.94593
-1.94569
-1.94554
-1.9455
-1.94554
-1.94562
-1.94571
-1.94574
-1.94571
-1.94571
-1.94571
-1.94572
-1.94573
-1.94567
-1.94567
-1.94571
-1.94573
-1.94572
-1.94569
-1.94574
-1.94569
-1.94569
-1.94573
-1.94569
-1.94569
-1.94571
-1.94572
-1.94571
-1.94571
-1.94574
-1.94568
-1.94571
-1.94571
-1.94571
-1.94572
-1.94568
-1.94571
-1.94573
-1.94572
-1.94573
-1.94572
-1.94569
-1.94571
-1.94569
-1.94573
-1.94566
-1.94572
-1.94573
-1.94571
-1.94572
-1.94571
-1.94574
-1.94571
-1.94571
-1.94574
-1.94573
-1.94569
-1.94573
-1.94571
-1.94573
-1.94574
-1.94572
-1.94568
-1.94572
-1.94574
-1.94571
-1.94571
-1.94572
-1.94572
-1.94572
-1.94571
-1.94571
-1.94572
-1.94572
-1.94571
-1.94569
-1.94573
-1.94575
-1.94574
-1.94573
-1.94573
-1.94568
-1.94572
-1.94573
-1.94571
-1.94572
-1.94572
-1.94571
-1.94572
-1.94573
-1.94571
-1.94573
-1.94571
-1.94569
-1.94572
-1.94571
-1.94572
-1.94571
-1.94571
-1.94573
-1.94578
-1.94568
-1.94572
-1.94573
-1.94569
-1.94568
-1.94569
-1.94571
-1.94571
-1.94573
-1.94569
-1.94571
-1.94572
-1.94573
-1.94572
-1.94572
-1.94571
-1.94571
-1.94572
-1.94572
-1.94574
-1.94572
-1.94572
-1.94571
-1.94574
-1.94571
-1.94572
-1.94571
-1.94572
-1.94568
-1.94572
-1.94571
-1.94572
-1.94577
-1.94568
-1.94573
-1.94574
-1.94571
-1.94573
-1.94571
-1.94571
-1.94574
-1.94572
-1.94573
-1.94575
-1.94574
-1.94573
-1.94574
-1.94571
-1.94571
-1.94571
-1.94569
-1.94571
-1.94569
-1.94571
-1.94573
-1.94571
-1.94572
-1.94574
-1.94572
-1.94574
-1.94572
-1.94571
-1.94575
-1.94572
-1.94574
-1.94573
-1.94574
-1.94573
-1.94572
-1.94572
-1.94568
-1.94571
-1.94572
-1.94572
-1.94571
-1.94572
-1.94574
-1.94571
-1.94573
-1.94573
-1.94572
-1.94572
-1.94568
-1.94571
-1.94571
-1.94572
-1.94574
-1.94573
-1.94573
-1.94575
-1.94571
-1.94572
-1.94572
-1.94572
-1.94574
-1.94573
-1.94571
-1.94572
-1.94572
-1.94572
-1.94569
-1.94574
-1.94573
-1.94573
-1.94572
-1.94574
-1.94572
-1.94572
-1.94572
-1.94572
-1.94577
-1.94572
-1.94573
-1.94571
-1.94571
-1.94571
-1.94572
-1.94569
-1.94574
-1.94575
-1.94569
-1.94571
-1.94571
-1.94573
-1.94574
-1.94568
-1.94573
-1.94572
-1.94572
-1.94574
-1.94571
-1.94569
-1.94571
-1.94577
-1.94568
-1.94574
-1.94574
-1.94572
-1.94575
-1.94571
-1.94573
-1.94573
-1.94568
-1.94574
-1.94572
-1.94574
-1.94574
-1.94571
-1.94572
-1.94573
-1.94574
-1.94573
-1.94572
-1.94573
-1.94573
-1.94574
-1.94568
-1.94571
-1.94572
-1.94572
-1.94572
-1.94574
-1.94571
-1.94573
-1.94572
-1.94571
-1.94569
-1.94571
-1.94571
-1.94573
-1.94572
-1.94573
-1.94568
-1.94571
-1.94571
-1.94572
-1.94571
-1.94571
-1.94571
-1.94572
-1.94572
-1.94572
-1.94575
-1.94574
-1.94571
-1.94577
-1.94574
-1.94572
-1.94571
-1.94573
-1.94574
-1.94569
-1.94569
-1.94572
-1.94569
-1.94571
-1.94575
-1.94571
-1.94575
-1.94575
-1.94572
-1.94574
-1.94571
-1.94571
-1.94573
-1.94574
-1.94571
-1.94569
-1.94572
-1.94574
-1.94572
-1.94574
-1.94573
-1.94569
-1.94569
-1.94572
-1.94573
-1.94568
-1.94571
-1.94571
-1.94572
-1.94573
-1.94571
-1.94578
-1.94571
-1.94568
-1.94573
-1.94573
-1.94573
-1.94573
-1.94569
-1.94573
-1.94571
-1.94577
-1.94572
-1.94573
-1.94575
-1.94569
-1.94575
-1.94574
-1.94571
-1.94573
-1.94571
-1.94574
-1.94574
-1.94574
-1.94573
-1.94569
-1.94572
-1.94572
-1.94571
-1.94572
-1.94569
-1.94572
-1.94572
-1.94574
-1.94573
-1.94573
-1.94572
-1.94573
-1.94572
-1.94571
-1.94575
-1.94572
-1.94571
-1.94572
-1.94572
-1.94575
-1.94572
-1.94573
-1.94572
-1.94572
-1.94573
-1.94572
-1.94573
-1.94572
-1.94574
-1.94572
-1.94574
-1.94573
-1.94572
-1.94571
-1.94572
-1.94572
-1.94573
