-9.44407e-05
-7.49791e-05
-5.96492e-05
-4.00579e-05
-0.000150053
-4.16161e-05
-1.41092e-05
-5.27534e-05
-6.37222e-05
-2.20503e-05
-2.17298e-05
-2.95287e-05
-0.000105278
-7.03205e-05
-8.97899e-05
-4.77095e-05
-0.000104472
-4.84272e-05
-7.92682e-05
-4.94006e-05
-7.11677e-05
-0.000109374
-4.79081e-05
-4.53434e-05
-7.48917e-06
-4.80477e-05
-7.89083e-05
-7.79001e-05
-4.48531e-05
-3.36631e-05
-5.90927e-05
-9.51725e-06
-2.46682e-05
1.44756e-05
-1.89819e-05
-6.00093e-05
-4.27137e-05
3.71583e-05
-3.72734e-05
-7.09665e-05
-5.24309e-05
-8.90453e-05
-5.24309e-05
-2.51614e-05
-5.91536e-05
-7.1742e-05
-5.66635e-05
-4.0454e-05
-0.000110465
-9.79211e-06
-7.43399e-05
-0.00014323
-7.1742e-05
-5.17828e-05
-6.41782e-05
-6.69315e-05
5.41052e-06
-9.39517e-05
-8.5878e-05
-7.37771e-05
-9.21664e-06
-5.86185e-05
-4.72667e-05
-9.8392e-05
-0.000100826
-0.000100581
-3.4379e-05
-5.58641e-05
-8.31719e-05
-6.3914e-05
-4.10413e-05
-8.27805e-05
-8.64409e-05
-6.29476e-05
-4.45594e-05
-0.000108764
-9.39517e-05
-6.41679e-05
-9.06625e-05
-5.18004e-05
-7.89619e-05
-9.64073e-05
-7.14037e-05
-8.18589e-05
-6.9615e-05
-5.66913e-05
-4.88379e-05
-3.66419e-05
-8.60985e-05
-2.54115e-05
-0.00010865
-5.12835e-05
-4.72667e-05
-4.13526e-05
-2.51533e-05
-3.71009e-05
-1.15284e-05
-3.24581e-05
-8.72966e-05
-9.30931e-05
2.61717e-05
-4.51905e-05
2.06237e-05
-3.6134e-05
-3.35673e-05
-5.50143e-05
-5.14448e-05
-4.2447e-05
-6.31251e-05
-5.17764e-05
-2.09313e-05
-0.000105497
-4.16871e-05
-9.7968e-05
-4.07272e-05
-2.57853e-05
-8.16307e-05
-5.40887e-05
-4.47691e-05
-6.67981e-05
-9.93404e-06
-6.46561e-05
1.9484e-05
-9.38187e-05
-8.21492e-05
-3.38682e-05
-3.02403e-05
-4.05371e-05
-3.15743e-06
-4.78407e-05
-2.01085e-06
-0.000123803
-5.20993e-05
-3.6459e-05
-2.12653e-05
-7.46865e-05
-3.73645e-05
-0.000120555
-0.000126997
1.15638e-05
-7.15756e-05
-0.000125542
-0.000146727
-3.61714e-05
-7.09038e-05
-1.75956e-05
-3.80605e-05
-7.07373e-05
-2.16034e-05
-2.57806e-05
-0.000108556
-4.82723e-05
-2.2129e-05
-1.46846e-05
-3.68609e-05
-2.1529e-05
-2.57982e-05
-4.72099e-05
-8.70693e-05
-5.59827e-05
-4.13487e-05
4.96775e-06
3.51725e-05
-9.68543e-06
-2.63055e-05
-0.000104432
-5.90183e-05
-0.000108425
4.30004e-06
-7.92313e-05
-9.29396e-05
-3.09592e-05
-2.25302e-05
-2.62686e-05
-8.17579e-05
-4.81221e-05
-0.000109413
-1.09835e-05
-3.64815e-05
-0.000113357
-5.2243e-05
-9.89268e-06
-8.95124e-05
-3.62871e-05
-6.97574e-05
-1.8567e-05
-0.000109282
-6.40737e-05
-4.48434e-05
-8.24132e-05
-8.63489e-05
-2.4713e-05
-6.33777e-05
-4.82723e-05
-3.67491e-05
-9.92158e-06
-9.30776e-05
-5.15759e-05
-6.24545e-05
-4.44875e-05
-6.62422e-05
-4.39043e-05
-5.98766e-05
-2.23429e-05
-6.31028e-05
-7.11966e-05
-0.000116309
-4.5472e-05
-0.000126887
-4.8536e-05
-4.02021e-05
-4.71987e-05
-9.66145e-05
-9.37898e-05
-3.45861e-05
-4.84624e-05
2.80133e-07
-5.30109e-05
1.96762e-05
-9.3958e-05
4.23257e-06
-7.38311e-05
-8.50903e-05
-9.77545e-05
-6.82476e-05
-5.85008e-05
-6.74592e-05
-1.82919e-05
-7.83427e-05
-7.04806e-05
-2.57062e-05
-5.23452e-05
-7.11789e-05
-9.25205e-05
-7.11966e-05
-2.22118e-05
-3.09592e-05
-2.19345e-05
-5.4724e-05
-4.4206e-05
-5.92847e-05
-7.42395e-05
-4.40531e-05
-7.14605e-05
2.558e-05
0.000179746
0.000223706
9.53358e-05
0.000117784
-0.000102456
-0.000172864
-0.000231558
-9.02545e-05
-7.90632e-05
0.000127002
0.000199423
0.000329892
0.000290618
0.000457412
0.000481705
0.0004156
0.000544867
0.000380791
0.000452825
0.000276923
0.00022667
0.000283628
4.78761e-05
9.68375e-05
-8.33835e-06
-0.000101569
-2.95338e-05
-8.22151e-07
-4.10755e-06
0.000115957
0.000277705
0.000247461
0.000431218
0.000371924
0.000351977
0.00043644
0.000420937
0.00042935
0.000397743
0.000481098
0.000246311
0.000326123
0.000291035
0.000138627
-4.67207e-06
-7.36664e-05
-0.00016974
-0.000115354
-0.00013897
-0.000137749
8.54916e-05
1.15964e-05
7.06048e-05
0.000169518
0.00014838
0.000270196
0.000326912
0.000291986
0.000347267
0.000267933
0.000203675
0.000279826
0.000284832
6.89638e-05
-1.47117e-05
-3.51623e-06
-9.19012e-05
-3.98983e-05
4.62871e-05
-1.25501e-05
0.000147177
0.000172667
0.000204793
0.000293632
0.000300774
0.000232649
0.000387014
0.000315681
0.000273254
0.000330853
0.000166488
9.19252e-05
3.03925e-05
-3.61352e-05
-0.000103429
-0.000133193
-0.000205413
-0.000334454
-0.000155563
-8.36727e-05
-7.56589e-06
-1.8427e-05
0.00017208
6.89576e-05
0.000133901
0.000276788
0.000235264
0.000275845
0.000355861
0.000318074
0.000151092
0.000204166
0.000131052
-2.19067e-05
-5.97085e-05
-9.16907e-05
-6.32506e-05
-5.1409e-05
-0.000100823
-4.84692e-05
6.71147e-05
4.51556e-05
0.000136752
0.000237438
0.000260457
0.00011592
0.000185518
0.000185824
9.98594e-05
0.000196144
0.000176668
2.42837e-05
3.06168e-05
-1.02228e-06
-6.49748e-05
2.0783e-05
7.81313e-05
-1.0963e-05
6.30661e-05
0.0001466
0.000245386
0.000222562
0.000169613
9.95672e-05
0.000107914
7.0682e-05
9.04038e-05
0.000108989
-9.76524e-06
-2.88687e-05
-3.99064e-05
-0.000205875
-0.000124285
-5.10017e-05
-0.000117466
9.43817e-05
0.000122807
0.000132429
0.000179957
0.000357063
0.000290168
0.000276519
0.000329421
0.000174355
0.000174215
0.000206482
3.42083e-05
-7.52471e-06
1.8862e-05
-5.95884e-05
-6.8329e-05
-0.000113553
-2.85093e-06
-7.9566e-06
3.61729e-05
0.0001125
0.000211327
0.000209791
0.000216753
0.000312603
0.000267579
0.000179355
0.000185371
0.000225016
0.000138236
5.87128e-05
-9.89166e-06
-0.000141722
-9.73585e-05
-8.11787e-06
-5.62414e-06
-4.90306e-05
0.000123942
0.000188785
0.000112429
0.000175468
0.000182001
0.000201711
0.000143047
0.000181413
0.000170357
6.58118e-05
1.3024e-05
-2.16714e-06
-3.91048e-05
-4.41899e-05
-0.000110619
-2.32775e-05
-2.29998e-05
4.97973e-05
0.000117715
8.47673e-05
5.56662e-05
0.000142072
0.000185495
9.91671e-05
0.000157879
0.000229025
5.94136e-05
6.46028e-05
-2.50761e-05
-1.0596e-05
-0.000147808
-9.41469e-05
-2.87129e-05
-2.76317e-05
-8.23221e-05
7.20929e-05
6.34958e-05
4.35864e-05
8.88735e-05
0.000173502
4.21671e-05
9.59725e-05
0.000117011
9.27992e-05
3.84774e-05
-5.35931e-05
-1.38899e-05
1.10833e-06
-7.41417e-05
3.47164e-05
0.00010022
0.000153287
0.000132647
0.000196799
0.000216287
0.000235112
0.000152886
0.000212956
0.000185649
9.63146e-05
7.12693e-05
5.96816e-05
-6.2698e-06
-6.71482e-05
4.487e-05
8.96682e-05
7.74504e-05
0.000152531
0.000214912
0.000208194
8.07121e-05
0.000134391
0.00013724
7.81613e-05
-2.60309e-06
3.6126e-05
-4.92046e-06
-7.43877e-05
-7.11891e-05
-4.68585e-05
3.20656e-05
8.8131e-05
6.25472e-05
0.000114332
6.82196e-05
0.000138742
9.10869e-05
3.52627e-06
9.93199e-06
6.01465e-05
-3.13477e-05
-2.50859e-05
-3.46028e-05
-5.18363e-05
-1.28058e-05
4.09294e-05
4.36392e-05
0.000107343
8.54375e-05
0.000112959
0.000138662
1.92227e-05
4.01589e-06
7.43708e-05
8.45688e-05
-9.1455e-05
-2.17817e-05
-3.99886e-06
-2.60134e-05
-5.8168e-06
-5.72381e-06
1.24384e-05
9.15633e-05
0.000108184
8.81093e-05
3.38687e-05
8.98836e-05
0.000119869
0.000127702
2.88568e-05
7.77554e-05
7.36308e-05
7.30288e-05
-1.24145e-06
9.87471e-05
0.000107691
7.10785e-05
0.000137616
0.000117374
0.000133667
5.27602e-05
2.45791e-05
7.67892e-05
7.01282e-05
0.000102189
8.66497e-05
0.000133169
-1.99563e-05
0.000111656
0.000115127
0.000155785
0.000117319
0.000150256
0.000199992
0.000227275
0.000107538
0.000184481
0.000176529
0.000134913
9.39501e-05
0.000106966
0.000127049
0.000106383
0.000179019
0.000151733
8.9226e-05
0.000121663
5.70213e-05
8.9336e-05
0.000142459
0.000120682
1.57115e-05
5.00029e-05
4.16799e-05
1.69084e-05
5.90328e-05
7.23131e-05
0.000107076
2.37203e-05
5.47365e-05
8.84944e-05
0.000124339
2.46444e-05
5.89309e-05
0.000130452
0.000120393
6.90469e-05
5.64695e-05
0.000119554
0.000162529
7.8108e-05
9.01721e-05
0.000112684
0.000204275
0.000131054
0.000141405
0.000114939
0.000125915
7.28471e-05
2.28054e-05
2.89648e-05
0.000130697
8.69994e-05
4.72019e-05
5.98194e-05
0.000150385
9.17673e-05
8.23695e-05
8.44841e-05
8.70215e-05
3.40847e-05
-1.89211e-05
6.31142e-05
0.000117157
0.000118969
9.22134e-05
0.000132223
7.36862e-05
0.000104656
-3.51444e-05
-8.97893e-05
-8.35553e-05
-9.01423e-05
-3.24936e-05
-9.72002e-06
3.17542e-05
1.83537e-05
1.97975e-05
-2.24322e-05
3.42196e-05
-3.93938e-05
-4.41826e-05
-6.58272e-05
-9.5478e-05
-0.000121939
-0.000145122
-0.000215029
-0.000164989
-0.000229843
-0.000216573
-0.000249054
-0.000260073
-0.000315189
-0.000281108
-0.000297809
-0.000350469
-0.000269894
-0.000246138
-0.000273242
-0.000225607
-0.000227252
-0.000173315
-0.000181723
-0.000120991
-0.000179575
-0.00020802
-0.000125141
-0.000193618
-0.000141891
-0.000155032
-0.000183022
-0.000127961
-6.97762e-05
-0.000140458
-0.000140339
-0.000154411
-9.16453e-05
-2.61626e-05
-0.000104801
-5.23036e-05
-0.000111021
-7.38959e-05
-0.000108572
-8.17826e-05
-4.73098e-05
-9.05666e-05
-5.71472e-05
-0.000153183
-0.000122317
-0.000144084
-7.06232e-05
-5.45448e-05
1.50025e-05
-8.8219e-05
-8.75026e-05
-0.000118175
-6.05215e-05
-6.10677e-05
-6.60728e-05
-9.49735e-05
-4.95793e-05
-5.75575e-05
-1.48857e-05
1.45572e-05
-8.25858e-06
-9.57963e-06
-2.19653e-05
-2.18386e-05
-8.50157e-05
-4.87157e-05
-6.40237e-05
-5.80402e-05
-5.03382e-05
-5.9128e-05
-4.70787e-05
-7.49706e-05
-6.02535e-06
1.98524e-05
-3.58142e-05
1.81597e-05
3.23412e-05
5.46356e-06
1.30039e-05
2.87589e-05
-1.49965e-05
5.43836e-05
1.81577e-05
-6.0661e-05
2.83287e-06
-6.54484e-05
-8.15237e-05
-2.70441e-05
-5.56023e-05
-3.22902e-05
-1.46548e-05
1.6981e-05
-4.2379e-05
1.92951e-06
-0.000106297
-0.000109183
-7.97942e-05
9.76432e-06
-4.85956e-05
-2.77604e-05
-5.69507e-05
-9.03972e-05
-0.000108784
-8.85904e-05
-8.36182e-05
-8.36597e-05
-2.36784e-06
1.16384e-05
1.98195e-05
6.28208e-05
5.62773e-05
2.22862e-05
2.9898e-05
7.53402e-05
3.92396e-05
6.12518e-05
7.53706e-05
2.98867e-05
3.84918e-05
-5.60521e-05
8.45268e-07
1.97053e-05
-3.43399e-05
2.24815e-06
8.80615e-05
4.5268e-05
-1.41451e-06
-8.37659e-06
-6.44102e-05
-4.03778e-05
-1.04667e-05
-3.68136e-05
1.57094e-05
-3.14353e-06
3.10544e-05
-5.00035e-06
-3.09812e-06
-2.1243e-05
-3.88247e-05
-1.01138e-05
-7.44675e-05
1.84014e-05
2.15861e-05
2.99964e-06
-1.50173e-05
1.96166e-05
2.17938e-05
-3.71936e-05
-3.73241e-05
-6.83494e-05
-1.6709e-05
2.04874e-05
-4.42661e-05
1.56184e-05
5.55743e-05
1.3306e-05
6.3769e-05
4.87272e-07
5.20667e-05
4.37841e-05
-7.68213e-06
2.95153e-05
2.50437e-05
2.57519e-05
2.48602e-05
8.82131e-06
1.8113e-05
3.53984e-06
-1.92004e-05
1.0828e-05
1.66435e-06
-3.16052e-05
1.67745e-05
1.07372e-05
1.87393e-05
2.62286e-06
1.39002e-05
2.40908e-05
-5.09795e-05
1.05929e-05
-6.33063e-05
-2.98413e-05
-6.39283e-05
-3.81098e-05
5.06084e-06
1.13136e-05
5.5023e-06
1.45197e-05
1.60862e-05
-3.19654e-05
2.73821e-05
-5.96718e-05
1.70021e-05
-9.00832e-06
3.03828e-05
2.64759e-05
2.68219e-05
1.23273e-05
4.23542e-05
5.32766e-05
3.29628e-05
9.64052e-05
9.98863e-06
6.13388e-05
3.25299e-05
5.69354e-05
6.33429e-05
7.75035e-05
4.72654e-05
4.655e-05
4.16457e-05
2.92408e-05
4.14702e-05
6.05002e-05
2.57365e-05
-4.12839e-06
5.35455e-06
-2.23753e-06
2.74914e-05
-3.76039e-05
-9.56067e-06
2.20464e-05
2.67623e-05
6.36847e-05
-3.62021e-05
7.46268e-05
-1.1118e-05
5.93598e-05
3.37269e-05
4.96005e-05
1.19696e-05
7.73393e-05
7.37267e-05
0.00010374
8.11641e-05
8.59921e-05
9.35007e-05
8.14324e-05
4.51404e-05
9.00576e-05
0.000123607
8.91052e-05
2.41571e-05
4.09064e-05
3.36955e-05
4.4051e-05
7.07128e-05
6.96906e-05
0.000126027
6.59522e-05
5.5501e-05
3.34744e-05
7.75774e-05
9.75628e-05
5.27498e-05
3.05623e-05
2.37583e-05
4.30533e-05
7.84202e-05
5.01499e-05
0.000101783
6.92069e-05
9.69832e-05
5.23437e-05
4.7268e-05
5.8948e-05
4.7094e-05
8.41492e-05
1.93036e-05
3.13456e-05
-1.97225e-06
2.07276e-05
3.00591e-05
4.09216e-05
7.42489e-05
0.000144462
8.19224e-05
7.39894e-05
8.4378e-05
5.47123e-05
7.41953e-05
7.00051e-05
6.79952e-05
4.88949e-05
8.31084e-05
0.000120873
9.87606e-05
0.000113572
0.00014605
0.000132877
0.000131648
0.000130518
0.000103335
0.000117067
8.02681e-05
0.000141446
0.000142621
0.000122502
0.000120957
8.36313e-05
0.000119108
0.000124536
0.000132859
0.000131076
0.000119295
0.000125275
0.000137848
0.000175852
9.83968e-05
0.000110456
0.000133065
0.000135525
9.8346e-05
0.000135326
5.44106e-05
7.26957e-05
7.67769e-05
0.000100514
6.55934e-05
5.08736e-05
0.000140078
0.000102873
3.91572e-05
1.22769e-06
0.000106517
8.72603e-05
9.30073e-05
6.18751e-05
4.49019e-05
7.95239e-05
-1.84417e-06
1.24502e-05
5.68966e-05
2.39346e-05
3.15855e-05
2.9767e-05
5.10111e-05
5.84725e-05
6.41686e-05
5.16505e-05
3.84518e-05
0.000117996
3.93853e-05
6.20257e-05
5.60422e-05
1.90323e-05
4.63973e-05
7.14067e-05
9.80337e-05
8.22313e-05
3.99452e-05
9.79352e-05
4.60825e-05
0.000106521
7.76532e-05
5.84659e-05
8.10955e-05
7.72221e-05
8.01982e-05
7.05913e-05
0.000119724
5.91349e-05
4.67905e-05
2.73173e-05
6.45131e-05
7.56181e-06
4.16427e-05
2.54235e-05
2.79742e-05
4.0016e-05
-5.79614e-05
4.84674e-05
6.54594e-06
5.87836e-05
1.7546e-05
3.71547e-06
2.92024e-05
3.27171e-05
8.07741e-06
-1.63978e-05
1.11481e-05
-2.37914e-05
-6.88537e-05
-3.59682e-05
-1.2047e-05
-3.44734e-05
-3.61645e-05
-4.05675e-05
-5.3292e-06
-1.81783e-05
4.2332e-05
5.24338e-05
-1.0538e-05
1.91462e-05
4.43391e-05
4.24102e-05
5.79637e-05
4.22341e-05
6.17675e-05
7.82611e-05
5.95682e-05
5.42856e-05
4.58265e-05
2.99136e-05
8.15583e-06
6.28782e-05
7.82117e-05
5.61402e-05
3.25885e-05
3.5062e-05
7.98015e-05
1.19217e-05
5.9245e-05
1.90205e-06
2.15569e-05
-1.66128e-05
9.74069e-06
-2.29535e-05
1.31154e-06
-3.6464e-05
-9.27457e-06
-2.42773e-05
2.41286e-05
8.74743e-06
1.04319e-06
-1.19797e-05
-1.35703e-05
3.86968e-05
-3.54909e-06
-3.00098e-05
7.4559e-05
3.63127e-05
7.20299e-05
8.99574e-05
0.000108606
9.97652e-05
7.78856e-05
0.000105326
0.000135655
0.000136185
9.40472e-05
0.000108622
8.48075e-05
9.57112e-05
8.36204e-05
-6.50282e-08
2.16777e-05
6.73513e-05
6.50109e-06
4.82689e-05
7.32159e-05
8.31436e-05
9.54355e-05
2.28092e-05
8.55503e-05
0.000103354
2.46789e-05
2.35023e-05
-2.33276e-05
1.70496e-05
3.86307e-05
9.03414e-06
2.35196e-06
4.28977e-05
9.57966e-05
7.68352e-05
3.90614e-05
5.28168e-05
4.17741e-05
7.91274e-05
4.31615e-05
8.33125e-05
7.44207e-05
9.0961e-05
7.45173e-05
6.2955e-05
6.98788e-05
8.02046e-05
7.36027e-05
4.47196e-05
7.12825e-05
3.22078e-05
4.41016e-05
0.000101076
6.70616e-05
4.93447e-05
-4.20089e-06
4.38811e-05
4.40438e-05
1.27516e-05
2.48282e-05
7.34103e-05
3.84868e-05
-3.06384e-05
3.9846e-05
7.18189e-05
7.19772e-05
4.58811e-05
3.65729e-05
7.15855e-05
-3.00856e-05
6.29673e-05
-6.9234e-05
3.02619e-05
1.11885e-05
-1.33532e-05
-2.5688e-05
-1.58698e-05
2.50441e-05
-6.2503e-06
1.23208e-05
2.62213e-05
2.90532e-06
3.19146e-05
6.8249e-06
2.3075e-05
4.23022e-05
6.61665e-05
4.25764e-05
4.15813e-05
2.68741e-05
2.95951e-06
5.95335e-05
0.000124762
8.25559e-05
0.000120905
6.88753e-05
6.95236e-05
5.98383e-05
5.08463e-05
7.73291e-05
3.95681e-05
5.2555e-05
-1.75876e-05
-5.77694e-06
-1.83996e-05
1.31231e-05
8.49599e-06
6.92448e-07
2.05346e-05
-2.91174e-05
1.83954e-05
4.20543e-05
3.42943e-05
7.66632e-05
3.96701e-05
-1.63296e-05
8.3572e-06
2.53212e-05
2.60844e-05
6.24075e-05
2.82814e-05
3.65788e-05
0.000105121
7.21967e-05
8.5414e-05
3.23673e-05
7.68428e-05
5.88152e-05
-1.21503e-06
-2.90967e-05
-3.23647e-05
-2.50418e-05
-4.71155e-05
5.6904e-06
-4.48221e-05
-5.5152e-06
7.90739e-06
0.000125066
1.96223e-05
5.63981e-05
9.30233e-05
3.64735e-05
-4.88763e-05
2.90923e-05
-1.87008e-05
-8.89336e-06
-2.08751e-05
3.5322e-05
-2.67621e-05
-2.0233e-06
-1.31288e-05
-1.29728e-05
-6.38142e-05
1.51612e-05
2.26944e-06
1.30102e-06
1.85382e-05
5.66809e-05
-3.90686e-05
-2.35995e-05
-6.62492e-06
-2.83582e-05
-1.38938e-05
-1.46319e-05
-1.86221e-06
3.53277e-06
2.1187e-05
-4.64718e-05
-2.99506e-05
-4.9463e-05
-1.29201e-05
-6.63453e-05
-8.34892e-05
-7.30961e-05
-5.23564e-05
-7.289e-05
-3.08338e-05
-8.77196e-06
-8.43185e-05
-2.91079e-05
-3.1197e-05
-5.0507e-05
7.45797e-06
-1.20658e-05
-3.40989e-05
-3.67391e-05
-3.00325e-05
-3.08592e-05
-1.13855e-05
-3.73137e-05
-1.10357e-05
-3.24e-05
-6.8892e-05
-2.89968e-05
-3.43789e-05
-5.32458e-05
-3.5747e-05
-4.94072e-05
-2.92788e-05
-3.21782e-05
-6.59734e-05
-6.24495e-05
-4.5489e-05
-8.9996e-05
-3.25623e-05
-3.00137e-05
-4.27054e-05
-5.01496e-05
-8.32328e-06
-5.28972e-05
-9.75384e-06
-7.07971e-05
-4.86709e-05
-8.63941e-06
-0.000107477
-0.000107579
-6.62702e-06
-3.33231e-05
-6.83046e-05
-2.59025e-05
-4.93974e-05
-9.13042e-05
-7.16885e-06
-3.52928e-05
-8.68841e-05
-7.23332e-05
-1.07415e-05
-0.00014569
-8.68738e-05
-6.34159e-05
-6.84979e-05
-2.7245e-05
-5.03731e-05
-4.59602e-05
-3.12785e-05
-4.75397e-05
-3.50927e-05
-8.67207e-05
-6.58076e-05
-9.20657e-05
-2.47177e-05
-6.73686e-05
-6.62113e-05
-6.93515e-05
-6.91886e-05
-8.48624e-05
-8.52918e-05
-0.000107123
-6.57676e-05
-9.17984e-05
-5.29912e-05
-0.000106974
-2.65159e-05
-2.95844e-05
-4.86076e-05
-3.1007e-05
-2.83118e-05
-6.696e-05
-0.000121006
-8.34027e-05
-7.00381e-05
-6.77666e-05
-0.000104619
-6.45759e-05
-8.42995e-05
-0.000104066
-3.73272e-05
-8.76174e-05
-0.000101799
-4.4913e-05
-8.90581e-05
-4.41846e-05
-2.99952e-05
-0.000123645
-0.000126094
-6.803e-05
-8.63324e-05
-4.30895e-05
-6.70103e-05
8.06351e-06
-4.6303e-05
-4.40169e-05
-2.52381e-05
-7.71552e-05
-8.44184e-05
-4.15131e-05
-1.1112e-05
-0.000103267
-4.53875e-05
-6.58865e-05
-0.000141656
-5.95206e-05
-4.99795e-05
-0.000122564
-8.78437e-05
-0.00011902
-6.64117e-05
-3.10099e-05
-4.55294e-05
-0.000100836
-6.09313e-05
-6.53822e-05
-0.000104398
-6.47834e-05
-5.07592e-05
-0.000101118
-0.000105654
-0.000119558
-8.37166e-05
-8.56013e-05
-0.000118635
-8.2405e-05
-8.13021e-05
-8.2379e-05
-4.90733e-05
-6.84377e-05
-8.57556e-05
-8.17012e-05
-8.18676e-05
-8.32126e-05
-4.62573e-05
-6.23234e-05
-8.92278e-05
-7.84846e-05
-8.49769e-05
-6.73472e-05
-0.000100804
-4.3925e-05
-0.000106269
-4.40911e-05
-0.000119493
-4.41993e-05
-1.9353e-05
-0.000119509
-6.17152e-05
-0.00011708
-8.34087e-05
-0.000104392
-2.42502e-05
-9.6467e-05
-5.81084e-05
1.91912e-05
-1.60242e-05
-9.53971e-05
-0.000136461
-0.000155552
-0.000210177
-0.000181631
-0.000174397
-0.000237287
-0.000213603
-0.000283845
-0.000253236
-0.000341996
-0.000303747
-0.000336582
-0.000293634
-0.000270771
-0.000307162
-0.000304297
-0.000298547
-0.000274872
-0.000324715
-0.000283939
-0.000248995
-0.000244248
-0.00023412
-0.000230795
-0.000234616
-0.000234987
-0.00024909
-0.000243148
-7.4549e-05
-0.000144545
-0.000119189
-0.000115406
-3.48107e-05
-2.02585e-06
-3.4126e-05
-8.20119e-06
3.02143e-07
1.39307e-05
-1.79955e-05
2.54951e-05
3.48232e-05
8.03869e-05
-1.39937e-05
1.63527e-06
1.31229e-05
-6.54921e-06
-2.6463e-05
-2.4446e-05
3.17392e-05
-6.84455e-06
1.83176e-05
-2.53442e-05
-3.37821e-05
-2.09444e-05
-1.52777e-05
-4.26391e-05
2.16005e-05
2.99544e-05
2.4319e-05
-4.74832e-05
-2.1157e-06
-2.36585e-05
4.42426e-05
-5.14714e-05
-9.67196e-06
-4.54338e-05
4.56265e-05
1.26363e-05
6.91232e-05
-2.09039e-06
4.77534e-06
5.37167e-06
-3.72604e-05
-2.21737e-06
3.20274e-05
1.55892e-05
8.38333e-05
5.63702e-05
7.73589e-06
-3.8295e-05
-6.06794e-06
2.59486e-06
3.55706e-05
3.22678e-05
1.08098e-05
2.96203e-06
7.42602e-05
3.37072e-05
4.04322e-05
8.12846e-05
3.03856e-05
3.50597e-05
-2.86294e-06
3.82867e-05
7.02288e-05
4.20327e-06
-4.5368e-05
3.0238e-05
-3.88058e-06
5.25689e-05
-6.24698e-06
-2.50023e-05
-1.55396e-05
-2.13319e-06
-8.82409e-06
-6.17266e-07
-6.26105e-05
-4.76061e-05
3.85833e-05
1.71118e-05
-3.09117e-05
-2.02744e-05
-1.56463e-05
5.33912e-05
4.06218e-05
0.000106082
5.57746e-05
4.6121e-05
0.000100413
4.88298e-05
5.30414e-05
6.43815e-05
5.11684e-05
4.00203e-05
4.25348e-05
1.4727e-05
5.81015e-05
2.52128e-05
5.53955e-05
-5.34632e-05
8.57063e-05
3.95683e-05
5.10546e-05
1.20382e-05
2.3596e-05
1.31827e-05
-1.15693e-06
-7.87192e-06
4.43153e-05
7.89213e-07
6.12069e-05
4.32443e-05
9.14354e-05
5.50394e-06
2.89484e-05
9.98322e-05
6.58532e-05
-1.81464e-05
2.93071e-05
9.86242e-05
0.000130603
4.82178e-05
3.66501e-05
2.93791e-05
1.14789e-05
1.23365e-05
-1.70105e-05
4.53132e-05
1.48807e-05
7.88654e-05
-6.30091e-06
2.78949e-05
3.51548e-06
2.79159e-05
-1.45834e-05
7.11439e-05
6.46842e-05
4.19057e-05
2.79062e-05
7.23219e-05
4.78981e-05
4.01218e-05
-1.6421e-05
1.17451e-05
2.09123e-05
-9.06438e-07
4.3209e-05
5.68997e-05
1.04542e-05
3.53904e-06
4.72958e-05
4.16207e-05
4.96347e-05
-6.14305e-06
6.67717e-05
4.08733e-05
7.02376e-05
-1.18745e-05
7.22223e-05
4.43684e-05
0.000110159
4.19902e-05
-1.072e-05
4.52768e-05
5.93237e-05
-2.64147e-05
-1.41809e-05
7.126e-05
8.24466e-06
-1.99668e-05
-1.73266e-05
-2.32055e-05
-4.33135e-05
-2.96031e-05
-2.40983e-06
3.1003e-05
-4.50365e-05
3.50659e-05
2.93174e-05
2.12179e-05
2.60921e-05
4.29718e-05
1.45347e-05
-4.38919e-06
-4.84576e-05
-3.09392e-05
-0.000110941
5.56478e-06
-3.15118e-05
1.36647e-05
-7.87829e-05
-3.82749e-05
3.70938e-05
1.79237e-05
-8.54541e-05
-2.60664e-05
3.07429e-05
7.04662e-06
-3.61976e-05
6.5502e-07
1.94771e-06
-3.77235e-05
6.98986e-07
4.09245e-06
4.94501e-06
-2.73926e-05
4.63796e-05
-1.89314e-05
4.92939e-05
1.01551e-05
6.11803e-05
1.59134e-06
0.000112714
1.51739e-05
3.88921e-05
4.49093e-05
0.000118203
4.0783e-05
-7.96117e-06
7.26611e-05
7.51873e-05
9.83173e-05
4.78709e-05
7.48818e-05
0.00011598
3.26099e-05
4.26979e-05
0.000103689
1.64698e-05
0.000124633
5.57949e-05
0.000112406
6.96855e-05
4.37023e-05
3.70302e-05
4.26805e-05
2.32283e-06
4.92871e-05
8.93045e-05
7.82859e-05
5.65222e-05
6.28167e-05
6.35738e-05
5.80897e-05
7.545e-05
3.81256e-05
5.18674e-05
4.19527e-05
0.000105726
1.10817e-05
5.52029e-05
3.36137e-05
5.9405e-05
-3.69878e-05
9.0141e-05
6.88455e-06
7.49816e-06
4.09218e-05
6.57719e-05
9.14402e-05
3.88631e-05
3.49887e-05
8.01288e-05
3.41653e-05
4.70235e-05
5.27133e-05
-5.70434e-06
4.45941e-05
3.95829e-05
8.19781e-05
1.06726e-05
3.02778e-05
5.62633e-05
9.11407e-05
0.000123525
4.86688e-05
0.000123262
8.07682e-05
6.64282e-05
7.52603e-06
0.000124321
5.6117e-07
0.000123146
1.64908e-05
0.000108319
0.000134549
0.000144038
8.70935e-05
0.00013983
0.000124239
0.000228127
9.10962e-05
0.000216485
0.000123495
0.000176276
9.49516e-05
0.000192874
0.000172687
0.000138641
0.00011398
0.000156733
0.000141748
0.000126637
0.000103424
0.000127217
0.00015563
0.000117108
0.000169104
7.20791e-05
0.000139578
0.000109109
0.000179656
0.000154034
0.000173303
0.00011974
0.000157389
0.000100259
0.000133872
0.000102485
5.08697e-05
0.000121791
9.75329e-05
9.24437e-05
0.000123757
0.000136872
0.000124755
0.000123107
4.9081e-05
0.000150614
7.70321e-05
0.000130487
7.01991e-05
0.000116486
0.000105317
7.08781e-05
0.000110369
7.80481e-05
7.69207e-05
9.05242e-05
0.000147291
0.000122379
0.000105494
9.96258e-05
6.07271e-05
0.000119136
8.90366e-05
6.30985e-05
5.36537e-05
7.29456e-05
5.62433e-05
2.4954e-05
7.71233e-05
7.17038e-05
9.30245e-05
1.21675e-05
0.000107205
8.7003e-05
5.44231e-05
9.9251e-06
7.6661e-05
-2.42095e-05
1.82317e-05
-2.61261e-05
2.83143e-05
-1.60773e-05
6.08214e-05
-2.39076e-05
4.34696e-05
4.6027e-06
8.94984e-06
-1.09513e-05
5.38991e-05
3.65258e-05
7.14476e-05
-7.85047e-06
-1.60015e-05
-8.88428e-06
-2.92021e-05
-2.59202e-06
-1.72453e-05
1.21083e-05
-1.46802e-05
-7.8377e-05
-4.16799e-05
4.56504e-06
-2.62144e-05
1.00411e-05
-0.000334492
-0.00114257
-0.00210156
-0.0047629
-0.0065526
-0.00846888
-0.0103296
-0.0139989
-0.015822
-0.0176302
-0.0194473
-0.0231376
-0.0249141
-0.0267131
-0.0303875
-0.0321432
-0.0339277
-0.0355695
-0.0390702
-0.0408379
-0.042561
-0.0444747
-0.0480833
0.0498829
0.0516706
0.0534627
0.0569601
0.0586839
0.0604568
0.0640294
0.065832
0.0676169
0.0690625
0.0726554
0.0744598
0.0762466
0.0780103
0.0815087
0.0832399
0.0850073
0.0866364
0.0900794
0.0918526
0.0936048
0.0970546
0.0988341
0.100607
0.102266
0.105797
0.107557
0.109259
0.11103
0.114545
0.116362
0.117992
0.119709
0.123229
0.124955
0.126623
0.130044
0.131628
0.133242
0.13482
0.138243
0.139901
0.141669
0.143317
0.146887
0.148602
0.15032
0.15205
0.155426
0.157186
0.158902
0.162354
0.16395
0.165581
0.167309
0.170776
0.172519
0.174162
0.175821
0.179062
0.180759
0.182349
0.185625
0.187374
0.188976
0.190656
0.193992
0.195618
0.197378
0.199018
0.202393
0.204122
0.205734
0.207421
0.210791
0.212412
0.21406
0.217335
0.219
0.220566
0.222064
0.225355
0.227019
0.228653
0.230327
0.233627
0.235349
0.236969
0.240266
0.241899
0.243553
0.245216
0.248404
0.25005
0.251737
0.253323
0.25656
0.258186
0.259794
0.261353
0.26454
0.266056
0.267634
0.270908
0.272494
0.274073
0.2758
0.279015
0.280622
0.282184
0.283852
0.286993
0.288724
0.290361
0.29201
0.295176
0.296769
0.29834
0.301393
0.302884
0.304414
0.306081
0.309207
0.310789
0.312473
0.314015
0.317148
0.318671
0.320285
0.323476
0.32498
0.326506
0.328073
0.331265
0.33279
0.3344
0.335982
0.33894
0.340529
0.342015
0.343612
0.346635
0.348307
0.349876
0.352944
0.354569
0.356138
0.357656
0.360826
0.362414
0.363897
0.365442
0.368538
0.370044
0.371566
0.373058
0.37599
0.377511
0.379011
0.382032
0.383562
0.385153
0.386656
0.389678
0.391219
0.392651
0.394235
0.397319
0.398774
0.400297
0.401862
0.404983
0.406517
0.407988
0.410832
0.412297
0.413791
0.415256
0.418229
0.419695
0.421216
0.422738
0.425718
0.427275
0.42878
0.430217
0.433224
0.434741
0.436309
0.439303
0.440769
0.442315
0.443689
0.446671
0.44785
0.449422
0.450887
0.453757
0.455224
0.456521
0.457958
0.460798
0.462255
0.463639
0.466593
0.468018
0.469474
0.470977
0.47399
0.475433
0.476824
0.478318
0.481217
0.482718
0.484193
0.487199
0.488735
0.490171
0.491656
0.494419
0.495894
0.497324
0.498706
0.501595
0.503048
0.504355
0.505785
0.508486
0.50979
0.511164
0.513974
0.515376
0.516796
0.518206
0.520998
0.522383
0.523869
0.525283
0.528118
0.529642
0.531141
0.532562
0.535445
0.536814
0.538182
0.540896
0.542292
0.543679
0.545078
0.547834
0.549255
0.550642
0.552021
0.554819
0.556208
0.557626
0.558953
0.561832
0.563161
0.564596
0.567242
0.568688
0.569945
0.571277
0.574088
0.575413
0.576801
0.578267
0.580938
0.582276
0.583595
0.586342
0.587825
0.589162
0.590582
0.593413
0.594592
0.59603
0.597368
0.600058
0.601438
0.602826
0.604225
0.606902
0.608252
0.609538
0.612224
0.613528
0.614891
0.616204
0.61888
0.620177
0.621481
0.622836
0.625475
0.626782
0.628121
0.629475
0.632132
0.633394
0.634721
0.637295
0.638646
0.639963
0.641378
0.644023
0.645409
0.646663
0.647991
0.650544
0.651895
0.653046
0.654385
0.656984
0.658328
0.659606
0.662248
0.663527
0.664882
0.666104
0.668804
0.670096
0.67133
0.67267
0.675281
0.676496
0.677805
0.680344
0.681592
0.682899
0.684201
0.686701
0.687892
0.689141
0.690392
0.693032
0.694359
0.695685
0.696965
0.699513
0.700713
0.701978
0.704398
0.70575
0.706984
0.708255
0.710685
0.71187
0.713106
0.714151
0.716756
0.718052
0.719273
0.720539
0.723033
0.724241
0.725526
0.728055
0.729332
0.730546
0.73185
0.734282
0.735549
0.736808
0.738009
0.740575
0.741831
0.743104
0.744266
0.746788
0.747951
0.749206
0.751537
0.752684
0.75386
0.755024
0.757503
0.75876
0.759954
0.761149
0.763537
0.764757
0.765869
0.767084
0.769613
0.770901
0.772165
0.774447
0.775586
0.776771
0.778011
0.780375
0.781628
0.782896
0.78403
0.786294
0.78749
0.788776
0.791181
0.792432
0.793647
0.794938
0.797248
0.798465
0.799612
0.80085
0.803342
0.804539
0.805745
0.80685
0.809138
0.810321
0.811491
0.813778
0.814891
0.81606
0.81719
0.819429
0.82054
0.821721
0.822816
0.825155
0.826326
0.827466
0.828613
0.830907
0.832115
0.833352
0.835755
0.83686
0.837989
0.839121
0.841568
0.842694
0.843798
0.844888
0.847056
0.848192
0.849386
0.850496
0.852808
0.853964
0.855063
0.857395
0.858607
0.859735
0.860983
0.863217
0.864358
0.865371
0.866342
0.868487
0.869693
0.870692
0.872934
0.874033
0.875015
0.876179
0.878342
0.879434
0.880604
0.881775
0.884051
0.885166
0.886226
0.887362
0.889616
0.890712
0.891796
0.894051
0.89516
0.896263
0.897338
0.899547
0.900602
0.901678
0.902835
0.905
0.906151
0.907165
0.90823
0.910354
0.911469
0.912502
0.914783
0.91593
0.917043
0.918161
0.920268
0.921262
0.922327
0.923463
0.92573
0.926742
0.927883
0.928855
0.930847
0.931866
0.932839
0.935072
0.936111
0.937162
0.938239
0.940314
0.941169
0.942398
0.943437
0.945624
0.946615
0.947683
0.948709
0.950653
0.951765
0.952763
0.954742
0.955723
0.956707
0.957648
0.959674
0.960694
0.961706
0.962764
0.964798
0.965932
0.967104
0.968237
0.970415
0.971379
0.972351
0.974459
0.975442
0.976463
0.977423
0.979503
0.980515
0.981433
0.982443
0.984359
0.985442
0.986493
0.987605
0.989787
0.990772
0.991866
0.993845
0.994832
0.995806
0.996781
0.99886
0.999759
1.00068
1.00158
1.00343
1.00438
1.00539
1.00638
1.00852
1.00944
1.01046
1.01242
1.01342
1.01445
1.01541
1.01749
1.01851
1.01947
1.02051
1.02241
1.02337
1.0243
1.02603
1.02694
1.02793
1.02881
1.03093
1.03183
1.03294
1.03388
1.0358
1.03676
1.03777
1.03871
1.04076
1.04172
1.04266
1.04453
1.0454
1.04638
1.04735
1.04913
1.05012
1.05111
1.05199
1.05394
1.05488
1.05578
1.05666
1.05847
1.05944
1.0604
1.06247
1.06347
1.06451
1.06531
1.06715
1.06812
1.06896
1.06994
1.07185
1.0729
1.07389
1.07484
1.07677
1.07773
1.07869
1.08038
1.08125
1.08213
1.08302
1.08483
1.08574
1.08669
1.0876
1.08942
1.09034
1.09125
1.09205
1.09384
1.09477
1.09567
1.09733
1.09838
1.09937
1.1002
1.10206
1.10295
1.10379
1.10468
1.10655
1.1075
1.10832
1.11011
1.11105
1.11193
1.11266
1.11432
1.11513
1.11596
1.11683
1.11856
1.11949
1.12036
1.12126
1.12309
1.12407
1.125
1.12699
1.12778
1.12857
1.12945
1.13106
1.13167
1.13246
1.13327
1.13505
1.13589
1.13679
1.13763
1.13947
1.14033
1.14121
1.14314
1.14402
1.14467
1.14534
1.14698
1.14765
1.14852
1.1495
1.15131
1.15217
1.15309
1.154
1.15568
1.15653
1.15733
1.15887
1.1595
1.16025
1.1611
1.16289
1.16381
1.16474
1.16551
1.1671
1.16779
1.16854
1.17001
1.17087
1.17164
1.1726
1.17452
1.17545
1.17632
1.17711
1.17853
1.17934
1.18018
1.18082
1.18242
1.18347
1.18499
1.18654
1.1873
1.18793
1.18859
1.19006
1.19081
1.19164
1.19247
1.19419
1.19508
1.19597
1.19672
1.19798
1.19872
1.1995
1.20135
1.20222
1.20308
1.20385
1.20536
1.20622
1.20697
1.20765
1.2091
1.21001
1.21096
1.21184
1.21332
1.214
1.21472
1.21606
1.2168
1.21754
1.21835
1.22025
1.22099
1.22172
1.22239
1.22341
1.22441
1.22525
1.22658
1.22711
1.22751
1.22769
1.22775
1.22777
1.2277
1.22776
1.2277
1.22782
1.2276
1.22763
1.22758
1.22767
1.22766
1.22764
1.22764
1.22771
1.22774
1.22764
1.22767
1.22773
1.22788
1.22779
1.22772
1.22772
1.22768
1.22755
1.22756
1.22754
1.22742
1.22743
1.22743
1.22745
1.22743
1.22754
1.2276
1.22754
1.22757
1.22758
1.22771
1.22768
1.22775
1.22776
1.2277
1.22759
1.2276
1.22751
1.22747
1.2274
1.2273
1.22722
1.2272
1.22729
1.22734
1.22747
1.22772
1.22773
1.22775
1.22778
1.22779
1.22775
1.22778
1.22776
1.2277
1.22764
1.22762
1.22762
1.22745
1.22741
1.22734
1.22727
1.22736
1.22733
1.22738
1.22751
1.22754
1.22758
1.22756
1.22758
1.22759
1.22762
1.22759
1.22763
1.22756
1.22743
1.22742
1.22745
1.22727
1.22725
1.2273
1.22742
1.22748
1.22764
1.22768
1.22778
1.22777
1.22781
1.22789
1.22781
1.22779
1.22771
1.22764
1.22764
1.22753
1.22747
1.22737
1.22742
1.22741
1.22759
1.22759
1.22759
1.2276
1.22766
1.22764
1.22772
1.22774
1.2277
1.22758
1.2276
1.22741
1.22738
1.22731
1.22731
1.22746
1.2275
1.22757
1.22754
1.22756
1.22764
1.22775
1.22766
1.22758
1.22757
1.22743
1.22739
1.22726
1.22722
1.22717
1.22738
1.2275
1.22758
1.22762
1.22764
1.22777
1.22784
1.22785
1.22779
1.22769
1.22764
1.2275
1.22734
1.22738
1.22728
1.22751
1.22753
1.22759
1.22755
1.22758
1.22762
1.22766
1.22756
1.22749
1.22739
1.22738
1.22725
1.22715
1.22724
1.2275
1.22753
1.22757
1.22764
1.22772
1.22772
1.22772
1.22775
1.2276
1.22747
1.2274
1.22735
1.22729
1.22743
1.22742
1.2275
1.22754
1.2276
1.22764
1.22768
1.22754
1.22759
1.22746
1.2273
1.2272
1.22727
1.22723
1.22743
1.22745
1.22747
1.22754
1.22762
1.2276
1.22762
1.22747
1.22739
1.22719
1.2272
1.22732
1.22739
1.22747
1.22768
1.22768
1.22767
1.22775
1.2275
1.22747
1.22737
1.22739
1.22724
1.22741
1.22736
1.22747
1.22754
1.22761
1.22756
1.22767
1.22755
1.22756
1.22743
1.22728
1.22722
1.22732
1.22738
1.22753
1.22748
1.22751
1.22759
1.22763
1.2275
1.2274
1.22741
1.22721
1.22726
1.22734
1.22745
1.22752
1.22762
1.22761
1.22774
1.22768
1.22766
1.22763
1.22733
1.22724
1.22732
1.22741
1.22757
1.22752
1.22762
1.22763
1.22768
1.22757
1.2275
1.2273
1.22727
1.22736
1.22737
1.22755
1.22756
1.22766
1.22772
1.22774
1.22768
1.22769
1.22735
1.22737
1.22725
1.22733
1.22748
1.2275
1.22769
1.2277
1.22756
1.22746
1.2274
1.22743
1.22742
1.2274
1.22744
1.22752
1.22751
1.2275
1.22755
1.2276
1.22758
1.22751
1.22755
1.22753
1.22757
1.22759
1.22764
1.2276
1.22764
1.22769
1.22761
1.22766
1.22765
1.22764
1.22761
1.22763
1.22761
1.22763
1.22757
1.22764
1.22755
1.22751
1.22755
1.22756
1.22752
1.22762
1.22755
1.22757
1.22754
1.2276
1.22762
1.2276
1.22758
1.22756
1.22757
1.22755
1.22764
1.22757
1.22757
1.22755
1.22754
1.22758
1.22759
1.22759
1.22768
1.22757
1.22762
1.22762
1.22764
1.2276
1.22754
1.22755
1.2276
1.22757
1.22755
1.22756
1.22758
1.22757
1.22751
1.22756
1.22753
1.22753
1.22756
1.22759
1.22754
1.22755
1.22747
1.22753
1.22753
1.22749
1.22754
1.22757
1.22757
1.22754
1.22752
1.22752
1.22757
1.22754
1.22755
1.22753
1.22754
1.22751
1.22754
1.22753
1.2275
1.22751
1.22755
1.22759
1.2276
1.22756
1.22759
1.22759
1.22759
1.22758
1.22758
1.22762
1.22758
1.22757
1.22755
1.22752
1.22758
1.22754
1.22757
1.22758
1.22758
1.22755
1.22758
1.22757
1.22756
1.22753
1.2275
1.22753
1.22759
1.22759
1.22762
1.22763
1.22758
1.22759
1.22764
1.22768
1.22762
1.22758
1.22755
1.22755
1.2276
1.22767
1.22761
1.22763
1.22765
1.22761
1.22761
1.22755
1.2276
1.22749
1.22748
1.22756
1.22752
1.22748
1.22756
1.22755
1.22756
1.22757
1.22756
1.22754
1.22751
1.22749
1.22755
1.22754
1.22748
1.22752
1.22751
1.22756
1.22754
1.22754
1.22745
1.22751
1.22754
1.22756
1.22756
1.22759
1.22756
1.22758
1.22752
1.22754
1.22754
1.2276
1.22754
1.22759
1.22759
1.22755
1.2276
1.22761
1.22762
1.22764
1.22759
1.22754
1.2276
1.22762
1.22756
1.22751
1.22755
1.22761
1.22753
1.22753
1.22758
1.2276
1.22758
1.22754
1.22756
1.2276
1.22758
1.22755
1.22759
1.22755
1.22758
1.2276
1.22756
1.22754
1.22758
1.22757
1.22748
1.22753
1.22758
1.22761
1.22753
1.2275
1.22758
1.22749
1.22742
1.22746
1.22746
1.22749
1.22745
1.22747
1.22749
1.22749
1.22749
1.22754
1.22752
1.22746
1.22748
1.22753
1.22756
1.22756
1.22762
1.22757
1.22753
1.22754
1.22755
1.22758
1.22755
1.22755
1.22757
1.2276
1.22761
1.22758
1.22755
1.22753
1.22751
1.2275
1.22752
1.22759
1.22762
1.22758
1.22759
1.22757
1.22753
1.22753
1.22752
1.22751
1.22753
1.22754
1.22749
1.22762
1.22755
1.22756
1.22756
1.22757
1.22755
1.22752
1.2275
1.22752
1.2276
1.22759
1.22758
1.22755
1.2276
1.2276
1.22755
1.22755
1.22757
1.22766
1.22761
1.22761
1.22759
1.22757
1.22757
1.22756
1.22755
1.22757
1.22753
1.22757
1.22763
1.22758
1.22754
1.22755
1.22753
1.22753
1.22747
1.22748
1.22748
1.22757
1.22747
1.22747
1.22753
1.22754
1.22751
1.22754
1.2276
1.22754
1.22756
1.22759
1.22759
1.22754
1.22759
1.22754
1.22759
1.22757
1.22755
1.22756
1.22754
1.22756
1.22753
1.22753
1.22754
1.22751
1.22752
1.22754
1.22753
1.22754
1.22756
1.22751
1.22758
1.22754
1.22754
1.22754
1.22753
1.22756
1.22755
1.22757
1.22757
1.22753
1.22759
1.22755
1.22754
1.2276
1.22756
1.22756
1.22759
1.22758
1.22756
1.22757
1.22762
1.22756
1.22758
1.22759
1.22764
1.22757
1.22761
1.22759
1.22757
1.2276
1.22763
1.22761
1.22757
1.22756
1.2276
1.2276
1.22762
1.22761
1.22754
1.22758
1.22759
1.22761
1.22761
1.2276
1.22757
1.22763
1.22762
1.2276
1.22757
1.22758
1.22759
1.22761
1.22758
1.22762
1.22759
1.2276
1.22758
1.22759
1.22762
1.22761
1.2276
1.2276
1.22756
1.22764
1.22761
1.22761
1.22759
1.22761
1.2276
1.22758
1.22762
1.22759
1.2276
1.22758
1.22763
1.22762
1.22761
1.22759
1.22762
1.22762
1.22761
1.22762
1.22761
1.22763
1.2276
1.22761
1.22757
1.22766
1.22762
1.2276
1.22762
1.22764
1.22759
1.22765
1.22762
1.2276
1.2276
1.2276
1.22761
1.22762
1.22764
1.22758
1.2276
1.22762
1.22761
1.22763
1.22757
1.22761
1.2276
1.22759
1.22762
1.22761
1.22762
1.22757
1.22764
1.22757
1.22758
1.22759
1.22758
1.22764
1.22761
1.2276
1.22763
1.22762
1.22759
1.22761
1.2276
1.22758
1.2276
1.22754
1.22759
1.22762
1.22764
1.22762
1.22763
1.22758
1.22756
1.22764
1.22762
1.22763
1.22761
1.2276
1.22762
1.22761
1.22762
1.22763
1.22764
1.2276
1.22755
1.22763
1.22765
1.22765
1.2276
1.2276
1.2276
1.22759
1.22759
1.22763
1.22759
1.22762
1.2276
1.22764
1.22762
1.22764
1.2276
1.22761
1.22761
1.22764
1.22758
1.2276
1.22759
1.22763
1.22763
1.22766
1.22766
1.22763
1.22768
1.22764
1.22778
1.2278
1.22776
1.22782
1.22776
1.22782
1.22779
1.22778
1.22779
1.22778
1.22777
1.22782
1.22775
1.22772
1.22766
1.22773
1.22769
1.22763
1.22764
1.22766
1.2277
1.22765
1.22764
1.22758
1.22756
1.22763
1.22759
1.22759
1.22761
1.22765
1.22761
1.2276
1.22766
1.22767
1.22764
1.22758
1.22758
1.22757
1.2276
1.22758
1.22756
1.22762
1.22764
1.22759
1.22754
1.22751
1.22752
1.22746
1.22755
1.22758
1.22755
1.2276
1.22755
1.22752
1.2275
1.22755
1.22755
1.22758
1.22757
1.22766
1.22767
1.22753
1.22759
1.22757
1.2276
1.2276
1.22757
1.22761
1.2277
1.22762
1.22757
1.22763
1.22762
1.22762
1.22759
1.22751
1.22765
1.22759
1.2276
1.2276
1.22758
1.22763
1.22756
1.22755
1.22752
1.22755
1.22761
1.22761
1.22759
1.22752
1.22763
1.22762
1.22762
1.2275
1.22758
1.22762
1.22759
1.22761
1.22761
1.22761
1.22764
1.22761
1.22759
1.22758
1.22761
1.22762
1.22763
1.22762
1.22754
1.22762
1.22764
1.22758
1.22757
1.22755
1.22758
1.2276
1.22752
1.22747
1.22752
1.2275
1.22752
1.22759
1.2276
1.22749
1.22753
1.22755
1.22754
1.22759
1.22759
1.22763
1.22757
1.22758
1.2276
1.22759
1.22759
1.22758
1.22752
1.2275
1.22757
1.22761
1.22756
1.22757
1.22758
1.22759
1.22758
1.22758
1.22761
1.22756
1.22757
1.22752
1.22754
1.22761
1.22761
1.22755
1.2276
1.22757
1.22767
1.22762
1.22757
1.22756
1.22755
1.22757
1.22759
1.22758
1.22753
1.22758
1.22757
1.22758
1.22762
1.22754
1.22752
1.22754
1.22754
1.22757
1.22758
1.2276
1.22757
1.22761
1.22758
1.22757
1.22759
1.22759
1.22753
1.22759
1.22754
1.2276
1.2276
1.22756
1.22754
1.22756
1.22759
1.22759
1.2276
1.2276
1.22755
1.22757
1.22758
1.22761
1.22747
1.22746
1.22756
1.22761
1.22749
1.22759
1.22761
1.22762
1.22763
1.22762
1.22757
1.22762
1.2276
1.22762
1.22758
1.22755
1.22754
1.22762
1.22758
1.2276
1.22759
1.2276
1.22759
1.22765
1.22763
1.22759
1.22757
1.22759
1.22757
1.22761
1.2276
1.22758
1.22757
1.2276
1.22767
1.22764
1.22766
1.22764
1.2276
1.22756
1.2276
1.22759
1.22757
1.22755
1.22753
1.22754
1.22757
1.22754
1.22754
1.22754
1.22753
1.22754
1.22753
1.22757
1.22762
1.22756
1.2276
1.22753
1.22755
1.22759
1.22753
1.22758
1.22759
1.22751
1.22754
1.22755
1.22748
1.22756
1.22755
1.22752
1.22757
1.22764
1.22752
1.22756
1.2276
1.22761
1.2276
1.22762
1.22758
1.22756
1.22761
1.22761
1.22761
1.22759
1.22754
1.22758
1.22757
1.22758
1.22756
1.22758
1.22753
1.2276
1.22754
1.2276
1.22764
1.2276
1.22764
1.2276
1.22756
1.22753
1.22727
1.22642
1.22575
1.22495
1.22333
1.22252
1.22185
1.22113
1.21958
1.2189
1.2181
1.21733
1.21574
1.21496
1.21422
1.21341
1.2118
1.21091
1.21013
1.20852
1.20765
1.2069
1.2062
1.20477
1.20398
1.20315
1.2023
1.20074
1.19996
1.19919
1.19763
1.19687
1.19608
1.19527
1.19359
1.19284
1.19207
1.19132
1.18987
1.18906
1.18798
1.18714
1.18541
1.18459
1.18385
1.18214
1.18134
1.18064
1.17977
1.17817
1.17744
1.17667
1.17597
1.17434
1.17343
1.17262
1.1717
1.17007
1.16923
1.16844
1.16687
1.16594
1.16506
1.1642
1.1626
1.1619
1.16116
1.1603
1.15861
1.15761
1.15665
1.1558
1.15398
1.15325
1.15251
1.15094
1.15006
1.14919
1.14827
1.14647
1.14567
1.14491
1.14401
1.14234
1.14156
1.14055
1.13901
1.13816
1.13742
1.13648
1.13462
1.13377
1.13281
1.13182
1.13032
1.12953
1.12874
1.1279
1.12573
1.12485
1.12385
1.12217
1.12133
1.12046
1.11969
1.11782
1.11676
1.11582
1.11489
1.11339
1.11267
1.11187
1.11102
1.1091
1.10811
1.1073
1.10538
1.10456
1.10372
1.1029
1.10126
1.10038
1.0994
1.09841
1.09669
1.09581
1.09494
1.09401
1.09216
1.0913
1.09035
1.08844
1.0876
1.0867
1.08592
1.08422
1.08335
1.08242
1.08134
1.07936
1.07836
1.07744
1.0765
1.07487
1.07398
1.07303
1.07108
1.07016
1.0692
1.0682
1.06635
1.06538
1.06449
1.06363
1.0619
1.06101
1.06008
1.05807
1.057
1.05599
1.055
1.0531
1.05219
1.05134
1.05048
1.04876
1.04785
1.04702
1.04593
1.04391
1.04292
1.0418
1.03984
1.03882
1.03779
1.037
1.03516
1.03431
1.03326
1.0323
1.0303
1.02918
1.02811
1.02704
1.02486
1.02387
1.02303
1.02124
1.02035
1.01938
1.01851
1.01659
1.01558
1.01461
1.01353
1.01147
1.01064
1.00974
1.00875
1.00664
1.00564
1.00461
1.00269
1.00173
1.00062
0.999492
0.997556
0.996525
0.995667
0.994695
0.992504
0.991414
0.990504
0.989585
0.987717
0.986779
0.98581
0.983862
0.983027
0.981887
0.980869
0.978813
0.977857
0.976921
0.976061
0.974137
0.973109
0.972027
0.969922
0.968868
0.967817
0.966736
0.964817
0.963862
0.962884
0.961845
0.959493
0.9584
0.957333
0.95637
0.95444
0.953439
0.952396
0.950171
0.948988
0.947857
0.946804
0.944712
0.943682
0.94266
0.941651
0.939417
0.93841
0.937225
0.936105
0.93393
0.93287
0.931803
0.929771
0.928699
0.927481
0.926339
0.924057
0.923023
0.922038
0.921115
0.919242
0.918216
0.9171
0.915997
0.913803
0.912695
0.911655
0.909041
0.908329
0.907289
0.906281
0.90403
0.902919
0.901708
0.900548
0.898193
0.897181
0.896169
0.895136
0.893231
0.892194
0.89104
0.88881
0.887583
0.886367
0.885173
0.88288
0.881774
0.880737
0.879752
0.877465
0.876264
0.875083
0.873853
0.871483
0.870276
0.869147
0.866999
0.865926
0.864853
0.863747
0.861595
0.86055
0.859511
0.85833
0.856007
0.854913
0.853872
0.851883
0.850834
0.84981
0.848673
0.846232
0.844931
0.843609
0.842426
0.840077
0.83905
0.837872
0.836839
0.834661
0.833478
0.832252
0.829917
0.828784
0.827523
0.826369
0.823977
0.822745
0.821688
0.820532
0.818354
0.817352
0.816141
0.814987
0.812781
0.811747
0.810674
0.808204
0.807037
0.805774
0.804575
0.802175
0.801031
0.799845
0.798648
0.796242
0.79501
0.793786
0.791238
0.789993
0.788877
0.787675
0.785255
0.784159
0.782793
0.781631
0.779431
0.778378
0.777329
0.776241
0.773882
0.772556
0.771219
0.768717
0.767382
0.766137
0.764915
0.762511
0.761309
0.760226
0.759101
0.756707
0.755617
0.754463
0.753228
0.750708
0.749324
0.748134
0.745479
0.744157
0.742811
0.741437
0.739058
0.737812
0.736687
0.735689
0.733338
0.732173
0.731015
0.729738
0.727437
0.726111
0.725008
0.722375
0.721042
0.719625
0.718298
0.715632
0.714356
0.713078
0.711729
0.70936
0.708005
0.706784
0.704129
0.703034
0.701788
0.700589
0.698086
0.696754
0.695306
0.694072
0.69159
0.690403
0.689243
0.68789
0.685345
0.684095
0.682838
0.680362
0.679101
0.677892
0.676578
0.673925
0.67255
0.671249
0.669837
0.667115
0.665762
0.664509
0.663252
0.660688
0.659293
0.658059
0.655464
0.654112
0.652793
0.651536
0.648817
0.647514
0.646089
0.644762
0.64226
0.640997
0.639878
0.638556
0.636127
0.634999
0.633692
0.63121
0.629913
0.628607
0.627247
0.624315
0.623011
0.621802
0.620324
0.617504
0.616004
0.614645
0.613252
0.610508
0.609203
0.607914
0.605302
0.603818
0.60254
0.601431
0.598696
0.597388
0.596048
0.594611
0.591947
0.590659
0.589466
0.588202
0.585603
0.584184
0.582904
0.580104
0.578772
0.577457
0.576068
0.573206
0.571812
0.570245
0.568777
0.565744
0.564125
0.562672
0.561357
0.558726
0.557262
0.555922
0.553206
0.551843
0.550596
0.549044
0.546336
0.544948
0.543611
0.542355
0.539395
0.537742
0.536449
0.535093
0.532482
0.531035
0.529686
0.526962
0.525551
0.524234
0.522762
0.5199
0.518553
0.517195
0.515644
0.512689
0.511222
0.509621
0.508119
0.505307
0.503972
0.502493
0.499619
0.498361
0.497015
0.49566
0.492764
0.491333
0.489936
0.488525
0.485659
0.484216
0.48276
0.481207
0.478419
0.476974
0.475526
0.472624
0.471385
0.470008
0.468591
0.46564
0.464085
0.462714
0.461263
0.458354
0.456829
0.45526
0.45233
0.450804
0.449346
0.447837
0.444938
0.443461
0.441967
0.440419
0.437483
0.435923
0.434474
0.433035
0.430021
0.428438
0.426822
0.423818
0.422179
0.420741
0.41935
0.416523
0.415014
0.413587
0.412127
0.409165
0.40772
0.4063
0.404871
0.401879
0.400376
0.398781
0.395649
0.394214
0.39269
0.391188
0.388228
0.386729
0.385286
0.383877
0.38076
0.379246
0.377712
0.376077
0.373079
0.371482
0.369821
0.366661
0.365064
0.36335
0.361829
0.358826
0.357193
0.355645
0.354129
0.351016
0.34944
0.347969
0.344804
0.343196
0.34167
0.340083
0.336802
0.335469
0.333839
0.332447
0.329406
0.327848
0.326251
0.324768
0.321852
0.320261
0.318731
0.315626
0.314105
0.312663
0.311031
0.307875
0.306121
0.304416
0.302808
0.299652
0.298038
0.296495
0.294887
0.291701
0.290094
0.288484
0.285263
0.28363
0.282042
0.280424
0.277223
0.27561
0.273847
0.272199
0.269074
0.267486
0.265967
0.262716
0.261212
0.259763
0.258175
0.255031
0.253432
0.251827
0.250242
0.246975
0.245288
0.243594
0.241908
0.238681
0.237094
0.235389
0.232262
0.230512
0.229006
0.227423
0.224121
0.222482
0.220804
0.219196
0.215921
0.214279
0.212683
0.210882
0.207375
0.205758
0.204011
0.200777
0.199104
0.197435
0.195806
0.192447
0.190764
0.189015
0.187313
0.183994
0.182308
0.180619
0.178831
0.175424
0.173661
0.171931
0.168692
0.167083
0.165482
0.163928
0.160594
0.158878
0.157199
0.155436
0.152073
0.15045
0.148834
0.147098
0.143458
0.141915
0.140102
0.136675
0.135011
0.133406
0.131691
0.128386
0.126663
0.124782
0.123131
0.119768
0.117993
0.116154
0.114499
0.110789
0.108988
0.10727
0.103733
0.101896
0.100193
0.0985017
0.0951555
0.0933672
0.0915804
0.0898714
0.0863628
0.0845132
0.0828577
0.0792523
0.077368
0.0755747
0.0738434
0.0701886
0.0684396
0.0667334
0.0649298
0.061839
0.0600569
0.0582651
0.0564726
0.0530637
0.0513321
0.0495758
-0.0459496
-0.0440989
-0.0422327
-0.040509
-0.0367962
-0.0350466
-0.0332408
-0.0314562
-0.0279007
-0.0260871
-0.0243479
-0.0225707
-0.0189958
-0.0172686
-0.01557
-0.0120426
-0.0102482
-0.00838911
-0.00673754
-0.00318596
-0.00179507
-0.000860006
-0.000202398
0.000487891
0.000343884
0.000296471
0.000337718
0.000367916
0.000321832
0.000381705
0.000329304
0.000282498
0.000263056
0.000183527
0.000165731
0.000216227
0.000222383
2.94728e-05
3.69256e-05
4.1122e-05
6.427e-06
-7.49715e-05
-4.59336e-06
-0.000156466
-8.59897e-05
-0.000148859
-0.000179811
-0.000137821
-0.000198215
-0.00013018
-0.000179606
-0.000172511
-0.000182555
-0.000179774
-0.000137366
-0.000249603
-0.00019403
-0.000136883
-0.00014876
-0.000193561
-0.000212409
-0.000198272
-0.000166907
-0.000230118
-0.00021576
-0.000223582
-0.000150466
-0.000159822
-0.000236503
-0.000207013
-0.000163131
-0.000147383
-0.000176303
-0.000148317
-0.000164774
-0.000149454
-0.000190612
-0.000128218
-0.000187362
-0.000184391
-0.000157277
-0.000146765
-0.000203333
-0.000206732
-0.000137542
-0.000191839
-0.000192819
-0.000167057
-0.000124273
-0.000157336
-0.00016892
-0.000128025
-0.000166361
-0.000120779
-0.0002406
-0.000120181
-0.000116241
-0.000100522
-0.000143662
-0.000158198
-0.000127937
-0.000188667
-0.000123504
-0.000142894
-0.000165761
-0.000146297
-0.00018082
-0.000155305
-0.000142877
-8.71903e-05
-0.000113941
-9.94284e-05
-9.03514e-05
-0.000186392
-7.51517e-05
-0.000143609
-9.10174e-05
-0.000177871
-0.000145253
-0.000173849
-5.563e-05
-0.000203753
-9.16544e-05
-5.02074e-05
-0.000185472
-0.000124851
-0.000161987
-0.000102883
-0.00014888
-4.61825e-05
-0.000128215
-0.000101683
-0.000132401
-0.000113676
-9.10174e-05
-0.000124923
-0.000116986
-0.000125825
-0.000105906
-0.000118203
-9.86912e-05
-0.000117379
-0.000117641
-0.000113359
-0.000108576
-0.000162642
-0.000114522
-0.00012588
-0.00011616
-9.61314e-05
-0.000151265
-0.000114278
-0.000145922
-3.81626e-05
-7.20079e-05
-7.19297e-05
-0.000105156
-8.75056e-05
-0.000139963
-0.000163131
-0.000128943
-0.000120834
-0.000125279
-0.00012806
-7.55223e-05
-6.05107e-05
-7.97145e-05
-9.5617e-05
-0.000136789
-0.000148109
-4.15693e-05
-0.000127726
-0.000113848
-0.000204298
-0.000134008
-0.000113977
-9.57555e-05
-7.25068e-05
-0.000113639
-0.000105683
-0.000112794
-8.41516e-05
-0.000121767
-7.87353e-05
-0.000117004
-4.65439e-05
-8.05583e-05
-8.72966e-05
-4.65262e-05
-8.43783e-05
-0.000110821
-9.86579e-05
-0.000128588
-5.66088e-05
-3.51685e-05
-9.47006e-05
-8.70542e-05
-9.21977e-05
-0.000142484
-7.91408e-05
-0.000127779
-5.3355e-05
-0.000128398
-0.000136809
-0.000133162
-9.86188e-05
-0.000147047
-9.47536e-05
-0.000129843
-7.19297e-05
-8.74056e-05
-7.21759e-05
-0.000105402
-9.42303e-05
-0.000157824
-0.000146614
-9.14651e-05
-0.000121259
-0.000109665
-9.158e-05
-0.000121341
-8.0998e-05
-0.000123746
-6.8394e-05
-0.000104295
-4.82146e-05
-4.21441e-05
-8.4171e-05
-0.000151903
-9.05291e-05
-7.949e-05
-6.27344e-05
-8.34721e-05
-0.000131856
-5.75103e-05
-0.00012048
-9.13554e-05
-0.000105195
-6.04981e-05
-3.52038e-05
-2.22488e-05
-0.000147367
-0.00014469
-0.000110428
-0.000143383
-6.91807e-05
-0.000117943
-0.000117021
-7.97713e-05
-0.000113584
-0.000123692
-9.47006e-05
-0.000107058
-0.000102246
-1.50025e-05
-0.000188855
-3.3194e-05
-0.000147457
-9.12987e-05
-4.85491e-05
-9.91075e-05
-0.000125297
-6.51813e-05
-0.000124925
-8.28708e-05
-0.00014344
-0.000133501
-5.34101e-05
-9.46286e-05
-9.33124e-05
-9.09606e-05
-8.70895e-05
-0.000106076
-0.000113584
-6.76993e-05
-0.000101701
-9.81732e-05
-0.000141742
-0.000102187
-0.000140301
-0.000128906
-0.000162096
-9.049e-05
-0.000113566
-0.000145658
-0.000144284
-0.000120621
-0.000116687
-0.000136281
-0.000173117
-0.000105144
-8.72418e-05
-7.65763e-05
-0.000173927
-0.000124679
-0.00013032
-0.000110821
-7.66153e-05
-0.000140565
-0.000135783
-0.000102901
-0.000105195
-6.55193e-05
-9.71023e-05
-9.67681e-05
-7.56115e-05
-3.41072e-05
-6.12839e-05
-7.1912e-05
-0.000109865
-4.65067e-05
-0.000121409
-0.00013599
-0.000147172
-0.000107019
-0.000141171
-9.42127e-05
-5.03731e-05
-0.000117342
-1.87874e-05
-3.81886e-05
-9.13731e-05
-7.16247e-05
-7.66153e-05
-7.6334e-05
-7.94333e-05
-6.46363e-05
-0.000125168
-0.000140321
-0.000139457
-5.681e-05
-0.000111384
-0.000136042
-0.000117865
-0.000109002
-7.25886e-05
-0.000102826
-0.000105701
-0.000106135
-0.000105103
-0.000109958
-0.000139738
-0.00014681
-7.19688e-05
-3.08376e-05
-0.000102246
-0.000127427
-0.000103219
-5.66601e-05
-9.06793e-05
-9.01166e-05
-0.000136752
-8.4752e-05
-0.000121748
-6.45008e-05
-9.50739e-05
-9.04724e-05
-7.46101e-05
-9.95202e-05
-9.68213e-05
-5.34647e-05
-9.88259e-05
-7.16815e-05
-9.51306e-05
-0.000104875
-8.99274e-05
-6.54802e-05
-6.84684e-05
-0.000120604
-8.03338e-05
-7.24751e-05
-6.82263e-05
-8.75976e-05
-0.00010294
-0.000109976
-0.000120451
-9.60851e-05
-0.000129843
-3.05248e-05
-7.57888e-05
-0.000109757
-0.00011394
-0.000147245
-2.57431e-05
-9.22914e-05
-0.00010232
-7.949e-05
-5.74856e-05
-8.3354e-05
-9.3668e-05
-9.8792e-05
-0.000120779
-5.31481e-05
-0.00012636
-6.76817e-05
-8.76349e-05
-0.000169125
-0.000104312
-8.66788e-05
-9.37033e-05
-7.60331e-05
-3.36904e-06
-9.54544e-05
-0.000139382
-9.9219e-05
-4.58109e-05
