2.19994
2.19994
2.19996
2.19993
2.19998
2.19991
2.19987
2.19997
2.2
2.19998
2.19997
2.19992
2.19996
2.19995
2.19993
2.19994
2.19997
2.19994
2.19994
2.19997
2.19997
2.19995
2.19996
2.1999
2.19991
2.19995
2.19998
2.19993
2.20001
2.19994
2.19996
2.19995
2.19993
2.19993
2.19993
2.19996
2.19994
2.20001
2.19995
2.1999
2.19993
2.19995
2.19998
2.19996
2.19995
2.19991
2.19992
2.19995
2.19995
2.19996
2.19994
2.19995
2.19991
2.19998
2.19994
2.19995
2.19995
2.19991
2.19992
2.19994
2.19995
2.19992
2.19992
2.19997
2.19991
2.19997
2.19995
2.19994
2.19993
2.19996
2.19992
2.19992
2.2
2.19995
2.19989
2.19995
2.19989
2.19995
2.1999
2.19993
2.19995
2.19995
2.19993
2.19993
2.19993
2.19987
2.19994
2.19999
2.2
2.19996
2.19987
2.19995
2.19997
2.2
2.20003
2.19998
2.19998
2.19994
2.19993
2.19987
2.19996
2.19989
2.19995
2.19998
2.19994
2.19995
2.19999
2.19997
2.19996
2.19995
2.19993
2.19989
2.19996
2.19998
2.19999
2.19987
2.19995
2.19987
2.19996
2.19995
2.19995
2.2
2.19995
2.1999
2.19995
2.19996
2.19998
2.19999
2.2
2.19994
2.19997
2.19989
2.19991
2.19992
2.19997
2.1999
2.19996
2.19986
2.19991
2.19995
2.19997
2.19995
2.19993
2.19994
2.19995
2.19992
2.19999
2.1999
2.19996
2.19996
2.19999
2.19992
2.19997
2.19995
2.19996
2.19993
2.19998
2.19997
2.19997
2.19991
2.19994
2.19992
2.2
2.19999
2.19994
2.19995
2.19991
2.19993
2.19996
2.19992
2.2
2.19991
2.19997
2.19993
2.19996
2.19993
2.19995
2.19998
2.19995
2.19993
2.19998
2.19995
2.1999
2.19996
2.19998
2.19994
2.19995
2.19993
2.19996
2.19996
2.19997
2.19993
2.19993
2.19992
2.19993
2.19992
2.19993
2.19994
2.19995
2.19992
2.19997
2.19989
2.19995
2.19992
2.19997
2.19991
2.19989
2.19993
2.19988
2.19995
2.19994
2.19994
2.19994
2.19987
2.19994
2.19994
2.19993
2.1999
2.19994
2.19999
2.19997
2.19994
2.19999
2.19994
2.19993
2.19994
2.19992
2.1999
2.19998
2.19993
2.19993
2.20001
2.19991
2.1999
2.19994
2.19997
2.19991
2.19993
2.19994
2.19996
2.19997
2.19993
2.19994
2.19993
2.20017
2.20042
2.20034
2.2002
2.20038
2.20033
2.20051
2.20046
2.20055
2.20048
2.20047
2.20045
2.20045
2.20041
2.20053
2.20083
2.20073
2.20082
2.20063
2.20049
2.20035
2.20026
2.20016
2.20011
2.2001
2.20017
2.20023
2.20015
2.20016
2.20016
2.20004
2.20008
2.20008
2.19991
2.19997
2.20013
2.20025
2.20039
2.20052
2.20055
2.20048
2.2002
2.20007
2.19989
2.19993
2.19971
2.19968
2.19981
2.19991
2.2
2.2
2.20004
2.19985
2.19986
2.1998
2.19994
2.19984
2.20003
2.20015
2.20022
2.20035
2.20034
2.20034
2.2001
2.20006
2.19985
2.1998
2.19966
2.19957
2.19959
2.19965
2.19995
2.20004
2.20016
2.20027
2.20024
2.20025
2.20033
2.2002
2.20016
2.20009
2.19998
2.2
2.19993
2.2
2.20007
2.20013
2.2001
2.19997
2.19985
2.19985
2.19982
2.19967
2.19992
2.19984
2.19991
2.2
2.20028
2.20035
2.20042
2.20053
2.2002
2.20014
2.20005
2.19966
2.19967
2.19975
2.19966
2.19965
2.19972
2.19975
2.19996
2.20018
2.20033
2.2003
2.20033
2.2003
2.20018
2.20007
2.19999
2.1999
2.19983
2.1998
2.19966
2.19975
2.19972
2.19983
2.2001
2.20021
2.20016
2.20023
2.20015
2.20015
2.20009
2.20007
2.19995
2.19999
2.19984
2.19993
2.1999
2.19995
2.20003
2.20006
2.20007
2.20014
2.20008
2.20009
2.20012
2.20019
2.20016
2.20009
2.2002
2.20018
2.20009
2.20008
2.20013
2.20017
2.19998
2.2
2.19992
2.19987
2.19984
2.19974
2.19976
2.19968
2.19985
2.19992
2.19986
2.20001
2.20007
2.2001
2.20014
2.20017
2.20028
2.20026
2.20027
2.20022
2.20008
2.20007
2.20001
2.19987
2.19988
2.19992
2.19989
2.19997
2.19987
2.1999
2.19966
2.19985
2.19995
2.19991
2.20002
2.19994
2.19996
2.19984
2.19983
2.1999
2.19979
2.19963
2.19977
2.19976
2.19974
2.2
2.19998
2.19997
2.20005
2.20003
2.20005
2.20015
2.20012
2.20007
2.2
2.19988
2.19981
2.19992
2.19985
2.1998
2.19989
2.19997
2.2
2.19996
2.19989
2.2
2.19987
2.19989
2.19986
2.19982
2.19972
2.19967
2.19965
2.19966
2.19972
2.20001
2.20015
2.20029
2.20029
2.2003
2.20037
2.20034
2.20015
2.20026
2.20009
2.19998
2.19972
2.1996
2.19951
2.19939
2.19968
2.19975
2.19991
2.20007
2.20024
2.20042
2.20051
2.20046
2.20053
2.20038
2.20024
2.19995
2.19983
2.19971
2.19961
2.19952
2.19957
2.19963
2.19984
2.2001
2.20008
2.20011
2.20007
2.20003
2.19995
2.19991
2.19974
2.19966
2.19966
2.19965
2.19983
2.19993
2.20001
2.20022
2.20022
2.20032
2.20013
2.19995
2.19984
2.19971
2.19953
2.19935
2.19928
2.1993
2.19927
2.19945
2.19959
2.19987
2.2002
2.20015
2.20027
2.20011
2.19985
2.1999
2.19983
2.19984
2.19976
2.19964
2.19966
2.19967
2.19974
2.19988
2.19989
2.1998
2.19985
2.19987
2.19974
2.19977
2.19975
2.19975
2.19966
2.19963
2.19949
2.19948
2.19974
2.19996
2.20007
2.20021
2.20033
2.20036
2.20027
2.20012
2.19994
2.19971
2.1997
2.19962
2.19967
2.19991
2.20006
2.20021
2.20041
2.20034
2.20018
2.19968
2.19952
2.19942
2.1994
2.1996
2.19976
2.19991
2.20006
2.20032
2.20027
2.20034
2.20027
2.20036
2.20033
2.20031
2.20019
2.20019
2.20007
2.20016
2.20023
2.20032
2.20044
2.2005
2.20038
2.20011
2.19992
2.19942
2.1994
2.19958
2.19954
2.20015
2.20023
2.20032
2.20017
2.2
2.19983
2.19966
2.19973
2.19976
2.19976
2.19979
2.20018
2.20026
2.20042
2.20058
2.20042
2.20021
2.19999
2.19987
2.19965
2.1999
2.19995
2.20028
2.2003
2.20027
2.20025
2.19952
2.19936
2.19936
2.1994
2.1996
2.19984
2.19976
2.20002
2.19959
2.19963
2.19968
2.19977
2.19979
2.19984
2.1996
2.19935
2.19942
2.19944
2.19943
2.19969
2.19998
2.2001
2.20014
2.2001
2.20017
2.20014
2.19994
2.19989
2.19987
2.19986
2.19994
2.20006
2.20001
2.20001
2.20023
2.20036
2.20048
2.20057
2.20041
2.20034
2.20033
2.20029
2.20032
2.20024
2.20014
2.2001
2.20015
2.20011
2.20006
2.20017
2.20025
2.20033
2.20036
2.20045
2.20043
2.20047
2.20032
2.20041
2.20028
2.20036
2.2004
2.2004
2.20033
2.20018
2.20003
2.19992
2.20005
2.20015
2.20029
2.20025
2.20012
2.20004
2.20008
2.20014
2.2002
2.20027
2.20034
2.2001
2.20011
2.20012
2.20026
2.20039
2.20045
2.20035
2.20023
2.20005
2.19987
2.19995
2.20006
2.20017
2.20028
2.20006
2.2
2.1999
2.19987
2.20005
2.20014
2.2004
2.20042
2.20024
2.20008
2.19995
2.2
2.20022
2.20036
2.20058
2.20052
2.20034
2.20004
2.19995
2.20004
2.20021
2.20059
2.20052
2.2006
2.20049
2.20011
2.20008
2.20001
2.19996
2.20031
2.20043
2.20049
2.20035
2.20016
2.19994
2.19988
2.19986
2.19999
2.20015
2.2003
2.20024
2.20024
2.20025
2.20014
2.20006
2.20003
2.20004
2.20028
2.20031
2.20037
2.20039
2.20034
2.2002
2.20022
2.20015
2.20017
2.20022
2.2003
2.20034
2.20044
2.2005
2.20042
2.2001
2.20006
2.20015
2.20005
2.20031
2.20036
2.20043
2.20047
2.20041
2.20033
2.20018
2.20008
2.20001
2.19997
2.19996
2.20004
2.20019
2.20023
2.20029
2.20018
2.20001
2.19994
2.19999
2.20001
2.20002
2.20008
2.20012
2.20018
2.20018
2.20036
2.20031
2.20017
2.20005
2.20004
2.19998
2.19996
2.20003
2.20018
2.20043
2.20033
2.20037
2.20016
2.20013
2.20004
2.20003
2.19997
2.2001
2.20017
2.20028
2.2003
2.20026
2.20032
2.20027
2.20019
2.20023
2.20012
2.20007
2.20016
2.20008
2.20014
2.20036
2.20041
2.20041
2.20036
2.20021
2.20014
2.20008
2.20009
2.2001
2.20014
2.2002
2.20009
2.20018
2.20026
2.20029
2.20032
2.20044
2.20027
2.20019
2.20012
2.20007
2.20005
2.20014
2.20021
2.20026
2.20029
2.20032
2.20025
2.20034
2.2002
2.20009
2.2
2.20003
2.19995
2.19989
2.19998
2.20015
2.20003
2.20012
2.20004
2.20027
2.2002
2.20023
2.20021
2.20009
2.19997
2.20004
2.2
2.2001
2.20029
2.20024
2.20015
2.20021
2.20028
2.2003
2.20025
2.20022
2.20017
2.20004
2.20005
2.20006
2.20016
2.20016
2.20018
2.20017
2.20019
2.20024
2.20036
2.20047
2.20047
2.20041
2.20023
2.20009
2.19992
2.19996
2.20008
2.20018
2.20017
2.20014
2.20021
2.20032
2.20028
2.20021
2.20023
2.20006
2.19996
2.19994
2.19987
2.19989
2.19996
2.20001
2.20005
2.20004
2.20003
2.20007
2.20012
2.20016
2.20022
2.20025
2.20024
2.2002
2.20009
2.19999
2.19998
2.19993
2.20004
2.20008
2.20012
2.20018
2.20024
2.20025
2.20024
2.20025
2.20034
2.20033
2.20033
2.20025
2.20029
2.20019
2.20021
2.20018
2.20021
2.20009
2.20017
2.20019
2.20018
2.2002
2.20036
2.20037
2.20044
2.2004
2.20028
2.20031
2.2002
2.20021
2.20013
2.20007
2.20015
2.20011
2.20012
2.20015
2.20016
2.2002
2.20025
2.20021
2.20021
2.20026
2.20023
2.20018
2.20012
2.20005
2.19997
2.19994
2.19999
2.19992
2.20001
2.20004
2.20006
2.20003
2.19998
2.19991
2.20002
2.20013
2.20013
2.20022
2.20014
2.2002
2.2002
2.20015
2.20007
2.20018
2.20013
2.20006
2.19994
2.20014
2.20016
2.20033
2.20029
2.20028
2.20032
2.20037
2.20048
2.20042
2.20042
2.20033
2.20025
2.20026
2.20025
2.2001
2.20009
2.20007
2.19991
2.19997
2.20004
2.19991
2.19985
2.19993
2.19995
2.1999
2.20009
2.20004
2.20012
2.20007
2.20001
2.19992
2.19991
2.19994
2.19989
2.19986
2.19987
2.19978
2.19983
2.19988
2.19999
2.20005
2.20006
2.20013
2.20015
2.2002
2.20016
2.2002
2.20034
2.20034
2.20033
2.20032
2.20026
2.20029
2.20027
2.20019
2.20018
2.2001
2.20005
2.1999
2.19993
2.19986
2.19983
2.19991
2.19981
2.19982
2.19973
2.19978
2.19975
2.19982
2.20004
2.20005
2.2001
2.2001
2.2001
2.20008
2.20009
2.20019
2.20024
2.20025
2.2002
2.20016
2.20017
2.20017
2.20025
2.20021
2.20022
2.2002
2.20017
2.20002
2.19999
2.20012
2.20013
2.20007
2.20005
2.20012
2.2
2.20002
2.19998
2.19993
2.19994
2.19999
2.19998
2.20003
2.20006
2.20012
2.2001
2.20009
2.20029
2.20018
2.20029
2.20036
2.20046
2.20036
2.20026
2.20017
2.20028
2.20016
2.20018
2.20009
2.20019
2.20012
2.20007
2.19999
2.19998
2.20001
2.19992
2.19993
2.19996
2.19994
2.20006
2.20008
2.20013
2.2002
2.20025
2.20017
2.20026
2.20028
2.20035
2.20036
2.20011
2.20006
2.20003
2.2
2.20001
2.19993
2.19989
2.19988
2.19978
2.19974
2.19973
2.19984
2.19994
2.19995
2.19999
2.19999
2.20002
2.20011
2.20018
2.20022
2.20028
2.2003
2.20036
2.2002
2.20016
2.20027
2.20022
2.20003
2.19993
2.19988
2.19985
2.19976
2.19981
2.19983
2.19983
2.19978
2.19989
2.19995
2.2001
2.20021
2.20024
2.20023
2.20019
2.20017
2.20012
2.20024
2.20023
2.2001
2.20017
2.20019
2.20012
2.20007
2.19997
2.19968
2.19958
2.19963
2.19983
2.20003
2.20012
2.20005
2.20002
2.19998
2.20004
2.20005
2.20005
2.2
2.19994
2.19993
2.20006
2.20002
2.19996
2.19993
2.2
2.19992
2.19999
2.20002
2.19995
2.20002
2.20007
2.20002
2.19998
2.20003
2.20007
2.20004
2.20005
2.20005
2.20006
2.20007
2.2
2.20009
2.20003
2.20008
2.20003
2.20003
2.20002
2.20004
2.20009
2.20005
2.20006
2.19998
2.20005
2.20007
2.20006
2.20001
2.20004
2.20008
2.20004
2.20007
2.20003
2.20004
2.20006
2.20011
2.20006
2.20003
2.20003
2.19998
2.20002
2.19996
2.20003
2.20007
2.20003
2.20005
2.2
2.19999
2.2
2.20006
2.19995
2.20007
2.20003
2.2
2.20003
2.20003
2.19994
2.20003
2.20004
2.19999
2.20006
2.20005
2.19994
2.20006
2.20003
2.20003
2.19994
2.20007
2.2
2.2
2.2
2.20002
2.20004
2.20001
2.20007
2.20002
2.20003
2.19998
2.19999
2.20009
2.19999
2.20008
2.20002
2.20003
2.20004
2.20001
2.20002
2.20005
2.20002
2.20013
2.20004
2.20002
2.20004
2.20002
2.20004
2.20004
2.2
2.20003
2.20005
2.19998
2.20006
2.20004
2.20002
2.2
2.20001
2.20005
2.19997
2.20006
2.20003
2.2
2.20008
2.19999
2.20004
2.20004
2.20007
2.2
2.20005
2.19997
2.20005
2.20005
2.2
2.20004
2.19997
2.19995
2.20001
2.19995
2.20003
2.20002
2.2
2.20002
2.20005
2.19996
2.20006
2.20007
2.20005
2.19998
2.19999
2.20007
2.19994
2.20004
2.19994
2.20002
2.19999
2.20002
2.20005
2.2
2.19998
2.20001
2.20004
2.19996
2.19999
2.19998
2.20003
2.20002
2.19999
2.20007
2.20002
2.19994
2.19996
2.2
2.19999
2.19997
2.20002
2.19993
2.20001
2.20003
2.19998
2.20002
2.20002
2.2
2.2
2.19996
2.19997
2.19997
2.20001
2.19995
2.19999
2.20002
2.20001
2.1999
2.19975
2.19946
2.19955
2.19961
2.19975
2.19996
2.20001
2.19985
2.19967
2.19959
2.19953
2.19968
2.1998
2.19972
2.19962
2.19959
2.19955
2.19955
2.1996
2.19963
2.19959
2.19958
2.19966
2.19969
2.1997
2.19974
2.1998
2.19986
2.19995
2.20005
2.20007
2.20004
2.19987
2.19992
2.19989
2.19992
2.19979
2.19969
2.19976
2.19975
2.19971
2.19973
2.19965
2.19963
2.19975
2.19978
2.19983
2.20014
2.20016
2.20005
2.2001
2.19994
2.20003
2.2
2.20008
2.20002
2.20006
2.19999
2.19994
2.19994
2.19993
2.19987
2.19976
2.19986
2.19979
2.19987
2.19993
2.19994
2.19988
2.20005
2.20001
2.20009
2.2001
2.20014
2.2001
2.20014
2.20007
2.20014
2.19994
2.20001
2.19994
2.1999
2.20005
2.20002
2.19996
2.19991
2.19988
2.1998
2.19995
2.1999
2.19981
2.19988
2.1998
2.19978
2.1998
2.19982
2.19994
2.19996
2.19993
2.19992
2.19996
2.19997
2.20002
2.19995
2.19991
2.19994
2.19989
2.19992
2.20002
2.19996
2.20003
2.19996
2.20002
2.20012
2.19996
2.19986
2.1999
2.19988
2.19988
2.1997
2.19979
2.1997
2.19978
2.19972
2.19991
2.19974
2.19979
2.19977
2.19975
2.19985
2.19984
2.1998
2.19991
2.19995
2.19991
2.2
2.19995
2.2002
2.20007
2.20016
2.19999
2.20005
2.19991
2.19995
2.19984
2.19979
2.1997
2.19978
2.19983
2.19972
2.19977
2.19983
2.19973
2.19967
2.19967
2.19965
2.1997
2.19969
2.19976
2.19975
2.1998
2.19981
2.19985
2.19992
2.19992
2.19999
2.1999
2.19992
2.19993
2.19992
2.19983
2.19985
2.19973
2.19971
2.19982
2.19978
2.19994
2.19994
2.19998
2.20003
2.19998
2.20005
2.19999
2.19999
2.19993
2.1999
2.19986
2.19986
2.19977
2.19973
2.19974
2.19981
2.19975
2.19969
2.19968
2.19972
2.1998
2.19982
2.19974
2.19979
2.19988
2.19983
2.1999
2.19992
2.19992
2.19993
2.19994
2.19995
2.19987
2.20002
2.20001
2.19995
2.19999
2.19996
2.1999
2.19996
2.20001
2.2001
2.20014
2.2002
2.20021
2.20012
2.20004
2.20005
2.20001
2.2001
2.19999
2.19996
2.20007
2.19992
2.20011
2.20002
2.20008
2.19996
2.19998
2.2
2.2001
2.20018
2.20003
2.20011
2.20006
2.19985
2.19984
2.19983
2.19984
2.19996
2.19998
2.19998
2.19985
2.19993
2.19993
2.19993
2.19994
2.20001
2.19989
2.1999
2.1998
2.19979
2.19974
2.19983
2.1999
2.19979
2.19982
2.19984
2.19991
2.19983
2.1999
2.19996
2.20007
2.20006
2.20012
2.20008
2.20008
2.19993
2.19994
2.19986
2.19988
2.19985
2.19987
2.19986
2.19985
2.19992
2.19994
2.19999
2.20007
2.20015
2.20009
2.20021
2.20001
2.20005
2.2
2.20007
2.19995
2.19984
2.19985
2.19986
2.19992
2.20001
2.2001
2.20017
2.20012
2.19997
2.19986
2.19975
2.19983
2.19982
2.19978
2.19981
2.19977
2.19981
2.19976
2.19983
2.19992
2.19992
2.19989
2.19981
2.19981
2.19979
2.19978
2.19975
2.19966
2.19966
2.19967
2.1996
2.19965
2.19974
2.19976
2.19982
2.19961
2.19975
2.19969
2.19955
2.19956
2.19966
2.19956
2.19967
2.19964
2.19971
2.19989
2.19993
2.19995
2.20001
2.19992
2.19984
2.19982
2.19993
2.1998
2.19978
2.19985
2.19982
2.20002
2.20008
2.20024
2.20018
2.20005
2.19997
2.1999
2.19981
2.19985
2.19984
2.19989
2.19992
2.1999
2.19997
2.20002
2.20004
2.19998
2.20002
2.19988
2.19988
2.1998
2.19987
2.19976
2.19981
2.19989
2.19988
2.19994
2.19999
2.19996
2.19982
2.19975
2.19974
2.19973
2.19977
2.19999
2.19993
2.19997
2.19995
2.19997
2.20002
2.19997
2.19987
2.19985
2.19978
2.19996
2.19991
2.20011
2.20011
2.20028
2.20012
2.2001
2.20004
2.19999
2.2
2.19998
2.1999
2.2
2.20001
2.20017
2.2001
2.20008
2.20017
2.20008
2.20015
2.20025
2.20015
2.20027
2.20011
2.19989
2.1998
2.19983
2.19996
2.20032
2.20072
2.20185
2.20263
2.20346
2.2043
2.20603
2.20689
2.20765
2.20828
2.20998
2.21081
2.21152
2.21322
2.21399
2.21471
2.21543
2.21699
2.21777
2.2185
2.21935
2.22094
-2.22025
-2.21954
-2.21872
-2.21715
-2.21629
-2.21556
-2.21395
-2.21321
-2.21226
-2.21144
-2.20968
-2.20898
-2.20814
-2.20728
-2.20547
-2.20468
-2.2039
-2.2032
-2.20165
-2.20076
-2.19999
-2.19845
-2.19764
-2.19683
-2.19602
-2.19437
-2.19349
-2.19278
-2.19194
-2.19011
-2.18923
-2.18831
-2.18749
-2.18577
-2.18494
-2.18398
-2.18237
-2.18143
-2.18057
-2.17976
-2.17806
-2.17711
-2.17624
-2.17537
-2.17355
-2.17273
-2.17196
-2.1711
-2.16937
-2.16867
-2.16778
-2.16601
-2.16529
-2.16443
-2.16343
-2.16155
-2.16067
-2.15987
-2.15893
-2.1573
-2.15658
-2.15562
-2.15399
-2.15318
-2.15231
-2.15147
-2.14984
-2.1489
-2.14806
-2.14725
-2.14551
-2.14462
-2.1438
-2.14293
-2.14103
-2.14005
-2.1391
-2.13738
-2.13646
-2.13549
-2.13463
-2.1328
-2.13184
-2.13096
-2.13016
-2.12833
-2.12744
-2.12651
-2.12475
-2.12387
-2.1231
-2.12206
-2.12052
-2.11973
-2.11887
-2.11806
-2.11625
-2.11543
-2.11448
-2.11347
-2.1117
-2.11084
-2.10984
-2.10801
-2.1071
-2.10631
-2.10533
-2.10374
-2.10271
-2.10183
-2.10087
-2.09902
-2.09807
-2.09717
-2.09638
-2.09458
-2.09365
-2.09281
-2.09098
-2.09007
-2.08912
-2.08823
-2.08641
-2.08548
-2.08473
-2.08378
-2.08176
-2.08078
-2.0799
-2.07811
-2.07715
-2.07631
-2.07529
-2.07341
-2.07255
-2.07173
-2.07084
-2.06889
-2.0681
-2.06725
-2.06629
-2.06445
-2.06355
-2.06271
-2.06072
-2.05989
-2.0589
-2.058
-2.05601
-2.05506
-2.05403
-2.05311
-2.05113
-2.0502
-2.04922
-2.04818
-2.04624
-2.04539
-2.04446
-2.04271
-2.04179
-2.04087
-2.04003
-2.03811
-2.03727
-2.03646
-2.03563
-2.03383
-2.03292
-2.03204
-2.03114
-2.02911
-2.02812
-2.02716
-2.02511
-2.02407
-2.02308
-2.0221
-2.02007
-2.01916
-2.01831
-2.01718
-2.01513
-2.01425
-2.01323
-2.01216
-2.01043
-2.00948
-2.00854
-2.00671
-2.00589
-2.00502
-2.00407
-2.00237
-2.00151
-2.00034
-1.99942
-1.99746
-1.99633
-1.99533
-1.99422
-1.99231
-1.99134
-1.99045
-1.98848
-1.9874
-1.98631
-1.98538
-1.98356
-1.98266
-1.98176
-1.98091
-1.97904
-1.97802
-1.97711
-1.97528
-1.97435
-1.97345
-1.97243
-1.97039
-1.96938
-1.96834
-1.96728
-1.96527
-1.96435
-1.96324
-1.96212
-1.96008
-1.9591
-1.95821
-1.95625
-1.95535
-1.95425
-1.9533
-1.95142
-1.95048
-1.94951
-1.9487
-1.94675
-1.94571
-1.94471
-1.9437
-1.9418
-1.94081
-1.93982
-1.93781
-1.9368
-1.93574
-1.93467
-1.93248
-1.93142
-1.93038
-1.9293
-1.9274
-1.92641
-1.92545
-1.92447
-1.92256
-1.92157
-1.92058
-1.9187
-1.91784
-1.91678
-1.91574
-1.91391
-1.91288
-1.91184
-1.91103
-1.90905
-1.90802
-1.90696
-1.90486
-1.90387
-1.90277
-1.90195
-1.89995
-1.89892
-1.89802
-1.89694
-1.89494
-1.89385
-1.89283
-1.89176
-1.88955
-1.88852
-1.8874
-1.88533
-1.88429
-1.88331
-1.88227
-1.88032
-1.87933
-1.87826
-1.87738
-1.87546
-1.87453
-1.87365
-1.87265
-1.87067
-1.86953
-1.86856
-1.86652
-1.8655
-1.86445
-1.86341
-1.8612
-1.86014
-1.85894
-1.85792
-1.85584
-1.85482
-1.85374
-1.85261
-1.85034
-1.84933
-1.84825
-1.84618
-1.84532
-1.84428
-1.84316
-1.84136
-1.84039
-1.83933
-1.83838
-1.83654
-1.83551
-1.83444
-1.83249
-1.83139
-1.83042
-1.82939
-1.82727
-1.82619
-1.82514
-1.8241
-1.82195
-1.8209
-1.81984
-1.81878
-1.81668
-1.81563
-1.81469
-1.81267
-1.81168
-1.8105
-1.80936
-1.8071
-1.80591
-1.80484
-1.80386
-1.8018
-1.80078
-1.79973
-1.7987
-1.79667
-1.79544
-1.79445
-1.79273
-1.79178
-1.79078
-1.78983
-1.78773
-1.78664
-1.78571
-1.78479
-1.78263
-1.78173
-1.78061
-1.77943
-1.77718
-1.77597
-1.77494
-1.77276
-1.77161
-1.77062
-1.76936
-1.76717
-1.76612
-1.76496
-1.76395
-1.7618
-1.76076
-1.75955
-1.75859
-1.75656
-1.75559
-1.75456
-1.75255
-1.7515
-1.75042
-1.74939
-1.74738
-1.74629
-1.74535
-1.74436
-1.74211
-1.74099
-1.73989
-1.73768
-1.7366
-1.73561
-1.73463
-1.73248
-1.73154
-1.7305
-1.72956
-1.7275
-1.72633
-1.72536
-1.72416
-1.72184
-1.72082
-1.71969
-1.71743
-1.71625
-1.71523
-1.71401
-1.71166
-1.71072
-1.70961
-1.70865
-1.70672
-1.70563
-1.70454
-1.70343
-1.7015
-1.70036
-1.69933
-1.69719
-1.696
-1.69485
-1.69384
-1.69158
-1.69053
-1.68947
-1.68842
-1.68598
-1.68488
-1.68385
-1.68265
-1.68063
-1.67948
-1.67854
-1.67628
-1.67526
-1.67413
-1.67316
-1.6709
-1.66977
-1.66849
-1.66739
-1.66509
-1.66408
-1.66288
-1.66067
-1.65973
-1.65847
-1.65737
-1.65517
-1.65401
-1.65288
-1.65184
-1.6497
-1.64861
-1.64756
-1.64649
-1.64446
-1.64335
-1.64226
-1.63999
-1.63893
-1.63788
-1.63689
-1.63476
-1.63361
-1.6325
-1.63136
-1.62906
-1.62793
-1.62689
-1.62574
-1.62369
-1.62265
-1.62156
-1.61943
-1.61845
-1.61749
-1.61641
-1.61404
-1.61286
-1.61163
-1.61047
-1.6083
-1.60713
-1.606
-1.60489
-1.60261
-1.60141
-1.60027
-1.59817
-1.5971
-1.59597
-1.59492
-1.59285
-1.5919
-1.59078
-1.58973
-1.58748
-1.58622
-1.58511
-1.58396
-1.58168
-1.5807
-1.57962
-1.57722
-1.57599
-1.57484
-1.57367
-1.57151
-1.57044
-1.56923
-1.56818
-1.56572
-1.56474
-1.56362
-1.56269
-1.56037
-1.55925
-1.55808
-1.55586
-1.55485
-1.55364
-1.55243
-1.55006
-1.54895
-1.54782
-1.5467
-1.54444
-1.54334
-1.54238
-1.54134
-1.53911
-1.53791
-1.53688
-1.53476
-1.5337
-1.53269
-1.53156
-1.52929
-1.52802
-1.52695
-1.52566
-1.52329
-1.52215
-1.52093
-1.51968
-1.51757
-1.5163
-1.51519
-1.51289
-1.51186
-1.51083
-1.50972
-1.5076
-1.50655
-1.50543
-1.50439
-1.50206
-1.50089
-1.49981
-1.4974
-1.49634
-1.49503
-1.49377
-1.49161
-1.49035
-1.48921
-1.48808
-1.48601
-1.48485
-1.48379
-1.48281
-1.48077
-1.47953
-1.47845
-1.47606
-1.47489
-1.47367
-1.47251
-1.47005
-1.46884
-1.46767
-1.4664
-1.46402
-1.46279
-1.46164
-1.46056
-1.45818
-1.4571
-1.45599
-1.45398
-1.4529
-1.45176
-1.4506
-1.44816
-1.44705
-1.44589
-1.44483
-1.44267
-1.44163
-1.44057
-1.43936
-1.43716
-1.43603
-1.43484
-1.43247
-1.43143
-1.43019
-1.42911
-1.42688
-1.4257
-1.42468
-1.42341
-1.42117
-1.42
-1.41882
-1.41756
-1.41508
-1.41393
-1.4128
-1.41036
-1.40929
-1.40812
-1.40689
-1.40469
-1.40349
-1.40258
-1.40135
-1.39923
-1.39814
-1.39694
-1.39453
-1.39343
-1.39225
-1.39094
-1.38854
-1.38731
-1.38615
-1.38496
-1.38249
-1.38142
-1.3802
-1.37907
-1.37669
-1.37552
-1.37455
-1.3723
-1.37114
-1.36993
-1.36871
-1.36622
-1.36484
-1.36372
-1.36242
-1.36015
-1.35897
-1.35796
-1.35666
-1.35453
-1.35349
-1.35249
-1.35056
-1.34939
-1.34794
-1.3466
-1.34401
-1.3427
-1.34152
-1.34051
-1.33838
-1.33724
-1.33621
-1.33517
-1.33297
-1.33173
-1.3306
-1.32792
-1.32661
-1.32535
-1.32417
-1.32208
-1.3212
-1.3201
-1.31904
-1.31661
-1.31525
-1.31389
-1.3112
-1.30996
-1.30871
-1.30786
-1.30585
-1.30488
-1.30383
-1.3027
-1.30013
-1.29872
-1.29753
-1.29612
-1.29376
-1.29281
-1.29271
-1.2904
-1.28931
-1.28791
-1.28633
-1.28361
-1.28235
-1.28123
-1.28021
-1.27822
-1.27718
-1.27616
-1.27495
-1.27194
-1.2706
-1.26942
-1.26748
-1.2664
-1.26529
-1.26428
-1.26186
-1.26068
-1.25926
-1.2579
-1.25545
-1.25439
-1.25353
-1.25263
-1.25039
-1.24913
-1.24786
-1.245
-1.24375
-1.2425
-1.24148
-1.23959
-1.23861
-1.23736
-1.23595
-1.23279
-1.23179
-1.23057
-1.22868
-1.22831
-1.22796
-1.22752
-1.22742
-1.22751
-1.22739
-1.22763
-1.22786
-1.22809
-1.22768
-1.22761
-1.22764
-1.22745
-1.22736
-1.22751
-1.22757
-1.2275
-1.22752
-1.22765
-1.22777
-1.22781
-1.22788
-1.22796
-1.22797
-1.22814
-1.22824
-1.22811
-1.22815
-1.22819
-1.22826
-1.22823
-1.2282
-1.22817
-1.22793
-1.22784
-1.22772
-1.22767
-1.22763
-1.22752
-1.2275
-1.22751
-1.22737
-1.22725
-1.22718
-1.22733
-1.22734
-1.22732
-1.22738
-1.22749
-1.22756
-1.22763
-1.22762
-1.22774
-1.22763
-1.22765
-1.22778
-1.22772
-1.22769
-1.22767
-1.22778
-1.22764
-1.22759
-1.22759
-1.22756
-1.2276
-1.22762
-1.22771
-1.22761
-1.22768
-1.2276
-1.22762
-1.22759
-1.22748
-1.2274
-1.22723
-1.22725
-1.2272
-1.22722
-1.22713
-1.2271
-1.22699
-1.22694
-1.22705
-1.22714
-1.22721
-1.22732
-1.22743
-1.22736
-1.22747
-1.22749
-1.2275
-1.22744
-1.22752
-1.22742
-1.22748
-1.22749
-1.22753
-1.22756
-1.22766
-1.2276
-1.22777
-1.22782
-1.22784
-1.22778
-1.22794
-1.22794
-1.22794
-1.22788
-1.22769
-1.22757
-1.22766
-1.22753
-1.22755
-1.22734
-1.22731
-1.22727
-1.22735
-1.22735
-1.22745
-1.22744
-1.22754
-1.22761
-1.22755
-1.22747
-1.22729
-1.2273
-1.22717
-1.22739
-1.22729
-1.22738
-1.22746
-1.22744
-1.22754
-1.22761
-1.22775
-1.22768
-1.22781
-1.22775
-1.22774
-1.22771
-1.22772
-1.22773
-1.22772
-1.22772
-1.2279
-1.22777
-1.2277
-1.22765
-1.22771
-1.22792
-1.22791
-1.22805
-1.22784
-1.22787
-1.22779
-1.22778
-1.22756
-1.22759
-1.22763
-1.22763
-1.22781
-1.2278
-1.22781
-1.22798
-1.228
-1.22803
-1.2279
-1.22776
-1.22763
-1.22773
-1.22774
-1.22766
-1.22749
-1.22743
-1.22758
-1.22758
-1.22776
-1.22776
-1.22781
-1.22771
-1.22775
-1.22746
-1.22739
-1.22726
-1.22729
-1.22733
-1.22733
-1.22737
-1.2274
-1.22744
-1.22749
-1.22754
-1.22759
-1.2275
-1.22738
-1.22742
-1.22741
-1.22727
-1.22721
-1.22721
-1.22723
-1.22727
-1.2274
-1.22741
-1.22753
-1.2275
-1.22737
-1.22741
-1.22725
-1.22728
-1.2274
-1.22731
-1.22748
-1.22754
-1.22755
-1.22776
-1.22774
-1.22786
-1.22754
-1.22747
-1.22744
-1.22755
-1.22754
-1.22741
-1.22737
-1.22747
-1.2276
-1.2278
-1.22777
-1.22772
-1.22767
-1.22749
-1.22742
-1.2275
-1.22745
-1.22752
-1.2275
-1.22757
-1.22779
-1.228
-1.22799
-1.22807
-1.22786
-1.22797
-1.22783
-1.22782
-1.22767
-1.22777
-1.22787
-1.22783
-1.22817
-1.22802
-1.22798
-1.22792
-1.22791
-1.22788
-1.22793
-1.22798
-1.22798
-1.22784
-1.22791
-1.22792
-1.22806
-1.22799
-1.22781
-1.22763
-1.22749
-1.22753
-1.22757
-1.22748
-1.2275
-1.22759
-1.22753
-1.22766
-1.22765
-1.22753
-1.2273
-1.22726
-1.22729
-1.22701
-1.22733
-1.22745
-1.22748
-1.22745
-1.22754
-1.22749
-1.22749
-1.22699
-1.22709
-1.22704
-1.22705
-1.22721
-1.22712
-1.22705
-1.22699
-1.22687
-1.22682
-1.227
-1.22717
-1.22721
-1.22727
-1.22731
-1.22752
-1.22767
-1.22768
-1.22774
-1.22743
-1.22737
-1.22738
-1.2273
-1.2274
-1.22734
-1.22727
-1.22733
-1.22735
-1.22727
-1.22738
-1.22746
-1.22766
-1.22767
-1.22767
-1.22775
-1.22782
-1.22781
-1.22757
-1.22734
-1.22744
-1.22717
-1.2273
-1.22726
-1.22724
-1.22727
-1.22739
-1.22753
-1.22759
-1.22775
-1.22785
-1.22778
-1.22789
-1.22787
-1.22769
-1.22755
-1.22744
-1.2272
-1.22722
-1.22704
-1.22694
-1.22698
-1.22698
-1.2271
-1.22741
-1.22758
-1.22769
-1.22774
-1.22783
-1.2279
-1.22772
-1.22762
-1.22743
-1.22729
-1.22725
-1.2273
-1.22733
-1.22738
-1.22734
-1.22742
-1.22772
-1.2278
-1.22785
-1.2279
-1.2278
-1.22753
-1.22729
-1.22716
-1.22707
-1.22686
-1.22694
-1.22689
-1.22711
-1.22728
-1.2277
-1.22776
-1.22793
-1.22786
-1.2278
-1.22779
-1.22758
-1.22739
-1.22726
-1.22732
-1.22731
-1.22727
-1.22737
-1.22742
-1.22761
-1.22774
-1.22772
-1.22778
-1.22763
-1.22741
-1.22727
-1.22721
-1.22719
-1.22719
-1.22719
-1.22727
-1.2277
-1.2278
-1.22797
-1.22803
-1.22773
-1.22745
-1.2272
-1.22712
-1.22719
-1.2272
-1.22737
-1.22747
-1.22769
-1.22798
-1.22798
-1.22801
-1.22765
-1.22756
-1.22733
-1.22709
-1.22718
-1.22707
-1.22719
-1.22714
-1.22725
-1.22748
-1.22761
-1.22764
-1.22752
-1.22725
-1.22702
-1.22706
-1.22693
-1.22689
-1.227
-1.22734
-1.22747
-1.22762
-1.22768
-1.22745
-1.22711
-1.22733
-1.22694
-1.22701
-1.22702
-1.22734
-1.22741
-1.22759
-1.22774
-1.22786
-1.2276
-1.22751
-1.22733
-1.22713
-1.22725
-1.22732
-1.2275
-1.22765
-1.22779
-1.22795
-1.22791
-1.22766
-1.2275
-1.22733
-1.22737
-1.22742
-1.22754
-1.22752
-1.2276
-1.22782
-1.22801
-1.22784
-1.22755
-1.22741
-1.22735
-1.22733
-1.22736
-1.22737
-1.22738
-1.22764
-1.22783
-1.22785
-1.22777
-1.22738
-1.22729
-1.22736
-1.22729
-1.22753
-1.22769
-1.22794
-1.22813
-1.22811
-1.2279
-1.22767
-1.22732
-1.22714
-1.22716
-1.22737
-1.22753
-1.22774
-1.22796
-1.22796
-1.22787
-1.22756
-1.22728
-1.22719
-1.2274
-1.22738
-1.2274
-1.22777
-1.22801
-1.22794
-1.22748
-1.22723
-1.22716
-1.22702
-1.22728
-1.22731
-1.22737
-1.2276
-1.22798
-1.22793
-1.22772
-1.2274
-1.22715
-1.22717
-1.22741
-1.22742
-1.22761
-1.22774
-1.2279
-1.22779
-1.22745
-1.22724
-1.22706
-1.22748
-1.22757
-1.22762
-1.22745
-1.22815
-1.22809
-1.22795
-1.22751
-1.22743
-1.22746
-1.22747
-1.22763
-1.22775
-1.22798
-1.22812
-1.22815
-1.2279
-1.22766
-1.22742
-1.22731
-1.22746
-1.22746
-1.22766
-1.22775
-1.22793
-1.22795
-1.22756
-1.22736
-1.22735
-1.22726
-1.22741
-1.22749
-1.22755
-1.22787
-1.22797
-1.22777
-1.22757
-1.22726
-1.22711
-1.22706
-1.22708
-1.22772
-1.22773
-1.22757
-1.22759
-1.22796
-1.22785
-1.22782
-1.22785
-1.22798
-1.22793
-1.22791
-1.22783
-1.22796
-1.22789
-1.22793
-1.22795
-1.228
-1.22804
-1.22794
-1.22796
-1.22788
-1.22775
-1.22772
-1.22771
-1.22766
-1.2277
-1.2277
-1.22764
-1.22761
-1.22761
-1.22765
-1.22764
-1.22768
-1.22756
-1.22768
-1.22764
-1.22764
-1.22761
-1.22763
-1.22762
-1.22766
-1.22759
-1.2277
-1.22763
-1.22766
-1.22771
-1.2276
-1.22775
-1.22769
-1.22771
-1.22767
-1.22762
-1.22773
-1.22764
-1.22766
-1.22766
-1.22772
-1.22762
-1.22772
-1.22767
-1.22762
-1.22768
-1.22774
-1.22768
-1.22767
-1.22768
-1.22772
-1.22775
-1.22771
-1.22772
-1.22775
-1.22767
-1.2277
-1.22768
-1.22773
-1.22766
-1.22765
-1.22765
-1.22762
-1.22767
-1.22774
-1.22771
-1.22767
-1.22767
-1.22764
-1.22768
-1.22767
-1.22771
-1.22765
-1.22773
-1.22767
-1.2277
-1.22776
-1.22766
-1.2277
-1.22768
-1.22768
-1.22768
-1.22768
-1.22771
-1.22772
-1.22767
-1.22762
-1.22765
-1.2277
-1.22767
-1.22765
-1.22766
-1.22769
-1.22767
-1.22766
-1.22773
-1.22775
-1.22772
-1.22768
-1.22772
-1.22769
-1.22774
-1.22769
-1.22773
-1.22773
-1.2277
-1.22766
-1.2277
-1.2276
-1.22765
-1.22765
-1.2277
-1.22764
-1.22766
-1.22768
-1.22761
-1.2277
-1.22767
-1.2277
-1.22776
-1.2277
-1.22772
-1.22764
-1.2276
-1.22762
-1.22761
-1.2277
-1.22765
-1.2277
-1.22764
-1.22769
-1.22764
-1.22776
-1.22768
-1.22763
-1.22776
-1.22768
-1.22766
-1.22762
-1.22771
-1.22768
-1.22771
-1.22776
-1.22766
-1.22766
-1.2277
-1.22762
-1.22766
-1.22772
-1.22759
-1.22763
-1.22767
-1.22767
-1.22766
-1.22773
-1.22763
-1.22771
-1.22769
-1.22768
-1.22768
-1.22763
-1.22772
-1.22767
-1.22762
-1.22768
-1.22762
-1.22763
-1.22768
-1.22767
-1.22767
-1.22764
-1.22768
-1.22768
-1.22766
-1.2277
-1.22768
-1.22768
-1.22767
-1.22763
-1.22768
-1.22766
-1.2277
-1.22768
-1.22768
-1.22763
-1.22769
-1.22764
-1.22775
-1.22809
-1.22774
-1.22723
-1.22724
-1.22744
-1.22729
-1.22771
-1.22806
-1.22815
-1.22816
-1.22768
-1.22794
-1.22777
-1.22781
-1.22773
-1.22786
-1.228
-1.22823
-1.22814
-1.228
-1.2278
-1.2275
-1.22743
-1.22746
-1.22768
-1.22807
-1.22802
-1.22804
-1.22798
-1.22771
-1.22754
-1.22743
-1.22752
-1.22749
-1.22758
-1.22775
-1.22809
-1.2281
-1.22803
-1.22783
-1.22749
-1.22742
-1.22749
-1.22754
-1.22775
-1.22778
-1.22794
-1.22794
-1.22787
-1.22762
-1.22749
-1.22744
-1.22745
-1.22755
-1.22767
-1.22794
-1.22801
-1.22808
-1.22783
-1.22729
-1.22746
-1.22746
-1.2275
-1.22771
-1.22775
-1.22802
-1.22829
-1.22825
-1.22812
-1.22796
-1.22771
-1.22768
-1.22772
-1.22791
-1.22805
-1.22806
-1.22815
-1.22815
-1.22804
-1.22779
-1.22766
-1.22749
-1.22771
-1.22782
-1.22811
-1.22816
-1.22816
-1.22811
-1.22782
-1.22748
-1.22745
-1.2274
-1.22751
-1.22752
-1.2277
-1.22765
-1.22776
-1.22774
-1.22755
-1.22724
-1.22725
-1.22728
-1.2274
-1.22752
-1.22747
-1.22758
-1.22762
-1.22784
-1.22761
-1.22741
-1.2274
-1.2273
-1.22739
-1.22748
-1.22744
-1.22751
-1.22767
-1.22774
-1.22764
-1.22749
-1.2274
-1.22737
-1.22708
-1.227
-1.22719
-1.22731
-1.22742
-1.22771
-1.22778
-1.22769
-1.22757
-1.22728
-1.22714
-1.2275
-1.22744
-1.2275
-1.22756
-1.228
-1.22809
-1.2282
-1.2281
-1.22784
-1.22776
-1.22748
-1.22755
-1.22758
-1.22773
-1.2278
-1.22811
-1.22817
-1.22799
-1.22801
-1.22781
-1.22778
-1.22754
-1.22748
-1.22751
-1.22767
-1.22773
-1.22776
-1.22781
-1.22783
-1.22797
-1.22811
-1.22796
-1.22783
-1.2275
-1.22747
-1.22748
-1.22744
-1.22759
-1.22771
-1.22788
-1.22807
-1.22823
-1.22816
-1.22801
-1.22776
-1.2275
-1.22749
-1.22745
-1.22773
-1.2278
-1.22778
-1.22784
-1.22798
-1.22801
-1.22803
-1.22794
-1.22765
-1.2276
-1.22758
-1.22765
-1.22777
-1.22779
-1.22769
-1.22795
-1.22787
-1.22797
-1.22791
-1.22799
-1.22792
-1.22775
-1.22773
-1.22723
-1.22724
-1.22736
-1.22736
-1.2275
-1.22774
-1.2277
-1.22807
-1.22826
-1.2281
-1.22805
-1.22807
-1.22792
-1.22776
-1.22759
-1.2274
-1.22752
-1.22764
-1.22752
-1.22748
-1.22752
-1.22774
-1.22781
-1.22783
-1.22789
-1.22791
-1.22787
-1.22782
-1.22765
-1.22757
-1.22743
-1.22738
-1.22756
-1.22771
-1.22775
-1.22797
-1.22797
-1.22811
-1.22813
-1.22807
-1.22816
-1.22774
-1.22789
-1.2278
-1.22783
-1.22764
-1.22762
-1.22749
-1.22729
-1.22733
-1.2274
-1.22745
-1.22765
-1.22784
-1.22792
-1.22787
-1.22796
-1.2279
-1.22787
-1.22781
-1.22767
-1.22758
-1.22749
-1.22754
-1.22752
-1.22749
-1.22757
-1.22749
-1.22749
-1.22749
-1.22761
-1.22766
-1.22771
-1.22787
-1.22794
-1.22793
-1.22792
-1.22783
-1.2275
-1.2275
-1.22737
-1.22751
-1.22757
-1.22768
-1.22755
-1.22758
-1.22771
-1.2277
-1.22773
-1.22773
-1.22773
-1.22765
-1.22747
-1.22756
-1.22764
-1.22775
-1.22789
-1.22786
-1.22767
-1.22765
-1.22824
-1.22981
-1.23027
-1.23133
-1.23335
-1.23429
-1.23566
-1.23738
-1.24052
-1.24159
-1.24251
-1.24348
-1.2455
-1.2465
-1.24789
-1.24922
-1.25214
-1.25348
-1.25472
-1.25658
-1.25746
-1.25867
-1.25992
-1.26297
-1.26434
-1.26527
-1.26627
-1.26794
-1.26904
-1.27055
-1.27373
-1.27516
-1.27638
-1.27736
-1.27916
-1.27998
-1.28103
-1.28239
-1.28581
-1.28682
-1.28789
-1.28888
-1.29084
-1.29202
-1.29341
-1.29649
-1.29783
-1.29902
-1.29983
-1.30135
-1.30226
-1.30338
-1.30482
-1.30803
-1.30927
-1.31043
-1.31148
-1.31334
-1.31447
-1.31605
-1.31902
-1.32007
-1.32094
-1.3219
-1.32376
-1.32494
-1.32629
-1.32786
-1.33065
-1.33159
-1.33249
-1.33331
-1.33527
-1.33678
-1.33828
-1.34125
-1.34222
-1.3432
-1.34393
-1.34587
-1.34718
-1.34872
-1.35018
-1.35278
-1.35388
-1.35463
-1.35645
-1.35778
-1.35929
-1.36068
-1.36342
-1.36459
-1.36529
-1.36597
-1.36815
-1.36966
-1.3711
-1.3724
-1.37352
-1.37475
-1.37567
-1.37795
-1.37952
-1.38103
-1.38244
-1.3849
-1.3857
-1.38648
-1.38738
-1.38945
-1.39083
-1.39232
-1.39385
-1.39582
-1.39686
-1.39784
-1.40008
-1.40125
-1.4027
-1.40397
-1.40638
-1.40757
-1.40835
-1.40917
-1.41152
-1.41278
-1.41417
-1.41551
-1.41804
-1.41915
-1.42011
-1.42179
-1.42268
-1.42383
-1.42534
-1.4283
-1.42975
-1.43091
-1.43181
-1.43398
-1.4349
-1.4359
-1.43703
-1.43945
-1.44081
-1.44205
-1.44417
-1.44536
-1.44636
-1.44749
-1.44965
-1.45084
-1.45212
-1.45347
-1.45593
-1.45693
-1.45797
-1.46014
-1.4611
-1.46208
-1.46319
-1.4656
-1.46693
-1.46825
-1.4695
-1.47187
-1.47296
-1.47396
-1.47501
-1.47697
-1.47808
-1.47916
-1.48138
-1.48255
-1.48394
-1.48529
-1.48772
-1.48893
-1.48986
-1.49097
-1.49296
-1.49404
-1.49508
-1.49614
-1.49811
-1.49925
-1.50065
-1.50323
-1.50444
-1.50543
-1.5067
-1.50924
-1.5103
-1.51137
-1.51255
-1.51483
-1.51617
-1.51759
-1.5187
-1.52072
-1.52166
-1.52264
-1.52474
-1.52604
-1.52703
-1.5281
-1.5307
-1.53195
-1.53334
-1.53456
-1.53658
-1.53774
-1.53876
-1.53989
-1.54219
-1.54339
-1.54454
-1.54686
-1.54777
-1.54892
-1.54994
-1.55216
-1.55341
-1.55449
-1.55581
-1.55791
-1.55891
-1.55992
-1.56199
-1.56305
-1.56418
-1.56523
-1.5678
-1.56908
-1.57034
-1.57143
-1.57344
-1.57446
-1.57537
-1.57658
-1.57888
-1.58007
-1.58124
-1.58326
-1.58429
-1.58534
-1.5865
-1.58873
-1.58985
-1.59096
-1.59216
-1.59416
-1.59532
-1.59626
-1.59723
-1.59933
-1.60067
-1.60193
-1.60451
-1.60561
-1.60673
-1.60768
-1.60972
-1.61074
-1.61189
-1.61308
-1.61538
-1.61647
-1.61748
-1.61851
-1.62062
-1.62167
-1.62273
-1.62463
-1.62603
-1.62721
-1.62836
-1.63081
-1.63192
-1.63293
-1.63401
-1.63622
-1.63733
-1.63839
-1.63974
-1.64219
-1.64323
-1.64422
-1.6462
-1.64716
-1.64816
-1.64913
-1.65131
-1.65241
-1.65361
-1.65481
-1.65708
-1.65809
-1.65912
-1.66014
-1.66207
-1.66318
-1.66431
-1.66662
-1.66787
-1.66906
-1.67005
-1.67225
-1.67324
-1.67437
-1.6753
-1.67744
-1.67862
-1.67969
-1.68216
-1.6833
-1.68455
-1.68565
-1.68763
-1.68868
-1.68957
-1.69064
-1.69259
-1.69355
-1.6947
-1.69583
-1.6981
-1.69904
-1.70011
-1.70224
-1.70336
-1.7044
-1.7055
-1.7076
-1.7086
-1.70979
-1.71095
-1.71347
-1.71469
-1.71587
-1.7169
-1.71898
-1.72001
-1.72108
-1.723
-1.72398
-1.72491
-1.72584
-1.72791
-1.72891
-1.73005
-1.73122
-1.7334
-1.7346
-1.73575
-1.73804
-1.73901
-1.74006
-1.74109
-1.74314
-1.74419
-1.74522
-1.74628
-1.74847
-1.74966
-1.7508
-1.75192
-1.75408
-1.75515
-1.75617
-1.75842
-1.7595
-1.76054
-1.76153
-1.76356
-1.76457
-1.76553
-1.76664
-1.76862
-1.76974
-1.77087
-1.77184
-1.77392
-1.77486
-1.77595
-1.77811
-1.77915
-1.78023
-1.78124
-1.7832
-1.78427
-1.7853
-1.78643
-1.78872
-1.78987
-1.79091
-1.79194
-1.79417
-1.79521
-1.79635
-1.79842
-1.79955
-1.80058
-1.80168
-1.80354
-1.80456
-1.80555
-1.80651
-1.80862
-1.80955
-1.81057
-1.81255
-1.81369
-1.81466
-1.81582
-1.81803
-1.8191
-1.82019
-1.82134
-1.82351
-1.82455
-1.82562
-1.82667
-1.82858
-1.82967
-1.83055
-1.83264
-1.83366
-1.83468
-1.83576
-1.83769
-1.83884
-1.83992
-1.84091
-1.84301
-1.84388
-1.84492
-1.84589
-1.84779
-1.84873
-1.84981
-1.85175
-1.85278
-1.85383
-1.85483
-1.85689
-1.85793
-1.85896
-1.86005
-1.86224
-1.86334
-1.86446
-1.86549
-1.86753
-1.8686
-1.86969
-1.87177
-1.8728
-1.87388
-1.87484
-1.87683
-1.87778
-1.87868
-1.87982
-1.88195
-1.88284
-1.88377
-1.88479
-1.88663
-1.8876
-1.8885
-1.89049
-1.8914
-1.89248
-1.89358
-1.89575
-1.89674
-1.89772
-1.89878
-1.90106
-1.90215
-1.90329
-1.90435
-1.90638
-1.90731
-1.9083
-1.91028
-1.91125
-1.91232
-1.91337
-1.91521
-1.91626
-1.91717
-1.91814
-1.92007
-1.9211
-1.92195
-1.92299
-1.92494
-1.92586
-1.92676
-1.92871
-1.9297
-1.93073
-1.93159
-1.93371
-1.9346
-1.93566
-1.9368
-1.93882
-1.93977
-1.94086
-1.94193
-1.94393
-1.94483
-1.94584
-1.94784
-1.94877
-1.94986
-1.95075
-1.95275
-1.95372
-1.95467
-1.95563
-1.95756
-1.95859
-1.95956
-1.96046
-1.96242
-1.9634
-1.96437
-1.96622
-1.96718
-1.96823
-1.96916
-1.97107
-1.97212
-1.97304
-1.97405
-1.97608
-1.97711
-1.97813
-1.97921
-1.98122
-1.98219
-1.98316
-1.985
-1.98602
-1.98699
-1.98807
-1.99003
-1.99101
-1.99197
-1.9929
-1.99484
-1.99584
-1.99686
-1.99884
-1.99969
-2.00075
-2.00158
-2.00352
-2.00436
-2.00514
-2.00611
-2.00791
-2.00886
-2.0099
-2.01084
-2.01275
-2.01361
-2.0147
-2.01666
-2.01749
-2.0185
-2.01953
-2.02129
-2.02232
-2.02327
-2.02413
-2.02601
-2.02708
-2.02807
-2.02899
-2.03089
-2.03189
-2.03284
-2.03481
-2.03594
-2.03676
-2.03781
-2.03958
-2.04049
-2.04138
-2.04236
-2.04403
-2.04495
-2.04594
-2.04691
-2.0487
-2.04967
-2.05059
-2.05253
-2.05354
-2.05433
-2.05528
-2.05717
-2.05799
-2.0589
-2.0598
-2.06156
-2.06247
-2.06339
-2.06531
-2.06625
-2.06714
-2.06813
-2.06996
-2.07089
-2.07192
-2.07287
-2.07468
-2.07562
-2.07649
-2.07746
-2.07925
-2.08011
-2.08103
-2.08283
-2.08386
-2.08474
-2.08568
-2.0876
-2.08845
-2.0893
-2.09026
-2.09214
-2.09307
-2.094
-2.0949
-2.09651
-2.09745
-2.09833
-2.10013
-2.10102
-2.10185
-2.10278
-2.10456
-2.10549
-2.10635
-2.10732
-2.10918
-2.11011
-2.111
-2.11269
-2.11361
-2.11444
-2.11537
-2.11721
-2.11817
-2.11905
-2.11988
-2.12169
-2.12262
-2.12355
-2.12441
-2.12623
-2.12717
-2.128
-2.12976
-2.13062
-2.1315
-2.13228
-2.13406
-2.13493
-2.13581
-2.13667
-2.13842
-2.1394
-2.14025
-2.14118
-2.14292
-2.14384
-2.14472
-2.1464
-2.14724
-2.14804
-2.14881
-2.15051
-2.15135
-2.15221
-2.15315
-2.15479
-2.15568
-2.15668
-2.15762
-2.15941
-2.16022
-2.1611
-2.16282
-2.16368
-2.16465
-2.16548
-2.16717
-2.16811
-2.16892
-2.16984
-2.17159
-2.17244
-2.17336
-2.17425
-2.17599
-2.17684
-2.17773
-2.17946
-2.18022
-2.18111
-2.18183
-2.18353
-2.18436
-2.18508
-2.18586
-2.18758
-2.18841
-2.18925
-2.19011
-2.19173
-2.1926
-2.19337
-2.19496
-2.19579
-2.19673
-2.19745
-2.19914
-2.19995
-2.20079
-2.20167
-2.20333
-2.20411
-2.20494
-2.20653
-2.20738
-2.20817
-2.2089
-2.21053
-2.21138
-2.21223
-2.21306
-2.21454
-2.21541
-2.21619
-2.217
-2.21868
-2.21948
-2.22025
2.22029
2.21946
2.2187
2.21789
2.21627
2.21546
2.21463
2.2139
2.21232
2.21158
2.21088
2.20998
2.20846
2.20763
2.20681
2.20528
2.2045
2.2036
2.20273
2.20121
2.20057
2.20008
2.19976
2.19951
2.19956
2.19955
2.19964
2.19961
2.19959
2.19964
2.19962
2.19969
2.19965
2.19963
2.19966
2.19964
2.19969
2.19976
2.19977
2.19969
2.19977
2.19969
2.19975
2.19973
2.19979
2.19978
2.19981
2.1998
2.1998
2.19977
2.19976
2.19982
2.19979
2.19977
2.19984
2.19979
2.19986
2.19987
2.19978
2.19985
2.19984
2.19983
2.19989
2.19983
2.19987
2.19982
2.19997
2.19987
2.19993
2.19995
2.19992
2.19995
2.19995
2.19991
2.19996
2.19993
2.19986
2.19998
2.19992
2.19996
2.19992
2.19992
2.19989
2.19993
2.19997
2.19997
2.19986
2.1999
2.1999
2.19993
2.19994
2.19992
2.19989
2.19994
2.19991
2.19992
2.19995
2.19997
2.19992
2.19997
2.19997
2.19992
2.19994
2.19992
2.19996
2.19995
2.19991
2.19994
2.19989
2.19998
2.19993
2.19993
2.19987
2.19988
2.19994
2.19994
2.19992
2.19992
2.19989
2.19986
2.20001
2.19982
2.19995
2.19994
2.19986
2.19993
2.19989
2.19991
2.19989
2.19988
2.19991
2.19991
2.19996
2.19993
2.19992
2.19989
2.19992
2.19993
2.19998
2.19992
2.1999
2.19992
2.19994
2.19989
2.19999
2.19994
2.19993
2.19991
2.19996
2.19992
2.19984
2.19993
2.19996
2.19994
2.19994
2.19997
2.19998
2.19991
2.1999
2.19986
2.19994
2.19998
2.19995
2.1999
2.19995
2.2
2.19998
2.19997
2.19991
2.19992
2.19992
2.19994
2.19992
2.19988
2.19989
2.19991
2.19991
2.2
2.19995
2.19995
2.19991
2.19987
2.19989
2.19995
2.19989
2.19993
2.19991
2.19993
2.19988
2.19992
2.19993
2.19994
2.19995
2.19991
2.19995
2.19997
2.19992
2.19993
2.19994
2.19987
2.19996
2.19994
2.19996
2.19992
2.19988
2.19991
2.19996
2.19997
2.19991
2.19992
2.19995
2.19995
2.19996
2.19992
2.19996
2.19992
2.19996
2.19987
2.19996
2.19995
2.19994
2.19991
2.19998
2.19999
2.19994
2.19996
2.19995
2.19993
2.1999
2.19992
2.19999
2.19992
2.19998
2.19988
2.1999
2.19993
2.19993
2.19995
2.19991
2.19995
2.19993
2.19992
2.19989
2.19993
2.19994
2.19997
2.19996
2.19994
2.1999
2.19996
2.19997
2.19992
2.19991
2.19994
2.19998
2.19986
2.19999
2.19995
2.19996
2.2
2.19994
2.1999
2.19999
2.19995
2.19995
2.19997
2.19991
2.20001
2.19989
2.19998
2.19995
2.19997
2.19992
2.19996
2.19997
2.19999
2.19996
2.1999
2.19993
2.19994
2.19995
2.19989
2.19995
2.19996
2.19997
2.19993
2.1999
2.1999
2.19995
2.1999
2.20001
2.19992
2.19998
2.19988
2.19994
2.19994
2.19991
2.19995
2.19988
2.19996
2.19989
2.19993
2.19995
2.19998
2.19994
2.19986
2.20001
2.19993
2.19994
2.19993
2.19986
2.19989
2.19984
2.19989
2.19993
2.19984
2.19995
2.19993
2.19993
2.19995
2.19996
2.19996
2.19999
2.19993
2.19994
2.19997
2.19991
2.19994
2.19993
2.19993
2.20001
2.19991
2.19992
2.19993
2.19992
2.19992
2.19989
2.19998
2.19996
2.1999
2.19987
2.19992
2.19989
2.19994
2.19996
2.19994
2.19992
2.19991
2.19997
2.19991
2.19991
2.19992
2.19993
2.1999
2.19995
2.19993
2.19997
2.20002
2.1999
2.19992
2.19994
2.19987
2.19996
2.19996
2.19996
2.19995
2.19992
2.19993
2.1999
2.19995
2.19992
2.19997
2.19996
2.19994
2.19992
2.19993
2.19998
2.19996
2.19997
2.19994
2.19994
2.19992
2.1999
2.19994
2.19995
2.19997
2.19997
2.19998
2.19997
2.19995
2.19993
2.19994
2.19995
2.19992
2.19997
2.19995
2.19994
2.19994
2.19992
2.19995
2.19997
2.19997
2.19989
2.1999
2.1999
2.19988
