1.2621
1.26211
1.26211
1.26212
1.26211
1.2621
1.2621
1.2621
1.26211
1.2621
1.26211
1.26211
1.26213
1.26211
1.26208
1.2621
1.26212
1.26208
1.26211
1.2621
1.26211
1.26213
1.26208
1.2621
1.2621
1.2621
1.2621
1.26211
1.26207
1.26211
1.26212
1.26211
1.26207
1.26207
1.26211
1.26208
1.26211
1.2621
1.26211
1.26213
1.26211
1.26208
1.26211
1.2621
1.26208
1.26211
1.26211
1.26211
1.26211
1.2621
1.26211
1.26214
1.26211
1.2621
1.26211
1.2621
1.2621
1.26211
1.26211
1.26211
1.2621
1.26207
1.26211
1.26212
1.2621
1.26212
1.2621
1.26211
1.26208
1.26212
1.26212
1.26212
1.26211
1.26207
1.26211
1.26211
1.26211
1.2621
1.26213
1.26211
1.2621
1.26212
1.26211
1.26211
1.2621
1.2621
1.2621
1.26207
1.26214
1.2621
1.26211
1.26211
1.26211
1.26211
1.26206
1.26211
1.26208
1.26211
1.26211
1.26211
1.26207
1.26211
1.26207
1.26211
1.26212
1.26211
1.2621
1.2621
1.26212
1.26208
1.26211
1.26212
1.26211
1.26211
1.26211
1.26212
1.26211
1.26212
1.2621
1.26208
1.26208
1.26208
1.26207
1.26213
1.26212
1.26213
1.26208
1.2621
1.26208
1.26211
1.26208
1.26212
1.26212
1.26211
1.2621
1.26211
1.2621
1.2621
1.26214
1.2621
1.26207
1.26212
1.26214
1.2621
1.26212
1.2621
1.26211
1.26208
1.2621
1.2621
1.26212
1.2621
1.26207
1.26208
1.2621
1.26208
1.26211
1.26211
1.26211
1.26214
1.26211
1.26208
1.26207
1.2621
1.26212
1.26213
1.26211
1.26211
1.26211
1.26212
1.26212
1.26211
1.26211
1.26208
1.26208
1.26211
1.26212
1.2621
1.26211
1.26212
1.2621
1.2621
1.26213
1.2621
1.26211
1.2621
1.26211
1.26211
1.26211
1.26211
1.26208
1.26212
1.2621
1.2621
1.26212
1.26211
1.2621
1.26211
1.2621
1.2621
1.2621
1.26208
1.26211
1.2621
1.26211
1.26212
1.26213
1.26211
1.26211
1.26208
1.2621
1.26211
1.26211
1.26212
1.26208
1.26211
1.26208
1.26212
1.2621
1.26212
1.26208
1.26211
1.26211
1.26211
1.26211
1.26211
1.26211
1.26211
1.2621
1.26213
1.26208
1.2621
1.26211
1.26211
1.26212
1.26208
1.26211
1.26211
1.26211
1.2621
1.2621
1.26211
1.26211
1.26211
1.26202
1.26181
1.26152
1.26083
1.2603
1.25982
1.25928
1.25829
1.25769
1.2571
1.25646
1.25525
1.2547
1.25415
1.25354
1.25235
1.25176
1.25108
1.24998
1.24939
1.24882
1.24821
1.24689
1.24632
1.24572
1.24511
1.24386
1.24326
1.2427
1.24204
1.24068
1.23998
1.2394
1.23809
1.23747
1.23684
1.23617
1.23492
1.23419
1.23354
1.2329
1.23162
1.23092
1.23024
1.22957
1.22835
1.22773
1.22696
1.22564
1.22498
1.22428
1.22348
1.22209
1.22137
1.22065
1.21996
1.21842
1.21773
1.21699
1.21621
1.21476
1.21401
1.2132
1.21167
1.21095
1.21014
1.20936
1.20786
1.20707
1.20627
1.20548
1.20394
1.20316
1.20233
1.20084
1.20006
1.19931
1.19847
1.1969
1.19609
1.19526
1.19448
1.19286
1.192
1.19121
1.19035
1.18865
1.1878
1.18699
1.18524
1.18438
1.1835
1.18265
1.18082
1.18
1.17912
1.17822
1.1764
1.17547
1.17457
1.17365
1.1719
1.17094
1.17006
1.1683
1.16738
1.16643
1.16552
1.16368
1.16279
1.16187
1.16085
1.15897
1.15803
1.15706
1.15611
1.15424
1.15326
1.15226
1.15129
1.1493
1.14822
1.14723
1.14527
1.14425
1.14321
1.14218
1.14012
1.13915
1.13812
1.13711
1.13505
1.13407
1.13308
1.13206
1.13003
1.12892
1.12785
1.12569
1.12464
1.12355
1.12246
1.12034
1.1192
1.1181
1.11699
1.11468
1.11354
1.11235
1.11117
1.10891
1.10782
1.10668
1.1045
1.1034
1.10225
1.10113
1.09891
1.09777
1.09662
1.0955
1.09314
1.09193
1.09075
1.0896
1.08711
1.08584
1.08456
1.08208
1.08084
1.07964
1.07843
1.07601
1.07477
1.07353
1.07228
1.06991
1.06868
1.06741
1.0662
1.0636
1.06234
1.06104
1.0584
1.05706
1.05577
1.05446
1.05187
1.05051
1.04915
1.04781
1.04517
1.04381
1.04253
1.0399
1.03857
1.03727
1.03588
1.03322
1.03181
1.03045
1.02897
1.02608
1.02468
1.02326
1.02177
1.01886
1.01744
1.01595
1.01309
1.01173
1.01035
1.00894
1.00619
1.00469
1.00328
1.00182
0.998786
0.99723
0.99565
0.994177
0.991076
0.989544
0.988023
0.98491
0.98339
0.981857
0.980384
0.977332
0.975859
0.974303
0.972758
0.969561
0.967957
0.966293
0.964641
0.96136
0.959684
0.958032
0.954715
0.953051
0.951422
0.949819
0.946562
0.945017
0.943425
0.941749
0.938444
0.936708
0.93502
0.931488
0.929716
0.92792
0.926196
0.9227
0.920916
0.919179
0.917455
0.913995
0.912271
0.910523
0.908823
0.905315
0.903507
0.901603
0.899687
0.895844
0.893952
0.892061
0.888385
0.886529
0.884697
0.882865
0.879201
0.877346
0.875442
0.873478
0.869575
0.867611
0.865612
0.861553
0.859481
0.85753
0.855566
0.851711
0.849795
0.847855
0.845915
0.841868
0.839821
0.837738
0.835654
0.831451
0.829284
0.827177
0.822854
0.820771
0.818676
0.816616
0.812485
0.810294
0.808151
0.805935
0.801481
0.799278
0.797062
0.794836
0.790417
0.788142
0.785903
0.781473
0.77915
0.776827
0.774504
0.769738
0.767379
0.764985
0.762638
0.758087
0.7558
0.753489
0.748688
0.746197
0.743682
0.741191
0.736115
0.733636
0.731181
0.728738
0.723817
0.721398
0.718895
0.716321
0.711135
0.708453
0.705747
0.700227
0.697568
0.694982
0.692383
0.687258
0.684624
0.681893
0.679103
0.673379
0.670541
0.667715
0.664865
0.659236
0.65647
0.653572
0.647741
0.644747
0.641765
0.638747
0.632939
0.629993
0.627095
0.624053
0.617838
0.614629
0.611407
0.608078
0.601767
0.598689
0.595587
0.589288
0.586031
0.582642
0.579216
0.572235
0.568701
0.565312
0.562019
0.555037
0.551552
0.547995
0.544414
0.537301
0.533779
0.530138
0.522545
0.518581
0.514641
0.510736
0.503024
0.499143
0.495227
0.491298
0.483226
0.479046
0.47483
0.466218
0.461847
0.457428
0.453823
0.449199
0.447894
0.447127
0.447115
0.447019
0.446935
0.446947
0.447954
0.45405
0.458529
0.463979
0.476555
0.482687
0.488879
0.495143
0.506928
0.512665
0.518485
0.524294
0.535204
0.540402
0.545708
0.551133
0.561744
0.566833
0.571887
0.582162
0.587204
0.592127
0.596941
0.606462
0.611168
0.615982
0.6207
0.629873
0.634304
0.638819
0.64331
0.652375
0.656854
0.661153
0.669715
0.674062
0.678444
0.682743
0.691078
0.695102
0.699209
0.703316
0.71159
0.71559
0.719614
0.723577
0.731337
0.735252
0.739168
0.747011
0.750831
0.754663
0.758339
0.765823
0.769582
0.773402
0.777258
0.784574
0.788142
0.791651
0.798823
0.802403
0.806079
0.809611
0.816664
0.8201
0.823525
0.82695
0.83381
0.837318
0.840743
0.844227
0.850824
0.854057
0.857315
0.863924
0.867348
0.8707
0.874053
0.880567
0.883679
0.886769
0.889905
0.896287
0.899628
0.902789
0.905973
0.912164
0.915097
0.918066
0.924149
0.927249
0.930482
0.933619
0.939594
0.942599
0.945436
0.948298
0.95414
0.957206
0.960319
0.966424
0.969382
0.972231
0.974985
0.980444
0.983222
0.986132
0.989029
0.995028
0.997901
1.00068
1.00342
1.00871
1.01145
1.01416
1.01987
1.02271
1.02564
1.02843
1.03382
1.03639
1.03893
1.04158
1.04688
1.04957
1.05236
1.05509
1.06047
1.06305
1.0657
1.07073
1.07328
1.07582
1.07839
1.08367
1.08632
1.08895
1.09154
1.09655
1.09899
1.10144
1.10388
1.10886
1.1114
1.11402
1.11923
1.1217
1.12415
1.12657
1.13128
1.13367
1.13601
1.13837
1.14324
1.1457
1.14831
1.15316
1.1556
1.15793
1.16023
1.16484
1.16711
1.16946
1.17181
1.17657
1.17907
1.18138
1.18377
1.1883
1.19055
1.19282
1.19725
1.19947
1.20172
1.20395
1.20857
1.21095
1.21332
1.21559
1.22006
1.22228
1.22439
1.2265
1.23074
1.23291
1.23518
1.23975
1.242
1.24426
1.24643
1.25071
1.25279
1.25489
1.25701
1.26123
1.26337
1.26545
1.26761
1.27192
1.27412
1.27629
1.28051
1.28253
1.28459
1.28664
1.29058
1.29261
1.29461
1.29674
1.30096
1.30313
1.3052
1.3073
1.31138
1.31339
1.31536
1.31938
1.32133
1.32322
1.32518
1.32913
1.33113
1.33315
1.33526
1.33936
1.34133
1.34326
1.34702
1.34891
1.35084
1.35268
1.3565
1.35843
1.36042
1.3624
1.36637
1.36836
1.3703
1.37221
1.37595
1.37782
1.37964
1.38341
1.38524
1.38704
1.38885
1.39257
1.39439
1.39628
1.39823
1.40206
1.40394
1.40571
1.40751
1.41105
1.4129
1.41468
1.41819
1.42003
1.42178
1.42364
1.42729
1.42914
1.431
1.43287
1.43637
1.43809
1.43986
1.44154
1.4451
1.44681
1.4485
1.45191
1.45359
1.45532
1.45711
1.46072
1.46255
1.46434
1.46604
1.46934
1.47095
1.47263
1.47429
1.47761
1.47923
1.48092
1.48431
1.48597
1.48775
1.48949
1.49292
1.49458
1.49625
1.4979
1.50109
1.50271
1.50432
1.50761
1.50922
1.51079
1.51237
1.51551
1.51712
1.51875
1.52037
1.52371
1.52538
1.52702
1.52862
1.53175
1.53324
1.5348
1.5379
1.53943
1.54089
1.54243
1.54549
1.54706
1.54864
1.55019
1.55339
1.55496
1.55658
1.55814
1.56118
1.56267
1.5642
1.56715
1.56864
1.57013
1.57158
1.57448
1.5759
1.57736
1.57885
1.58189
1.5834
1.5849
1.58643
1.58947
1.59096
1.59237
1.59376
1.5966
1.598
1.59946
1.60229
1.60367
1.60511
1.60653
1.60934
1.61084
1.61228
1.61374
1.61656
1.61804
1.61944
1.6209
1.62361
1.62497
1.62632
1.62909
1.63047
1.6319
1.6332
1.63585
1.63714
1.63847
1.63978
1.64254
1.64387
1.64528
1.64802
1.64945
1.65077
1.65217
1.65485
1.65614
1.65742
1.65875
1.66129
1.66258
1.66387
1.66508
1.66763
1.66888
1.67012
1.67273
1.67404
1.67534
1.67665
1.67925
1.68059
1.68183
1.6831
1.68565
1.68686
1.68808
1.68933
1.69183
1.693
1.69428
1.69671
1.69784
1.69906
1.70018
1.7026
1.70385
1.70508
1.7063
1.70872
1.70999
1.71119
1.71242
1.71492
1.71606
1.71715
1.71945
1.72058
1.72173
1.72289
1.72524
1.72633
1.72748
1.72858
1.73078
1.73198
1.73309
1.73539
1.73652
1.73767
1.73877
1.74102
1.74222
1.74338
1.74453
1.74672
1.74783
1.74893
1.74991
1.75209
1.75318
1.75428
1.75641
1.75754
1.75856
1.75959
1.76154
1.76257
1.7636
1.76465
1.76681
1.76788
1.76895
1.76989
1.772
1.77309
1.77414
1.77631
1.77739
1.77837
1.77934
1.78127
1.78224
1.7832
1.78424
1.78624
1.78724
1.78813
1.7891
1.79101
1.79193
1.79283
1.79484
1.79577
1.79677
1.79772
1.79964
1.80059
1.80158
1.80257
1.80444
1.8054
1.80642
1.80737
1.80914
1.8101
1.81101
1.81271
1.8136
1.81449
1.81545
1.81721
1.81811
1.81898
1.81981
1.82153
1.82237
1.82319
1.82485
1.8258
1.8267
1.82752
1.82925
1.83008
1.83091
1.83183
1.83348
1.83432
1.83521
1.83606
1.83769
1.83858
1.83942
1.84101
1.84177
1.8425
1.84337
1.84491
1.84576
1.84649
1.84727
1.84885
1.84963
1.85036
1.85115
1.85268
1.85344
1.85412
1.85559
1.85632
1.85703
1.85772
1.85934
1.86006
1.86071
1.86144
1.86293
1.86365
1.86434
1.86583
1.86652
1.86724
1.86795
1.86941
1.8701
1.87078
1.87148
1.87279
1.87342
1.8741
1.8748
1.87617
1.87674
1.87743
1.87872
1.87938
1.87996
1.88066
1.88189
1.88253
1.88316
1.88374
1.88495
1.88556
1.88616
1.88673
1.8879
1.8885
1.88917
1.89021
1.89062
1.89075
1.89074
1.8905
1.89054
1.8905
1.89054
1.89056
1.89049
1.89054
1.89051
1.89051
1.89056
1.89052
1.8905
1.89051
1.89056
1.89052
1.8905
1.89054
1.89055
1.89054
1.89054
1.89054
1.8905
1.89051
1.89056
1.89048
1.89049
1.89052
1.89054
1.8905
1.89055
1.89052
1.89054
1.89051
1.8905
1.89051
1.89052
1.89051
1.89054
1.89055
1.89056
1.89051
1.89055
1.89051
1.89051
1.89048
1.89051
1.89054
1.89055
1.89048
1.89052
1.89051
1.89052
1.89054
1.89051
1.89051
1.89049
1.89051
1.89054
1.8905
1.89052
1.89057
1.89056
1.89052
1.8905
1.89054
1.89055
1.89054
1.89054
1.89051
1.89052
1.89052
1.89051
1.89054
1.89052
1.89054
1.89052
1.89051
1.8905
1.89051
1.89052
1.8905
1.89057
1.89052
1.89054
1.89051
1.89054
1.89051
1.89054
1.89055
1.89054
1.89052
1.89054
1.89054
1.89052
1.89054
1.8905
1.89051
1.89055
1.8905
1.89054
1.89054
1.89052
1.89054
1.89054
1.89054
1.89052
1.89054
1.89052
1.89052
1.89049
1.89055
1.89056
1.89054
1.89052
1.89051
1.89055
1.89054
1.89057
1.89057
1.89051
1.89051
1.89056
1.89056
1.89054
1.89051
1.89058
1.89052
1.89054
1.89058
1.89054
1.89056
1.89054
1.89051
1.89054
1.89052
1.89054
1.89055
1.89052
1.89054
1.89051
1.89056
1.89054
1.8906
1.89054
1.89052
1.89052
1.89051
1.89054
1.89052
1.89052
1.89055
1.89051
1.89052
1.89052
1.89054
1.89049
1.89054
1.89052
1.89054
1.89055
1.89054
1.89054
1.89052
1.89052
1.89054
1.89054
1.89052
1.89055
1.89054
1.89055
1.89052
1.89054
1.89051
1.89051
1.89052
1.89051
1.89051
1.89054
1.89056
1.89055
1.89054
1.8905
1.89055
1.89051
1.89052
1.89052
1.89054
1.89054
1.89054
1.89052
1.89057
1.89055
1.89054
1.89055
1.89056
1.89051
1.89051
1.89052
1.89048
1.89042
1.8902
1.88938
1.88874
1.88803
1.88734
1.88601
1.88546
1.88495
1.88437
1.88307
1.88238
1.88171
1.88042
1.87982
1.87921
1.87855
1.87716
1.87645
1.87576
1.87516
1.87379
1.87303
1.87239
1.87169
1.87034
1.86966
1.86889
1.86754
1.86683
1.8661
1.8654
1.86402
1.86334
1.86258
1.86189
1.86049
1.85982
1.85903
1.8576
1.85685
1.8561
1.85533
1.85384
1.8531
1.85232
1.85153
1.85008
1.84923
1.84841
1.84762
1.84613
1.84531
1.84448
1.84294
1.84212
1.84128
1.84049
1.83894
1.83807
1.8373
1.83648
1.83473
1.83386
1.83307
1.83211
1.83051
1.82965
1.82883
1.82708
1.82622
1.82541
1.82453
1.8228
1.82194
1.8211
1.82026
1.81855
1.81765
1.81679
1.81589
1.81408
1.81311
1.81224
1.81036
1.80943
1.80856
1.80765
1.80565
1.80472
1.80376
1.80284
1.80096
1.80004
1.79912
1.79816
1.79626
1.7953
1.7944
1.79247
1.7915
1.79055
1.7896
1.78764
1.78669
1.78569
1.7847
1.78276
1.78171
1.7807
1.77871
1.7777
1.77667
1.77559
1.77357
1.77253
1.77147
1.77037
1.7683
1.76731
1.76628
1.76524
1.76318
1.76214
1.76106
1.75896
1.75796
1.75686
1.75582
1.75366
1.75254
1.75145
1.75037
1.74811
1.74703
1.74593
1.7448
1.74255
1.74143
1.7403
1.73804
1.73694
1.7358
1.73472
1.73244
1.73133
1.73018
1.72909
1.72681
1.72571
1.72452
1.7234
1.72105
1.7199
1.71872
1.71639
1.7152
1.71401
1.71277
1.71036
1.70916
1.70794
1.70673
1.70433
1.70315
1.70191
1.69955
1.69836
1.69714
1.69593
1.69354
1.69234
1.69114
1.68991
1.68741
1.68611
1.68484
1.68362
1.68101
1.67974
1.67841
1.67582
1.67455
1.67332
1.67207
1.66952
1.66821
1.66693
1.66572
1.66314
1.66184
1.66055
1.65925
1.65656
1.65524
1.65396
1.65127
1.64995
1.64857
1.64719
1.64447
1.64314
1.64176
1.64046
1.63779
1.6365
1.63515
1.63375
1.6311
1.62973
1.62837
1.62559
1.62421
1.6228
1.62146
1.6186
1.61716
1.61571
1.61429
1.61138
1.60994
1.60859
1.60717
1.60435
1.60296
1.6015
1.59873
1.59727
1.59582
1.5944
1.59153
1.59005
1.58862
1.58714
1.58412
1.58259
1.58107
1.57809
1.57659
1.57512
1.57368
1.57079
1.56931
1.56786
1.56637
1.56327
1.56173
1.56021
1.55867
1.55558
1.55404
1.55252
1.54932
1.54775
1.54626
1.54476
1.54167
1.54019
1.53861
1.53706
1.5339
1.53239
1.53077
1.5292
1.52601
1.52437
1.52269
1.51944
1.51785
1.51617
1.51458
1.51138
1.5098
1.50825
1.50662
1.50341
1.50178
1.50011
1.49683
1.49516
1.49351
1.49179
1.48839
1.48671
1.48501
1.48336
1.47997
1.47828
1.47673
1.47505
1.47169
1.47005
1.46837
1.46497
1.46326
1.46148
1.4597
1.45615
1.45438
1.45261
1.45085
1.44742
1.44581
1.44411
1.44239
1.43885
1.43707
1.43532
1.43173
1.42988
1.42808
1.42625
1.42261
1.42079
1.41901
1.41724
1.41368
1.41192
1.41016
1.40832
1.40471
1.40279
1.401
1.39726
1.39536
1.39347
1.39158
1.38785
1.38602
1.38417
1.38234
1.3787
1.37676
1.37487
1.373
1.36915
1.36717
1.36525
1.3613
1.35931
1.35736
1.35546
1.3517
1.34987
1.34794
1.34605
1.34218
1.34016
1.3382
1.33617
1.3321
1.33003
1.32802
1.32402
1.32211
1.32018
1.31825
1.31425
1.31216
1.3101
1.30807
1.30394
1.30186
1.29977
1.29564
1.29358
1.29152
1.28953
1.28548
1.28343
1.28136
1.27925
1.27508
1.27291
1.27068
1.26857
1.26421
1.26211
1.25996
1.25585
1.25372
1.25163
1.24947
1.24511
1.24287
1.24063
1.2384
1.23398
1.2318
1.22961
1.22744
1.22316
1.22097
1.2188
1.21428
1.21197
1.20964
1.20729
1.20271
1.20044
1.19825
1.19606
1.1916
1.18926
1.18701
1.18469
1.18003
1.17758
1.17521
1.17047
1.16814
1.16577
1.16349
1.15908
1.15754
1.15644
1.15564
1.1555
1.15557
1.15563
1.15568
1.1559
1.15629
1.15688
1.15855
1.15968
1.16084
1.16193
1.16414
1.16527
1.16649
1.16771
1.17001
1.17118
1.17238
1.17466
1.17577
1.17695
1.17818
1.18041
1.18158
1.18272
1.18378
1.18587
1.18703
1.18814
1.18925
1.19143
1.19253
1.19367
1.19581
1.19692
1.19801
1.19907
1.20132
1.20247
1.20357
1.20474
1.20702
1.20822
1.20939
1.21055
1.21286
1.2139
1.21504
1.21727
1.21835
1.21942
1.22053
1.22269
1.22381
1.2249
1.22598
1.22813
1.22927
1.23032
1.23144
1.23375
1.23491
1.236
1.23839
1.23954
1.24069
1.24186
1.24413
1.24514
1.24632
1.24742
1.24956
1.25069
1.25179
1.25394
1.25509
1.25623
1.25733
1.25952
1.2607
1.26178
1.26284
1.26511
1.26626
1.26739
1.2685
1.27088
1.27209
1.27317
1.27544
1.27658
1.27768
1.27875
1.28099
1.28206
1.28314
1.28424
1.28645
1.28752
1.2887
1.28975
1.29201
1.29309
1.29417
1.29647
1.29765
1.2988
1.29994
1.30221
1.30336
1.30452
1.30571
1.30793
1.30911
1.31022
1.3124
1.3135
1.31465
1.31572
1.31798
1.31915
1.32024
1.32128
1.32345
1.32463
1.3257
1.3268
1.32909
1.33031
1.33139
1.33373
1.33493
1.33603
1.33718
1.3395
1.34063
1.34167
1.34276
1.34502
1.34605
1.34715
1.3483
1.35054
1.35159
1.35273
1.35497
1.35608
1.35726
1.3584
1.36075
1.3619
1.36307
1.36428
1.36652
1.36766
1.36881
1.37111
1.37223
1.37337
1.37442
1.3766
1.37777
1.37889
1.38006
1.38223
1.38339
1.3845
1.38556
1.38779
1.38891
1.39008
1.39235
1.39352
1.3947
1.39584
1.39815
1.3993
1.40045
1.40161
1.40385
1.405
1.40612
1.4072
1.40941
1.41054
1.41169
1.41393
1.41506
1.41617
1.41728
1.41952
1.42065
1.42183
1.423
1.42534
1.42648
1.42767
1.42884
1.43118
1.43228
1.43348
1.43568
1.43677
1.43792
1.43904
1.44128
1.4425
1.44362
1.44475
1.44691
1.44804
1.44915
1.45019
1.45262
1.45377
1.45488
1.45729
1.45846
1.45964
1.46073
1.46318
1.46431
1.46537
1.46648
1.46874
1.4698
1.47091
1.47202
1.4743
1.47545
1.47657
1.47883
1.47992
1.48103
1.48216
1.48454
1.48578
1.48694
1.48811
1.49043
1.49162
1.49277
1.49512
1.49626
1.4974
1.49852
1.50075
1.5019
1.503
1.50413
1.50651
1.50763
1.5087
1.50983
1.51211
1.51319
1.51436
1.51674
1.51793
1.51896
1.52016
1.52251
1.52368
1.52488
1.52612
1.52841
1.52953
1.53067
1.53181
1.53407
1.53519
1.53632
1.53858
1.53974
1.54085
1.54195
1.54417
1.54537
1.54656
1.54772
1.55011
1.55131
1.55246
1.55363
1.55606
1.55721
1.55838
1.56068
1.56183
1.56293
1.56407
1.56642
1.56749
1.56865
1.56985
1.57209
1.57318
1.57429
1.57656
1.57774
1.57889
1.58012
1.58257
1.5837
1.58498
1.58613
1.5885
1.58971
1.59085
1.59203
1.59426
1.5954
1.59651
1.59888
1.60002
1.60116
1.60232
1.6046
1.60572
1.60687
1.60806
1.61043
1.61163
1.61282
1.61407
1.61641
1.61755
1.61875
1.62111
1.62227
1.62341
1.62461
1.6268
1.62803
1.6292
1.63032
1.63265
1.63383
1.63498
1.63604
1.63833
1.63952
1.64066
1.64308
1.64428
1.64545
1.64659
1.6491
1.65031
1.65151
1.65273
1.65503
1.65619
1.65735
1.65966
1.66081
1.66198
1.66313
1.66542
1.66651
1.66766
1.66879
1.67118
1.67241
1.67359
1.67482
1.67717
1.67838
1.67962
1.68203
1.6833
1.68446
1.68559
1.68791
1.68904
1.6902
1.69137
1.69377
1.69493
1.69602
1.69718
1.69953
1.70063
1.70182
1.70429
1.70545
1.70671
1.70794
1.71028
1.71152
1.7128
1.71401
1.71635
1.71761
1.71875
1.71985
1.72225
1.72342
1.72462
1.72696
1.72811
1.72927
1.73039
1.73279
1.73394
1.73521
1.73636
1.73883
1.74
1.7412
1.74243
1.7449
1.74613
1.74735
1.74971
1.75087
1.75204
1.75331
1.75566
1.75686
1.75803
1.75919
1.76149
1.76265
1.76379
1.76618
1.76742
1.76864
1.76983
1.77228
1.77355
1.77478
1.77608
1.77855
1.77971
1.78088
1.78203
1.78442
1.78564
1.78683
1.78923
1.79041
1.79158
1.79275
1.7951
1.79633
1.79755
1.79885
1.80132
1.80259
1.80377
1.80504
1.80759
1.80878
1.81
1.81242
1.81359
1.81475
1.81602
1.81846
1.81966
1.82086
1.82209
1.82432
1.82559
1.82677
1.82796
1.83047
1.83174
1.83297
1.83544
1.83672
1.83798
1.83925
1.84171
1.84292
1.84413
1.84537
1.84781
1.8491
1.85025
1.85274
1.85395
1.8551
1.8563
1.85876
1.86002
1.86124
1.86251
1.86495
1.86619
1.86744
1.86874
1.87133
1.87257
1.87381
1.87625
1.87752
1.87877
1.88002
1.8825
1.88372
1.88492
1.88612
1.88855
1.88978
1.89103
1.89224
1.8948
1.89608
1.89733
1.89997
1.90134
1.90264
1.9039
1.90639
1.90762
1.90883
1.91006
1.91258
1.9138
1.91503
1.9163
1.9187
1.91994
1.92117
1.92378
1.92507
1.92629
1.92754
1.93019
1.93143
1.93276
1.93407
1.93659
1.93783
1.93912
1.94037
1.9429
1.94419
1.94545
1.94792
1.94913
1.95036
1.95155
1.95417
1.9555
1.95675
1.95803
1.96061
1.96197
1.96333
1.96463
1.96722
1.96844
1.96966
1.97225
1.97353
1.97481
1.97608
1.97856
1.97982
1.98109
1.98237
1.98492
1.98622
1.9875
1.98882
1.99147
1.99275
1.9941
1.9967
1.99808
1.99932
2.00063
2.0032
2.00444
2.00573
2.00701
2.00951
2.01076
2.01206
2.01329
2.01578
2.01709
2.01845
2.02098
2.02231
2.02371
2.02503
2.02767
2.02898
2.03027
2.03155
2.03407
2.03537
2.03666
2.03919
2.04045
2.04172
2.04296
2.04553
2.04679
2.0481
2.0494
2.05194
2.05324
2.05453
2.05586
2.05853
2.05981
2.06108
2.06363
2.06487
2.06614
2.06742
2.06989
2.07111
2.07235
2.07354
2.07607
2.07727
2.07845
2.07976
2.08225
2.08348
2.08477
2.08743
2.08871
2.08999
2.09126
2.09365
2.09486
2.09605
2.09733
2.09978
2.101
2.1022
2.10341
2.10573
2.10689
2.1081
2.11039
2.11162
2.1128
2.11399
2.11634
2.11753
2.11876
2.11994
2.12229
2.12343
2.1246
2.12571
2.1279
2.12901
2.13014
2.13226
2.13333
2.13445
2.13548
2.13748
2.13863
2.13966
2.14066
2.14279
2.14385
2.14491
2.14693
2.14802
2.14903
2.15001
2.152
2.15298
2.15391
2.15485
2.15664
2.15754
2.15843
2.15931
2.16106
2.16192
2.16281
2.16452
2.16523
2.16608
2.16689
2.1684
2.16914
2.16987
2.17066
2.17205
2.17277
2.17354
2.17421
2.17548
2.17612
2.17681
2.17805
2.17864
2.17919
2.17972
2.18077
2.1813
2.18178
2.18228
2.18319
2.18363
2.18409
2.18453
2.1851
2.18551
2.18582
2.1864
2.18665
2.18697
2.18722
2.18746
2.18772
2.18782
2.18799
2.18827
2.18833
2.18834
2.18831
2.18834
2.18836
2.18837
2.18817
2.18815
2.18806
2.188
2.18768
2.18748
2.18726
2.18701
2.18652
2.18615
2.18589
2.18513
2.18472
2.1843
2.18382
2.18278
2.18222
2.18172
2.18115
2.17996
2.1794
2.17881
2.17814
2.17665
2.17592
2.1752
2.17363
2.1729
2.17209
2.17126
2.16951
2.16868
2.16766
2.16666
2.16475
2.16377
2.16265
2.16167
2.15962
2.1585
2.1574
2.155
2.15378
2.15253
2.15132
2.14888
2.14764
2.14638
2.14509
2.14238
2.14102
2.13971
2.13745
2.13678
2.13623
2.13577
2.13573
2.13579
2.13575
2.13576
2.13625
2.1367
2.13722
2.1379
2.13969
2.14056
2.14136
2.14321
2.14408
2.14491
2.14579
2.14755
2.14843
2.14927
2.15019
2.1519
2.15268
2.15352
2.15435
2.1559
2.15674
2.1575
2.1591
2.15987
2.16064
2.16144
2.16294
2.16372
2.16444
2.16519
2.16677
2.1675
2.16828
2.16905
2.17052
2.17126
2.17198
2.17349
2.17423
2.17496
2.1757
2.17723
2.17797
2.17867
2.17933
2.18082
2.18148
2.18223
2.18369
2.18439
2.18502
2.18573
2.18714
2.18778
2.18845
2.18913
2.19043
2.19112
2.19182
2.19249
2.19374
2.19436
2.19496
2.19631
2.19696
2.19761
2.1982
2.1994
2.20005
2.20065
2.20132
2.20247
2.20311
2.2037
2.20429
2.20552
2.20612
2.20672
2.20795
2.20853
2.20907
2.20965
2.21083
2.21138
2.21199
2.21257
2.21366
2.21424
2.21477
2.21534
2.21641
2.21698
2.21747
2.21856
2.21905
2.21953
2.22
2.22108
2.22157
2.22207
2.22256
2.22352
2.22399
2.2245
2.22494
2.22594
2.2263
2.22673
2.22775
2.22819
2.22862
2.22911
2.22991
2.23038
2.23085
2.23123
2.23211
2.23252
2.23293
2.23366
2.23416
2.23461
2.23499
2.23583
2.23619
2.23657
2.23699
2.23775
2.23807
2.23844
2.23887
2.23965
2.23996
2.2403
2.24106
2.2414
2.24178
2.24216
2.24275
2.24301
2.24329
2.24366
2.24434
2.24465
2.24495
2.24527
2.24592
2.24626
2.2465
2.24691
2.24721
2.24748
2.24782
2.24832
2.24862
2.24881
2.24912
2.24962
2.24984
2.25003
2.25051
2.25076
2.25103
2.25124
2.25166
2.25185
2.25201
2.25223
2.25261
2.25279
2.25309
2.25319
2.25352
2.25366
2.25377
2.25402
2.25413
2.25427
2.25447
2.25481
2.25498
2.2551
2.25522
2.25544
2.25556
2.25568
2.25583
2.25602
2.25618
2.25622
2.25637
2.25652
2.25659
2.25663
2.25679
2.25681
2.25685
2.25692
2.25703
2.25704
2.25712
2.25718
2.25722
2.25728
2.25729
2.2573
2.25736
2.25737
2.25738
2.25737
2.25741
2.25735
2.25736
2.2574
2.25738
2.25738
2.25741
2.25735
2.2573
2.2573
2.25723
2.25718
2.25717
2.25706
2.25693
2.25685
2.25681
2.2567
2.25663
2.2565
2.25644
2.25637
2.25619
2.25613
2.25604
2.25577
2.25566
2.25549
2.25535
2.25503
2.25495
2.25485
2.25461
2.25434
2.25416
2.25391
2.25359
2.25341
2.25323
2.25306
2.25265
2.25246
2.2522
2.25198
2.25143
2.25122
2.25098
2.25077
2.25018
2.24994
2.24967
2.24925
2.24898
2.24873
2.24849
2.2479
2.24758
2.24731
2.24703
2.24644
2.24616
2.2459
2.24574
2.24555
2.24548
2.24547
2.24554
2.24553
2.24558
2.24564
2.24659
2.24739
2.24833
2.24958
2.2523
2.25347
2.25461
2.25578
2.25815
2.25931
2.26056
2.26297
2.26404
2.26529
2.26646
2.26883
2.27003
2.27136
2.27252
2.2748
2.27599
2.27722
2.27956
2.28065
2.28183
2.28292
2.2852
2.28628
2.2873
2.2885
2.2907
2.29175
2.29292
2.29395
2.29621
2.29725
2.29832
2.30051
2.30157
2.30268
2.30372
2.30594
2.30703
2.308
2.30917
2.31125
2.31236
2.31333
2.31447
2.31652
2.31752
2.31852
2.32058
2.32155
2.32252
2.32348
2.32545
2.32642
2.32739
2.32834
2.33036
2.33132
2.3323
2.33438
2.33538
2.33637
2.33732
2.33939
2.34033
2.34136
2.34227
2.34417
2.34508
2.34605
2.34703
2.34877
2.34969
2.35059
2.35237
2.35332
2.35421
2.35508
2.35684
2.35774
2.35858
2.35944
2.36124
2.36208
2.36293
2.36379
2.36555
2.36637
2.36728
2.36905
2.36985
2.37076
2.37162
2.37327
2.37418
2.37495
2.37576
2.37736
2.37815
2.3789
2.3797
2.38127
2.382
2.38278
2.3843
2.38509
2.38585
2.3866
2.38811
2.38883
2.38956
2.39036
2.39176
2.3925
2.39318
2.39472
2.39542
2.3962
2.3969
2.39824
2.39901
2.39966
2.4003
2.40175
2.40247
2.40313
2.40371
2.40502
2.40583
2.40642
2.40769
2.40838
2.40899
2.40954
2.41081
2.41139
2.41204
2.41264
2.41375
2.41434
2.41506
2.41563
2.41675
2.41735
2.41785
2.41898
2.41953
2.42002
2.42057
2.42166
2.42221
2.42275
2.42326
2.42433
2.42474
2.42524
2.4258
2.42682
2.4273
2.42787
2.42884
2.4293
2.42969
2.43017
2.43117
2.4316
2.43208
2.43257
2.4334
2.43383
2.43428
2.43507
2.43555
2.43595
2.43643
2.43718
2.43761
2.43786
2.43823
2.439
2.43947
2.43974
2.44008
2.44071
2.44111
2.44146
2.44204
2.44238
2.44276
2.443
2.44359
2.44397
2.44425
2.44452
2.44503
2.44535
2.44562
2.44595
2.44644
2.44673
2.44698
2.44742
2.44766
2.44796
2.44816
2.44858
2.44882
2.449
2.44917
2.44955
2.44971
2.44989
2.45003
2.45034
2.45055
2.45076
2.45109
2.45116
2.45127
2.45135
2.45161
2.45172
2.45188
2.45192
2.4522
2.45233
2.45243
2.45257
2.45267
2.45269
2.45276
2.45291
2.45295
2.45292
2.45299
2.45309
2.45315
2.45305
2.45311
2.4531
2.45312
2.45312
2.45307
2.4531
2.45317
2.45309
2.45307
2.4531
2.45301
2.45295
2.45298
2.453
2.45291
2.45282
2.45273
2.45267
2.45261
2.45242
2.45225
2.45227
2.45209
2.45184
2.4517
2.45164
2.45146
2.45127
2.451
2.45092
2.45071
2.45044
2.45022
2.45007
2.44964
2.44942
2.44918
2.44905
2.44852
2.44827
2.44806
2.44786
2.44736
2.44707
2.44677
2.44656
2.44606
2.44574
2.44544
2.44483
2.44451
2.4442
2.44389
2.44365
2.44346
2.44332
2.44328
2.44334
2.44337
2.44335
2.44336
2.44337
2.4434
2.44335
2.44338
2.44334
2.44338
2.44337
2.44338
2.44336
2.4434
2.44335
2.44338
2.4434
2.44336
2.44337
2.4434
2.44336
2.44341
2.44338
2.44337
2.44341
2.44335
2.44337
2.44334
2.44341
2.44335
2.4434
2.44336
2.44337
2.44337
2.44336
2.44334
2.44334
2.44332
2.44341
2.44334
2.44337
2.44336
2.44336
2.44337
2.44335
2.4434
2.44336
2.44335
2.44336
2.44337
2.44334
2.44334
2.44337
2.44338
2.44337
2.44335
2.44335
2.44337
2.44338
2.44336
2.44335
2.44336
2.44341
2.44337
2.4434
2.44338
2.4434
2.44336
2.44337
2.44338
2.44337
2.44335
2.44337
2.44335
2.44337
2.44337
2.44335
2.44337
2.44334
2.44335
2.44334
2.44332
2.44335
2.4434
2.44336
2.44337
2.44335
2.44337
2.44337
2.44335
2.44335
2.4434
2.44336
2.44336
2.44335
2.44336
2.44338
2.44335
2.44335
2.44335
2.44338
2.44335
2.44336
2.44335
2.44335
2.44336
2.44335
2.44338
2.44338
2.44338
2.44336
2.44337
2.44335
2.44335
2.44335
2.44341
2.44337
2.44338
2.44334
2.44336
2.44332
2.44337
2.44334
2.44336
2.44336
2.44335
2.44338
2.44335
2.44336
2.44337
2.44336
2.44338
2.44337
2.4434
2.44336
2.44334
2.44334
2.44334
2.44338
2.44335
2.44338
2.44332
2.44337
2.44336
2.44341
2.44338
2.44334
2.44341
2.44335
2.44332
2.44334
2.44336
2.44336
2.44334
2.44337
2.44335
2.44337
2.44337
2.44334
2.44337
2.44336
2.44336
2.44332
2.44335
2.44338
2.44334
2.44336
2.44332
2.44337
2.44338
2.44338
2.44335
2.44337
2.44338
2.44335
2.44334
2.44337
2.44337
2.44335
2.44335
2.44337
2.44337
2.44336
2.44337
2.44335
2.44336
2.44336
2.44336
2.44335
2.44332
2.44338
2.44335
2.44335
2.44338
2.44337
2.44337
2.44336
2.44336
2.44335
2.44344
2.44354
2.4436
2.44397
2.44419
2.44443
2.44462
2.44534
2.44573
2.44601
2.44632
2.44675
2.44703
2.44735
2.44789
2.44803
2.44825
2.44851
2.44899
2.44917
2.44934
2.44947
2.44978
2.44998
2.45015
2.45032
2.4507
2.45086
2.45098
2.45122
2.45131
2.45144
2.45158
2.45186
2.45197
2.45206
2.45219
2.45243
2.45249
2.45257
2.45263
2.45275
2.45281
2.45289
2.45295
2.45303
2.45303
2.45304
2.45313
2.45313
2.45312
2.45315
2.45312
2.45317
2.45321
2.45316
2.45319
2.45316
2.45319
2.45313
2.45312
2.45313
2.4531
2.45301
2.453
2.45295
2.45288
2.45276
2.45269
2.45257
2.4525
2.45225
2.45208
2.45201
2.4517
2.45156
2.45137
2.4513
2.45106
2.45092
2.4507
2.45051
2.45014
2.44998
2.44974
2.44935
2.44919
2.44898
2.44876
2.44827
2.44798
2.44776
2.4475
2.44698
2.44669
2.44645
2.44622
2.44564
2.44535
2.445
2.44437
2.44414
2.44386
2.44361
2.44292
2.44261
2.44233
2.44197
2.44135
2.44095
2.44061
2.44027
2.43953
2.43923
2.43895
2.43815
2.43768
2.43734
2.437
2.43609
2.43562
2.43523
2.43487
2.43395
2.43349
2.43305
2.43215
2.43177
2.43136
2.43087
2.43002
2.42954
2.42898
2.42852
2.42766
2.42719
2.42666
2.42614
2.42525
2.42472
2.42421
2.42313
2.42264
2.42209
2.42153
2.4205
2.41993
2.41943
2.41883
2.41783
2.41721
2.41659
2.41602
2.41476
2.41417
2.41356
2.41226
2.41165
2.41111
2.41052
2.40919
2.40854
2.40791
2.40736
2.40606
2.40539
2.40471
2.40333
2.40266
2.40203
2.40133
2.39999
2.39931
2.39863
2.39797
2.39663
2.39587
2.39513
2.39442
2.39295
2.39221
2.39148
2.39006
2.38931
2.3885
2.38776
2.38629
2.38556
2.38473
2.38402
2.38241
2.38157
2.38079
2.38005
2.37849
2.37774
2.3769
2.37532
2.37445
2.37361
2.37281
2.37111
2.37018
2.36936
2.36857
2.36678
2.36592
2.36517
2.36434
2.3626
2.36176
2.36085
2.35914
2.35834
2.3574
2.35653
2.35477
2.35382
2.35293
2.35196
2.35011
2.34916
2.34831
2.3464
2.34542
2.34448
2.34358
2.34168
2.34067
2.33968
2.3387
2.33683
2.33591
2.33491
2.33398
2.33199
2.33103
2.33011
2.32809
2.32711
2.32615
2.32512
2.32312
2.32211
2.32107
2.32003
2.31796
2.31695
2.31592
2.31485
2.31277
2.31167
2.31063
2.30846
2.30732
2.30632
2.30525
2.30312
2.30209
2.30099
2.29991
2.29778
2.29672
2.29563
2.29451
2.29238
2.29123
2.2901
2.28786
2.28672
2.28565
2.28452
2.28227
2.28113
2.27993
2.27883
2.27648
2.27536
2.27425
2.27191
2.2708
2.26956
2.26846
2.2661
2.26492
2.26377
2.26262
2.26031
2.2591
2.25794
2.2567
2.25437
2.25321
2.25196
2.24947
2.24819
2.24705
2.24614
2.24524
2.24512
2.24516
2.2454
2.24529
2.24536
2.2454
2.24589
2.24736
2.24807
2.24915
2.25148
2.25243
2.25349
2.25465
2.25693
2.25788
2.25883
2.25984
2.26172
2.26257
2.26359
2.26457
2.26649
2.26742
2.26829
2.27004
2.27092
2.27175
2.2726
2.2744
2.27529
2.27615
2.27692
2.27842
2.27908
2.27987
2.28147
2.28219
2.28294
2.28355
2.28488
2.28541
2.28602
2.28671
2.28807
2.28865
2.28923
2.28979
2.29084
2.2913
2.29189
2.29305
2.29359
2.29403
2.29446
2.29535
2.29562
2.29605
2.29647
2.2975
2.29786
2.29827
2.29852
2.29909
2.29943
2.29975
2.30044
2.30067
2.301
2.30127
2.30161
2.30179
2.30197
2.30216
2.30247
2.30256
2.30266
2.30275
2.30278
2.30293
2.30307
2.30321
2.30309
2.30318
2.30313
2.30295
2.30294
2.303
2.30293
2.30277
2.30266
2.30252
2.3021
2.30191
2.30184
2.30171
2.30148
2.30117
2.30077
2.30032
2.29953
2.2992
2.29895
2.29858
2.29779
2.29727
2.29683
2.2958
2.29536
2.2949
2.29442
2.29337
2.29271
2.29204
2.29142
2.29004
2.28939
2.28881
2.28813
2.28672
2.28598
2.2852
2.28354
2.28269
2.28192
2.28108
2.27941
2.27844
2.27748
2.27644
2.27443
2.2734
2.27243
2.27141
2.26935
2.26826
2.26706
2.26477
2.26352
2.26231
2.26114
2.25881
2.25761
2.25632
2.25499
2.25232
2.25095
2.24949
2.24802
2.24506
2.24357
2.24208
2.23905
2.23752
2.23596
2.23433
2.23112
2.22948
2.22794
2.22625
2.22284
2.2211
2.2193
2.21569
2.21383
2.21194
2.21002
2.20624
2.20435
2.20247
2.20065
2.19664
2.19468
2.19264
2.19058
2.18642
2.18428
2.1821
2.17772
2.17555
2.17336
2.17123
2.16684
2.16462
2.16234
2.16002
2.15537
2.15301
2.15055
2.14812
2.14324
2.14086
2.1385
2.13369
2.13123
2.12873
2.12625
2.12108
2.11852
2.11579
2.11321
2.10811
2.10557
2.10297
2.10035
2.095
2.09229
2.0895
2.08397
2.08127
2.07858
2.07585
2.07048
2.06776
2.06501
2.06222
2.05653
2.0536
2.05069
2.04788
2.04223
2.03948
2.03669
2.03094
2.028
2.02505
2.02213
2.01627
2.01348
2.01063
2.0078
2.00198
1.99906
1.99604
1.98999
1.98701
1.98409
1.98127
1.97555
1.97259
1.96963
1.96661
1.96071
1.95764
1.95471
1.95175
1.94593
1.94307
1.94021
1.93437
1.93127
1.92829
1.9253
1.91946
1.91659
1.91375
1.91096
1.90512
1.90211
1.89913
1.89613
1.89038
1.88751
1.88478
1.87913
1.87627
1.87339
1.87053
1.86463
1.86183
1.859
1.85627
1.85074
1.84799
1.84519
1.84235
1.83673
1.83386
1.83108
1.82561
1.82298
1.8203
1.81767
1.81229
1.80958
1.8068
1.80395
1.79851
1.79587
1.79329
1.79076
1.78569
1.78306
1.78045
1.77515
1.77252
1.76988
1.76731
1.76234
1.75984
1.75734
1.75493
1.74989
1.7473
1.7448
1.74229
1.73722
1.73479
1.73244
1.72767
1.72535
1.72303
1.72058
1.71583
1.71345
1.71104
1.70862
1.70393
1.70167
1.69937
1.69495
1.69279
1.69055
1.68826
1.68375
1.68146
1.67914
1.67689
1.67249
1.6704
1.66821
1.6661
1.66195
1.65982
1.65766
1.65346
1.6513
1.64919
1.64701
1.64283
1.64075
1.63879
1.63681
1.6329
1.63094
1.62897
1.62698
1.62297
1.62099
1.61902
1.61503
1.61308
1.61115
1.60925
1.60549
1.60362
1.60177
1.59996
1.59626
1.59443
1.59263
1.58895
1.58715
1.58531
1.58344
1.57979
1.57805
1.5763
1.57452
1.57118
1.56948
1.56785
1.56614
1.56273
1.56095
1.5592
1.55584
1.55411
1.55245
1.55073
1.54748
1.54589
1.54429
1.54269
1.53958
1.53804
1.53646
1.53487
1.53176
1.53013
1.52856
1.5255
1.52393
1.52235
1.52081
1.51772
1.51623
1.51475
1.5133
1.51043
1.50898
1.50759
1.50614
1.50327
1.5018
1.50041
1.49757
1.49615
1.49468
1.4933
1.49048
1.48906
1.48765
1.48628
1.48361
1.48225
1.48092
1.47826
1.47698
1.47573
1.47445
1.47188
1.47061
1.46929
1.468
1.46549
1.46421
1.46293
1.46163
1.45897
1.45768
1.45642
1.45392
1.45275
1.45156
1.45033
1.44796
1.4468
1.44563
1.44447
1.44218
1.44096
1.43981
1.43865
1.43629
1.43512
1.43401
1.43173
1.43053
1.42941
1.42829
1.42602
1.42493
1.42379
1.42273
1.4205
1.41947
1.41845
1.41736
1.41528
1.41425
1.41323
1.41113
1.41013
1.4091
1.40805
1.40592
1.40494
1.40394
1.4029
1.40088
1.3999
1.39882
1.3978
1.39578
1.39474
1.3938
1.39179
1.39086
1.3899
1.38903
1.38715
1.38619
1.38527
1.38437
1.38255
1.38162
1.38078
1.37988
1.37803
1.3771
1.37615
1.37429
1.3734
1.37253
1.37166
1.3699
1.36902
1.36807
1.36724
1.36543
1.36452
1.36367
1.36285
1.36115
1.36034
1.35952
1.35785
1.35703
1.35619
1.35544
1.35374
1.35301
1.35229
1.35151
1.34991
1.34915
1.34838
1.34757
1.34607
1.34531
1.34452
1.34301
1.34222
1.34153
1.3407
1.33925
1.33845
1.33768
1.33694
1.33542
1.33467
1.33392
1.33317
1.33177
1.33106
1.33032
1.32891
1.32829
1.32755
1.32687
1.32559
1.32487
1.32421
1.32354
1.32223
1.32161
1.32101
1.32034
1.31912
1.3184
1.31776
1.31643
1.31582
1.31522
1.31455
1.31326
1.3126
1.31204
1.31142
1.31022
1.30954
1.30896
1.3078
1.3072
1.30661
1.30599
1.30485
1.30423
1.30361
1.30301
1.30188
1.30136
1.30084
1.30028
1.29912
1.29863
1.29813
1.29702
1.29648
1.29592
1.29545
1.29442
1.29394
1.29343
1.29289
1.29178
1.2914
1.29092
1.29048
1.28947
1.28897
1.28847
1.28756
1.28716
1.28664
1.28615
1.2852
1.28477
1.28428
1.28385
1.28293
1.28246
1.28204
1.28117
1.28077
1.28032
1.27989
1.2791
1.27868
1.27826
1.27787
1.27706
1.27659
1.27619
1.27577
1.27494
1.27452
1.27418
1.2734
1.27297
1.27258
1.27221
1.27143
1.27111
1.27082
1.2705
1.26978
1.26939
1.26902
1.26869
1.26797
1.26764
1.26735
1.26674
1.26645
1.26618
1.26586
1.26523
1.26493
1.2646
1.26431
1.26377
1.26351
1.2632
1.26293
1.26231
1.26208
1.26184
1.26131
1.26108
1.26083
1.26056
1.26012
1.2599
1.25964
1.25941
1.25895
1.25879
1.25855
1.25806
1.25788
1.25767
1.25746
1.25716
1.25696
1.25674
1.25653
1.2561
1.25588
1.2557
1.2555
1.25519
1.25501
1.25485
1.25454
1.25435
1.25419
1.2541
1.25381
1.25367
1.25352
1.2534
1.25318
1.25305
1.25295
1.25278
1.25255
1.25247
1.25234
1.25212
1.25203
1.25193
1.2518
1.25164
1.25151
1.25144
1.25139
1.25121
1.2512
1.25114
1.25114
1.25105
1.251
1.25097
1.25091
1.25085
1.25087
1.25088
1.25079
1.25073
1.25075
1.25075
1.25073
1.25073
1.25076
1.25076
1.25072
1.25075
1.25072
1.25077
1.25071
1.25076
1.25076
1.25077
1.25076
1.25077
1.25082
1.25085
1.25088
1.25095
1.25103
1.25108
1.25114
1.25121
1.25137
1.25147
1.25152
1.25164
1.25184
1.25193
1.25205
1.25216
1.25241
1.25251
1.2526
1.25285
1.25305
1.25314
1.25331
1.25358
1.25375
1.25392
1.25404
1.25436
1.25454
1.25471
1.25488
1.25531
1.25551
1.25568
1.25604
1.25622
1.25637
1.25661
1.25707
1.25732
1.25751
1.25771
1.2581
1.25829
1.25854
1.25879
1.25926
1.25955
1.25977
1.26032
1.26056
1.26078
1.2611
1.26159
1.2618
1.26199
1.26213
1.26214
1.26213
1.26208
1.2621
1.26208
1.2621
1.26207
1.2621
1.2621
1.26213
1.26211
1.26208
1.26211
1.26211
1.26211
1.26207
1.26213
1.2621
1.26212
1.26212
1.26211
1.26208
1.26212
1.26211
1.26211
1.26211
1.26211
1.26212
1.26211
1.2621
1.26212
1.26207
1.26213
1.26212
1.2621
1.2621
1.26211
1.26212
1.26211
1.26212
1.26211
1.26211
1.26211
1.2621
1.26211
1.26211
1.26212
1.26212
1.26211
1.26211
1.26211
1.26211
1.2621
1.26211
1.26207
1.2621
1.26211
1.26214
1.26211
1.26211
1.26212
1.26211
1.2621
1.26211
1.26211
1.26211
1.26211
1.26211
1.26211
1.26213
1.26211
1.26213
1.26208
1.26207
1.2621
1.26214
1.26212
1.26207
1.26212
1.26212
1.26212
1.26214
1.2621
1.26213
1.26211
1.26211
1.2621
1.2621
1.26212
1.26208
1.26214
1.26211
1.26211
1.26211
1.26212
1.26213
1.26214
1.26208
1.26214
1.26212
1.26211
1.26213
1.2621
1.26211
1.26211
1.26211
1.2621
1.26212
1.2621
1.2621
1.26214
1.26211
1.26211
1.2621
1.26211
1.26213
1.26212
1.26213
1.2621
1.26212
1.26212
1.26211
1.26213
1.26211
1.26214
1.26211
1.26213
1.26212
1.26213
1.26211
1.26211
1.2621
1.26212
1.26212
1.2621
1.26212
1.26212
1.26212
1.26211
1.26212
1.26213
1.26213
1.26208
1.26211
1.2621
1.26211
1.26212
1.2621
1.2621
1.26211
1.26217
1.26213
1.26212
1.26211
1.2621
1.26212
1.2621
1.26212
1.26213
1.26211
1.26213
1.26211
1.26211
1.26211
1.26211
1.2621
1.2621
1.26212
1.26211
1.26211
1.26211
1.2621
1.26208
1.2621
1.26211
1.26211
1.26211
1.26213
1.26208
1.26213
1.26212
1.26213
1.26212
1.26211
1.26212
1.26212
1.26212
1.26214
1.2621
1.2621
1.26211
1.2621
1.26212
1.26214
1.26214
1.26208
1.26211
1.26211
1.2621
1.26213
1.2621
1.26211
1.26206
1.26211
1.26211
1.26213
1.26212
1.26211
1.26211
1.2621
1.26211
1.26211
1.2621
1.26211
1.26211
1.26211
1.26212
1.26211
1.2621
1.26213
1.26212
1.26211
1.2621
1.2621
1.26212
1.26211
1.26212
1.2621
1.26208
1.26211
1.2621
1.26211
1.26213
1.2621
1.26212
1.26211
1.2621
1.26211
1.26213
1.2621
1.26211
1.26211
1.26211
1.26212
1.26208
1.26211
1.2621
1.26211
1.26212
1.2621
1.26212
1.26212
1.26211
1.26211
1.26211
1.26213
1.26212
1.2621
1.26214
1.26213
1.26211
1.26212
1.26211
1.26213
1.26212
1.26214
1.26214
1.2621
1.26211
1.26212
1.26212
1.26213
1.2621
1.26212
1.26211
1.26211
1.2621
1.26212
1.26211
1.2621
1.26211
1.26211
1.26212
1.26211
1.26211
1.26211
1.26212
1.26212
1.26217
1.26211
1.2621
1.26212
1.26217
1.2621
1.26211
1.26211
1.2621
1.26212
1.26212
1.26211
1.26211
1.26211
1.26211
1.26211
1.26212
1.26213
1.26212
1.2621
1.26212
1.26212
1.26212
1.26211
1.26211
1.26211
1.26211
1.2621
1.26208
1.26211
1.26212
1.26216
1.26211
1.26211
1.2621
1.26208
1.26211
1.26211
1.26211
1.26211
1.26212
1.26212
1.26213
1.26213
1.26211
1.26212
1.26211
1.26212
1.26211
1.26212
1.26211
1.26211
1.26211
1.26212
1.26213
1.26211
1.26211
1.26212
1.26211
1.26211
1.2621
1.26212
1.26211
1.26212
1.26213
1.26211
1.26212
1.26208
1.26212
1.26211
1.26213
1.26214
1.26211
1.26213
1.26211
1.26211
1.2621
1.26213
1.26211
1.26211
1.26211
1.2621
1.26213
1.26211
1.26211
1.26213
1.26212
1.26211
1.26213
1.2621
1.26207
1.26213
1.26211
1.26211
1.26214
