-1.44082
-1.44079
-1.44081
-1.44077
-1.44082
-1.44078
-1.44076
-1.44081
-1.44082
-1.44081
-1.44079
-1.44077
-1.44082
-1.44079
-1.44079
-1.44078
-1.44081
-1.44079
-1.44081
-1.44082
-1.44081
-1.44081
-1.44078
-1.44078
-1.44078
-1.44079
-1.44081
-1.44077
-1.44082
-1.44079
-1.44079
-1.44077
-1.44076
-1.44079
-1.44079
-1.44081
-1.44083
-1.44083
-1.44079
-1.44079
-1.44078
-1.44077
-1.44081
-1.44078
-1.44078
-1.44079
-1.44079
-1.44078
-1.44083
-1.44078
-1.44077
-1.44082
-1.44079
-1.44079
-1.44081
-1.44078
-1.44076
-1.44079
-1.44077
-1.44076
-1.44076
-1.44076
-1.44076
-1.44082
-1.44077
-1.44079
-1.44081
-1.44078
-1.44079
-1.44081
-1.44078
-1.44079
-1.44082
-1.44078
-1.44077
-1.44079
-1.44078
-1.44079
-1.44079
-1.44077
-1.44081
-1.44078
-1.44079
-1.44079
-1.44077
-1.44077
-1.44079
-1.44081
-1.44082
-1.44081
-1.44076
-1.44077
-1.44078
-1.44082
-1.44082
-1.44081
-1.44082
-1.44077
-1.44081
-1.44077
-1.44081
-1.44078
-1.44078
-1.44079
-1.44079
-1.44077
-1.44079
-1.44076
-1.44078
-1.44078
-1.44076
-1.44079
-1.44081
-1.44082
-1.44079
-1.44077
-1.44078
-1.44079
-1.44079
-1.44078
-1.44077
-1.44083
-1.44079
-1.44078
-1.44079
-1.44082
-1.44082
-1.44079
-1.44081
-1.44078
-1.44077
-1.44077
-1.44077
-1.44079
-1.44078
-1.44077
-1.44081
-1.44077
-1.44078
-1.44079
-1.44082
-1.44076
-1.44082
-1.44077
-1.44079
-1.44076
-1.44083
-1.44077
-1.44078
-1.44079
-1.44081
-1.44078
-1.44079
-1.44079
-1.44079
-1.44077
-1.44081
-1.44078
-1.44083
-1.44078
-1.44079
-1.44076
-1.44079
-1.44078
-1.44077
-1.44079
-1.44077
-1.44078
-1.44079
-1.44081
-1.44081
-1.44079
-1.44082
-1.44079
-1.44079
-1.44078
-1.44081
-1.44081
-1.44078
-1.44081
-1.44081
-1.44077
-1.44077
-1.44078
-1.44079
-1.44079
-1.44081
-1.44079
-1.44079
-1.44081
-1.44081
-1.44078
-1.44078
-1.44078
-1.44079
-1.44076
-1.44078
-1.44077
-1.44077
-1.44077
-1.44078
-1.44076
-1.44079
-1.44078
-1.44079
-1.44078
-1.44078
-1.44081
-1.44077
-1.44081
-1.44078
-1.44077
-1.44078
-1.44077
-1.44081
-1.44079
-1.44078
-1.44078
-1.44079
-1.44083
-1.44079
-1.44077
-1.44078
-1.44079
-1.44081
-1.44077
-1.44078
-1.44077
-1.44081
-1.44078
-1.44078
-1.44082
-1.44078
-1.44076
-1.44079
-1.44081
-1.44079
-1.44079
-1.44077
-1.44078
-1.44079
-1.44077
-1.44078
-1.44079
-1.44054
-1.4397
-1.43839
-1.43458
-1.43226
-1.4297
-1.42739
-1.4225
-1.42003
-1.41751
-1.41499
-1.41005
-1.40761
-1.40525
-1.40286
-1.39814
-1.39579
-1.39338
-1.38859
-1.38618
-1.38373
-1.38141
-1.37673
-1.37445
-1.37218
-1.36993
-1.36539
-1.36306
-1.36082
-1.35849
-1.35385
-1.35157
-1.3493
-1.34475
-1.34259
-1.3404
-1.33819
-1.33384
-1.33168
-1.32945
-1.32722
-1.32276
-1.32051
-1.31825
-1.31616
-1.31188
-1.30976
-1.30769
-1.3035
-1.30145
-1.29931
-1.29718
-1.29282
-1.29068
-1.28858
-1.28648
-1.28223
-1.28025
-1.27821
-1.27613
-1.27208
-1.27004
-1.26803
-1.26384
-1.26182
-1.25973
-1.2577
-1.25367
-1.25165
-1.24963
-1.24766
-1.24378
-1.2418
-1.23988
-1.23609
-1.23407
-1.23211
-1.23014
-1.22617
-1.22422
-1.22229
-1.22034
-1.21656
-1.21462
-1.21277
-1.21092
-1.2072
-1.20528
-1.20339
-1.1995
-1.19767
-1.1957
-1.19376
-1.19009
-1.18823
-1.18644
-1.18462
-1.18106
-1.17926
-1.1775
-1.17575
-1.17207
-1.17026
-1.16844
-1.16477
-1.16299
-1.16123
-1.15942
-1.15588
-1.15413
-1.1524
-1.15067
-1.14724
-1.14558
-1.14383
-1.14212
-1.13864
-1.13686
-1.13509
-1.13335
-1.12996
-1.12824
-1.12656
-1.12321
-1.12157
-1.11993
-1.11831
-1.11502
-1.11344
-1.11173
-1.1101
-1.10671
-1.10504
-1.10339
-1.10172
-1.09846
-1.09684
-1.09514
-1.09196
-1.0904
-1.08884
-1.08731
-1.08422
-1.08269
-1.08111
-1.07956
-1.07638
-1.07478
-1.0732
-1.07154
-1.0684
-1.0669
-1.06529
-1.06221
-1.06067
-1.05917
-1.05767
-1.05468
-1.05318
-1.0517
-1.05025
-1.04724
-1.0457
-1.04419
-1.04267
-1.03969
-1.03819
-1.03669
-1.03381
-1.03236
-1.03091
-1.02951
-1.02663
-1.02529
-1.02386
-1.02243
-1.01963
-1.01823
-1.0168
-1.01535
-1.01249
-1.01107
-1.00964
-1.00677
-1.00536
-1.00395
-1.00252
-0.999703
-0.998398
-0.997021
-0.995668
-0.992974
-0.991632
-0.990303
-0.987716
-0.986375
-0.985178
-0.983764
-0.981046
-0.979681
-0.97834
-0.976975
-0.974377
-0.973036
-0.971706
-0.970377
-0.967779
-0.966521
-0.96524
-0.962725
-0.961468
-0.960198
-0.958941
-0.956415
-0.955205
-0.953924
-0.952583
-0.949996
-0.948703
-0.947433
-0.946176
-0.943625
-0.942404
-0.941134
-0.938632
-0.937398
-0.936165
-0.934944
-0.932573
-0.931375
-0.930214
-0.928992
-0.926669
-0.925495
-0.924262
-0.923065
-0.920622
-0.919412
-0.918179
-0.915808
-0.914694
-0.913472
-0.912263
-0.909904
-0.908767
-0.907545
-0.906384
-0.904108
-0.902995
-0.90181
-0.89957
-0.898384
-0.897319
-0.896229
-0.894014
-0.892912
-0.891786
-0.890637
-0.888397
-0.887224
-0.886158
-0.885056
-0.882817
-0.881691
-0.880578
-0.879464
-0.877272
-0.876135
-0.874997
-0.872877
-0.871812
-0.87071
-0.869693
-0.867632
-0.866578
-0.865525
-0.864459
-0.862387
-0.861346
-0.860267
-0.858136
-0.856999
-0.855981
-0.854867
-0.852795
-0.85173
-0.850712
-0.849658
-0.847622
-0.846556
-0.845538
-0.844521
-0.842473
-0.841443
-0.840449
-0.838497
-0.837479
-0.836497
-0.835491
-0.833528
-0.83263
-0.831635
-0.830689
-0.828701
-0.827672
-0.826702
-0.825708
-0.823744
-0.822798
-0.821816
-0.81984
-0.818894
-0.817924
-0.816906
-0.815038
-0.814068
-0.813158
-0.812176
-0.81032
-0.809386
-0.808451
-0.806631
-0.805734
-0.804776
-0.803877
-0.802021
-0.801135
-0.800261
-0.799303
-0.797519
-0.796573
-0.795663
-0.794717
-0.792896
-0.791961
-0.79104
-0.789183
-0.788297
-0.787387
-0.786465
-0.784681
-0.78383
-0.782945
-0.782035
-0.78037
-0.779436
-0.77861
-0.777711
-0.776011
-0.775137
-0.774311
-0.772586
-0.771784
-0.770933
-0.770095
-0.768431
-0.767592
-0.766742
-0.765892
-0.764155
-0.763293
-0.762431
-0.761569
-0.75988
-0.758994
-0.758168
-0.756515
-0.755701
-0.754934
-0.754012
-0.752396
-0.751461
-0.750671
-0.749809
-0.748204
-0.747402
-0.746635
-0.745881
-0.744325
-0.743534
-0.742708
-0.741163
-0.740361
-0.739582
-0.738828
-0.737247
-0.736456
-0.735666
-0.734936
-0.733414
-0.732648
-0.731774
-0.730158
-0.729331
-0.728565
-0.727942
-0.727032
-0.726805
-0.726685
-0.726733
-0.726769
-0.726828
-0.726769
-0.726793
-0.726744
-0.726769
-0.726793
-0.726769
-0.726769
-0.726769
-0.726744
-0.726769
-0.726733
-0.726769
-0.726733
-0.726733
-0.726756
-0.726744
-0.726721
-0.726721
-0.726756
-0.726721
-0.726744
-0.726733
-0.726733
-0.726709
-0.726744
-0.726744
-0.726697
-0.726721
-0.726709
-0.726709
-0.726697
-0.726672
-0.726672
-0.726685
-0.726637
-0.726624
-0.726649
-0.726612
-0.726624
-0.726612
-0.726624
-0.726589
-0.726564
-0.72654
-0.726552
-0.726577
-0.726552
-0.726517
-0.726505
-0.726469
-0.726481
-0.726481
-0.726457
-0.726493
-0.726445
-0.726457
-0.726457
-0.726457
-0.726433
-0.726397
-0.726397
-0.726409
-0.726421
-0.726409
-0.726373
-0.726361
-0.726397
-0.726325
-0.726349
-0.726325
-0.726325
-0.726289
-0.726289
-0.726253
-0.726301
-0.726301
-0.726289
-0.726253
-0.726301
-0.726241
-0.726253
-0.726253
-0.726277
-0.726241
-0.726253
-0.726217
-0.726229
-0.726241
-0.726229
-0.726265
-0.726217
-0.726241
-0.726217
-0.726193
-0.726181
-0.726169
-0.726169
-0.726193
-0.726193
-0.726157
-0.726146
-0.726121
-0.726121
-0.726109
-0.726109
-0.726133
-0.726121
-0.726085
-0.726097
-0.726062
-0.72605
-0.726074
-0.726074
-0.726074
-0.726097
-0.726074
-0.726074
-0.726062
-0.726014
-0.726014
-0.726026
-0.726026
-0.726014
-0.726038
-0.72605
-0.725966
-0.72593
-0.725978
-0.725942
-0.725942
-0.725954
-0.725942
-0.725954
-0.725966
-0.725978
-0.725966
-0.725954
-0.725882
-0.72593
-0.725918
-0.725918
-0.725906
-0.725882
-0.725858
-0.725846
-0.725882
-0.72587
-0.725858
-0.72587
-0.725858
-0.725846
-0.725846
-0.725822
-0.725798
-0.725798
-0.725798
-0.725798
-0.725786
-0.725822
-0.72581
-0.72575
-0.725762
-0.725738
-0.72575
-0.725726
-0.725762
-0.725738
-0.725715
-0.725678
-0.725726
-0.72569
-0.725738
-0.725702
-0.725666
-0.725702
-0.725666
-0.725702
-0.725702
-0.725666
-0.725678
-0.725678
-0.725666
-0.725643
-0.725631
-0.725643
-0.725678
-0.725606
-0.725654
-0.725606
-0.725606
-0.725582
-0.725606
-0.725594
-0.725582
-0.725606
-0.725594
-0.725582
-0.725547
-0.725571
-0.725547
-0.725535
-0.725571
-0.725547
-0.725547
-0.725535
-0.725547
-0.725523
-0.725499
-0.725499
-0.725487
-0.725487
-0.725475
-0.725511
-0.725475
-0.725487
-0.725499
-0.725475
-0.725487
-0.725475
-0.725427
-0.725475
-0.725451
-0.725439
-0.725451
-0.725463
-0.725415
-0.725463
-0.725487
-0.725427
-0.725415
-0.725415
-0.725415
-0.725403
-0.725415
-0.725379
-0.725451
-0.725391
-0.725391
-0.725403
-0.725391
-0.725391
-0.725367
-0.725367
-0.725367
-0.725343
-0.725331
-0.725307
-0.725355
-0.725331
-0.725319
-0.725319
-0.725295
-0.725331
-0.725307
-0.725295
-0.725283
-0.725307
-0.725295
-0.725247
-0.725271
-0.725295
-0.725259
-0.725247
-0.725259
-0.725247
-0.725235
-0.725283
-0.7252
-0.725259
-0.725211
-0.725188
-0.7252
-0.725223
-0.725188
-0.7252
-0.7252
-0.725211
-0.7252
-0.725188
-0.725188
-0.725175
-0.725175
-0.725188
-0.725163
-0.725163
-0.725163
-0.725151
-0.7252
-0.725175
-0.725175
-0.725151
-0.725175
-0.725128
-0.725151
-0.725104
-0.725128
-0.725116
-0.725116
-0.725091
-0.725104
-0.725104
-0.725067
-0.725067
-0.725091
-0.725067
-0.725091
-0.725104
-0.725104
-0.725091
-0.725044
-0.725056
-0.725044
-0.725067
-0.725044
-0.72502
-0.725056
-0.725044
-0.724996
-0.725056
-0.72502
-0.725032
-0.725044
-0.724996
-0.72502
-0.725032
-0.725008
-0.725032
-0.72502
-0.724984
-0.724948
-0.724984
-0.724984
-0.724972
-0.724984
-0.724996
-0.72496
-0.72496
-0.724948
-0.724972
-0.724948
-0.724936
-0.724936
-0.724924
-0.724936
-0.724948
-0.724924
-0.724936
-0.724936
-0.724912
-0.724912
-0.724936
-0.724924
-0.7249
-0.724924
-0.724888
-0.724888
-0.724888
-0.724876
-0.7249
-0.724888
-0.724888
-0.72484
-0.724876
-0.72484
-0.724888
-0.724852
-0.724852
-0.72484
-0.724828
-0.72484
-0.724816
-0.724864
-0.72484
-0.724816
-0.724864
-0.724828
-0.724792
-0.724816
-0.724828
-0.724792
-0.724792
-0.724792
-0.724792
-0.72478
-0.72478
-0.724792
-0.724757
-0.724792
-0.724804
-0.724768
-0.72478
-0.724768
-0.724757
-0.724757
-0.724757
-0.724732
-0.724732
-0.724744
-0.72472
-0.72472
-0.72472
-0.724696
-0.72466
-0.724708
-0.724732
-0.724708
-0.724732
-0.724708
-0.724708
-0.724685
-0.724673
-0.724648
-0.724685
-0.724696
-0.724708
-0.724696
-0.724648
-0.724673
-0.724636
-0.724648
-0.724624
-0.724648
-0.724648
-0.724648
-0.724636
-0.724648
-0.724613
-0.724624
-0.724624
-0.724648
-0.724624
-0.724624
-0.724589
-0.724636
-0.724613
-0.724601
-0.724613
-0.724613
-0.724613
-0.724589
-0.724613
-0.724601
-0.724601
-0.724589
-0.724552
-0.724564
-0.724541
-0.724589
-0.724564
-0.724577
-0.724564
-0.724529
-0.724541
-0.724541
-0.724589
-0.724541
-0.724541
-0.724541
-0.724505
-0.724517
-0.724517
-0.724529
-0.724529
-0.724505
-0.724517
-0.724481
-0.724493
-0.724505
-0.724517
-0.724493
-0.724481
-0.724517
-0.724481
-0.724457
-0.724457
-0.724457
-0.724481
-0.724457
-0.724457
-0.724493
-0.724445
-0.724469
-0.724481
-0.724457
-0.724457
-0.724445
-0.724457
-0.724433
-0.724433
-0.724409
-0.724445
-0.724409
-0.724421
-0.724385
-0.724397
-0.724373
-0.724409
-0.724409
-0.724397
-0.724409
-0.724397
-0.724385
-0.724397
-0.724385
-0.724373
-0.724385
-0.724337
-0.724373
-0.724361
-0.724361
-0.724361
-0.724337
-0.724361
-0.724361
-0.724373
-0.724349
-0.724385
-0.724349
-0.724325
-0.724337
-0.724337
-0.724301
-0.724325
-0.724325
-0.724325
-0.724313
-0.724313
-0.724301
-0.724313
-0.724301
-0.724313
-0.724289
-0.724301
-0.724289
-0.724289
-0.724301
-0.724253
-0.724301
-0.724277
-0.724277
-0.724277
-0.724265
-0.724289
-0.724242
-0.724265
-0.724277
-0.724289
-0.724253
-0.724242
-0.72423
-0.72423
-0.72423
-0.724205
-0.724242
-0.724217
-0.724205
-0.724217
-0.724193
-0.72423
-0.72423
-0.72423
-0.724253
-0.724205
-0.724242
-0.724217
-0.724205
-0.724205
-0.724193
-0.724217
-0.724217
-0.72417
-0.724181
-0.72417
-0.72417
-0.72417
-0.724181
-0.724205
-0.724133
-0.724181
-0.724146
-0.72417
-0.724158
-0.724158
-0.72417
-0.724158
-0.724146
-0.724133
-0.724146
-0.724133
-0.724146
-0.724109
-0.724109
-0.724133
-0.724121
-0.724146
-0.724158
-0.724062
-0.724098
-0.724109
-0.724133
-0.724133
-0.724086
-0.724121
-0.724146
-0.724086
-0.724133
-0.724133
-0.724121
-0.724146
-0.724133
-0.724098
-0.724146
-0.724146
-0.724086
-0.724109
-0.724121
-0.724121
-0.724121
-0.724146
-0.72405
-0.724109
-0.724121
-0.724133
-0.724109
-0.724121
-0.724109
-0.724133
-0.724109
-0.724121
-0.724109
-0.724121
-0.724098
-0.724121
-0.724109
-0.724109
-0.724062
-0.724109
-0.724109
-0.724109
-0.724133
-0.724121
-0.724109
-0.724086
-0.724086
-0.724086
-0.724121
-0.724062
-0.724121
-0.724121
-0.724086
-0.724098
-0.724098
-0.724074
-0.724109
-0.724133
-0.724098
-0.724098
-0.724098
-0.724086
-0.724109
-0.724086
-0.724086
-0.724074
-0.724133
-0.724098
-0.724121
-0.724121
-0.724133
-0.724133
-0.724109
-0.724109
-0.724121
-0.724098
-0.724133
-0.724109
-0.724133
-0.724121
-0.724133
-0.724109
-0.724121
-0.724121
-0.724133
-0.724121
-0.724121
-0.724098
-0.724146
-0.724133
-0.724133
-0.724133
-0.724133
-0.724146
-0.724146
-0.724121
-0.724133
-0.724133
-0.724146
-0.724121
-0.724121
-0.724109
-0.724121
-0.724121
-0.724133
-0.724121
-0.724109
-0.724133
-0.724133
-0.724121
-0.724146
-0.724146
-0.724133
-0.724146
-0.724109
-0.724158
-0.724133
-0.724133
-0.724146
-0.724133
-0.724133
-0.724121
-0.724133
-0.724121
-0.724098
-0.724121
-0.724109
-0.724121
-0.724098
-0.724146
-0.724098
-0.724109
-0.72417
-0.724133
-0.724109
-0.724121
-0.724158
-0.724098
-0.724146
-0.724121
-0.724146
-0.724121
-0.724133
-0.724146
-0.724109
-0.724109
-0.724133
-0.724146
-0.724098
-0.724133
-0.724121
-0.724146
-0.724133
-0.724109
-0.724146
-0.724133
-0.724086
-0.724098
-0.724121
-0.724133
-0.724133
-0.724086
-0.724098
-0.724133
-0.724109
-0.724121
-0.724121
-0.724121
-0.724146
-0.724109
-0.724133
-0.724109
-0.724121
-0.724121
-0.724109
-0.724086
-0.724133
-0.724146
-0.724098
-0.724181
-0.724086
-0.724146
-0.724133
-0.724133
-0.724146
-0.724098
-0.724121
-0.724109
-0.724146
-0.724098
-0.724146
-0.724193
-0.724158
-0.724146
-0.724121
-0.724146
-0.724146
-0.724181
-0.724193
-0.724158
-0.72417
-0.724158
-0.72417
-0.72417
-0.724205
-0.724146
-0.72417
-0.724193
-0.724253
-0.724265
-0.724253
-0.72423
-0.724289
-0.724242
-0.724301
-0.724277
-0.724277
-0.724289
-0.724325
-0.724313
-0.724289
-0.724277
-0.724253
-0.724349
-0.724301
-0.724313
-0.724289
-0.724361
-0.724277
-0.724337
-0.724301
-0.724313
-0.724265
-0.724337
-0.724325
-0.724349
-0.724265
-0.724277
-0.724349
-0.724349
-0.724325
-0.724301
-0.724373
-0.724325
-0.724337
-0.724373
-0.724385
-0.724361
-0.724373
-0.724361
-0.724409
-0.724361
-0.724385
-0.724349
-0.724385
-0.724337
-0.724397
-0.724373
-0.724397
-0.724373
-0.724385
-0.724349
-0.724385
-0.724361
-0.724349
-0.724349
-0.724373
-0.724361
-0.724349
-0.724337
-0.724409
-0.724397
-0.724349
-0.724337
-0.724385
-0.724397
-0.724349
-0.724349
-0.724361
-0.724409
-0.724361
-0.724361
-0.724361
-0.724421
-0.724397
-0.724385
-0.724397
-0.724409
-0.724385
-0.724433
-0.724397
-0.724469
-0.724457
-0.724457
-0.724421
-0.724457
-0.724409
-0.724421
-0.724385
-0.724481
-0.724385
-0.724433
-0.724409
-0.724517
-0.724469
-0.724469
-0.724493
-0.724469
-0.724517
-0.724493
-0.724469
-0.724552
-0.724517
-0.724493
-0.724564
-0.724529
-0.724589
-0.724517
-0.724589
-0.724505
-0.724577
-0.724481
-0.724564
-0.724505
-0.724564
-0.724505
-0.724564
-0.724589
-0.724564
-0.724541
-0.724577
-0.724564
-0.724601
-0.724564
-0.724552
-0.724577
-0.724589
-0.724564
-0.724577
-0.724613
-0.724601
-0.724601
-0.724564
-0.724601
-0.724601
-0.724648
-0.724624
-0.724685
-0.724624
-0.724613
-0.72466
-0.72466
-0.724624
-0.72466
-0.724636
-0.724696
-0.724685
-0.72466
-0.72472
-0.724685
-0.724696
-0.724636
-0.724673
-0.724673
-0.724732
-0.724673
-0.724708
-0.724673
-0.724696
-0.72472
-0.72472
-0.724696
-0.724732
-0.72472
-0.724804
-0.724744
-0.72478
-0.724744
-0.724804
-0.724792
-0.724768
-0.724792
-0.724792
-0.724804
-0.724804
-0.72484
-0.724816
-0.724828
-0.72484
-0.724852
-0.72484
-0.7249
-0.724852
-0.724888
-0.724876
-0.724876
-0.724852
-0.724852
-0.724864
-0.724912
-0.724852
-0.724864
-0.724864
-0.724876
-0.7249
-0.7249
-0.724876
-0.724924
-0.724876
-0.72496
-0.724924
-0.72496
-0.724888
-0.7249
-0.724924
-0.724912
-0.724972
-0.7249
-0.724984
-0.724936
-0.72496
-0.724936
-0.724996
-0.724948
-0.724996
-0.72496
-0.724996
-0.724948
-0.724984
-0.724972
-0.724996
-0.724996
-0.725032
-0.724984
-0.725032
-0.725032
-0.724984
-0.724996
-0.725056
-0.725056
-0.725008
-0.724996
-0.725044
-0.725056
-0.725032
-0.725079
-0.725067
-0.725116
-0.725056
-0.725151
-0.725091
-0.725104
-0.725079
-0.725104
-0.725104
-0.725128
-0.725104
-0.725104
-0.725128
-0.725116
-0.725128
-0.725128
-0.725151
-0.725128
-0.725175
-0.725091
-0.725188
-0.725104
-0.725163
-0.725175
-0.725188
-0.725163
-0.725151
-0.725188
-0.7252
-0.725139
-0.725139
-0.7252
-0.725211
-0.725163
-0.725175
-0.725175
-0.725163
-0.725223
-0.7252
-0.725247
-0.725188
-0.7252
-0.725259
-0.725247
-0.725259
-0.725247
-0.725247
-0.725235
-0.725223
-0.725247
-0.725271
-0.725247
-0.725271
-0.725235
-0.725271
-0.725235
-0.725247
-0.725211
-0.725271
-0.725211
-0.725295
-0.725211
-0.725283
-0.725259
-0.725247
-0.725295
-0.725331
-0.725247
-0.725259
-0.725259
-0.725283
-0.725331
-0.725295
-0.725343
-0.725331
-0.725319
-0.725283
-0.725343
-0.725367
-0.725367
-0.725331
-0.725391
-0.725331
-0.725403
-0.725391
-0.725403
-0.725427
-0.725391
-0.725355
-0.725391
-0.725415
-0.725391
-0.725391
-0.725427
-0.725403
-0.725355
-0.725427
-0.725427
-0.725427
-0.725427
-0.725475
-0.725475
-0.725511
-0.725463
-0.725487
-0.725511
-0.725523
-0.725523
-0.725511
-0.725535
-0.725487
-0.725499
-0.725535
-0.725523
-0.725547
-0.725511
-0.725487
-0.725559
-0.725547
-0.725559
-0.725499
-0.725594
-0.725571
-0.725547
-0.725535
-0.725619
-0.725594
-0.725606
-0.725559
-0.725619
-0.725571
-0.725654
-0.725606
-0.725654
-0.725631
-0.725654
-0.725643
-0.725666
-0.725643
-0.725643
-0.725643
-0.725738
-0.725702
-0.725678
-0.725715
-0.725738
-0.725726
-0.725715
-0.725666
-0.72575
-0.725738
-0.725678
-0.725666
-0.72569
-0.725798
-0.726014
-0.726301
-0.727128
-0.727691
-0.728229
-0.728804
-0.730002
-0.730601
-0.731211
-0.731774
-0.732995
-0.733606
-0.734205
-0.735379
-0.735917
-0.736504
-0.737103
-0.738217
-0.73878
-0.73933
-0.739941
-0.741091
-0.741678
-0.742276
-0.742827
-0.744049
-0.744576
-0.745174
-0.746408
-0.746995
-0.747557
-0.748133
-0.74939
-0.749989
-0.750599
-0.751222
-0.75236
-0.752994
-0.753629
-0.754288
-0.755534
-0.756132
-0.756731
-0.758
-0.758599
-0.759258
-0.759856
-0.761102
-0.761712
-0.762347
-0.762958
-0.764191
-0.764814
-0.765389
-0.766059
-0.767293
-0.767916
-0.768491
-0.769724
-0.770287
-0.770957
-0.771568
-0.772802
-0.773412
-0.774023
-0.774694
-0.775927
-0.776586
-0.777209
-0.778478
-0.779053
-0.779723
-0.780334
-0.781627
-0.782322
-0.782933
-0.783567
-0.784849
-0.785483
-0.78619
-0.786825
-0.788178
-0.788848
-0.789471
-0.790788
-0.791471
-0.792105
-0.792812
-0.794141
-0.794741
-0.795459
-0.796118
-0.797411
-0.798081
-0.798728
-0.799423
-0.80068
-0.801315
-0.801997
-0.803326
-0.803997
-0.804643
-0.805314
-0.806631
-0.80729
-0.807948
-0.808619
-0.809913
-0.810607
-0.81123
-0.812643
-0.81335
-0.81402
-0.814643
-0.816032
-0.81669
-0.817421
-0.818199
-0.819564
-0.820223
-0.820929
-0.821636
-0.822965
-0.823684
-0.824343
-0.825768
-0.82645
-0.827181
-0.827852
-0.829288
-0.829935
-0.830677
-0.831336
-0.832761
-0.833408
-0.83409
-0.834809
-0.836198
-0.836869
-0.837587
-0.838964
-0.839683
-0.840437
-0.841084
-0.842533
-0.843203
-0.843958
-0.844652
-0.84609
-0.84676
-0.847479
-0.848999
-0.849706
-0.85046
-0.851178
-0.85264
-0.853394
-0.854136
-0.854867
-0.856316
-0.857011
-0.857753
-0.858496
-0.859944
-0.860663
-0.861381
-0.862806
-0.863501
-0.864208
-0.864986
-0.866411
-0.867129
-0.867848
-0.868555
-0.870004
-0.87071
-0.871453
-0.872195
-0.873632
-0.874387
-0.875141
-0.87665
-0.877356
-0.878146
-0.878877
-0.880398
-0.881188
-0.881931
-0.882709
-0.884182
-0.884936
-0.885751
-0.886505
-0.887978
-0.888757
-0.889487
-0.89102
-0.891726
-0.892517
-0.893223
-0.894708
-0.895487
-0.896241
-0.896936
-0.898468
-0.899211
-0.899953
-0.900744
-0.902241
-0.902947
-0.903737
-0.90521
-0.906
-0.906779
-0.907581
-0.909066
-0.909832
-0.910587
-0.911413
-0.912993
-0.91376
-0.914598
-0.915341
-0.916886
-0.917664
-0.918454
-0.920035
-0.920741
-0.921556
-0.922346
-0.923878
-0.924657
-0.9254
-0.926202
-0.927723
-0.928465
-0.929243
-0.930776
-0.931519
-0.932333
-0.9331
-0.934656
-0.935375
-0.936153
-0.936955
-0.938476
-0.939327
-0.940117
-0.940871
-0.942427
-0.94329
-0.944116
-0.945709
-0.946499
-0.947277
-0.94808
-0.949673
-0.950486
-0.951301
-0.952055
-0.953648
-0.95445
-0.955193
-0.955959
-0.957516
-0.958354
-0.959121
-0.960654
-0.961396
-0.96215
-0.962941
-0.964497
-0.965299
-0.966042
-0.966832
-0.968365
-0.969168
-0.969946
-0.970748
-0.972328
-0.973143
-0.973922
-0.975562
-0.976412
-0.97719
-0.978005
-0.979634
-0.980424
-0.98119
-0.982004
-0.983597
-0.984447
-0.985262
-0.986806
-0.987609
-0.988387
-0.989189
-0.99071
-0.991525
-0.992315
-0.993093
-0.994662
-0.995356
-0.996182
-0.996949
-0.99853
-0.999332
-1.00016
-1.00172
-1.00254
-1.00333
-1.00415
-1.00576
-1.00659
-1.00739
-1.00822
-1.00983
-1.01064
-1.01143
-1.01222
-1.01383
-1.01465
-1.01545
-1.01702
-1.01778
-1.0186
-1.01934
-1.02095
-1.02172
-1.02248
-1.02331
-1.02483
-1.0256
-1.02641
-1.02714
-1.02867
-1.02946
-1.03026
-1.03177
-1.03259
-1.03334
-1.03414
-1.03575
-1.03656
-1.03736
-1.03814
-1.03977
-1.04061
-1.04134
-1.04298
-1.04376
-1.04456
-1.04539
-1.04699
-1.04775
-1.04855
-1.04934
-1.05092
-1.05169
-1.05245
-1.05319
-1.0548
-1.05553
-1.05631
-1.05784
-1.05862
-1.05936
-1.0601
-1.06166
-1.0624
-1.06319
-1.0639
-1.0655
-1.06627
-1.06711
-1.06786
-1.06947
-1.07021
-1.07098
-1.07256
-1.07336
-1.07413
-1.07488
-1.07641
-1.07718
-1.07792
-1.07875
-1.08022
-1.08104
-1.08173
-1.0825
-1.08398
-1.08472
-1.08545
-1.08699
-1.0877
-1.08844
-1.08921
-1.09064
-1.09141
-1.09218
-1.09291
-1.09436
-1.09515
-1.09591
-1.0967
-1.09816
-1.09894
-1.09968
-1.10121
-1.10199
-1.10272
-1.10346
-1.10498
-1.10572
-1.10643
-1.10722
-1.10866
-1.10939
-1.11011
-1.11155
-1.11231
-1.11302
-1.11373
-1.11513
-1.11587
-1.1166
-1.11731
-1.11871
-1.11944
-1.12014
-1.12082
-1.12217
-1.1229
-1.12362
-1.12499
-1.12569
-1.12638
-1.12714
-1.1285
-1.12925
-1.12992
-1.13065
-1.13211
-1.13283
-1.13353
-1.13421
-1.13564
-1.13631
-1.13703
-1.13837
-1.13908
-1.13976
-1.14053
-1.14184
-1.1425
-1.14317
-1.14387
-1.14521
-1.14588
-1.14654
-1.14718
-1.14851
-1.14917
-1.14984
-1.15111
-1.15173
-1.15239
-1.15297
-1.15433
-1.15495
-1.15558
-1.15626
-1.15752
-1.15812
-1.15879
-1.16009
-1.16068
-1.16129
-1.16197
-1.16325
-1.16392
-1.16456
-1.16518
-1.16647
-1.16715
-1.16776
-1.16833
-1.16958
-1.17021
-1.17083
-1.17205
-1.17264
-1.17325
-1.1739
-1.17511
-1.17568
-1.17626
-1.17683
-1.17799
-1.17859
-1.17917
-1.17975
-1.18092
-1.18147
-1.18203
-1.18317
-1.18372
-1.18429
-1.18487
-1.18596
-1.18657
-1.18711
-1.18763
-1.1887
-1.18931
-1.18987
-1.19042
-1.19151
-1.19203
-1.19261
-1.19372
-1.1943
-1.19484
-1.19538
-1.19643
-1.19706
-1.19756
-1.19811
-1.19911
-1.19964
-1.20017
-1.2007
-1.20174
-1.20225
-1.20278
-1.20374
-1.20421
-1.20475
-1.20526
-1.20624
-1.20671
-1.20719
-1.20771
-1.20859
-1.20916
-1.20956
-1.21006
-1.21092
-1.21148
-1.21191
-1.2128
-1.21327
-1.2137
-1.21418
-1.21502
-1.21543
-1.21591
-1.21633
-1.21721
-1.21764
-1.21811
-1.21852
-1.21935
-1.2197
-1.22017
-1.22101
-1.22145
-1.22188
-1.22226
-1.22304
-1.22343
-1.22387
-1.22426
-1.22509
-1.22551
-1.22589
-1.22625
-1.22703
-1.22743
-1.22781
-1.22858
-1.22902
-1.22934
-1.22969
-1.23038
-1.23075
-1.23114
-1.23151
-1.2322
-1.23254
-1.23292
-1.23362
-1.23394
-1.23425
-1.23456
-1.23521
-1.23552
-1.23583
-1.23619
-1.23677
-1.23709
-1.23741
-1.23774
-1.23827
-1.23856
-1.23884
-1.23939
-1.23973
-1.24
-1.24025
-1.24081
-1.24111
-1.24134
-1.2416
-1.24208
-1.24232
-1.24265
-1.24291
-1.24335
-1.24362
-1.24387
-1.24435
-1.24458
-1.2448
-1.24504
-1.24544
-1.24566
-1.24587
-1.24609
-1.24653
-1.24676
-1.24694
-1.24715
-1.24759
-1.24776
-1.24794
-1.24832
-1.24852
-1.24866
-1.24886
-1.24918
-1.24934
-1.24949
-1.24967
-1.24996
-1.25009
-1.25024
-1.25038
-1.25066
-1.25084
-1.25097
-1.25128
-1.2514
-1.25153
-1.25164
-1.2519
-1.25203
-1.25213
-1.25227
-1.25248
-1.25256
-1.25266
-1.25282
-1.25297
-1.25302
-1.25312
-1.25324
-1.25329
-1.25342
-1.25343
-1.25351
-1.25357
-1.25363
-1.25365
-1.25372
-1.25377
-1.25377
-1.25387
-1.25391
-1.25395
-1.25396
-1.25399
-1.25402
-1.25405
-1.25405
-1.25412
-1.25413
-1.25413
-1.25413
-1.25411
-1.25413
-1.25409
-1.25413
-1.25414
-1.25409
-1.25412
-1.25407
-1.25406
-1.25407
-1.25403
-1.25399
-1.254
-1.25395
-1.2539
-1.25388
-1.25383
-1.25379
-1.25364
-1.2536
-1.25358
-1.25347
-1.2533
-1.2533
-1.25316
-1.25316
-1.25299
-1.25285
-1.25281
-1.25257
-1.25242
-1.25232
-1.25218
-1.25193
-1.25181
-1.25169
-1.25154
-1.25128
-1.25109
-1.25098
-1.25082
-1.2505
-1.25036
-1.25018
-1.24989
-1.24976
-1.24961
-1.24944
-1.24904
-1.24885
-1.24866
-1.2485
-1.24813
-1.24799
-1.24777
-1.24759
-1.24717
-1.24693
-1.24672
-1.2463
-1.24611
-1.24583
-1.24565
-1.24526
-1.24503
-1.24474
-1.24448
-1.24401
-1.24378
-1.24354
-1.2433
-1.24284
-1.24259
-1.24237
-1.24178
-1.24151
-1.24123
-1.24098
-1.24044
-1.24019
-1.23995
-1.23964
-1.23911
-1.23878
-1.23844
-1.238
-1.23783
-1.2377
-1.2376
-1.23762
-1.23763
-1.23764
-1.23764
-1.23717
-1.23665
-1.23588
-1.23493
-1.23275
-1.23158
-1.2305
-1.22831
-1.22726
-1.22607
-1.22496
-1.22278
-1.22169
-1.22061
-1.21943
-1.21715
-1.2161
-1.21502
-1.21391
-1.21162
-1.21048
-1.20938
-1.20713
-1.20598
-1.20482
-1.20364
-1.20122
-1.20003
-1.19878
-1.19763
-1.19525
-1.19405
-1.19284
-1.19168
-1.18926
-1.18803
-1.18683
-1.1845
-1.18327
-1.18209
-1.18089
-1.17847
-1.17729
-1.17607
-1.17486
-1.17233
-1.17102
-1.16973
-1.16718
-1.16588
-1.16455
-1.16327
-1.16075
-1.15945
-1.15812
-1.15682
-1.15428
-1.153
-1.15171
-1.1504
-1.14778
-1.14652
-1.14522
-1.14258
-1.14116
-1.13979
-1.13842
-1.1357
-1.13432
-1.13291
-1.1316
-1.1288
-1.12746
-1.12605
-1.12465
-1.12188
-1.12059
-1.11923
-1.11641
-1.11502
-1.11368
-1.11228
-1.1094
-1.10791
-1.10641
-1.10496
-1.102
-1.10052
-1.09906
-1.09758
-1.09466
-1.09334
-1.09182
-1.08897
-1.08753
-1.08605
-1.08457
-1.08165
-1.0802
-1.07863
-1.07712
-1.07397
-1.07243
-1.07094
-1.06934
-1.06626
-1.06468
-1.06311
-1.05994
-1.05845
-1.05688
-1.05534
-1.05222
-1.05063
-1.04909
-1.04749
-1.04423
-1.04257
-1.04094
-1.03773
-1.03613
-1.03448
-1.03285
-1.02962
-1.028
-1.02639
-1.02481
-1.02149
-1.01992
-1.01828
-1.01656
-1.01314
-1.01138
-1.00973
-1.00629
-1.00456
-1.00284
-1.0011
-0.997691
-0.995967
-0.994303
-0.99259
-0.989189
-0.987477
-0.985777
-0.984004
-0.980364
-0.978639
-0.976879
-0.973299
-0.971538
-0.969706
-0.967922
-0.964449
-0.962677
-0.960893
-0.959085
-0.95554
-0.953756
-0.9519
-0.94808
-0.946235
-0.944356
-0.942499
-0.938752
-0.936896
-0.935027
-0.933195
-0.929555
-0.927759
-0.925903
-0.924034
-0.920286
-0.918322
-0.916395
-0.91255
-0.910599
-0.908731
-0.906767
-0.902947
-0.901079
-0.899151
-0.897259
-0.893463
-0.891547
-0.889643
-0.887655
-0.883691
-0.881691
-0.879752
-0.875764
-0.873752
-0.8718
-0.8698
-0.865956
-0.863968
-0.862088
-0.860076
-0.856005
-0.853933
-0.851873
-0.849814
-0.845766
-0.843706
-0.841635
-0.837815
-0.835779
-0.833767
-0.831779
-0.827696
-0.82566
-0.823564
-0.821469
-0.817325
-0.815241
-0.813241
-0.81111
-0.807002
-0.804943
-0.802919
-0.7988
-0.796704
-0.794585
-0.792429
-0.788118
-0.78601
-0.783927
-0.781747
-0.777532
-0.775448
-0.773377
-0.771281
-0.767101
-0.764958
-0.762766
-0.758443
-0.756216
-0.754048
-0.751917
-0.74751
-0.745414
-0.743318
-0.741151
-0.736983
-0.734768
-0.732564
-0.728182
-0.72593
-0.723738
-0.721475
-0.717116
-0.714913
-0.712781
-0.710625
-0.706302
-0.704135
-0.701895
-0.699632
-0.695129
-0.692878
-0.69065
-0.686196
-0.68398
-0.681764
-0.679585
-0.675274
-0.673034
-0.670855
-0.668531
-0.664005
-0.661693
-0.659681
-0.658089
-0.656257
-0.655861
-0.655825
-0.655933
-0.655909
-0.655969
-0.655969
-0.655981
-0.655981
-0.656077
-0.656017
-0.656124
-0.656149
-0.656245
-0.656196
-0.656245
-0.656245
-0.656316
-0.656329
-0.65634
-0.656376
-0.656376
-0.65646
-0.656436
-0.656448
-0.65652
-0.656556
-0.656496
-0.656544
-0.656544
-0.656651
-0.656568
-0.656651
-0.656663
-0.656651
-0.656604
-0.656723
-0.656688
-0.65676
-0.656723
-0.656783
-0.656771
-0.656771
-0.656795
-0.656771
-0.656807
-0.656795
-0.656831
-0.656819
-0.656903
-0.656891
-0.656867
-0.656915
-0.656927
-0.656903
-0.656927
-0.656915
-0.656999
-0.656963
-0.657035
-0.656987
-0.657047
-0.657059
-0.657119
-0.657059
-0.657107
-0.657083
-0.657143
-0.657155
-0.657167
-0.657226
-0.657214
-0.657238
-0.657286
-0.657262
-0.657274
-0.657298
-0.65731
-0.657334
-0.65731
-0.657298
-0.657334
-0.65737
-0.657322
-0.657358
-0.657358
-0.657418
-0.657406
-0.657442
-0.657502
-0.657466
-0.65743
-0.657478
-0.657514
-0.657502
-0.657514
-0.65755
-0.657574
-0.657538
-0.657574
-0.65755
-0.657622
-0.657622
-0.657634
-0.657657
-0.657693
-0.657646
-0.657646
-0.657681
-0.657718
-0.657729
-0.657777
-0.657729
-0.657813
-0.657765
-0.657801
-0.657837
-0.657909
-0.657861
-0.657849
-0.657873
-0.657885
-0.657885
-0.657873
-0.657885
-0.657897
-0.657933
-0.657873
-0.657981
-0.657969
-0.657969
-0.657945
-0.657993
-0.657969
-0.658041
-0.657993
-0.658053
-0.658017
-0.658077
-0.658077
-0.658089
-0.658172
-0.658113
-0.658149
-0.658161
-0.658256
-0.658256
-0.658244
-0.65828
-0.658352
-0.658268
-0.65834
-0.658328
-0.6584
-0.658376
-0.6584
-0.658424
-0.658484
-0.6584
-0.658472
-0.658496
-0.658508
-0.658508
-0.658568
-0.658592
-0.65858
-0.658604
-0.658604
-0.658651
-0.658627
-0.658639
-0.658592
-0.658699
-0.658687
-0.658771
-0.658759
-0.658783
-0.658723
-0.658783
-0.658807
-0.658843
-0.658819
-0.658819
-0.658891
-0.658903
-0.658891
-0.658915
-0.658963
-0.658951
-0.658951
-0.658963
-0.659023
-0.659011
-0.659023
-0.659035
-0.659107
-0.659083
-0.659094
-0.659083
-0.659166
-0.659083
-0.65913
-0.659166
-0.659202
-0.659142
-0.659202
-0.659238
-0.659274
-0.659238
-0.659274
-0.659274
-0.65931
-0.65937
-0.65931
-0.65937
-0.659358
-0.659442
-0.659454
-0.65949
-0.659442
-0.65955
-0.659478
-0.659562
-0.659526
-0.659622
-0.659597
-0.659669
-0.659633
-0.659669
-0.659633
-0.659622
-0.659681
-0.659645
-0.659681
-0.659693
-0.659729
-0.659729
-0.659753
-0.659753
-0.659789
-0.659777
-0.659801
-0.659813
-0.659849
-0.659801
-0.659849
-0.659885
-0.659957
-0.659933
-0.659933
-0.659969
-0.659993
-0.659981
-0.660029
-0.659969
-0.660065
-0.660005
-0.660101
-0.660101
-0.660137
-0.660077
-0.660172
-0.66016
-0.660196
-0.660196
-0.660232
-0.660232
-0.660268
-0.660256
-0.66028
-0.660292
-0.660316
-0.660376
-0.660304
-0.660328
-0.660376
-0.660412
-0.660376
-0.660376
-0.660376
-0.660448
-0.660424
-0.660448
-0.660388
-0.660484
-0.660424
-0.660496
-0.660436
-0.660508
-0.660472
-0.660508
-0.660544
-0.660568
-0.660556
-0.660616
-0.660604
-0.660675
-0.660616
-0.660663
-0.660651
-0.660723
-0.660687
-0.660771
-0.660699
-0.660771
-0.660735
-0.660735
-0.660735
-0.660735
-0.660723
-0.660735
-0.660747
-0.660759
-0.660723
-0.660735
-0.660771
-0.660735
-0.660747
-0.660723
-0.660735
-0.660747
-0.660735
-0.660735
-0.660723
-0.660747
-0.660735
-0.660723
-0.660747
-0.660783
-0.660735
-0.660747
-0.660747
-0.660747
-0.660759
-0.660699
-0.660723
-0.660771
-0.660747
-0.660747
-0.660699
-0.660723
-0.660723
-0.660735
-0.660747
-0.660723
-0.660747
-0.660747
-0.660747
-0.660735
-0.660747
-0.660723
-0.660723
-0.660771
-0.660735
-0.660735
-0.660723
-0.660759
-0.660747
-0.660723
-0.660711
-0.660735
-0.660723
-0.660747
-0.660735
-0.660723
-0.660747
-0.660735
-0.660747
-0.660723
-0.660735
-0.660699
-0.660735
-0.660771
-0.660747
-0.660735
-0.660723
-0.660711
-0.660759
-0.660759
-0.660711
-0.660723
-0.660711
-0.660771
-0.660747
-0.660759
-0.660735
-0.660723
-0.660747
-0.660735
-0.660735
-0.660747
-0.660735
-0.660735
-0.660771
-0.660747
-0.660735
-0.660783
-0.660699
-0.660723
-0.660723
-0.660735
-0.660747
-0.660723
-0.660735
-0.660711
-0.660723
-0.660759
-0.660735
-0.660735
-0.660723
-0.660747
-0.660759
-0.660747
-0.660735
-0.660747
-0.660747
-0.660759
-0.660735
-0.660747
-0.660783
-0.660759
-0.660723
-0.660711
-0.660723
-0.660735
-0.660759
-0.660735
-0.660699
-0.660735
-0.660747
-0.660747
-0.660735
-0.660747
-0.660735
-0.660711
-0.660771
-0.660759
-0.660735
-0.660735
-0.660723
-0.660747
-0.660747
-0.660747
-0.660735
-0.660723
-0.660747
-0.660759
-0.660747
-0.660723
-0.660759
-0.660771
-0.660723
-0.660747
-0.660723
-0.660747
-0.660747
-0.660735
-0.660723
-0.660747
-0.660747
-0.660759
-0.660759
-0.660747
-0.660759
-0.660771
-0.660723
-0.660723
-0.660699
-0.660723
-0.660759
-0.660771
-0.660711
-0.660747
-0.660735
-0.660735
-0.660747
-0.660711
-0.660735
-0.660723
-0.660723
-0.660711
-0.660723
-0.660783
-0.660711
-0.660711
-0.660711
-0.660747
-0.660735
-0.660723
-0.660759
-0.660771
-0.660747
-0.660771
-0.660759
-0.660771
-0.660723
-0.660699
-0.660723
-0.660735
-0.660735
-0.660723
-0.660735
-0.660759
-0.660759
-0.660747
-0.660759
-0.660783
-0.660783
-0.660747
-0.660735
-0.660723
-0.660747
-0.660687
-0.660699
-0.660723
-0.660711
-0.660699
-0.660616
-0.660651
-0.660627
-0.660627
-0.660604
-0.660651
-0.660604
-0.660604
-0.660592
-0.660592
-0.660532
-0.660508
-0.660544
-0.660532
-0.660532
-0.660436
-0.660448
-0.66046
-0.66046
-0.660436
-0.660376
-0.660412
-0.660376
-0.660352
-0.660316
-0.660304
-0.660316
-0.66028
-0.66022
-0.66022
-0.660244
-0.660256
-0.660232
-0.660208
-0.660196
-0.660184
-0.660148
-0.660137
-0.660125
-0.660101
-0.660125
-0.660101
-0.660101
-0.660041
-0.660017
-0.660017
-0.659981
-0.659957
-0.659933
-0.659945
-0.659909
-0.659885
-0.659873
-0.659873
-0.659777
-0.659813
-0.659861
-0.659789
-0.659777
-0.659789
-0.659753
-0.659777
-0.659669
-0.659645
-0.659669
-0.659681
-0.659633
-0.659622
-0.659622
-0.659622
-0.659562
-0.659526
-0.659562
-0.659526
-0.659502
-0.659502
-0.659502
-0.659478
-0.659418
-0.659454
-0.65943
-0.65937
-0.659346
-0.659346
-0.659358
-0.659334
-0.65931
-0.659286
-0.659286
-0.65925
-0.659238
-0.659238
-0.65925
-0.659178
-0.659178
-0.659166
-0.659178
-0.659118
-0.659083
-0.65913
-0.659083
-0.659071
-0.659083
-0.659083
-0.659023
-0.659011
-0.658999
-0.659011
-0.658987
-0.658987
-0.658927
-0.658927
-0.658915
-0.658903
-0.658879
-0.658855
-0.658855
-0.658831
-0.658831
-0.658795
-0.658783
-0.658723
-0.658723
-0.658699
-0.658687
-0.658687
-0.658687
-0.658663
-0.658699
-0.658639
-0.658604
-0.658615
-0.65858
-0.658556
-0.658532
-0.658532
-0.658532
-0.658496
-0.658508
-0.658436
-0.65846
-0.6584
-0.658412
-0.658388
-0.658412
-0.658364
-0.65834
-0.658328
-0.658328
-0.658304
-0.65828
-0.658244
-0.658268
-0.658268
-0.658256
-0.658172
-0.658184
-0.658149
-0.658172
-0.658125
-0.658101
-0.658125
-0.658149
-0.658089
-0.658101
-0.658089
-0.658053
-0.658053
-0.658017
-0.657981
-0.657969
-0.657969
-0.657933
-0.657957
-0.657945
-0.657933
-0.657933
-0.657921
-0.657861
-0.657885
-0.657825
-0.657789
-0.657825
-0.657849
-0.657825
-0.657741
-0.657729
-0.657729
-0.657718
-0.657753
-0.657718
-0.657718
-0.657669
-0.657681
-0.657693
-0.657634
-0.657586
-0.657634
-0.657586
-0.657598
-0.657574
-0.65755
-0.657538
-0.657526
-0.65749
-0.657502
-0.657466
-0.657454
-0.657442
-0.657442
-0.65743
-0.657394
-0.657358
-0.657346
-0.657358
-0.65731
-0.657298
-0.657298
-0.65731
-0.657298
-0.657274
-0.657298
-0.657262
-0.657226
-0.657191
-0.657238
-0.657191
-0.657167
-0.657203
-0.657178
-0.657143
-0.657143
-0.657131
-0.657107
-0.657119
-0.657083
-0.657035
-0.657071
-0.657047
-0.657047
-0.657047
-0.657011
-0.656999
-0.656999
-0.656963
-0.656951
-0.656951
-0.656915
-0.656939
-0.656903
-0.656891
-0.656915
-0.656891
-0.656879
-0.656855
-0.656831
-0.656843
-0.656831
-0.65676
-0.656807
-0.656747
-0.65676
-0.65676
-0.656699
-0.656699
-0.656735
-0.656688
-0.656723
-0.656688
-0.656723
-0.656688
-0.656639
-0.656627
-0.656604
-0.656627
-0.656627
-0.656616
-0.656604
-0.656616
-0.656592
-0.656604
-0.656592
-0.656592
-0.656592
-0.65652
-0.656568
-0.656532
-0.656508
-0.656556
-0.656544
-0.656556
-0.656556
-0.65676
-0.657286
-0.659322
-0.660843
-0.662735
-0.666424
-0.668268
-0.670124
-0.67198
-0.675777
-0.677597
-0.679429
-0.681321
-0.68501
-0.686842
-0.688687
-0.69065
-0.694555
-0.696566
-0.698447
-0.70229
-0.704195
-0.706087
-0.707955
-0.711727
-0.713643
-0.715535
-0.717367
-0.721104
-0.723104
-0.72502
-0.729056
-0.731056
-0.732971
-0.734936
-0.73878
-0.740612
-0.742528
-0.744432
-0.748324
-0.750228
-0.752252
-0.754264
-0.758275
-0.760263
-0.762263
-0.766347
-0.768335
-0.770239
-0.772191
-0.776047
-0.778059
-0.779951
-0.78201
-0.786118
-0.788178
-0.790213
-0.792273
-0.796285
-0.798357
-0.800392
-0.804416
-0.80644
-0.808404
-0.810427
-0.814427
-0.816403
-0.818582
-0.820726
-0.824953
-0.827013
-0.829145
-0.831216
-0.835252
-0.837288
-0.839371
-0.843491
-0.845599
-0.84773
-0.849814
-0.854065
-0.856244
-0.85834
-0.860519
-0.864674
-0.866734
-0.868806
-0.872818
-0.874937
-0.877021
-0.879284
-0.883607
-0.885727
-0.887894
-0.890002
-0.894145
-0.896337
-0.898421
-0.900552
-0.904743
-0.906886
-0.90903
-0.913281
-0.91552
-0.917723
-0.919903
-0.924238
-0.926418
-0.928477
-0.930609
-0.93474
-0.936871
-0.939099
-0.941314
-0.945697
-0.947901
-0.9499
-0.954355
-0.956487
-0.95863
-0.960809
-0.965
-0.967144
-0.969251
-0.971419
-0.975766
-0.978017
-0.980256
-0.982447
-0.98689
-0.98901
-0.991165
-0.995476
-0.997524
-0.999703
-1.00192
-1.00636
-1.00867
-1.01085
-1.01308
-1.01747
-1.0196
-1.02177
-1.02393
-1.02814
-1.03032
-1.03249
-1.0368
-1.03906
-1.04129
-1.04352
-1.04787
-1.05013
-1.05234
-1.0545
-1.05882
-1.06094
-1.06306
-1.06748
-1.06968
-1.0719
-1.07405
-1.07848
-1.08065
-1.08286
-1.08493
-1.08923
-1.09132
-1.09341
-1.09562
-1.09991
-1.10215
-1.1044
-1.10878
-1.11097
-1.11313
-1.11523
-1.11952
-1.12162
-1.12372
-1.12582
-1.13005
-1.13227
-1.13448
-1.13661
-1.14093
-1.14312
-1.14523
-1.14948
-1.15154
-1.15355
-1.15565
-1.15986
-1.16194
-1.16404
-1.16623
-1.17044
-1.17257
-1.17471
-1.17675
-1.18087
-1.18286
-1.18482
-1.18889
-1.19095
-1.19303
-1.19514
-1.19932
-1.20143
-1.20351
-1.20562
-1.20961
-1.21157
-1.21356
-1.2155
-1.21945
-1.22144
-1.22341
-1.22744
-1.2292
-1.23129
-1.23331
-1.23734
-1.23926
-1.24117
-1.24312
-1.24684
-1.2488
-1.25068
-1.25446
-1.25639
-1.25838
-1.26027
-1.26414
-1.26608
-1.26801
-1.26986
-1.27361
-1.27543
-1.27719
-1.27901
-1.28262
-1.28448
-1.28626
-1.28995
-1.29184
-1.29362
-1.29545
-1.29908
-1.30085
-1.3026
-1.30438
-1.30776
-1.30946
-1.31113
-1.31288
-1.31629
-1.318
-1.31975
-1.32329
-1.32497
-1.32673
-1.32841
-1.33182
-1.3335
-1.33511
-1.3367
-1.33988
-1.3415
-1.3431
-1.34469
-1.34786
-1.34946
-1.35103
-1.35427
-1.35584
-1.35742
-1.35897
-1.36217
-1.36371
-1.36521
-1.36669
-1.36967
-1.3711
-1.3725
-1.374
-1.37686
-1.3783
-1.37978
-1.38262
-1.3841
-1.38553
-1.38699
-1.38984
-1.39125
-1.39268
-1.39404
-1.39687
-1.39819
-1.3995
-1.40082
-1.40336
-1.40468
-1.40592
-1.40847
-1.4098
-1.41107
-1.41232
-1.4149
-1.41611
-1.41741
-1.41865
-1.42113
-1.42236
-1.42356
-1.42596
-1.42714
-1.42833
-1.42943
-1.43166
-1.43277
-1.43384
-1.43496
-1.43715
-1.43806
-1.43925
-1.44035
-1.44248
-1.44356
-1.44464
-1.44676
-1.44785
-1.4489
-1.44992
-1.452
-1.45296
-1.45398
-1.45495
-1.45692
-1.45787
-1.45889
-1.4598
-1.46162
-1.46249
-1.46338
-1.46517
-1.46603
-1.46695
-1.46777
-1.46952
-1.47037
-1.4712
-1.47207
-1.47371
-1.47456
-1.47538
-1.47707
-1.47787
-1.47867
-1.47948
-1.4811
-1.48182
-1.48263
-1.48337
-1.48485
-1.48563
-1.48637
-1.48711
-1.4885
-1.48919
-1.48987
-1.49126
-1.49189
-1.49253
-1.49316
-1.49443
-1.49507
-1.49566
-1.49629
-1.49747
-1.49807
-1.49867
-1.49922
-1.50041
-1.50096
-1.50153
-1.50263
-1.50317
-1.50372
-1.5043
-1.50533
-1.50584
-1.50638
-1.5069
-1.50796
-1.50847
-1.50896
-1.50938
-1.51038
-1.5109
-1.51133
-1.5122
-1.51266
-1.51309
-1.51349
-1.51433
-1.51473
-1.51517
-1.51557
-1.5164
-1.5168
-1.51712
-1.51785
-1.51824
-1.51857
-1.51894
-1.51961
-1.51995
-1.52031
-1.52064
-1.52127
-1.52155
-1.52183
-1.52217
-1.5227
-1.52299
-1.52324
-1.52377
-1.52403
-1.52429
-1.52455
-1.52498
-1.52523
-1.52552
-1.5257
-1.52618
-1.52638
-1.5266
-1.5268
-1.52721
-1.52742
-1.52763
-1.52795
-1.52817
-1.52836
-1.52854
-1.52886
-1.529
-1.52915
-1.52928
-1.52954
-1.52967
-1.52979
-1.52999
-1.53021
-1.53031
-1.53043
-1.53066
-1.53076
-1.53087
-1.53092
-1.53117
-1.53122
-1.5313
-1.53135
-1.53148
-1.53151
-1.53155
-1.53163
-1.53172
-1.53175
-1.53178
-1.53183
-1.53186
-1.53189
-1.5319
-1.53199
-1.53199
-1.53199
-1.532
-1.53201
-1.53201
-1.53201
-1.53203
-1.53202
-1.53203
-1.53203
-1.53201
-1.53196
-1.53197
-1.53196
-1.5319
-1.53188
-1.53188
-1.53185
-1.53173
-1.53167
-1.53163
-1.53159
-1.53148
-1.53139
-1.53131
-1.53118
-1.53114
-1.53103
-1.53092
-1.5308
-1.53073
-1.53062
-1.53058
-1.53042
-1.53028
-1.5302
-1.53007
-1.52981
-1.5297
-1.52959
-1.52937
-1.52922
-1.52911
-1.52898
-1.52872
-1.52856
-1.5284
-1.52827
-1.52796
-1.52782
-1.52769
-1.52749
-1.52718
-1.527
-1.52686
-1.52651
-1.52632
-1.52616
-1.52602
-1.52566
-1.52542
-1.52528
-1.52509
-1.5247
-1.52449
-1.52429
-1.52415
-1.52378
-1.5236
-1.5234
-1.52298
-1.52278
-1.52257
-1.52242
-1.52199
-1.52181
-1.5216
-1.52136
-1.52092
-1.5207
-1.52051
-1.52006
-1.51979
-1.51963
-1.51935
-1.51893
-1.5187
-1.51848
-1.51824
-1.51777
-1.51755
-1.51733
-1.51708
-1.51662
-1.51631
-1.51613
-1.51564
-1.51537
-1.51509
-1.51488
-1.51432
-1.51406
-1.51385
-1.51357
-1.51309
-1.51285
-1.5126
-1.51232
-1.51182
-1.51156
-1.5113
-1.51074
-1.51051
-1.51018
-1.50995
-1.5094
-1.50911
-1.50882
-1.50863
-1.50806
-1.50776
-1.50752
-1.507
-1.50671
-1.50644
-1.50617
-1.50559
-1.5053
-1.505
-1.50474
-1.50421
-1.50388
-1.50359
-1.5033
-1.50275
-1.50243
-1.50214
-1.5016
-1.50135
-1.50105
-1.50077
-1.5002
-1.4999
-1.49958
-1.4993
-1.49871
-1.49845
-1.49811
-1.49786
-1.49724
-1.49697
-1.49668
-1.49608
-1.4958
-1.49548
-1.49521
-1.49457
-1.49426
-1.49394
-1.49364
-1.49303
-1.49273
-1.49244
-1.49213
-1.49153
-1.49126
-1.49093
-1.4903
-1.49001
-1.48969
-1.48945
-1.48874
-1.48843
-1.4881
-1.48782
-1.48723
-1.48692
-1.48657
-1.486
-1.48569
-1.48535
-1.48513
-1.48445
-1.48416
-1.48384
-1.48347
-1.48286
-1.48256
-1.48225
-1.48194
-1.48133
-1.48102
-1.48068
-1.48006
-1.4798
-1.47947
-1.47913
-1.47849
-1.47817
-1.47787
-1.47755
-1.47695
-1.47666
-1.47632
-1.47602
-1.47541
-1.47515
-1.47485
-1.47423
-1.4739
-1.47359
-1.47325
-1.47264
-1.47235
-1.47202
-1.47176
-1.47111
-1.47084
-1.47055
-1.47024
-1.46964
-1.46933
-1.46909
-1.46841
-1.46811
-1.46785
-1.46755
-1.46692
-1.46667
-1.46635
-1.46606
-1.46547
-1.46516
-1.46486
-1.46455
-1.46398
-1.46364
-1.46337
-1.46274
-1.46242
-1.46217
-1.46185
-1.46127
-1.46097
-1.46065
-1.46034
-1.45975
-1.45951
-1.45922
-1.45889
-1.45829
-1.45798
-1.4577
-1.45707
-1.45679
-1.45655
-1.45622
-1.45563
-1.45533
-1.45504
-1.45479
-1.45418
-1.45389
-1.45362
-1.45301
-1.45274
-1.45242
-1.45207
-1.45154
-1.45125
-1.45097
-1.45072
-1.45016
-1.44989
-1.44962
-1.44934
-1.44881
-1.44851
-1.44821
-1.44762
-1.44736
-1.44703
-1.4468
-1.44625
-1.44596
-1.4457
-1.44545
-1.44491
-1.44469
-1.4444
-1.44409
-1.44358
-1.44333
-1.44306
-1.44255
-1.44229
-1.44197
-1.44172
-1.44119
-1.44103
-1.44088
-1.44083
-1.44075
-1.44081
-1.44077
-1.44081
-1.44078
-1.44081
-1.44082
-1.44082
-1.44081
-1.44082
-1.44083
-1.44083
-1.44077
-1.44082
-1.44082
-1.44083
-1.44078
-1.44083
-1.44078
-1.44082
-1.44077
-1.44083
-1.44079
-1.44082
-1.44081
-1.44082
-1.44079
-1.44079
-1.44083
-1.44079
-1.44081
-1.44081
-1.44079
-1.44083
-1.44081
-1.44078
-1.44082
-1.44082
-1.44083
-1.44082
-1.44079
-1.44083
-1.44081
-1.44083
-1.44082
-1.44081
-1.44083
-1.44083
-1.44083
-1.44082
-1.44083
-1.44081
-1.44078
-1.44076
-1.44083
-1.44079
-1.44083
-1.44079
-1.44081
-1.44081
-1.44082
-1.44086
-1.44083
-1.44081
-1.44083
-1.44079
-1.44079
-1.44081
-1.44081
-1.44081
-1.44082
-1.44082
-1.44079
-1.44081
-1.44081
-1.44082
-1.44083
-1.44082
-1.44082
-1.44079
-1.44079
-1.44083
-1.44081
-1.44081
-1.44083
-1.44078
-1.44083
-1.44082
-1.44083
-1.44077
-1.44083
-1.44079
-1.44083
-1.44081
-1.44083
-1.44083
-1.44079
-1.44082
-1.44078
-1.44083
-1.44083
-1.44081
-1.44082
-1.44079
-1.44082
-1.44083
-1.44078
-1.44081
-1.44079
-1.44083
-1.44082
-1.44081
-1.44079
-1.44081
-1.44083
-1.44083
-1.44083
-1.44079
-1.44081
-1.44083
-1.44079
-1.44082
-1.44083
-1.44083
-1.44083
-1.44081
-1.44084
-1.44078
-1.44083
-1.44081
-1.44081
-1.44082
-1.44083
-1.44082
-1.44081
-1.44081
-1.44081
-1.44083
-1.44083
-1.44083
-1.44079
-1.44082
-1.44083
-1.44083
-1.44084
-1.44082
-1.44083
-1.44079
-1.44081
-1.44082
-1.44081
-1.44083
-1.44081
-1.44083
-1.44084
-1.44082
-1.44082
-1.44078
-1.44081
-1.44081
-1.44081
-1.44079
-1.44082
-1.44082
-1.44081
-1.44079
-1.44083
-1.44083
-1.44082
-1.44083
-1.44079
-1.44083
-1.44083
-1.44079
-1.44083
-1.44081
-1.44077
-1.44082
-1.44081
-1.44083
-1.44083
-1.44081
-1.44081
-1.44083
-1.44083
-1.44083
-1.44081
-1.44083
-1.44083
-1.44082
-1.44079
-1.44082
-1.44079
-1.44083
-1.44079
-1.44083
-1.44083
-1.44083
-1.44083
-1.44082
-1.44083
-1.44078
-1.44079
-1.44081
-1.44083
-1.44082
-1.44079
-1.44083
-1.44077
-1.44083
-1.44078
-1.44081
-1.44081
-1.44082
-1.44081
-1.44079
-1.44083
-1.44079
-1.44082
-1.44082
-1.44083
-1.44082
-1.44084
-1.44084
-1.44082
-1.44079
-1.44083
-1.44081
-1.44081
-1.44083
-1.44082
-1.44082
-1.44081
-1.44079
-1.44083
-1.44083
-1.44082
-1.44083
-1.44081
-1.44084
-1.44083
-1.44081
-1.44083
-1.44076
-1.44083
-1.44079
-1.44081
-1.44082
-1.44082
-1.44081
-1.44083
-1.44081
-1.44082
-1.44082
-1.44077
-1.44081
-1.44083
-1.44083
-1.44079
-1.44081
-1.44083
-1.44081
-1.44083
-1.44079
-1.44079
-1.44083
-1.44079
-1.44083
-1.44081
-1.44084
-1.44081
-1.44082
-1.44078
-1.44082
-1.44083
-1.44081
-1.44083
-1.44081
-1.44079
-1.44083
-1.44082
-1.44078
-1.44077
-1.44083
-1.44082
-1.44082
-1.44082
-1.44079
-1.44079
-1.44077
-1.44079
-1.44084
-1.44081
-1.44081
-1.44083
-1.44082
-1.44079
-1.44083
-1.44083
-1.44082
-1.44082
-1.44082
-1.44082
-1.44079
-1.44083
-1.44083
-1.44081
-1.44083
-1.44083
-1.44082
-1.44083
-1.44079
-1.44082
-1.44081
-1.44083
-1.44083
-1.44078
-1.44078
-1.44081
-1.44078
-1.44082
-1.44082
-1.44082
-1.44079
-1.44082
-1.44081
-1.44079
-1.44078
-1.44083
-1.44084
-1.44082
-1.44082
-1.44082
-1.44082
-1.44083
-1.44082
-1.44078
-1.44081
-1.44079
-1.44081
-1.44083
-1.44081
-1.44079
-1.44082
-1.44081
-1.44079
-1.44083
-1.44082
-1.44082
-1.44083
-1.44083
-1.44081
-1.44079
-1.44086
-1.44085
-1.44081
-1.44081
-1.44082
-1.44082
-1.44081
-1.44079
-1.44084
-1.44083
-1.44082
-1.44083
-1.44083
-1.44079
-1.44082
-1.44082
-1.44081
-1.44077
-1.44081
-1.44082
-1.44082
-1.44078
-1.44079
-1.44079
-1.44082
-1.44079
-1.44082
-1.44079
-1.44081
-1.44078
