-0.12
-0.120007
-0.120002
-0.120002
-0.120009
-0.120009
-0.120002
-0.120006
-0.120004
-0.12
-0.120001
-0.120003
-0.12
-0.120004
-0.120001
-0.120005
-0.120002
-0.120006
-0.12
-0.120001
-0.120003
-0.120005
-0.120006
-0.120004
-0.12
-0.120004
-0.120009
-0.120014
-0.120007
-0.120002
-0.120004
-0.120005
-0.120011
-0.12
-0.12
-0.120002
-0.119995
-0.119994
-0.120006
-0.119996
-0.120009
-0.120014
-0.120005
-0.120006
-0.120006
-0.120005
-0.120002
-0.120009
-0.120002
-0.120004
-0.120011
-0.120003
-0.120005
-0.120007
-0.119997
-0.120013
-0.120004
-0.120004
-0.120011
-0.120013
-0.120006
-0.12001
-0.12001
-0.120004
-0.120013
-0.12001
-0.12
-0.120004
-0.120014
-0.119996
-0.120001
-0.120005
-0.120003
-0.120008
-0.120005
-0.120007
-0.120006
-0.120008
-0.120002
-0.12001
-0.120008
-0.120008
-0.120004
-0.120003
-0.120006
-0.120006
-0.120005
-0.120002
-0.120003
-0.119994
-0.120012
-0.120011
-0.120006
-0.120003
-0.120001
-0.120002
-0.119998
-0.120005
-0.120006
-0.120007
-0.119998
-0.120003
-0.119997
-0.120005
-0.12
-0.120013
-0.120006
-0.120015
-0.120011
-0.120009
-0.120007
-0.120004
-0.119997
-0.120003
-0.120008
-0.12
-0.120014
-0.119999
-0.120001
-0.120012
-0.120006
-0.120002
-0.119997
-0.120006
-0.120004
-0.119998
-0.120005
-0.120007
-0.120002
-0.120006
-0.120008
-0.120014
-0.12001
-0.119995
-0.120004
-0.120011
-0.120003
-0.120011
-0.120005
-0.120003
-0.120001
-0.120017
-0.119997
-0.120008
-0.120004
-0.120014
-0.12
-0.120008
-0.120005
-0.120004
-0.120006
-0.120006
-0.120002
-0.120004
-0.120005
-0.120006
-0.120002
-0.120005
-0.120001
-0.120002
-0.119999
-0.120003
-0.120002
-0.120011
-0.120004
-0.120003
-0.120007
-0.120009
-0.12
-0.120001
-0.12001
-0.119999
-0.119999
-0.120004
-0.120004
-0.120006
-0.120006
-0.119999
-0.120005
-0.120008
-0.120004
-0.120005
-0.120005
-0.120007
-0.120003
-0.119999
-0.120005
-0.120008
-0.120002
-0.120002
-0.120005
-0.119997
-0.120009
-0.120006
-0.119995
-0.120007
-0.120006
-0.120011
-0.12001
-0.120005
-0.120011
-0.120006
-0.120005
-0.120004
-0.120007
-0.120006
-0.120006
-0.12
-0.120007
-0.120002
-0.119999
-0.120007
-0.120008
-0.120009
-0.12
-0.120005
-0.120004
-0.120009
-0.119995
-0.119998
-0.12
-0.12001
-0.120009
-0.120007
-0.12
-0.120008
-0.120004
-0.120002
-0.120007
-0.120006
-0.120006
-0.120003
-0.120007
-0.120009
-0.120004
-0.119999
-0.119999
-0.119993
-0.120004
-0.120003
-0.120005
-0.120012
-0.120003
-0.120005
-0.120034
-0.120178
-0.120386
-0.120999
-0.121367
-0.12179
-0.122178
-0.122965
-0.123379
-0.123806
-0.124217
-0.125045
-0.125444
-0.125835
-0.126233
-0.127048
-0.12744
-0.127851
-0.128665
-0.129066
-0.129508
-0.129908
-0.130719
-0.131129
-0.131518
-0.131919
-0.132721
-0.13311
-0.133492
-0.133911
-0.134731
-0.135133
-0.135544
-0.136334
-0.136726
-0.137134
-0.137524
-0.1383
-0.138704
-0.139111
-0.139498
-0.140333
-0.140733
-0.141138
-0.141549
-0.142325
-0.142714
-0.143128
-0.143903
-0.144297
-0.144697
-0.14508
-0.145913
-0.146309
-0.146704
-0.147114
-0.147913
-0.148298
-0.148704
-0.149098
-0.149894
-0.1503
-0.15069
-0.151506
-0.15192
-0.152341
-0.152745
-0.153547
-0.153938
-0.154338
-0.154748
-0.155518
-0.15592
-0.156313
-0.157069
-0.15748
-0.157885
-0.158283
-0.159106
-0.159507
-0.159899
-0.160313
-0.161104
-0.161512
-0.161915
-0.162315
-0.163099
-0.163523
-0.163925
-0.164733
-0.165121
-0.165542
-0.16594
-0.166736
-0.167146
-0.167516
-0.167908
-0.168711
-0.169107
-0.169481
-0.16989
-0.170703
-0.171102
-0.17152
-0.172329
-0.17273
-0.173148
-0.173537
-0.174336
-0.174736
-0.175116
-0.175502
-0.1763
-0.176682
-0.177069
-0.177465
-0.178279
-0.17868
-0.179094
-0.179508
-0.180298
-0.180714
-0.181135
-0.181922
-0.182325
-0.18273
-0.183125
-0.183911
-0.184302
-0.184708
-0.185095
-0.185895
-0.186295
-0.186701
-0.187119
-0.1879
-0.188311
-0.188724
-0.189524
-0.189933
-0.190322
-0.190722
-0.191525
-0.191909
-0.192315
-0.192718
-0.193509
-0.193923
-0.194334
-0.194758
-0.195534
-0.195932
-0.196354
-0.197137
-0.197551
-0.19795
-0.19834
-0.199134
-0.19955
-0.199933
-0.200323
-0.201127
-0.201549
-0.201939
-0.202339
-0.203151
-0.203552
-0.203936
-0.204737
-0.20512
-0.205516
-0.205912
-0.206717
-0.207095
-0.207508
-0.207912
-0.208711
-0.209108
-0.209527
-0.209934
-0.210724
-0.211131
-0.211536
-0.212323
-0.212721
-0.213124
-0.213523
-0.214331
-0.214714
-0.215125
-0.215527
-0.216322
-0.21673
-0.217145
-0.217913
-0.218322
-0.218707
-0.219112
-0.219898
-0.220304
-0.22069
-0.221084
-0.221896
-0.22229
-0.222683
-0.223096
-0.223904
-0.224294
-0.224696
-0.225502
-0.225903
-0.226302
-0.226689
-0.227493
-0.227874
-0.228265
-0.228668
-0.229479
-0.229881
-0.230284
-0.23068
-0.231486
-0.231881
-0.232301
-0.233104
-0.233505
-0.233919
-0.234323
-0.23513
-0.235518
-0.235909
-0.236314
-0.237092
-0.237477
-0.237881
-0.23828
-0.239087
-0.239503
-0.239907
-0.240721
-0.241114
-0.24152
-0.241938
-0.242744
-0.243136
-0.24356
-0.243948
-0.244745
-0.245114
-0.245533
-0.245919
-0.246727
-0.247108
-0.24752
-0.248309
-0.248718
-0.24913
-0.249538
-0.250338
-0.250767
-0.251153
-0.251546
-0.252333
-0.252739
-0.253116
-0.253541
-0.254339
-0.254742
-0.255146
-0.255932
-0.256332
-0.256751
-0.257124
-0.257929
-0.258333
-0.258736
-0.259137
-0.259927
-0.260316
-0.260723
-0.26152
-0.261935
-0.262325
-0.262732
-0.26353
-0.263947
-0.264334
-0.264728
-0.265557
-0.265956
-0.266359
-0.26676
-0.267546
-0.267955
-0.268345
-0.269125
-0.269519
-0.269914
-0.270323
-0.271111
-0.271505
-0.271907
-0.272323
-0.273142
-0.273559
-0.273959
-0.27437
-0.275132
-0.275525
-0.275917
-0.276695
-0.277102
-0.277506
-0.277936
-0.278765
-0.279174
-0.279583
-0.279983
-0.280765
-0.28115
-0.281557
-0.282307
-0.282703
-0.283097
-0.283491
-0.2843
-0.284692
-0.285085
-0.285513
-0.286298
-0.286709
-0.287116
-0.287518
-0.2883
-0.28869
-0.289102
-0.289486
-0.290304
-0.290703
-0.291111
-0.291893
-0.292299
-0.292715
-0.293122
-0.293944
-0.294349
-0.294722
-0.295112
-0.295883
-0.29627
-0.296655
-0.297482
-0.297894
-0.298303
-0.298713
-0.299523
-0.299916
-0.300297
-0.300706
-0.301473
-0.301881
-0.302271
-0.302688
-0.303515
-0.303918
-0.304325
-0.305125
-0.30554
-0.305926
-0.306326
-0.307092
-0.307506
-0.307902
-0.308293
-0.309109
-0.309532
-0.309935
-0.310351
-0.311142
-0.311524
-0.311914
-0.312697
-0.313097
-0.313493
-0.313903
-0.3147
-0.315115
-0.315534
-0.315949
-0.31669
-0.317092
-0.317485
-0.318279
-0.318712
-0.31912
-0.319479
-0.319925
-0.320058
-0.320133
-0.320138
-0.320121
-0.320137
-0.320136
-0.320148
-0.320101
-0.320076
-0.32006
-0.320062
-0.320084
-0.320095
-0.320076
-0.320079
-0.320117
-0.320107
-0.320096
-0.320086
-0.320084
-0.32009
-0.320063
-0.320012
-0.320017
-0.320039
-0.32001
-0.320005
-0.320005
-0.32002
-0.320016
-0.320031
-0.320029
-0.320002
-0.320011
-0.319998
-0.320012
-0.32001
-0.319959
-0.319958
-0.319984
-0.320016
-0.320004
-0.319997
-0.319978
-0.320021
-0.320018
-0.320033
-0.320029
-0.320026
-0.320023
-0.320014
-0.320018
-0.320027
-0.320025
-0.32002
-0.319982
-0.319985
-0.319984
-0.319991
-0.320019
-0.320009
-0.319998
-0.319983
-0.320005
-0.320013
-0.320036
-0.320031
-0.320026
-0.32001
-0.320013
-0.320006
-0.320003
-0.320026
-0.320013
-0.320001
-0.319989
-0.319996
-0.319993
-0.320014
-0.320029
-0.320024
-0.32003
-0.320017
-0.319994
-0.320002
-0.319987
-0.32001
-0.320021
-0.320036
-0.320037
-0.320023
-0.320015
-0.320011
-0.32004
-0.320027
-0.32005
-0.320041
-0.320046
-0.320019
-0.320002
-0.319968
-0.319987
-0.320005
-0.32001
-0.320043
-0.320036
-0.319997
-0.31997
-0.319973
-0.319977
-0.319985
-0.320044
-0.320054
-0.320045
-0.320035
-0.320006
-0.319986
-0.31998
-0.31998
-0.320003
-0.320024
-0.320032
-0.320026
-0.320016
-0.31999
-0.319979
-0.319991
-0.320012
-0.320032
-0.320041
-0.320049
-0.320051
-0.320037
-0.320021
-0.320006
-0.320004
-0.320004
-0.320014
-0.320025
-0.320024
-0.320017
-0.320002
-0.319992
-0.31998
-0.319975
-0.319986
-0.320007
-0.32002
-0.320036
-0.320038
-0.320033
-0.320022
-0.319972
-0.31996
-0.319978
-0.319974
-0.320004
-0.320027
-0.320049
-0.32006
-0.320046
-0.320028
-0.320016
-0.319988
-0.31997
-0.319986
-0.319983
-0.320005
-0.320016
-0.320029
-0.320038
-0.320028
-0.320003
-0.320002
-0.319987
-0.32001
-0.320005
-0.320027
-0.320054
-0.320051
-0.320064
-0.320081
-0.320064
-0.320044
-0.320019
-0.320006
-0.320003
-0.320009
-0.320038
-0.320039
-0.320067
-0.320078
-0.320055
-0.320042
-0.320024
-0.320011
-0.320012
-0.320008
-0.320027
-0.320026
-0.320041
-0.32006
-0.320055
-0.320054
-0.320044
-0.320037
-0.320017
-0.320011
-0.320015
-0.320021
-0.320017
-0.320016
-0.320069
-0.320066
-0.320076
-0.320058
-0.320034
-0.320006
-0.320003
-0.319996
-0.319993
-0.32001
-0.32001
-0.32
-0.320028
-0.320037
-0.320063
-0.32006
-0.320065
-0.320055
-0.320035
-0.319997
-0.319996
-0.319998
-0.320047
-0.32005
-0.320049
-0.320067
-0.32007
-0.32008
-0.320064
-0.320051
-0.32002
-0.319996
-0.319994
-0.319994
-0.319972
-0.319991
-0.320018
-0.319998
-0.320009
-0.320018
-0.320044
-0.320041
-0.320056
-0.320039
-0.32002
-0.319976
-0.319982
-0.319994
-0.320011
-0.320032
-0.320025
-0.320024
-0.32004
-0.320035
-0.320051
-0.320043
-0.32001
-0.319999
-0.31998
-0.319949
-0.319977
-0.319992
-0.320001
-0.320016
-0.320002
-0.320001
-0.320032
-0.320051
-0.320073
-0.320062
-0.320051
-0.320014
-0.319985
-0.319964
-0.319981
-0.320002
-0.320024
-0.32002
-0.32002
-0.320029
-0.320041
-0.320046
-0.320021
-0.320025
-0.319996
-0.319981
-0.319963
-0.319965
-0.319966
-0.319971
-0.319988
-0.320006
-0.320005
-0.319998
-0.320011
-0.320022
-0.320024
-0.320031
-0.320036
-0.320016
-0.320012
-0.319989
-0.319989
-0.319979
-0.319966
-0.319968
-0.319991
-0.320004
-0.319999
-0.320001
-0.320026
-0.320015
-0.320047
-0.320046
-0.32004
-0.320045
-0.320024
-0.320012
-0.31999
-0.31999
-0.319998
-0.320015
-0.319999
-0.320012
-0.32001
-0.320015
-0.320023
-0.32004
-0.320075
-0.32009
-0.320082
-0.320055
-0.32005
-0.320036
-0.320034
-0.320003
-0.319998
-0.320001
-0.320013
-0.320009
-0.32003
-0.320035
-0.320043
-0.320054
-0.320047
-0.320048
-0.320048
-0.320048
-0.320043
-0.320018
-0.320025
-0.31999
-0.319991
-0.319995
-0.319999
-0.320011
-0.320024
-0.320015
-0.320006
-0.319999
-0.320003
-0.320037
-0.320042
-0.320059
-0.320063
-0.32004
-0.320053
-0.320029
-0.320036
-0.320012
-0.320023
-0.319995
-0.319996
-0.31997
-0.320002
-0.319998
-0.320031
-0.320028
-0.32002
-0.320047
-0.320052
-0.320066
-0.320081
-0.320079
-0.320062
-0.320052
-0.320034
-0.320023
-0.319989
-0.319989
-0.319991
-0.319961
-0.319966
-0.319984
-0.319979
-0.31998
-0.319994
-0.319972
-0.319977
-0.320002
-0.32001
-0.320032
-0.320047
-0.320029
-0.320017
-0.32
-0.319998
-0.319969
-0.319968
-0.319979
-0.319938
-0.319961
-0.319977
-0.320004
-0.319998
-0.320007
-0.32001
-0.320005
-0.320006
-0.320016
-0.320017
-0.320051
-0.320035
-0.320051
-0.320051
-0.320045
-0.320032
-0.320042
-0.320021
-0.320009
-0.319988
-0.319971
-0.319953
-0.319947
-0.319946
-0.319958
-0.319971
-0.319969
-0.319965
-0.319959
-0.319941
-0.319946
-0.319956
-0.320026
-0.320036
-0.32003
-0.320032
-0.320004
-0.32001
-0.320005
-0.320033
-0.320046
-0.320033
-0.320018
-0.319998
-0.319983
-0.32
-0.320007
-0.320027
-0.320036
-0.32004
-0.320017
-0.320002
-0.319996
-0.320026
-0.320031
-0.320037
-0.320034
-0.32006
-0.320023
-0.320036
-0.320021
-0.320003
-0.320004
-0.320003
-0.319993
-0.319992
-0.320011
-0.32001
-0.319991
-0.319989
-0.320021
-0.32001
-0.320021
-0.320056
-0.320053
-0.320051
-0.320028
-0.320031
-0.320025
-0.320019
-0.320044
-0.320034
-0.320042
-0.320043
-0.320049
-0.320021
-0.320014
-0.32003
-0.320008
-0.320009
-0.320013
-0.319995
-0.320017
-0.320029
-0.320017
-0.320024
-0.320029
-0.320014
-0.320001
-0.320032
-0.320047
-0.320056
-0.320007
-0.32001
-0.319982
-0.319989
-0.319992
-0.319979
-0.319983
-0.319982
-0.31995
-0.31995
-0.319939
-0.319977
-0.31999
-0.319999
-0.320011
-0.320016
-0.32002
-0.320013
-0.320048
-0.320049
-0.320058
-0.320056
-0.320057
-0.320033
-0.320023
-0.320039
-0.320012
-0.319987
-0.319971
-0.319959
-0.319956
-0.319961
-0.319984
-0.319973
-0.319968
-0.319946
-0.319974
-0.319986
-0.319993
-0.320012
-0.320018
-0.320003
-0.320015
-0.320005
-0.320015
-0.320041
-0.320043
-0.320034
-0.320038
-0.320038
-0.320049
-0.320034
-0.320007
-0.319918
-0.319884
-0.319894
-0.319931
-0.320034
-0.320042
-0.320037
-0.320019
-0.320003
-0.320029
-0.320015
-0.320035
-0.320025
-0.320008
-0.320009
-0.32004
-0.320022
-0.320015
-0.320019
-0.320016
-0.320004
-0.32001
-0.320009
-0.320027
-0.320028
-0.320036
-0.320031
-0.320002
-0.320042
-0.320033
-0.32002
-0.320032
-0.32003
-0.32002
-0.320029
-0.320025
-0.320038
-0.32004
-0.320032
-0.320021
-0.32003
-0.320028
-0.320022
-0.320021
-0.320031
-0.320013
-0.32004
-0.320033
-0.320041
-0.320023
-0.320026
-0.320021
-0.320044
-0.320019
-0.320032
-0.32003
-0.320023
-0.320032
-0.320041
-0.320037
-0.32003
-0.320023
-0.32004
-0.320027
-0.320012
-0.320017
-0.320031
-0.320029
-0.320025
-0.320018
-0.320031
-0.320024
-0.320033
-0.320029
-0.320031
-0.320026
-0.320022
-0.320039
-0.320036
-0.320023
-0.320031
-0.320027
-0.320023
-0.32003
-0.320043
-0.320014
-0.320032
-0.320036
-0.320043
-0.320025
-0.320038
-0.320033
-0.320016
-0.320024
-0.320014
-0.320021
-0.32002
-0.320026
-0.32002
-0.320039
-0.320027
-0.32002
-0.320039
-0.320011
-0.320021
-0.320026
-0.320025
-0.320024
-0.32002
-0.320026
-0.320031
-0.320027
-0.320033
-0.320032
-0.320025
-0.320009
-0.320017
-0.320017
-0.32002
-0.320014
-0.320021
-0.320018
-0.32001
-0.32003
-0.320027
-0.320026
-0.320015
-0.320022
-0.320027
-0.319997
-0.320033
-0.32002
-0.320006
-0.320031
-0.320007
-0.320014
-0.320032
-0.32003
-0.320027
-0.320019
-0.320008
-0.320021
-0.32001
-0.320017
-0.320009
-0.32001
-0.32
-0.320021
-0.320017
-0.320019
-0.320032
-0.320017
-0.320026
-0.320027
-0.320013
-0.320031
-0.32002
-0.320027
-0.320023
-0.320028
-0.320014
-0.320023
-0.320017
-0.32001
-0.320016
-0.320026
-0.320019
-0.320021
-0.320024
-0.320029
-0.320022
-0.320013
-0.320028
-0.320017
-0.32002
-0.320013
-0.320019
-0.320027
-0.32002
-0.320027
-0.320027
-0.320022
-0.320016
-0.320013
-0.320011
-0.32004
-0.320016
-0.320024
-0.320027
-0.320023
-0.320014
-0.320029
-0.32001
-0.320028
-0.320007
-0.320005
-0.320024
-0.320014
-0.320016
-0.32003
-0.320028
-0.320008
-0.320008
-0.319928
-0.319876
-0.319875
-0.319902
-0.319951
-0.319989
-0.320049
-0.319992
-0.319943
-0.319921
-0.319935
-0.319968
-0.319976
-0.319999
-0.319969
-0.319973
-0.319961
-0.319975
-0.319982
-0.319983
-0.319981
-0.319979
-0.320018
-0.320008
-0.320011
-0.32
-0.320028
-0.320037
-0.320044
-0.320036
-0.320039
-0.320037
-0.320001
-0.319989
-0.320002
-0.319984
-0.31995
-0.319922
-0.319934
-0.319923
-0.31992
-0.319939
-0.319946
-0.319944
-0.319915
-0.319944
-0.31996
-0.320004
-0.319982
-0.320011
-0.320009
-0.319984
-0.31999
-0.320017
-0.320001
-0.319999
-0.320017
-0.320021
-0.319993
-0.319977
-0.319965
-0.319964
-0.319975
-0.31998
-0.319976
-0.320003
-0.319988
-0.320001
-0.320001
-0.320019
-0.320022
-0.320005
-0.320018
-0.320028
-0.320031
-0.320024
-0.320022
-0.319993
-0.319974
-0.319974
-0.319968
-0.31997
-0.320019
-0.320003
-0.320017
-0.320018
-0.320001
-0.319978
-0.320032
-0.320029
-0.320012
-0.320013
-0.32
-0.320008
-0.320014
-0.32001
-0.320027
-0.320038
-0.320015
-0.320022
-0.320013
-0.320019
-0.320029
-0.320014
-0.319987
-0.320006
-0.320002
-0.319994
-0.320018
-0.320023
-0.320021
-0.320019
-0.319994
-0.32002
-0.320011
-0.320016
-0.320015
-0.32002
-0.320032
-0.320002
-0.319994
-0.320012
-0.319998
-0.320005
-0.319994
-0.319975
-0.319974
-0.319972
-0.319979
-0.319978
-0.319986
-0.319993
-0.319969
-0.320011
-0.320002
-0.319994
-0.319997
-0.320024
-0.320036
-0.320021
-0.320033
-0.320018
-0.320021
-0.320001
-0.320001
-0.319978
-0.319983
-0.31998
-0.31997
-0.319961
-0.319982
-0.31998
-0.319974
-0.319959
-0.319962
-0.319981
-0.319985
-0.319983
-0.320004
-0.320001
-0.319998
-0.320005
-0.320009
-0.320024
-0.320023
-0.320043
-0.320002
-0.320006
-0.319993
-0.319992
-0.319976
-0.319962
-0.319942
-0.319948
-0.319957
-0.319967
-0.319982
-0.319984
-0.320013
-0.319997
-0.320013
-0.320024
-0.320047
-0.320034
-0.320015
-0.319986
-0.320006
-0.319992
-0.319978
-0.319965
-0.319969
-0.31998
-0.319975
-0.319978
-0.319978
-0.319949
-0.320008
-0.319986
-0.31999
-0.319997
-0.320014
-0.320014
-0.320018
-0.320019
-0.320016
-0.320013
-0.319996
-0.320003
-0.319982
-0.320006
-0.319998
-0.319996
-0.319977
-0.319993
-0.319955
-0.319981
-0.31999
-0.320022
-0.320027
-0.320049
-0.320045
-0.32003
-0.320024
-0.320017
-0.320007
-0.320019
-0.319982
-0.319987
-0.319997
-0.319989
-0.319976
-0.319984
-0.319991
-0.319992
-0.320007
-0.320013
-0.320033
-0.320031
-0.320042
-0.320014
-0.320011
-0.319981
-0.31998
-0.319963
-0.319975
-0.319998
-0.319994
-0.319995
-0.319993
-0.32
-0.319994
-0.319998
-0.320016
-0.320017
-0.320015
-0.319987
-0.319976
-0.31999
-0.319976
-0.319981
-0.319992
-0.319973
-0.320001
-0.319982
-0.319997
-0.319994
-0.319991
-0.320005
-0.319998
-0.320028
-0.320008
-0.320024
-0.320015
-0.320001
-0.32
-0.31997
-0.319965
-0.319979
-0.319978
-0.319968
-0.31998
-0.319991
-0.32
-0.320001
-0.320022
-0.320014
-0.320048
-0.320035
-0.320007
-0.320011
-0.320002
-0.320007
-0.319993
-0.319973
-0.31996
-0.319968
-0.319998
-0.320016
-0.320011
-0.320024
-0.320045
-0.320008
-0.319986
-0.319977
-0.319966
-0.319967
-0.319956
-0.319962
-0.319963
-0.319968
-0.31996
-0.319988
-0.320009
-0.320014
-0.320001
-0.320003
-0.319987
-0.319984
-0.319978
-0.319962
-0.319954
-0.319951
-0.319959
-0.319955
-0.319983
-0.319984
-0.319993
-0.319988
-0.319978
-0.319975
-0.31997
-0.31995
-0.319941
-0.319939
-0.319954
-0.319965
-0.319969
-0.31997
-0.319992
-0.320012
-0.32001
-0.32
-0.319988
-0.319975
-0.319962
-0.319953
-0.319928
-0.319941
-0.319928
-0.319948
-0.319974
-0.319982
-0.319998
-0.319993
-0.319972
-0.319975
-0.31995
-0.319939
-0.319962
-0.319959
-0.31996
-0.319976
-0.31998
-0.31998
-0.319999
-0.320015
-0.32001
-0.319991
-0.31998
-0.31997
-0.319978
-0.319982
-0.319941
-0.319949
-0.319962
-0.319969
-0.319992
-0.320014
-0.32001
-0.319977
-0.319962
-0.319961
-0.319968
-0.319987
-0.320004
-0.319983
-0.319998
-0.320019
-0.319994
-0.319997
-0.320009
-0.319997
-0.31997
-0.31997
-0.319994
-0.320002
-0.320021
-0.320028
-0.320028
-0.320008
-0.319997
-0.319993
-0.319987
-0.319998
-0.319979
-0.319976
-0.319993
-0.319996
-0.319997
-0.32001
-0.320022
-0.320019
-0.31999
-0.320001
-0.320019
-0.320012
-0.320011
-0.319998
-0.319969
-0.319975
-0.319977
-0.319996
-0.320072
-0.320123
-0.320261
-0.320344
-0.320456
-0.320546
-0.320744
-0.320825
-0.320891
-0.320967
-0.321133
-0.321195
-0.321251
-0.321413
-0.321493
-0.321571
-0.321602
-0.321772
-0.321851
-0.321923
-0.322019
-0.322206
-0.322289
-0.322361
-0.322452
-0.322622
-0.3227
-0.322783
-0.322965
-0.32304
-0.323132
-0.323195
-0.323368
-0.323435
-0.323513
-0.323589
-0.32375
-0.323818
-0.323887
-0.323942
-0.324091
-0.324175
-0.32426
-0.324411
-0.324504
-0.324584
-0.324656
-0.324831
-0.324927
-0.324997
-0.325097
-0.32529
-0.325378
-0.325465
-0.32554
-0.325701
-0.325772
-0.325861
-0.32599
-0.326064
-0.326122
-0.326188
-0.326361
-0.326452
-0.326534
-0.326613
-0.326815
-0.326895
-0.326979
-0.327079
-0.327248
-0.327323
-0.327409
-0.3276
-0.327651
-0.32773
-0.327831
-0.328013
-0.328093
-0.328155
-0.328238
-0.328355
-0.328417
-0.328504
-0.328649
-0.328733
-0.328814
-0.328901
-0.329054
-0.329146
-0.329233
-0.329311
-0.329484
-0.329583
-0.329657
-0.329746
-0.329929
-0.330019
-0.330109
-0.330254
-0.330333
-0.33041
-0.330465
-0.330626
-0.330705
-0.330781
-0.330861
-0.331033
-0.331124
-0.331207
-0.33139
-0.331472
-0.331551
-0.331655
-0.33181
-0.331879
-0.331964
-0.332038
-0.332221
-0.33229
-0.332378
-0.332459
-0.332617
-0.332668
-0.332758
-0.332927
-0.332977
-0.333049
-0.333157
-0.333272
-0.33338
-0.333457
-0.333555
-0.333712
-0.333834
-0.333926
-0.334
-0.334166
-0.334261
-0.334335
-0.334489
-0.334568
-0.334639
-0.334729
-0.334881
-0.334968
-0.335046
-0.335107
-0.335288
-0.335366
-0.335444
-0.335585
-0.335668
-0.335739
-0.335831
-0.336007
-0.336083
-0.33617
-0.336251
-0.336414
-0.336486
-0.33656
-0.336657
-0.336821
-0.336913
-0.336984
-0.337164
-0.337243
-0.337331
-0.337404
-0.337574
-0.337656
-0.337744
-0.337822
-0.337998
-0.338064
-0.338146
-0.338232
-0.338395
-0.338475
-0.338548
-0.338712
-0.338797
-0.338881
-0.338956
-0.339131
-0.339207
-0.339266
-0.339344
-0.339507
-0.339577
-0.33965
-0.339733
-0.339914
-0.34
-0.340069
-0.340234
-0.340322
-0.340396
-0.340471
-0.340647
-0.340703
-0.340786
-0.340889
-0.341072
-0.341154
-0.341253
-0.341353
-0.341501
-0.341588
-0.341679
-0.341844
-0.341907
-0.341982
-0.34206
-0.342202
-0.342249
-0.342366
-0.342441
-0.342592
-0.342688
-0.342754
-0.342844
-0.342992
-0.343071
-0.343137
-0.343298
-0.343385
-0.343481
-0.343563
-0.343716
-0.343795
-0.34387
-0.343946
-0.34411
-0.344196
-0.344285
-0.344453
-0.344543
-0.34461
-0.344712
-0.344882
-0.344971
-0.345059
-0.345141
-0.345302
-0.345378
-0.345461
-0.345552
-0.345703
-0.345764
-0.345832
-0.345973
-0.346043
-0.34615
-0.346221
-0.346376
-0.346452
-0.346534
-0.346601
-0.346764
-0.346868
-0.346967
-0.347055
-0.347222
-0.347311
-0.347387
-0.347549
-0.347637
-0.34773
-0.347818
-0.347995
-0.348074
-0.34816
-0.348243
-0.348395
-0.348468
-0.348551
-0.348624
-0.34878
-0.348857
-0.348942
-0.349082
-0.349152
-0.349233
-0.349313
-0.349465
-0.349554
-0.349649
-0.349722
-0.349883
-0.349974
-0.35006
-0.350234
-0.350329
-0.350421
-0.350494
-0.350662
-0.350731
-0.350804
-0.350881
-0.351036
-0.351131
-0.35121
-0.3513
-0.351475
-0.351556
-0.351638
-0.351801
-0.351883
-0.351961
-0.352035
-0.3522
-0.352278
-0.352359
-0.352429
-0.352588
-0.352664
-0.352737
-0.352821
-0.352983
-0.353071
-0.353147
-0.353309
-0.353399
-0.35348
-0.353569
-0.353749
-0.353833
-0.353922
-0.353993
-0.354151
-0.354241
-0.354305
-0.354412
-0.354584
-0.354661
-0.354741
-0.354907
-0.354974
-0.355063
-0.355148
-0.355292
-0.355365
-0.355447
-0.355531
-0.355684
-0.355762
-0.355858
-0.356012
-0.356097
-0.356174
-0.356255
-0.35642
-0.356499
-0.356581
-0.356664
-0.356838
-0.356925
-0.357009
-0.35709
-0.357249
-0.357323
-0.357398
-0.357535
-0.357625
-0.357709
-0.357797
-0.35796
-0.358051
-0.358137
-0.358198
-0.358365
-0.358452
-0.358533
-0.358618
-0.358773
-0.358873
-0.358956
-0.359096
-0.359184
-0.359261
-0.359334
-0.359496
-0.359582
-0.359648
-0.359715
-0.359898
-0.359963
-0.360061
-0.360151
-0.360328
-0.360413
-0.360494
-0.360647
-0.360731
-0.360806
-0.360899
-0.361063
-0.361148
-0.361227
-0.361306
-0.361463
-0.361541
-0.361626
-0.361695
-0.361861
-0.361937
-0.362022
-0.362163
-0.362243
-0.362329
-0.362404
-0.36257
-0.362659
-0.362746
-0.362817
-0.362988
-0.363073
-0.363164
-0.363339
-0.363416
-0.363497
-0.363586
-0.363748
-0.363817
-0.363893
-0.363967
-0.364132
-0.364219
-0.36429
-0.36438
-0.364551
-0.364628
-0.364715
-0.364884
-0.364973
-0.365049
-0.365134
-0.365298
-0.365362
-0.365451
-0.365513
-0.36566
-0.365739
-0.365824
-0.365904
-0.366044
-0.366135
-0.36622
-0.366389
-0.366476
-0.366563
-0.366635
-0.366822
-0.366903
-0.366983
-0.367057
-0.367236
-0.367315
-0.367398
-0.367486
-0.367642
-0.367726
-0.367795
-0.367973
-0.368056
-0.368137
-0.368226
-0.368387
-0.368472
-0.368559
-0.368627
-0.36879
-0.368875
-0.36895
-0.369113
-0.369191
-0.369277
-0.369362
-0.369518
-0.369594
-0.369681
-0.369758
-0.369918
-0.369995
-0.370068
-0.370152
-0.370306
-0.370387
-0.37047
-0.370645
-0.370724
-0.370807
-0.370876
-0.37104
-0.371125
-0.371211
-0.371297
-0.371469
-0.371556
-0.371634
-0.371716
-0.371871
-0.371954
-0.372038
-0.372203
-0.372282
-0.37236
-0.372442
-0.372618
-0.372694
-0.372785
-0.372875
-0.373046
-0.373123
-0.373211
-0.373287
-0.37345
-0.373538
-0.373611
-0.373769
-0.373842
-0.373924
-0.374008
-0.374156
-0.374211
-0.374303
-0.374378
-0.374551
-0.374635
-0.374717
-0.374798
-0.37495
-0.375031
-0.375103
-0.375276
-0.375359
-0.375439
-0.375518
-0.375669
-0.375747
-0.375832
-0.375912
-0.376086
-0.376155
-0.376252
-0.376327
-0.376509
-0.376579
-0.37666
-0.376826
-0.376902
-0.376992
-0.377069
-0.37725
-0.377337
-0.377411
-0.377494
-0.377652
-0.377737
-0.377808
-0.377898
-0.37807
-0.378162
-0.378237
-0.378396
-0.378465
-0.378543
-0.378623
-0.378796
-0.378878
-0.378951
-0.379032
-0.379188
-0.37927
-0.379353
-0.379441
-0.379601
-0.379686
-0.379759
-0.379925
-0.379995
-0.380072
-0.38015
-0.380315
-0.380396
-0.38047
-0.38055
-0.380714
-0.380797
-0.380873
-0.381028
-0.381108
-0.381197
-0.381281
-0.38145
-0.381534
-0.381623
-0.381699
-0.381859
-0.381939
-0.382018
-0.382089
-0.382256
-0.382341
-0.382421
-0.382589
-0.382663
-0.382749
-0.382832
-0.382994
-0.383076
-0.383165
-0.383248
-0.383421
-0.383505
-0.383576
-0.383653
-0.38382
-0.383898
-0.383979
-0.384139
-0.384216
-0.384304
-0.384378
-0.384552
-0.384635
-0.384717
-0.384796
-0.384962
-0.385043
-0.38513
-0.385216
-0.385378
-0.385465
-0.385553
-0.385716
-0.385792
-0.385879
-0.385955
-0.386117
-0.386199
-0.386278
-0.386356
-0.386515
-0.386598
-0.38668
-0.386761
-0.386924
-0.387002
-0.387078
-0.387233
-0.387319
-0.387401
-0.387485
-0.387651
-0.387732
-0.387813
-0.387901
-0.38807
-0.388154
-0.388235
-0.388405
-0.388477
-0.388559
-0.388633
-0.38879
-0.388872
-0.388941
-0.389025
-0.389193
-0.389275
-0.389359
-0.389446
-0.389625
-0.389718
-0.389811
-0.389974
-0.390061
-0.390138
-0.390222
-0.390382
-0.390451
-0.390525
-0.390603
-0.390752
-0.39083
-0.390914
-0.390998
-0.391178
-0.39126
-0.391349
-0.391509
-0.391585
-0.391665
-0.391733
-0.391885
-0.391957
-0.392027
-0.392111
-0.392274
-0.392356
-0.392445
-0.392537
-0.392693
-0.392768
-0.39284
-0.392996
-0.393063
-0.393131
-0.393219
-0.393391
-0.393469
-0.393568
-0.393642
-0.393799
-0.393881
-0.393942
-0.394096
-0.394182
-0.39426
-0.394351
-0.394535
-0.394622
-0.394709
-0.394792
-0.394938
-0.395016
-0.395088
-0.395162
-0.395334
-0.39543
-0.395537
-0.395707
-0.39578
-0.395849
-0.395922
-0.396079
-0.396162
-0.396253
-0.39634
-0.396525
-0.396603
-0.396687
-0.396758
-0.396904
-0.396983
-0.397065
-0.397247
-0.397333
-0.397433
-0.397513
-0.397659
-0.397727
-0.397812
-0.397894
-0.398058
-0.398146
-0.398241
-0.398332
-0.398491
-0.398567
-0.398629
-0.398781
-0.398865
-0.398951
-0.399041
-0.399227
-0.399308
-0.39938
-0.399458
-0.399569
-0.399662
-0.399747
-0.399889
-0.399942
-0.399983
-0.400005
-0.400008
-0.400002
-0.400001
-0.400009
-0.400046
-0.400085
-0.400139
-0.400212
-0.400371
-0.400459
-0.400535
-0.400692
-0.400763
-0.400858
-0.400936
-0.401086
-0.401164
-0.401239
-0.401329
-0.401489
-0.40156
-0.401635
-0.401713
-0.401869
-0.401948
-0.402023
-0.402175
-0.402251
-0.402331
-0.402409
-0.402573
-0.402656
-0.402744
-0.402817
-0.402972
-0.403049
-0.403134
-0.403205
-0.403365
-0.403442
-0.403518
-0.403665
-0.403745
-0.403814
-0.403888
-0.404042
-0.404112
-0.404192
-0.404269
-0.404435
-0.404518
-0.404604
-0.404773
-0.404857
-0.40495
-0.405026
-0.405179
-0.40526
-0.40534
-0.405422
-0.405569
-0.405644
-0.405717
-0.405798
-0.405949
-0.406022
-0.406095
-0.406239
-0.406327
-0.406403
-0.406485
-0.406646
-0.406725
-0.40681
-0.406878
-0.407044
-0.407114
-0.407194
-0.407273
-0.40743
-0.407501
-0.407573
-0.40773
-0.40781
-0.407875
-0.407956
-0.408118
-0.408209
-0.408291
-0.408374
-0.408543
-0.40863
-0.408709
-0.408792
-0.408953
-0.409011
-0.409097
-0.40924
-0.40932
-0.409398
-0.409473
-0.40962
-0.409692
-0.409779
-0.409853
-0.410023
-0.4101
-0.410172
-0.410256
-0.410409
-0.410487
-0.410573
-0.410725
-0.410799
-0.410878
-0.410955
-0.411106
-0.411184
-0.411256
-0.411337
-0.411497
-0.411577
-0.411658
-0.411812
-0.411893
-0.411972
-0.412058
-0.412206
-0.412288
-0.412363
-0.412435
-0.412601
-0.412672
-0.412747
-0.412829
-0.41299
-0.413086
-0.41316
-0.413319
-0.413405
-0.413482
-0.413573
-0.41373
-0.413812
-0.413882
-0.413961
-0.414112
-0.414188
-0.414264
-0.414338
-0.414507
-0.41458
-0.414656
-0.414818
-0.414898
-0.414984
-0.415054
-0.415209
-0.41528
-0.415361
-0.415438
-0.415587
-0.415671
-0.41575
-0.415921
-0.415988
-0.416076
-0.416156
-0.416316
-0.41639
-0.416475
-0.416545
-0.416697
-0.416769
-0.416843
-0.416923
-0.417077
-0.417163
-0.417242
-0.417402
-0.417488
-0.417566
-0.41765
-0.417797
-0.417871
-0.41795
-0.418031
-0.418178
-0.418259
-0.418334
-0.418412
-0.418576
-0.418658
-0.418735
-0.418896
-0.418975
-0.419053
-0.419132
-0.41928
-0.41937
-0.419436
-0.419524
-0.419682
-0.419767
-0.41985
-0.41993
-0.420087
-0.420181
-0.420259
-0.420409
-0.420478
-0.420557
-0.420638
-0.420795
-0.420871
-0.420945
-0.421026
-0.421174
-0.421262
-0.421329
-0.421399
-0.42155
-0.421628
-0.421704
-0.421853
-0.42193
-0.422004
-0.422088
-0.42224
-0.422318
-0.4224
-0.422476
-0.422621
-0.422697
-0.422776
-0.422857
-0.423012
-0.423094
-0.423176
-0.423332
-0.42342
-0.423497
-0.42358
-0.423736
-0.423816
-0.423887
-0.423975
-0.424124
-0.424204
-0.424292
-0.424445
-0.424526
-0.424607
-0.424694
-0.424861
-0.424931
-0.425005
-0.425085
-0.425243
-0.425326
-0.425404
-0.425481
-0.425642
-0.425718
-0.425796
-0.425951
-0.426027
-0.426109
-0.426183
-0.426324
-0.426413
-0.426489
-0.426568
-0.426708
-0.426792
-0.42686
-0.426897
-0.426975
-0.427002
-0.427005
-0.426995
-0.427002
-0.426995
-0.427007
-0.426985
-0.426997
-0.426995
-0.427
-0.426978
-0.426976
-0.42697
-0.426974
-0.426974
-0.426986
-0.427
-0.427017
-0.427034
-0.427038
-0.427039
-0.427056
-0.427063
-0.427046
-0.427044
-0.427005
-0.426996
-0.426985
-0.42695
-0.426959
-0.426952
-0.426949
-0.426951
-0.426957
-0.426978
-0.426979
-0.426995
-0.427017
-0.427019
-0.427032
-0.427033
-0.42704
-0.427034
-0.427008
-0.426993
-0.426994
-0.426975
-0.426961
-0.426952
-0.426961
-0.426953
-0.426968
-0.426975
-0.426995
-0.427002
-0.427024
-0.427026
-0.427035
-0.427027
-0.42702
-0.427007
-0.427002
-0.42698
-0.426981
-0.426973
-0.426972
-0.42697
-0.426977
-0.42699
-0.427006
-0.427019
-0.427025
-0.427033
-0.427028
-0.427024
-0.427
-0.426992
-0.426967
-0.42696
-0.42695
-0.426941
-0.426961
-0.426967
-0.426974
-0.427
-0.427019
-0.427034
-0.427041
-0.427051
-0.427042
-0.427028
-0.42701
-0.426982
-0.426974
-0.426966
-0.426971
-0.426966
-0.42699
-0.426996
-0.427026
-0.42704
-0.427046
-0.427036
-0.427022
-0.426999
-0.426993
-0.426977
-0.426967
-0.426969
-0.426975
-0.426974
-0.426996
-0.427005
-0.427024
-0.427044
-0.427036
-0.427034
-0.427026
-0.426999
-0.426995
-0.42699
-0.426979
-0.426992
-0.426994
-0.427012
-0.427033
-0.427048
-0.427048
-0.427052
-0.427031
-0.426999
-0.426988
-0.426984
-0.426973
-0.426969
-0.426982
-0.427005
-0.427026
-0.427026
-0.427036
-0.427038
-0.426995
-0.426992
-0.426987
-0.426959
-0.426964
-0.426953
-0.426965
-0.426981
-0.426998
-0.426994
-0.427007
-0.427009
-0.426996
-0.426986
-0.426967
-0.426964
-0.426969
-0.426967
-0.426981
-0.427002
-0.42701
-0.427021
-0.427023
-0.427023
-0.426999
-0.427001
-0.426964
-0.426972
-0.426961
-0.426986
-0.426992
-0.427018
-0.427025
-0.427019
-0.427004
-0.426994
-0.426969
-0.426962
-0.42697
-0.426972
-0.426998
-0.426993
-0.427009
-0.427006
-0.427008
-0.426985
-0.426991
-0.426977
-0.426975
-0.426965
-0.426987
-0.42699
-0.427014
-0.42702
-0.427029
-0.42703
-0.427008
-0.426985
-0.426997
-0.427001
-0.426985
-0.426992
-0.426998
-0.427028
-0.42703
-0.427029
-0.427014
-0.426995
-0.42698
-0.426983
-0.426987
-0.427001
-0.427002
-0.427021
-0.427037
-0.427029
-0.427015
-0.427009
-0.426988
-0.426988
-0.426986
-0.427004
-0.42702
-0.427026
-0.427028
-0.427029
-0.427029
-0.427018
-0.42701
-0.427004
-0.42702
-0.427009
-0.427024
-0.427036
-0.427041
-0.427038
-0.427016
-0.426996
-0.427002
-0.426993
-0.427005
-0.42701
-0.427029
-0.427035
-0.427049
-0.42704
-0.427049
-0.427023
-0.427012
-0.427014
-0.427028
-0.427033
-0.427038
-0.427032
-0.427052
-0.427033
-0.427005
-0.427
-0.426995
-0.42699
-0.426983
-0.42699
-0.426982
-0.427006
-0.427
-0.426989
-0.426964
-0.426969
-0.426946
-0.426959
-0.426967
-0.426979
-0.426977
-0.426991
-0.426975
-0.426981
-0.426958
-0.426954
-0.426937
-0.426952
-0.426946
-0.426965
-0.426968
-0.426986
-0.426973
-0.426972
-0.426966
-0.426966
-0.426957
-0.426968
-0.426977
-0.426988
-0.426992
-0.426996
-0.426994
-0.426992
-0.426986
-0.426985
-0.426983
-0.426988
-0.426985
-0.426993
-0.42699
-0.426992
-0.427
-0.426992
-0.426994
-0.426995
-0.427
-0.426994
-0.427
-0.426995
-0.427006
-0.426997
-0.427003
-0.427001
-0.427007
-0.427004
-0.427007
-0.427002
-0.427
-0.427
-0.426995
-0.426993
-0.426996
-0.426991
-0.426994
-0.426993
-0.426988
-0.426997
-0.426994
-0.426998
-0.426991
-0.426995
-0.426989
-0.426995
-0.426992
-0.426993
-0.426995
-0.426998
-0.426998
-0.426998
-0.42699
-0.426998
-0.426992
-0.426997
-0.426993
-0.426994
-0.426997
-0.426992
-0.426994
-0.426995
-0.426997
-0.426992
-0.426997
-0.426998
-0.426995
-0.42699
-0.426994
-0.426996
-0.426996
-0.426994
-0.426993
-0.426995
-0.426998
-0.426995
-0.426989
-0.426997
-0.426992
-0.426993
-0.426991
-0.426994
-0.426995
-0.426991
-0.426996
-0.426994
-0.426991
-0.426996
-0.426992
-0.426993
-0.426999
-0.426993
-0.426997
-0.426996
-0.426997
-0.427
-0.426996
-0.426991
-0.426995
-0.426995
-0.426996
-0.426992
-0.426996
-0.426996
-0.426996
-0.426989
-0.426996
-0.426995
-0.426997
-0.426995
-0.426993
-0.426997
-0.426995
-0.426996
-0.426992
-0.426994
-0.426992
-0.426995
-0.426997
-0.426992
-0.426996
-0.426994
-0.426993
-0.426992
-0.426995
-0.426994
-0.426995
-0.426997
-0.426995
-0.42699
-0.426994
-0.426991
-0.426997
-0.426995
-0.426996
-0.426993
-0.426997
-0.426994
-0.426994
-0.426994
-0.42699
-0.426993
-0.426997
-0.426991
-0.426994
-0.426993
-0.426993
-0.426991
-0.426992
-0.426993
-0.426995
-0.426997
-0.426992
-0.426995
-0.426991
-0.426998
-0.426993
-0.426992
-0.426991
-0.426991
-0.426996
-0.42699
-0.426996
-0.426999
-0.426996
-0.426996
-0.426995
-0.426998
-0.426996
-0.426994
-0.426991
-0.426991
-0.426996
-0.426992
-0.426996
-0.426993
-0.426997
-0.426996
-0.426989
-0.426997
-0.426996
-0.426998
-0.426993
-0.426991
-0.426991
-0.426997
-0.426991
-0.426993
-0.426996
-0.426997
-0.426991
-0.426989
-0.426995
-0.426997
-0.426992
-0.426993
-0.426993
-0.426992
-0.426995
-0.426993
-0.426994
-0.426993
-0.426993
-0.426999
-0.426991
-0.426996
-0.426995
-0.426991
-0.426992
-0.426992
-0.426991
-0.426993
-0.426993
-0.426992
-0.427009
-0.427008
-0.427
-0.427014
-0.427031
-0.427039
-0.427033
-0.427028
-0.42703
-0.427022
-0.427013
-0.427022
-0.427004
-0.426994
-0.427005
-0.427013
-0.427011
-0.427012
-0.427011
-0.427013
-0.427011
-0.427008
-0.427003
-0.427004
-0.427015
-0.427022
-0.427024
-0.427031
-0.42703
-0.427024
-0.427018
-0.427012
-0.427004
-0.427007
-0.427017
-0.427021
-0.427029
-0.427035
-0.427032
-0.427026
-0.427009
-0.427004
-0.427006
-0.427014
-0.427021
-0.427029
-0.427041
-0.427036
-0.427035
-0.427028
-0.427021
-0.427017
-0.427012
-0.427008
-0.427022
-0.427025
-0.427032
-0.427027
-0.427007
-0.426973
-0.426971
-0.426967
-0.426963
-0.426968
-0.426965
-0.426981
-0.426986
-0.426979
-0.426974
-0.42696
-0.426946
-0.426954
-0.426948
-0.426971
-0.426979
-0.426989
-0.426983
-0.426968
-0.426956
-0.426949
-0.426943
-0.426938
-0.426945
-0.426959
-0.426976
-0.426975
-0.426976
-0.426973
-0.426963
-0.426955
-0.426948
-0.426948
-0.426959
-0.426969
-0.426975
-0.426972
-0.426985
-0.426986
-0.426988
-0.426971
-0.42696
-0.426957
-0.42696
-0.426976
-0.426977
-0.426977
-0.426986
-0.426986
-0.426985
-0.426974
-0.426966
-0.426962
-0.426957
-0.426946
-0.426956
-0.426979
-0.42698
-0.426979
-0.426991
-0.426987
-0.426978
-0.426965
-0.426963
-0.426963
-0.426973
-0.42699
-0.426992
-0.426998
-0.42701
-0.426994
-0.426988
-0.42698
-0.426967
-0.426981
-0.426971
-0.426979
-0.426987
-0.427002
-0.427013
-0.427016
-0.427012
-0.426987
-0.42698
-0.426969
-0.426965
-0.426967
-0.42697
-0.426981
-0.426985
-0.427
-0.427001
-0.427001
-0.426995
-0.426984
-0.426969
-0.426978
-0.426983
-0.426983
-0.426983
-0.427002
-0.42701
-0.427014
-0.427013
-0.427017
-0.427007
-0.426994
-0.42698
-0.426976
-0.426973
-0.426976
-0.426985
-0.426994
-0.427007
-0.427013
-0.427019
-0.427017
-0.427011
-0.426988
-0.426967
-0.426967
-0.426967
-0.426972
-0.426981
-0.426997
-0.426999
-0.42701
-0.427008
-0.42702
-0.427004
-0.426986
-0.426983
-0.426978
-0.426974
-0.426977
-0.426972
-0.42697
-0.426991
-0.427001
-0.427014
-0.427003
-0.427007
-0.427016
-0.426998
-0.426985
-0.42696
-0.426959
-0.426953
-0.426947
-0.426962
-0.426974
-0.426976
-0.427002
-0.427007
-0.427003
-0.426998
-0.426991
-0.426982
-0.426964
-0.426959
-0.426943
-0.426951
-0.42695
-0.426954
-0.426964
-0.426971
-0.426985
-0.426997
-0.427011
-0.427016
-0.427027
-0.427007
-0.426992
-0.426975
-0.426965
-0.426951
-0.42695
-0.426951
-0.426968
-0.426972
-0.426982
-0.426992
-0.42701
-0.427017
-0.42702
-0.427027
-0.427004
-0.427005
-0.426992
-0.426992
-0.426974
-0.426975
-0.426963
-0.426961
-0.426974
-0.426973
-0.426981
-0.427003
-0.427008
-0.427021
-0.427018
-0.427023
-0.427013
-0.427014
-0.42701
-0.426979
-0.426974
-0.426967
-0.426961
-0.426958
-0.426958
-0.426963
-0.426959
-0.426962
-0.426973
-0.426985
-0.427006
-0.427011
-0.427018
-0.427025
-0.427022
-0.427033
-0.427014
-0.426984
-0.426982
-0.426968
-0.426968
-0.426959
-0.426961
-0.426949
-0.426958
-0.426967
-0.426962
-0.426975
-0.426987
-0.426999
-0.427006
-0.427008
-0.427008
-0.427009
-0.427014
-0.427003
-0.427014
-0.426994
-0.426956
-0.426859
-0.42649
-0.4262
-0.425862
-0.425157
-0.424839
-0.42455
-0.424278
-0.423701
-0.423401
-0.423066
-0.422715
-0.422043
-0.421732
-0.421436
-0.421137
-0.420553
-0.420236
-0.419907
-0.419218
-0.418879
-0.418576
-0.418281
-0.417717
-0.41742
-0.417082
-0.416745
-0.416056
-0.415738
-0.415449
-0.41488
-0.414579
-0.414259
-0.413928
-0.413243
-0.41293
-0.412629
-0.412338
-0.411819
-0.411494
-0.411165
-0.410825
-0.410148
-0.409847
-0.409555
-0.408985
-0.408682
-0.408373
-0.408035
-0.407351
-0.407037
-0.406739
-0.406453
-0.405878
-0.405562
-0.405233
-0.404897
-0.404242
-0.403935
-0.403655
-0.403079
-0.402762
-0.402427
-0.402083
-0.401433
-0.401136
-0.400847
-0.400564
-0.399959
-0.399638
-0.399293
-0.398954
-0.398322
-0.398036
-0.397749
-0.397158
-0.39684
-0.39649
-0.396145
-0.395499
-0.395204
-0.394919
-0.394626
-0.394005
-0.393682
-0.393329
-0.392689
-0.392394
-0.392101
-0.391799
-0.391168
-0.390841
-0.390496
-0.390166
-0.389548
-0.38926
-0.388969
-0.388671
-0.388019
-0.387685
-0.387348
-0.386728
-0.386429
-0.386139
-0.385842
-0.385213
-0.384875
-0.384544
-0.384216
-0.383607
-0.38332
-0.383026
-0.382731
-0.382092
-0.381763
-0.381433
-0.380797
-0.380496
-0.380198
-0.379908
-0.379295
-0.378977
-0.378648
-0.378315
-0.377688
-0.377391
-0.377101
-0.376794
-0.376182
-0.375866
-0.37554
-0.374883
-0.374576
-0.374273
-0.373975
-0.373377
-0.373063
-0.372749
-0.372422
-0.371783
-0.371462
-0.371157
-0.370851
-0.370257
-0.369952
-0.369643
-0.36901
-0.368688
-0.368359
-0.368035
-0.367411
-0.3671
-0.366799
-0.366501
-0.365888
-0.365581
-0.365265
-0.36462
-0.364291
-0.363969
-0.363656
-0.363037
-0.362737
-0.362435
-0.362133
-0.361523
-0.361212
-0.360903
-0.360578
-0.359935
-0.359615
-0.359293
-0.358676
-0.358365
-0.358054
-0.357755
-0.357137
-0.356834
-0.356527
-0.356211
-0.355582
-0.355263
-0.354938
-0.354619
-0.353982
-0.353668
-0.353356
-0.352741
-0.352435
-0.352135
-0.351832
-0.351206
-0.350896
-0.350588
-0.350265
-0.349638
-0.34932
-0.349
-0.348687
-0.348054
-0.347745
-0.347431
-0.346806
-0.346483
-0.346172
-0.345851
-0.345222
-0.344905
-0.344591
-0.344277
-0.343654
-0.343338
-0.343037
-0.342733
-0.342115
-0.341805
-0.341497
-0.340875
-0.340582
-0.340264
-0.339958
-0.33933
-0.339016
-0.338714
-0.338405
-0.337792
-0.337483
-0.33717
-0.336545
-0.336237
-0.335922
-0.335614
-0.334983
-0.334664
-0.334349
-0.334038
-0.333411
-0.333096
-0.332795
-0.332476
-0.331858
-0.331544
-0.331228
-0.330601
-0.330287
-0.329974
-0.329657
-0.329031
-0.328718
-0.328407
-0.328086
-0.327471
-0.327158
-0.326845
-0.326534
-0.325914
-0.325587
-0.325266
-0.32463
-0.324322
-0.323994
-0.323687
-0.323063
-0.322759
-0.322448
-0.322142
-0.321531
-0.321225
-0.320917
-0.320608
-0.319985
-0.319677
-0.319371
-0.318754
-0.318442
-0.318126
-0.317816
-0.317178
-0.316866
-0.316553
-0.316238
-0.315596
-0.315288
-0.31498
-0.314654
-0.314031
-0.313728
-0.313422
-0.312812
-0.312501
-0.312185
-0.311872
-0.311237
-0.310926
-0.31061
-0.310299
-0.30967
-0.309358
-0.309042
-0.308729
-0.308107
-0.307786
-0.307468
-0.306839
-0.30652
-0.306205
-0.305902
-0.305287
-0.304988
-0.304681
-0.304374
-0.303753
-0.30344
-0.30314
-0.302517
-0.30221
-0.301891
-0.301576
-0.300949
-0.300624
-0.300308
-0.299991
-0.29938
-0.299081
-0.298762
-0.298456
-0.297831
-0.297532
-0.297215
-0.296592
-0.296281
-0.295963
-0.295652
-0.295022
-0.294708
-0.294398
-0.294077
-0.293428
-0.293116
-0.292792
-0.292485
-0.291883
-0.291586
-0.291281
-0.290673
-0.290369
-0.290065
-0.289763
-0.289138
-0.288836
-0.288516
-0.288192
-0.287553
-0.287226
-0.286897
-0.286246
-0.285939
-0.285636
-0.285331
-0.284716
-0.284413
-0.284091
-0.28378
-0.283169
-0.282857
-0.282544
-0.282237
-0.281609
-0.281286
-0.280964
-0.280326
-0.279995
-0.279685
-0.27938
-0.278765
-0.278464
-0.278173
-0.277865
-0.277257
-0.276947
-0.276631
-0.276326
-0.275699
-0.275384
-0.275075
-0.274418
-0.274099
-0.273776
-0.273456
-0.272857
-0.27254
-0.272239
-0.271944
-0.271309
-0.270992
-0.270691
-0.270375
-0.269757
-0.269438
-0.269129
-0.268489
-0.268161
-0.267835
-0.267509
-0.266895
-0.266586
-0.266287
-0.265978
-0.265369
-0.265063
-0.264758
-0.264131
-0.263826
-0.263517
-0.263195
-0.262556
-0.262234
-0.261897
-0.261578
-0.260947
-0.260641
-0.260339
-0.260016
-0.259413
-0.259098
-0.258805
-0.258179
-0.257868
-0.257566
-0.257244
-0.25663
-0.256298
-0.255977
-0.255651
-0.255006
-0.254708
-0.2544
-0.254099
-0.253503
-0.253196
-0.252884
-0.252275
-0.251962
-0.251646
-0.251342
-0.250708
-0.250396
-0.250067
-0.249741
-0.249108
-0.248785
-0.248486
-0.24817
-0.247569
-0.247268
-0.246951
-0.246342
-0.24602
-0.245711
-0.245402
-0.24477
-0.244457
-0.244179
-0.243836
-0.243177
-0.242863
-0.242559
-0.242246
-0.241644
-0.241348
-0.241049
-0.240446
-0.24013
-0.239816
-0.239517
-0.238881
-0.238574
-0.238259
-0.23793
-0.237273
-0.236959
-0.236647
-0.236337
-0.235725
-0.235416
-0.235116
-0.234493
-0.234184
-0.233871
-0.233549
-0.232932
-0.232604
-0.232285
-0.231969
-0.231313
-0.230972
-0.230674
-0.230355
-0.22976
-0.229446
-0.229149
-0.228549
-0.22824
-0.227946
-0.227625
-0.227001
-0.226697
-0.226374
-0.226061
-0.22541
-0.225067
-0.224755
-0.224438
-0.223826
-0.223519
-0.223211
-0.222592
-0.222288
-0.221974
-0.221663
-0.221026
-0.220731
-0.220431
-0.220101
-0.219468
-0.219153
-0.218817
-0.218507
-0.217887
-0.217591
-0.217278
-0.216673
-0.216379
-0.216073
-0.215771
-0.215148
-0.214828
-0.214525
-0.214212
-0.213577
-0.213254
-0.212927
-0.212591
-0.211959
-0.211651
-0.21134
-0.210731
-0.21043
-0.210122
-0.209812
-0.209178
-0.208853
-0.208551
-0.20824
-0.207611
-0.207286
-0.206956
-0.206313
-0.206014
-0.205693
-0.205392
-0.204779
-0.204486
-0.204203
-0.203886
-0.203276
-0.202962
-0.20264
-0.202335
-0.201708
-0.201392
-0.201044
-0.200408
-0.200096
-0.199781
-0.199466
-0.198876
-0.198551
-0.19825
-0.197953
-0.19734
-0.197013
-0.196703
-0.196391
-0.195765
-0.195452
-0.195127
-0.194472
-0.194141
-0.193844
-0.19352
-0.192919
-0.192614
-0.192317
-0.19202
-0.191411
-0.191107
-0.190787
-0.190461
-0.189854
-0.189529
-0.189207
-0.188556
-0.188228
-0.187923
-0.1876
-0.186985
-0.186677
-0.186373
-0.186071
-0.185461
-0.185152
-0.184842
-0.184199
-0.183888
-0.183579
-0.183249
-0.182613
-0.182333
-0.181989
-0.181685
-0.181069
-0.18076
-0.18045
-0.180148
-0.179555
-0.179251
-0.178942
-0.178319
-0.177997
-0.177709
-0.177384
-0.176741
-0.176406
-0.176092
-0.175772
-0.175137
-0.174822
-0.174517
-0.174205
-0.173615
-0.173295
-0.172978
-0.172357
-0.172037
-0.171735
-0.171425
-0.170805
-0.170485
-0.170157
-0.16983
-0.169208
-0.16889
-0.168587
-0.167987
-0.167682
-0.167401
-0.16708
-0.166461
-0.166136
-0.16583
-0.165533
-0.164901
-0.164571
-0.164248
-0.163932
-0.163303
-0.16298
-0.162666
-0.162057
-0.16174
-0.161449
-0.161158
-0.160529
-0.160215
-0.159898
-0.159598
-0.158977
-0.158648
-0.158344
-0.158006
-0.157356
-0.157051
-0.15672
-0.156116
-0.155812
-0.155508
-0.155225
-0.154595
-0.154292
-0.15397
-0.153645
-0.153035
-0.152716
-0.152384
-0.152042
-0.151401
-0.15109
-0.150773
-0.150164
-0.149861
-0.149551
-0.149249
-0.148639
-0.148316
-0.148006
-0.147675
-0.147054
-0.146747
-0.146437
-0.146112
-0.145457
-0.145151
-0.144829
-0.144198
-0.143901
-0.143596
-0.143301
-0.142708
-0.142391
-0.14208
-0.141784
-0.141167
-0.140856
-0.14053
-0.140217
-0.139576
-0.139249
-0.13894
-0.138316
-0.137998
-0.13767
-0.137382
-0.136776
-0.136463
-0.13614
-0.135821
-0.135196
-0.13488
-0.134579
-0.133951
-0.133617
-0.133301
-0.133008
-0.132367
-0.132053
-0.131747
-0.131438
-0.130888
-0.130561
-0.130251
-0.129933
-0.129312
-0.129006
-0.128701
-0.128074
-0.127746
-0.127443
-0.127118
-0.126472
-0.126154
-0.125831
-0.125518
-0.124911
-0.124596
-0.124303
-0.123993
-0.123364
-0.123046
-0.122747
-0.122118
-0.121802
-0.121484
-0.121171
-0.120561
-0.1203
-0.120117
-0.119979
-0.119873
-0.119894
-0.119916
-0.119911
-0.119917
-0.119914
-0.119911
-0.119916
-0.119928
-0.119923
-0.119931
-0.119936
-0.119942
-0.119937
-0.119964
-0.119966
-0.119969
-0.119972
-0.11998
-0.119982
-0.120002
-0.119992
-0.120001
-0.120003
-0.12
-0.120009
-0.120004
-0.120008
-0.120005
-0.12001
-0.120005
-0.120008
-0.120019
-0.120014
-0.120008
-0.120012
-0.120015
-0.120011
-0.120008
-0.120013
-0.120022
-0.120012
-0.120015
-0.120017
-0.120016
-0.120025
-0.120016
-0.120008
-0.120013
-0.120022
-0.120005
-0.120022
-0.120024
-0.120025
-0.120017
-0.120025
-0.120016
-0.120019
-0.120018
-0.120018
-0.120017
-0.120008
-0.120023
-0.120017
-0.120011
-0.120021
-0.120019
-0.120017
-0.120012
-0.120015
-0.120014
-0.120017
-0.120018
-0.120021
-0.120017
-0.120013
-0.120013
-0.120019
-0.120013
-0.12002
-0.120016
-0.120011
-0.120017
-0.120017
-0.120011
-0.120018
-0.120012
-0.120008
-0.120013
-0.120016
-0.120009
-0.120009
-0.120012
-0.12001
-0.120011
-0.120003
-0.120013
-0.120016
-0.120012
-0.120007
-0.120001
-0.120012
-0.120008
-0.120014
-0.120009
-0.120005
-0.120015
-0.120003
-0.120012
-0.120011
-0.120007
-0.12001
-0.120011
-0.120013
-0.120006
-0.120009
-0.120009
-0.120007
-0.120012
-0.120009
-0.120012
-0.120013
-0.120008
-0.120006
-0.120007
-0.120012
-0.12
-0.120015
-0.120007
-0.120018
-0.120013
-0.120003
-0.12
-0.12001
-0.120007
-0.120011
-0.120012
-0.120009
-0.120011
-0.120005
-0.120014
-0.120004
-0.120009
-0.120006
-0.120006
-0.120007
-0.120005
-0.12
-0.120013
-0.120008
-0.120008
-0.120003
-0.120009
-0.12
-0.120008
-0.120006
-0.120011
-0.120012
-0.120004
-0.120006
-0.120009
-0.120014
-0.119999
-0.120008
-0.120006
-0.120003
-0.12
-0.120003
-0.120006
-0.120009
-0.120003
-0.119998
-0.12001
-0.120008
-0.120005
-0.120015
-0.120015
-0.12001
-0.120007
-0.120009
-0.120007
-0.120006
-0.120007
-0.120014
-0.120008
-0.120008
-0.120004
-0.120002
-0.120001
-0.12001
-0.120015
-0.120015
-0.120019
-0.120006
-0.120009
-0.120012
-0.120006
-0.120012
-0.119998
-0.120016
-0.120006
-0.120015
-0.120015
-0.120007
-0.12
-0.12001
-0.120012
-0.120006
-0.12002
-0.12001
-0.120018
-0.120002
-0.120016
-0.120009
-0.120012
-0.120007
-0.119997
-0.120002
-0.120017
-0.120004
-0.120003
-0.120012
-0.120004
-0.120008
-0.12001
-0.120012
-0.120006
-0.120017
-0.120013
-0.12
-0.120008
-0.120002
-0.120016
-0.120012
-0.120013
-0.120006
-0.120011
-0.120003
-0.120009
-0.120001
-0.120007
-0.120012
-0.120011
-0.120024
-0.120002
-0.120006
-0.120012
-0.120008
-0.120004
-0.120012
-0.120006
-0.12001
-0.120006
-0.120013
-0.120022
-0.12001
-0.120008
-0.120008
-0.120013
-0.120009
-0.120006
-0.120017
-0.120011
-0.120008
-0.120005
-0.120006
-0.120013
-0.120018
-0.120007
-0.120001
-0.120012
-0.120008
-0.120019
-0.120005
-0.120004
-0.120012
-0.120015
-0.12001
-0.120014
-0.120004
-0.120012
-0.120018
-0.120003
-0.120006
-0.120001
-0.120002
-0.120005
-0.120003
-0.120007
-0.120015
-0.120011
-0.119998
-0.120004
-0.120013
-0.12
-0.120011
-0.120009
-0.12
-0.120007
-0.120011
-0.120006
-0.120006
-0.120008
-0.120008
-0.120006
-0.12001
-0.120012
-0.120006
-0.120003
-0.120016
-0.120009
-0.120009
-0.120003
-0.12001
-0.120008
-0.120011
-0.120016
-0.12001
-0.120012
-0.120012
-0.120003
-0.120004
-0.120008
-0.120015
-0.120007
-0.12001
-0.120011
-0.120013
-0.120006
-0.119998
-0.120005
-0.120004
-0.120011
-0.120007
-0.120011
-0.120006
-0.120018
-0.120007
-0.120009
-0.120013
-0.12001
-0.120011
-0.120011
-0.120005
-0.12001
-0.120009
-0.120007
-0.120002
-0.120009
-0.120003
-0.120007
-0.120006
-0.120008
-0.120003
-0.120004
-0.120007
-0.120007
-0.120014
-0.120008
-0.120009
-0.120005
-0.120005
-0.120006
-0.120008
-0.120007
-0.120009
-0.120015
-0.120014
-0.120014
-0.120008
-0.120017
-0.12001
-0.120004
-0.120016
-0.120015
-0.120008
-0.120014
-0.120004
-0.120007
-0.120003
-0.120013
-0.120006
-0.120005
