0.279989
0.279988
0.279986
0.279894
0.279976
0.279877
0.279867
0.260351
0.21045
0.160395
0.110568
0.0605398
0.0104217
-0.0100162
-0.0100252
0.0147671
0.0647288
0.11471
0.164755
0.204122
0.223112
0.242112
0.261276
0.280269
0.299377
0.318509
0.337607
0.349946
0.35003
0.35001
0.327738
0.277682
0.227681
0.199983
0.199984
0.217905
0.268025
0.318028
0.347651
0.338619
0.329699
0.320826
0.311891
0.303036
0.294151
0.285219
0.279992
0.279997
0.279995
0.279983
0.279995
0.279991
0.279997
0.279991
0.279996
0.279998
