-0.120007 0.149983 0.279989 2.19988 2.20005 -0.00011007
-0.120011 0.149988 0.279988 2.19996 2.2 -0.000127534
-0.120019 0.149981 0.279986 2.19986 2.2001 -0.000154072
-0.1435 0.150048 0.279894 2.1998 2.19955 -0.000304891
-0.193506 0.150079 0.279976 2.20007 2.1998 9.18493e-05
-0.243536 0.150001 0.279877 2.19938 2.1999 1.88103e-05
-0.293549 0.150012 0.279867 2.19959 2.19975 7.7465e-05
-0.319973 0.149988 0.260351 2.19979 2.19961 -3.19234e-05
-0.319954 0.149987 0.21045 2.20003 2.19986 -1.03253e-05
-0.31999 0.150022 0.160395 2.19988 2.19993 0.000151002
-0.320055 0.150045 0.110568 2.20026 2.20034 -8.34752e-06
-0.320035 0.150043 0.0605398 2.20022 2.20021 -1.55082e-05
-0.319994 0.149999 0.0104217 2.19984 2.20004 0.000135035
-0.319974 0.149991 -0.0100162 2.19997 2.19989 -1.61122e-05
-0.319967 0.14999 -0.0100252 2.19993 2.19988 -1.36783e-05
-0.320003 0.149999 0.0147671 2.19998 2.20015 -2.60313e-06
-0.319994 0.149982 0.0647288 2.19987 2.20003 -1.23631e-05
-0.319988 0.150009 0.11471 2.19997 2.19995 6.29203e-06
-0.319959 0.150009 0.164755 2.20001 2.20003 0.000132755
-0.322169 0.149992 0.204122 2.22098 2.2213 -0.0478766
-0.332349 0.150041 0.223112 -2.11466 -2.11442 0.259712
-0.342476 0.150009 0.242112 -1.99867 -1.99843 0.452226
-0.352644 0.150057 0.261276 -1.87457 -1.87438 0.626595
-0.362803 0.150071 0.280269 -1.7444 -1.74399 0.784003
-0.373026 0.149984 0.299377 -1.60825 -1.60839 0.925375
-0.383166 0.149993 0.318509 -1.46752 -1.46803 1.05083
-0.3933 0.150074 0.337607 -1.32309 -1.32374 1.16177
-0.402663 0.136739 0.349946 -1.22775 -1.22759 1.22769
-0.412442 0.0876838 0.35003 -1.2275 -1.22764 1.22761
-0.422231 0.0386483 0.35001 -1.22744 -1.2277 1.22753
-0.426966 0.0149783 0.327738 -1.22745 -1.22751 1.22756
-0.426985 0.0149693 0.277682 -1.22746 -1.22764 1.22759
-0.42703 0.0150437 0.227681 -1.22752 -1.22756 1.22749
-0.426996 0.0150163 0.199983 -1.22765 -1.22761 1.22752
-0.42699 0.0149949 0.199984 -1.22767 -1.22765 1.22758
-0.42701 0.0150159 0.217905 -1.22764 -1.22757 1.22765
-0.426959 0.0150149 0.268025 -1.2272 -1.22738 1.22749
-0.42696 0.0149889 0.318028 -1.2272 -1.22743 1.2275
-0.416083 0.0196278 0.347651 -1.26802 -1.2687 1.20059
-0.377113 0.0369294 0.338619 -1.4144 -1.41389 1.09492
-0.338114 0.0540645 0.329699 -1.55623 -1.55595 0.974771
-0.299073 0.0712458 0.320826 -1.69361 -1.69376 0.838852
-0.260051 0.0884677 0.311891 -1.82644 -1.82617 0.687968
-0.221054 0.105687 0.303036 -1.95265 -1.95253 0.519975
-0.182009 0.122747 0.294151 -2.07194 -2.07182 0.334056
-0.143056 0.139898 0.285219 -2.18255 -2.18228 0.130285
-0.120012 0.149977 0.279992 2.19987 2.20009 -0.000128302
-0.120005 0.149995 0.279997 2.19995 2.20004 -8.05213e-05
-0.120004 0.149994 0.279995 2.19989 2.20008 -5.05262e-05
-0.119997 0.149984 0.279983 2.19987 2.20001 -0.000103486
-0.12001 0.149982 0.279995 2.19991 2.20005 -7.43307e-05
-0.12001 0.149978 0.279991 2.19987 2.20007 -9.74592e-05
-0.120004 0.149984 0.279997 2.19992 2.20006 -3.76067e-05
-0.120008 0.149995 0.279991 2.19994 2.20003 -7.50949e-05
-0.120011 0.149979 0.279996 2.19994 2.20005 -7.80791e-05
-0.120004 0.149987 0.279998 2.19992 2.20006 -3.7589e-05
