0.149983
0.149988
0.149981
0.150048
0.150079
0.150001
0.150012
0.149988
0.149987
0.150022
0.150045
0.150043
0.149999
0.149991
0.14999
0.149999
0.149982
0.150009
0.150009
0.149992
0.150041
0.150009
0.150057
0.150071
0.149984
0.149993
0.150074
0.136739
0.0876838
0.0386483
0.0149783
0.0149693
0.0150437
0.0150163
0.0149949
0.0150159
0.0150149
0.0149889
0.0196278
0.0369294
0.0540645
0.0712458
0.0884677
0.105687
0.122747
0.139898
0.149977
0.149995
0.149994
0.149984
0.149982
0.149978
0.149984
0.149995
0.149979
0.149987
