-0.00011007
-0.000127534
-0.000154072
-0.000304891
9.18493e-05
1.88103e-05
7.7465e-05
-3.19234e-05
-1.03253e-05
0.000151002
-8.34752e-06
-1.55082e-05
0.000135035
-1.61122e-05
-1.36783e-05
-2.60313e-06
-1.23631e-05
6.29203e-06
0.000132755
-0.0478766
0.259712
0.452226
0.626595
0.784003
0.925375
1.05083
1.16177
1.22769
1.22761
1.22753
1.22756
1.22759
1.22749
1.22752
1.22758
1.22765
1.22749
1.2275
1.20059
1.09492
0.974771
0.838852
0.687968
0.519975
0.334056
0.130285
-0.000128302
-8.05213e-05
-5.05262e-05
-0.000103486
-7.43307e-05
-9.74592e-05
-3.76067e-05
-7.50949e-05
-7.80791e-05
-3.7589e-05
