-0.120007
-0.120011
-0.120019
-0.1435
-0.193506
-0.243536
-0.293549
-0.319973
-0.319954
-0.31999
-0.320055
-0.320035
-0.319994
-0.319974
-0.319967
-0.320003
-0.319994
-0.319988
-0.319959
-0.322169
-0.332349
-0.342476
-0.352644
-0.362803
-0.373026
-0.383166
-0.3933
-0.402663
-0.412442
-0.422231
-0.426966
-0.426985
-0.42703
-0.426996
-0.42699
-0.42701
-0.426959
-0.42696
-0.416083
-0.377113
-0.338114
-0.299073
-0.260051
-0.221054
-0.182009
-0.143056
-0.120012
-0.120005
-0.120004
-0.119997
-0.12001
-0.12001
-0.120004
-0.120008
-0.120011
-0.120004
